0 0.1015625 0.965625 0.0484375 0.965625 0.0484375 1.0 0.1015625 1.0 0.1015625 0.965625
0 0.509375 0.0015625 0.4640625 0.0015625 0.4640625 0.0265625 0.509375 0.0265625 0.509375 0.0015625
0 0.103125 0.646875 0.0140625 0.646875 0.0140625 0.821875 0.103125 0.821875 0.103125 0.646875
0 0.5328125 0.4203125 0.4203125 0.4203125 0.4203125 0.5859375 0.5328125 0.5859375 0.5328125 0.4203125
0 0.18125 0.8421875 0.0390625 0.8421875 0.0390625 1.0 0.18125 1.0 0.18125 0.8421875
0 0.0578125 0.0484375 0.0015625 0.0484375 0.0015625 0.328125 0.0578125 0.328125 0.0578125 0.0484375
0 0.946875 0.575 0.1328125 0.575 0.1328125 1.0 0.946875 1.0 0.946875 0.575
0 0.0515625 0.3109375 0.0015625 0.3109375 0.0015625 0.4046875 0.0515625 0.4046875 0.0515625 0.3109375
0 0.2296875 0.3953125 0.0296875 0.3953125 0.0296875 0.753125 0.2296875 0.753125 0.2296875 0.3953125
0 0.4765625 0.0015625 0.4078125 0.0015625 0.4078125 0.08125 0.4765625 0.08125 0.4765625 0.0015625
0 0.76875 0.6859375 0.5796875 0.6859375 0.5796875 1.0 0.76875 1.0 0.76875 0.6859375
0 0.5390625 0.18125 0.340625 0.18125 0.340625 0.540625 0.5390625 0.540625 0.5390625 0.18125
0 1.0 0.0015625 0.75625 0.0015625 0.75625 0.4765625 1.0 0.4765625 1.0 0.0015625
0 1.0 0.8640625 0.89375 0.8640625 0.89375 1.0 1.0 1.0 1.0 0.8640625
0 1.0 0.6984375 0.9078125 0.6984375 0.9078125 0.709375 1.0 0.709375 1.0 0.6984375
