0 0.515625 0.0015625 0.43125 0.0015625 0.43125 0.028125 0.515625 0.028125 0.515625 0.0015625
0 0.05625 0.95 0.0015625 0.95 0.0015625 1.0 0.05625 1.0 0.05625 0.95
0 0.9890625 0.1171875 0.86875 0.1171875 0.86875 0.215625 0.9890625 0.215625 0.9890625 0.1171875
0 0.8546875 0.078125 0.6546875 0.078125 0.6546875 0.20625 0.8546875 0.20625 0.8546875 0.078125
0 1.0 0.0015625 0.8953125 0.0015625 0.8953125 0.1046875 1.0 0.1046875 1.0 0.0015625
0 0.896875 0.0015625 0.734375 0.0015625 0.734375 0.059375 0.896875 0.059375 0.896875 0.0015625
0 0.684375 0.034375 0.578125 0.034375 0.578125 0.1578125 0.684375 0.1578125 0.684375 0.034375
0 0.075 0.534375 0.0015625 0.534375 0.0015625 0.5921875 0.075 0.5921875 0.075 0.534375
0 0.5640625 0.0015625 0.3671875 0.0015625 0.3671875 0.1265625 0.5640625 0.1265625 0.5640625 0.0015625
0 0.6109375 0.0015625 0.5734375 0.0015625 0.5734375 0.0375 0.6109375 0.0375 0.6109375 0.0015625
0 1.0 0.0015625 0.0015625 0.0015625 0.0015625 1.0 1.0 1.0 1.0 0.0015625
0 0.0640625 0.7703125 0.0015625 0.7703125 0.0015625 0.975 0.0640625 0.975 0.0640625 0.7703125
0 0.528125 0.6421875 0.35625 0.6421875 0.35625 0.8328125 0.528125 0.8328125 0.528125 0.6421875
0 0.6140625 0.0015625 0.5234375 0.0015625 0.5234375 0.0765625 0.6140625 0.0765625 0.6140625 0.0015625
0 0.7453125 0.475 0.6125 0.475 0.6125 0.6078125 0.7453125 0.6078125 0.7453125 0.475
0 0.778125 0.0015625 0.6390625 0.0015625 0.6390625 0.165625 0.778125 0.165625 0.778125 0.0015625
0 0.975 0.0015625 0.8234375 0.0015625 0.8234375 0.1328125 0.975 0.1328125 0.975 0.0015625
