0 0.959375 0.5078125 0.8546875 0.5078125 0.8546875 0.696875 0.959375 0.696875 0.959375 0.5078125
0 0.053125 0.9984375 0.05 0.9984375 0.05 1.0 0.053125 1.0 0.053125 0.9984375
0 0.925 0.8609375 0.7734375 0.8609375 0.7734375 1.0 0.925 1.0 0.925 0.8609375
0 0.7875 0.865625 0.678125 0.865625 0.678125 1.0 0.7875 1.0 0.7875 0.865625
0 0.715625 0.534375 0.6125 0.534375 0.6125 0.6921875 0.715625 0.6921875 0.715625 0.534375
0 1.0 0.675 0.978125 0.675 0.978125 0.7125 1.0 0.7125 1.0 0.675
0 0.9796875 0.3109375 0.80625 0.3109375 0.80625 0.6046875 0.9796875 0.6046875 0.9796875 0.3109375
0 1.0 0.196875 0.94375 0.196875 0.94375 0.3015625 1.0 0.3015625 1.0 0.196875
0 1.0 0.0015625 0.3015625 0.0015625 0.3015625 1.0 1.0 1.0 1.0 0.0015625
0 0.015625 0.0015625 0.0015625 0.0015625 0.0015625 0.0328125 0.015625 0.0328125 0.015625 0.0015625
0 0.4328125 0.178125 0.0734375 0.178125 0.0734375 0.9578125 0.4328125 0.9578125 0.4328125 0.178125
0 0.196875 0.0015625 0.0359375 0.0015625 0.0359375 0.13125 0.196875 0.13125 0.196875 0.0015625
0 0.8296875 0.071875 0.6671875 0.071875 0.6671875 0.2484375 0.8296875 0.2484375 0.8296875 0.071875
