0 1.0 0.1453125 0.2828125 0.1453125 0.2828125 1.0 1.0 1.0 1.0 0.1453125
0 0.8734375 0.7796875 0.6265625 0.7796875 0.6265625 1.0 0.8734375 1.0 0.8734375 0.7796875
0 1.0 0.76875 0.8578125 0.76875 0.8578125 1.0 1.0 1.0 1.0 0.76875
0 1.0 0.234375 0.9421875 0.234375 0.9421875 0.4625 1.0 0.4625 1.0 0.234375
0 1.0 0.9421875 0.9734375 0.9421875 0.9734375 0.990625 1.0 0.990625 1.0 0.9421875
0 0.5046875 0.465625 0.4234375 0.465625 0.4234375 0.721875 0.5046875 0.721875 0.5046875 0.465625
0 1.0 0.0015625 0.825 0.0015625 0.825 0.2140625 1.0 0.2140625 1.0 0.0015625
0 0.3421875 0.715625 0.2515625 0.715625 0.2515625 1.0 0.3421875 1.0 0.3421875 0.715625
0 0.6625 0.6453125 0.5328125 0.6453125 0.5328125 0.8453125 0.6625 0.8453125 0.6625 0.6453125
0 0.834375 0.9375 0.7140625 0.9375 0.7140625 1.0 0.834375 1.0 0.834375 0.9375
0 0.4359375 0.675 0.296875 0.675 0.296875 0.8390625 0.4359375 0.8390625 0.4359375 0.675
0 0.7421875 0.775 0.4765625 0.775 0.4765625 1.0 0.7421875 1.0 0.7421875 0.775
0 0.43125 0.8171875 0.2953125 0.8171875 0.2953125 0.9578125 0.43125 0.9578125 0.43125 0.8171875
