0 0.7328125 0.8859375 0.6453125 0.8859375 0.6453125 1.0 0.7328125 1.0 0.7328125 0.8859375
0 0.3625 0.6859375 0.3015625 0.6859375 0.3015625 0.89375 0.3625 0.89375 0.3625 0.6859375
0 0.7171875 0.6453125 0.6328125 0.6453125 0.6328125 0.871875 0.7171875 0.871875 0.7171875 0.6453125
0 1.0 0.8421875 0.946875 0.8421875 0.946875 0.9984375 1.0 0.9984375 1.0 0.8421875
0 0.209375 0.890625 0.0609375 0.890625 0.0609375 1.0 0.209375 1.0 0.209375 0.890625
0 0.3453125 0.7859375 0.253125 0.7859375 0.253125 0.975 0.3453125 0.975 0.3453125 0.7859375
0 0.740625 0.9796875 0.6640625 0.9796875 0.6640625 1.0 0.740625 1.0 0.740625 0.9796875
0 0.4203125 0.878125 0.2640625 0.878125 0.2640625 1.0 0.4203125 1.0 0.4203125 0.878125
0 0.8859375 0.8484375 0.7953125 0.8484375 0.7953125 0.971875 0.8859375 0.971875 0.8859375 0.8484375
0 0.7796875 0.7828125 0.565625 0.7828125 0.565625 0.9390625 0.7796875 0.9390625 0.7796875 0.7828125
0 0.50625 0.709375 0.4 0.709375 0.4 0.9875 0.50625 0.9875 0.50625 0.709375
0 0.2578125 0.753125 0.1578125 0.753125 0.1578125 0.9171875 0.2578125 0.9171875 0.2578125 0.753125
0 0.875 0.259375 0.7734375 0.259375 0.7734375 0.4296875 0.875 0.4296875 0.875 0.259375
0 0.89375 0.7171875 0.790625 0.7171875 0.790625 0.8578125 0.89375 0.8578125 0.89375 0.7171875
0 0.5640625 0.3796875 0.4890625 0.3796875 0.4890625 0.5328125 0.5640625 0.5328125 0.5640625 0.3796875
0 0.41875 0.0015625 0.3234375 0.0015625 0.3234375 0.0875 0.41875 0.0875 0.41875 0.0015625
0 0.11875 0.05625 0.0015625 0.05625 0.0015625 0.1484375 0.11875 0.1484375 0.11875 0.05625
0 0.9828125 0.7859375 0.8890625 0.7859375 0.8890625 0.9078125 0.9828125 0.9078125 0.9828125 0.7859375
0 0.50625 0.95 0.4046875 0.95 0.4046875 1.0 0.50625 1.0 0.50625 0.95
0 0.30625 0.7828125 0.1875 0.7828125 0.1875 1.0 0.30625 1.0 0.30625 0.7828125
0 0.1109375 0.91875 0.0140625 0.91875 0.0140625 1.0 0.1109375 1.0 0.1109375 0.91875
0 0.8109375 0.009375 0.66875 0.009375 0.66875 0.196875 0.8109375 0.196875 0.8109375 0.009375
0 0.6578125 0.8578125 0.5734375 0.8578125 0.5734375 0.9984375 0.6578125 0.9984375 0.6578125 0.8578125
0 0.4796875 0.678125 0.3765625 0.678125 0.3765625 0.8921875 0.4796875 0.8921875 0.4796875 0.678125
0 0.75 0.4984375 0.559375 0.4984375 0.559375 0.784375 0.75 0.784375 0.75 0.4984375
0 0.0703125 0.425 0.0015625 0.425 0.0015625 0.53125 0.0703125 0.53125 0.0703125 0.425
0 0.95 0.090625 0.696875 0.090625 0.696875 0.5359375 0.95 0.5359375 0.95 0.090625
0 0.096875 0.1296875 0.0015625 0.1296875 0.0015625 0.3609375 0.096875 0.3609375 0.096875 0.1296875
0 0.51875 0.0796875 0.4453125 0.0796875 0.4453125 0.2515625 0.51875 0.2515625 0.51875 0.0796875
0 0.0359375 0.515625 0.0015625 0.515625 0.0015625 0.6734375 0.0359375 0.6734375 0.0359375 0.515625
0 0.7609375 0.7390625 0.6796875 0.7390625 0.6796875 0.903125 0.7609375 0.903125 0.7609375 0.7390625
0 0.509375 0.0015625 0.0578125 0.0015625 0.0578125 0.6328125 0.509375 0.6328125 0.509375 0.0015625
0 0.1046875 0.2859375 0.05 0.2859375 0.05 0.4546875 0.1046875 0.4546875 0.1046875 0.2859375
0 0.671875 0.0015625 0.6234375 0.0015625 0.6234375 0.1234375 0.671875 0.1234375 0.671875 0.0015625
0 1.0 0.8171875 0.978125 0.8171875 0.978125 0.89375 1.0 0.89375 1.0 0.8171875
0 0.9640625 0.5015625 0.884375 0.5015625 0.884375 0.753125 0.9640625 0.753125 0.9640625 0.5015625
0 0.9453125 0.0015625 0.8125 0.0015625 0.8125 0.0203125 0.9453125 0.0203125 0.9453125 0.0015625
0 0.6828125 0.5296875 0.509375 0.5296875 0.509375 0.809375 0.6828125 0.809375 0.6828125 0.5296875
0 0.5375 0.6171875 0.4515625 0.6171875 0.4515625 0.740625 0.5375 0.740625 0.5375 0.6171875
0 0.225 0.53125 0.1796875 0.53125 0.1796875 0.7703125 0.225 0.7703125 0.225 0.53125
0 0.3265625 0.4625 0.2421875 0.4625 0.2421875 0.66875 0.3265625 0.66875 0.3265625 0.4625
0 0.190625 0.440625 0.06875 0.440625 0.06875 0.553125 0.190625 0.553125 0.190625 0.440625
0 0.2828125 0.39375 0.16875 0.39375 0.16875 0.490625 0.2828125 0.490625 0.2828125 0.39375
0 0.8625 0.284375 0.603125 0.284375 0.603125 0.578125 0.8625 0.578125 0.8625 0.284375
0 0.4203125 0.19375 0.3296875 0.19375 0.3296875 0.378125 0.4203125 0.378125 0.4203125 0.19375
0 0.1921875 0.1109375 0.0859375 0.1109375 0.0859375 0.375 0.1921875 0.375 0.1921875 0.1109375
0 0.83125 0.6140625 0.7421875 0.6140625 0.7421875 0.853125 0.83125 0.853125 0.83125 0.6140625
0 1.0 0.425 0.9984375 0.425 0.9984375 0.4390625 1.0 0.4390625 1.0 0.425
0 0.9921875 0.20625 0.91875 0.20625 0.91875 0.5015625 0.9921875 0.5015625 0.9921875 0.20625
0 0.6078125 0.721875 0.4703125 0.721875 0.4703125 0.91875 0.6078125 0.91875 0.6078125 0.721875
0 0.1796875 0.596875 0.078125 0.596875 0.078125 0.8546875 0.1796875 0.8546875 0.1796875 0.596875
0 0.3421875 0.628125 0.2546875 0.628125 0.2546875 0.8609375 0.3421875 0.8609375 0.3421875 0.628125
0 0.665625 0.359375 0.5515625 0.359375 0.5515625 0.496875 0.665625 0.496875 0.665625 0.359375
0 0.4171875 0.3171875 0.309375 0.3171875 0.309375 0.475 0.4171875 0.475 0.4171875 0.3171875
0 0.653125 0.1234375 0.56875 0.1234375 0.56875 0.2734375 0.653125 0.2734375 0.653125 0.1234375
0 0.4984375 0.11875 0.415625 0.11875 0.415625 0.2515625 0.4984375 0.2515625 0.4984375 0.11875
0 1.0 0.740625 0.9015625 0.740625 0.9015625 0.85625 1.0 0.85625 1.0 0.740625
0 0.8796875 0.453125 0.765625 0.453125 0.765625 0.578125 0.8796875 0.578125 0.8796875 0.453125
0 1.0 0.51875 0.9984375 0.51875 0.9984375 0.5359375 1.0 0.5359375 1.0 0.51875
0 0.775 0.2421875 0.5828125 0.2421875 0.5828125 0.378125 0.775 0.378125 0.775 0.2421875
0 1.0 0.0046875 0.95 0.0046875 0.95 0.1859375 1.0 0.1859375 1.0 0.0046875
0 1.0 0.0015625 0.0015625 0.0015625 0.0015625 0.7796875 1.0 0.7796875 1.0 0.0015625
0 0.1921875 0.9734375 0.159375 0.9734375 0.159375 1.0 0.1921875 1.0 0.1921875 0.9734375
0 0.0984375 0.6828125 0.0015625 0.6828125 0.0015625 1.0 0.0984375 1.0 0.0984375 0.6828125
0 0.815625 0.246875 0.359375 0.246875 0.359375 0.68125 0.815625 0.68125 0.815625 0.246875
0 0.3328125 0.265625 0.2578125 0.265625 0.2578125 0.4078125 0.3328125 0.4078125 0.3328125 0.265625
0 1.0 0.8578125 0.8765625 0.8578125 0.8765625 1.0 1.0 1.0 1.0 0.8578125
0 0.64375 0.9359375 0.5890625 0.9359375 0.5890625 1.0 0.64375 1.0 0.64375 0.9359375
0 0.9171875 0.6640625 0.828125 0.6640625 0.828125 0.8 0.9171875 0.8 0.9171875 0.6640625
0 0.70625 0.5671875 0.5921875 0.5671875 0.5921875 0.7171875 0.70625 0.7171875 0.70625 0.5671875
