0 0.546875 0.9109375 0.05625 0.9109375 0.05625 1.0 0.546875 1.0 0.546875 0.9109375
0 1.0 0.0015625 0.0015625 0.0015625 0.0015625 0.859375 1.0 0.859375 1.0 0.0015625
0 1.0 0.346875 0.93125 0.346875 0.93125 0.465625 1.0 0.465625 1.0 0.346875
0 0.6265625 0.0671875 0.4328125 0.0671875 0.4328125 0.28125 0.6265625 0.28125 0.6265625 0.0671875
0 0.5984375 0.0015625 0.403125 0.0015625 0.403125 0.0828125 0.5984375 0.0828125 0.5984375 0.0015625
0 1.0 0.215625 0.596875 0.215625 0.596875 0.6796875 1.0 0.6796875 1.0 0.215625
0 0.2421875 0.0015625 0.0890625 0.0015625 0.0890625 0.2359375 0.2421875 0.2359375 0.2421875 0.0015625
0 1.0 0.478125 0.478125 0.478125 0.478125 1.0 1.0 1.0 1.0 0.478125
0 0.5609375 0.4578125 0.0609375 0.4578125 0.0609375 0.9328125 0.5609375 0.9328125 0.5609375 0.4578125
0 0.5046875 0.4796875 0.3046875 0.4796875 0.3046875 0.653125 0.5046875 0.653125 0.5046875 0.4796875
0 1.0 0.4265625 0.996875 0.4265625 0.996875 0.4421875 1.0 0.4421875 1.0 0.4265625
0 0.9 0.0015625 0.1375 0.0015625 0.1375 0.4578125 0.9 0.4578125 0.9 0.0015625
