0 0.028125 0.6609375 0.0015625 0.6609375 0.0015625 0.70625 0.028125 0.70625 0.028125 0.6609375
0 0.1578125 0.0265625 0.025 0.0265625 0.025 0.2421875 0.1578125 0.2421875 0.1578125 0.0265625
0 0.2828125 0.44375 0.184375 0.44375 0.184375 0.63125 0.2828125 0.63125 0.2828125 0.44375
0 1.0 0.971875 0.9578125 0.971875 0.9578125 1.0 1.0 1.0 1.0 0.971875
0 0.1109375 0.51875 0.00625 0.51875 0.00625 0.7234375 0.1109375 0.7234375 0.1109375 0.51875
0 0.11875 0.8515625 0.015625 0.8515625 0.015625 0.9625 0.11875 0.9625 0.11875 0.8515625
0 1.0 0.8140625 0.853125 0.8140625 0.853125 0.9640625 1.0 0.9640625 1.0 0.8140625
0 1.0 0.4046875 0.875 0.4046875 0.875 0.565625 1.0 0.565625 1.0 0.4046875
0 0.975 0.2953125 0.8359375 0.2953125 0.8359375 0.453125 0.975 0.453125 0.975 0.2953125
0 0.275 0.971875 0.246875 0.971875 0.246875 1.0 0.275 1.0 0.275 0.971875
0 0.4484375 0.4234375 0.3296875 0.4234375 0.3296875 0.640625 0.4484375 0.640625 0.4484375 0.4234375
0 0.353125 0.284375 0.2171875 0.284375 0.2171875 0.459375 0.353125 0.459375 0.353125 0.284375
0 0.95625 0.7578125 0.8484375 0.7578125 0.8484375 0.865625 0.95625 0.865625 0.95625 0.7578125
0 1.0 0.428125 0.71875 0.428125 0.71875 0.76875 1.0 0.76875 1.0 0.428125
0 1.0 0.7484375 0.978125 0.7484375 0.978125 0.8078125 1.0 0.8078125 1.0 0.7484375
0 0.3328125 0.984375 0.3203125 0.984375 0.3203125 1.0 0.3328125 1.0 0.3328125 0.984375
0 0.109375 0.3203125 0.0015625 0.3203125 0.0015625 0.4421875 0.109375 0.4421875 0.109375 0.3203125
0 0.2484375 0.978125 0.046875 0.978125 0.046875 1.0 0.2484375 1.0 0.2484375 0.978125
0 0.1984375 0.8578125 0.096875 0.8578125 0.096875 0.9984375 0.1984375 0.9984375 0.1984375 0.8578125
0 1.0 0.7296875 0.7921875 0.7296875 0.7921875 1.0 1.0 1.0 1.0 0.7296875
0 0.1890625 0.409375 0.0671875 0.409375 0.0671875 0.68125 0.1890625 0.68125 0.1890625 0.409375
0 1.0 0.746875 0.8078125 0.746875 0.8078125 1.0 1.0 1.0 1.0 0.746875
0 0.796875 0.8453125 0.7015625 0.8453125 0.7015625 1.0 0.796875 1.0 0.796875 0.8453125
0 0.359375 0.3765625 0.2546875 0.3765625 0.2546875 0.5828125 0.359375 0.5828125 0.359375 0.3765625
0 0.028125 0.8578125 0.0015625 0.8578125 0.0015625 0.959375 0.028125 0.959375 0.028125 0.8578125
0 0.2203125 0.634375 0.13125 0.634375 0.13125 0.83125 0.2203125 0.83125 0.2203125 0.634375
0 0.275 0.35 0.10625 0.35 0.10625 0.7609375 0.275 0.7609375 0.275 0.35
0 0.015625 0.5046875 0.0015625 0.5046875 0.0015625 0.65625 0.015625 0.65625 0.015625 0.5046875
0 0.475 0.2140625 0.3453125 0.2140625 0.3453125 0.5046875 0.475 0.5046875 0.475 0.2140625
0 0.41875 0.0015625 0.35625 0.0015625 0.35625 0.1375 0.41875 0.1375 0.41875 0.0015625
0 0.2390625 0.0015625 0.178125 0.0015625 0.178125 0.1046875 0.2390625 0.1046875 0.2390625 0.0015625
0 0.21875 0.0015625 0.1640625 0.0015625 0.1640625 0.0546875 0.21875 0.0546875 0.21875 0.0015625
0 1.0 0.0359375 0.9890625 0.0359375 0.9890625 0.0734375 1.0 0.0734375 1.0 0.0359375
0 0.93125 0.0015625 0.8546875 0.0015625 0.8546875 0.1828125 0.93125 0.1828125 0.93125 0.0015625
0 0.015625 0.146875 0.0015625 0.146875 0.0015625 0.2859375 0.015625 0.2859375 0.015625 0.146875
0 0.83125 0.6625 0.65625 0.6625 0.65625 1.0 0.83125 1.0 0.83125 0.6625
0 1.0 0.6421875 0.8140625 0.6421875 0.8140625 0.740625 1.0 0.740625 1.0 0.6421875
0 1.0 0.478125 0.8609375 0.478125 0.8609375 0.6203125 1.0 0.6203125 1.0 0.478125
0 1.0 0.0015625 0.9234375 0.0015625 0.9234375 0.0703125 1.0 0.0703125 1.0 0.0015625
