0 0.68125 0.6703125 0.5796875 0.6703125 0.5796875 1.0 0.68125 1.0 0.68125 0.6703125
0 0.5328125 0.1375 0.0015625 0.1375 0.0015625 0.43125 0.5328125 0.43125 0.5328125 0.1375
0 0.7328125 0.1578125 0.6140625 0.1578125 0.6140625 0.275 0.7328125 0.275 0.7328125 0.1578125
0 0.5 0.1078125 0.33125 0.1078125 0.33125 0.2703125 0.5 0.2703125 0.5 0.1078125
0 0.40625 0.83125 0.2140625 0.83125 0.2140625 0.9390625 0.40625 0.9390625 0.40625 0.83125
0 0.4484375 0.6859375 0.196875 0.6859375 0.196875 0.859375 0.4484375 0.859375 0.4484375 0.6859375
0 0.390625 0.4546875 0.2265625 0.4546875 0.2265625 0.6484375 0.390625 0.6484375 0.390625 0.4546875
0 0.4859375 0.8859375 0.3765625 0.8859375 0.3765625 1.0 0.4859375 1.0 0.4859375 0.8859375
0 0.5828125 0.86875 0.4765625 0.86875 0.4765625 0.9828125 0.5828125 0.9828125 0.5828125 0.86875
0 0.5796875 0.7609375 0.4546875 0.7609375 0.4546875 0.853125 0.5796875 0.853125 0.5796875 0.7609375
0 0.56875 0.634375 0.421875 0.634375 0.421875 0.759375 0.56875 0.759375 0.56875 0.634375
0 0.70625 0.71875 0.603125 0.71875 0.603125 1.0 0.70625 1.0 0.70625 0.71875
0 0.771875 0.3375 0.653125 0.3375 0.653125 0.45 0.771875 0.45 0.771875 0.3375
0 0.471875 0.1953125 0.2390625 0.1953125 0.2390625 0.303125 0.471875 0.303125 0.471875 0.1953125
0 0.371875 0.3671875 0.0109375 0.3671875 0.0109375 0.809375 0.371875 0.809375 0.371875 0.3671875
0 0.028125 0.403125 0.0015625 0.403125 0.0015625 0.628125 0.028125 0.628125 0.028125 0.403125
0 0.996875 0.8390625 0.828125 0.8390625 0.828125 1.0 0.996875 1.0 0.996875 0.8390625
0 0.659375 0.625 0.309375 0.625 0.309375 0.8734375 0.659375 0.8734375 0.659375 0.625
0 0.553125 0.484375 0.4078125 0.484375 0.4078125 0.678125 0.553125 0.678125 0.553125 0.484375
0 0.7859375 0.0015625 0.0015625 0.0015625 0.0015625 0.76875 0.7859375 0.76875 0.7859375 0.0015625
0 0.590625 0.684375 0.1703125 0.684375 0.1703125 1.0 0.590625 1.0 0.590625 0.684375
0 0.91875 0.890625 0.803125 0.890625 0.803125 1.0 0.91875 1.0 0.91875 0.890625
0 1.0 0.7265625 0.90625 0.7265625 0.90625 0.8734375 1.0 0.8734375 1.0 0.7265625
