0 0.1234375 0.8453125 0.03125 0.8453125 0.03125 0.95 0.1234375 0.95 0.1234375 0.8453125
0 0.625 0.621875 0.5546875 0.621875 0.5546875 0.78125 0.625 0.78125 0.625 0.621875
0 0.221875 0.5625 0.13125 0.5625 0.13125 0.6921875 0.221875 0.6921875 0.221875 0.5625
0 0.5359375 0.796875 0.24375 0.796875 0.24375 1.0 0.5359375 1.0 0.5359375 0.796875
0 0.5578125 0.634375 0.425 0.634375 0.425 0.7640625 0.5578125 0.7640625 0.5578125 0.634375
0 0.40625 0.7890625 0.3140625 0.7890625 0.3140625 0.8859375 0.40625 0.8859375 0.40625 0.7890625
0 0.05 0.5875 0.0015625 0.5875 0.0015625 0.740625 0.05 0.740625 0.05 0.5875
0 0.55625 0.478125 0.4296875 0.478125 0.4296875 0.5765625 0.55625 0.5765625 0.55625 0.478125
0 0.55 0.671875 0.4390625 0.671875 0.4390625 0.828125 0.55 0.828125 0.55 0.671875
0 0.55625 0.6125 0.3640625 0.6125 0.3640625 0.78125 0.55625 0.78125 0.55625 0.6125
0 1.0 0.2375 0.990625 0.2375 0.990625 0.40625 1.0 0.40625 1.0 0.2375
0 0.1546875 0.9390625 0.034375 0.9390625 0.034375 1.0 0.1546875 1.0 0.1546875 0.9390625
0 0.5375 0.85 0.41875 0.85 0.41875 0.9421875 0.5375 0.9421875 0.5375 0.85
0 0.0046875 0.8578125 0.0015625 0.8578125 0.0015625 0.89375 0.0046875 0.89375 0.0046875 0.8578125
0 0.3984375 0.6921875 0.2609375 0.6921875 0.2609375 0.80625 0.3984375 0.80625 0.3984375 0.6921875
0 0.0953125 0.4125 0.0015625 0.4125 0.0015625 0.5984375 0.0953125 0.5984375 0.0953125 0.4125
0 0.246875 0.0015625 0.1234375 0.0015625 0.1234375 0.059375 0.246875 0.059375 0.246875 0.0015625
0 1.0 0.4625 0.7765625 0.4625 0.7765625 0.665625 1.0 0.665625 1.0 0.4625
0 1.0 0.4234375 0.9578125 0.4234375 0.9578125 0.471875 1.0 0.471875 1.0 0.4234375
0 0.0671875 0.903125 0.0109375 0.903125 0.0109375 1.0 0.0671875 1.0 0.0671875 0.903125
0 0.61875 0.825 0.53125 0.825 0.53125 0.946875 0.61875 0.946875 0.61875 0.825
0 1.0 0.6296875 0.903125 0.6296875 0.903125 0.75625 1.0 0.75625 1.0 0.6296875
0 0.053125 0.378125 0.0015625 0.378125 0.0015625 0.4421875 0.053125 0.4421875 0.053125 0.378125
0 0.603125 0.86875 0.34375 0.86875 0.34375 0.9890625 0.603125 0.9890625 0.603125 0.86875
0 0.1953125 0.6671875 0.1125 0.6671875 0.1125 0.775 0.1953125 0.775 0.1953125 0.6671875
0 0.453125 0.0734375 0.253125 0.0734375 0.253125 0.228125 0.453125 0.228125 0.453125 0.0734375
0 0.81875 0.00625 0.6859375 0.00625 0.6859375 0.20625 0.81875 0.20625 0.81875 0.00625
0 0.0046875 0.0765625 0.0015625 0.0765625 0.0015625 0.159375 0.0046875 0.159375 0.0046875 0.0765625
0 0.284375 0.7375 0.1359375 0.7375 0.1359375 0.815625 0.284375 0.815625 0.284375 0.7375
0 1.0 0.2328125 0.9078125 0.2328125 0.9078125 0.41875 1.0 0.41875 1.0 0.2328125
0 0.1296875 0.0015625 0.1234375 0.0015625 0.1234375 0.003125 0.1296875 0.003125 0.1296875 0.0015625
0 0.596875 0.6578125 0.31875 0.6578125 0.31875 0.9140625 0.596875 0.9140625 0.596875 0.6578125
0 0.51875 0.2125 0.3390625 0.2125 0.3390625 0.4140625 0.51875 0.4140625 0.51875 0.2125
0 0.021875 0.2328125 0.0015625 0.2328125 0.0015625 0.3546875 0.021875 0.3546875 0.021875 0.2328125
0 1.0 0.3046875 0.909375 0.3046875 0.909375 0.484375 1.0 0.484375 1.0 0.3046875
0 0.546875 0.3484375 0.3546875 0.3484375 0.3546875 0.5515625 0.546875 0.5515625 0.546875 0.3484375
0 0.45 0.2390625 0.2796875 0.2390625 0.2796875 0.4078125 0.45 0.4078125 0.45 0.2390625
0 0.546875 0.0015625 0.4078125 0.0015625 0.4078125 0.1046875 0.546875 0.1046875 0.546875 0.0015625
0 0.79375 0.703125 0.6953125 0.703125 0.6953125 1.0 0.79375 1.0 0.79375 0.703125
0 0.39375 0.4296875 0.125 0.4296875 0.125 0.6640625 0.39375 0.6640625 0.39375 0.4296875
0 0.2765625 0.315625 0.1515625 0.315625 0.1515625 0.465625 0.2765625 0.465625 0.2765625 0.315625
0 0.0203125 0.35625 0.0015625 0.35625 0.0015625 0.3828125 0.0203125 0.3828125 0.0203125 0.35625
0 0.3703125 0.0015625 0.25625 0.0015625 0.25625 0.0921875 0.3703125 0.0921875 0.3703125 0.0015625
0 0.1625 0.740625 0.034375 0.740625 0.034375 0.8765625 0.1625 0.8765625 0.1625 0.740625
0 0.0359375 0.734375 0.0015625 0.734375 0.0015625 0.8640625 0.0359375 0.8640625 0.0359375 0.734375
0 0.728125 0.8078125 0.59375 0.8078125 0.59375 0.95625 0.728125 0.95625 0.728125 0.8078125
0 0.215625 0.84375 0.096875 0.84375 0.096875 0.9703125 0.215625 0.9703125 0.215625 0.84375
0 0.2875 0.6515625 0.19375 0.6515625 0.19375 0.7875 0.2875 0.7875 0.2875 0.6515625
0 0.234375 0.0015625 0.0015625 0.0015625 0.0015625 0.5296875 0.234375 0.5296875 0.234375 0.0015625
0 0.4375 0.56875 0.253125 0.56875 0.253125 0.71875 0.4375 0.71875 0.4375 0.56875
0 0.3125 0.4046875 0.1453125 0.4046875 0.1453125 0.5015625 0.3125 0.5015625 0.3125 0.4046875
0 0.625 0.321875 0.3421875 0.321875 0.3421875 0.49375 0.625 0.49375 0.625 0.321875
0 0.4890625 0.134375 0.1984375 0.134375 0.1984375 0.371875 0.4890625 0.371875 0.4890625 0.134375
0 0.5578125 0.221875 0.471875 0.221875 0.471875 0.3265625 0.5578125 0.3265625 0.5578125 0.221875
0 0.5578125 0.0015625 0.378125 0.0015625 0.378125 0.203125 0.5578125 0.203125 0.5578125 0.0015625
0 1.0 0.0015625 0.5390625 0.0015625 0.5390625 0.221875 1.0 0.221875 1.0 0.0015625
0 1.0 0.7859375 0.784375 0.7859375 0.784375 1.0 1.0 1.0 1.0 0.7859375
0 1.0 0.6828125 0.790625 0.6828125 0.790625 0.825 1.0 0.825 1.0 0.6828125
0 0.7765625 0.5046875 0.553125 0.5046875 0.553125 0.71875 0.7765625 0.71875 0.7765625 0.5046875
0 0.909375 0.721875 0.746875 0.721875 0.746875 0.921875 0.909375 0.921875 0.909375 0.721875
