0 0.7625 0.96875 0.653125 0.96875 0.653125 1.0 0.7625 1.0 0.7625 0.96875
0 0.6359375 0.7546875 0.503125 0.7546875 0.503125 0.921875 0.6359375 0.921875 0.6359375 0.7546875
0 0.934375 0.4375 0.7984375 0.4375 0.7984375 0.6609375 0.934375 0.6609375 0.934375 0.4375
0 0.971875 0.0015625 0.946875 0.0015625 0.946875 0.015625 0.971875 0.015625 0.971875 0.0015625
0 0.4046875 0.5421875 0.340625 0.5421875 0.340625 0.8140625 0.4046875 0.8140625 0.4046875 0.5421875
0 0.371875 0.0015625 0.31875 0.0015625 0.31875 0.090625 0.371875 0.090625 0.371875 0.0015625
0 0.4046875 0.9828125 0.3859375 0.9828125 0.3859375 1.0 0.4046875 1.0 0.4046875 0.9828125
0 0.5125 0.9734375 0.4328125 0.9734375 0.4328125 1.0 0.5125 1.0 0.5125 0.9734375
0 0.5421875 0.5296875 0.3625 0.5296875 0.3625 0.7421875 0.5421875 0.7421875 0.5421875 0.5296875
0 0.2125 0.3953125 0.059375 0.3953125 0.059375 0.6546875 0.2125 0.6546875 0.2125 0.3953125
0 0.3109375 0.4359375 0.1515625 0.4359375 0.1515625 0.853125 0.3109375 0.853125 0.3109375 0.4359375
0 0.3796875 0.5046875 0.30625 0.5046875 0.30625 0.8109375 0.3796875 0.8109375 0.3796875 0.5046875
0 0.896875 0.6453125 0.7625 0.6453125 0.7625 0.803125 0.896875 0.803125 0.896875 0.6453125
0 0.8359375 0.0453125 0.7515625 0.0453125 0.7515625 0.2546875 0.8359375 0.2546875 0.8359375 0.0453125
0 1.0 0.4 0.8828125 0.4 0.8828125 0.5046875 1.0 0.5046875 1.0 0.4
0 0.046875 0.0015625 0.0234375 0.0015625 0.0234375 0.0203125 0.046875 0.0203125 0.046875 0.0015625
0 0.128125 0.8546875 0.03125 0.8546875 0.03125 1.0 0.128125 1.0 0.128125 0.8546875
0 0.14375 0.7765625 0.00625 0.7765625 0.00625 0.8484375 0.14375 0.8484375 0.14375 0.7765625
0 0.3578125 0.3140625 0.2828125 0.3140625 0.2828125 0.4875 0.3578125 0.4875 0.3578125 0.3140625
0 0.0265625 0.16875 0.0015625 0.16875 0.0015625 0.203125 0.0265625 0.203125 0.0265625 0.16875
0 0.7859375 0.0015625 0.6328125 0.0015625 0.6328125 0.1296875 0.7859375 0.1296875 0.7859375 0.0015625
0 0.34375 0.10625 0.2859375 0.10625 0.2859375 0.30625 0.34375 0.30625 0.34375 0.10625
0 0.296875 0.0140625 0.0609375 0.0140625 0.0609375 0.0984375 0.296875 0.0984375 0.296875 0.0140625
0 0.1328125 0.0015625 0.034375 0.0015625 0.034375 0.0671875 0.1328125 0.0671875 0.1328125 0.0015625
0 1.0 0.7609375 0.8265625 0.7609375 0.8265625 1.0 1.0 1.0 1.0 0.7609375
0 0.6046875 0.1453125 0.5 0.1453125 0.5 0.2546875 0.6046875 0.2546875 0.6046875 0.1453125
0 0.9171875 0.021875 0.809375 0.021875 0.809375 0.11875 0.9171875 0.11875 0.9171875 0.021875
0 1.0 0.8984375 0.96875 0.8984375 0.96875 0.9890625 1.0 0.9890625 1.0 0.8984375
0 0.984375 0.846875 0.9 0.846875 0.9 1.0 0.984375 1.0 0.984375 0.846875
0 1.0 0.68125 0.94375 0.68125 0.94375 0.8171875 1.0 0.8171875 1.0 0.68125
0 0.296875 0.6828125 0.175 0.6828125 0.175 0.89375 0.296875 0.89375 0.296875 0.6828125
0 0.1265625 0.6484375 0.0015625 0.6484375 0.0015625 0.8 0.1265625 0.8 0.1265625 0.6484375
0 0.54375 0.3765625 0.35 0.3765625 0.35 0.5203125 0.54375 0.5203125 0.54375 0.3765625
0 0.54375 0.25625 0.384375 0.25625 0.384375 0.365625 0.54375 0.365625 0.54375 0.25625
0 0.2890625 0.1578125 0.0390625 0.1578125 0.0390625 0.3265625 0.2890625 0.3265625 0.2890625 0.1578125
0 1.0 0.0140625 0.9484375 0.0140625 0.9484375 0.2796875 1.0 0.2796875 1.0 0.0140625
0 0.025 0.0015625 0.0015625 0.0015625 0.0015625 0.121875 0.025 0.121875 0.025 0.0015625
0 0.2453125 0.3953125 0.19375 0.3953125 0.19375 0.5671875 0.2453125 0.5671875 0.2453125 0.3953125
0 0.1203125 0.50625 0.0015625 0.50625 0.0015625 0.73125 0.1203125 0.73125 0.1203125 0.50625
0 0.19375 0.0015625 0.00625 0.0015625 0.00625 0.16875 0.19375 0.16875 0.19375 0.0015625
0 1.0 0.84375 0.9546875 0.84375 0.9546875 0.959375 1.0 0.959375 1.0 0.84375
0 0.8578125 0.7953125 0.6421875 0.7953125 0.6421875 0.990625 0.8578125 0.990625 0.8578125 0.7953125
0 1.0 0.4765625 0.9640625 0.4765625 0.9640625 0.5625 1.0 0.5625 1.0 0.4765625
0 0.9984375 0.3859375 0.7921875 0.3859375 0.7921875 0.5046875 0.9984375 0.5046875 0.9984375 0.3859375
0 0.546875 0.0015625 0.353125 0.0015625 0.353125 0.140625 0.546875 0.140625 0.546875 0.0015625
0 0.171875 0.9859375 0.1203125 0.9859375 0.1203125 1.0 0.171875 1.0 0.171875 0.9859375
0 0.0546875 0.85 0.0015625 0.85 0.0015625 1.0 0.0546875 1.0 0.0546875 0.85
0 0.209375 0.8421875 0.1078125 0.8421875 0.1078125 1.0 0.209375 1.0 0.209375 0.8421875
0 0.6203125 0.846875 0.4546875 0.846875 0.4546875 0.9625 0.6203125 0.9625 0.6203125 0.846875
0 0.01875 0.7984375 0.0015625 0.7984375 0.0015625 0.83125 0.01875 0.83125 0.01875 0.7984375
0 0.2140625 0.38125 0.0984375 0.38125 0.0984375 0.525 0.2140625 0.525 0.2140625 0.38125
0 0.0328125 0.2734375 0.0015625 0.2734375 0.0015625 0.4953125 0.0328125 0.4953125 0.0328125 0.2734375
0 0.159375 0.2125 0.0015625 0.2125 0.0015625 0.38125 0.159375 0.38125 0.159375 0.2125
0 0.26875 0.2078125 0.2 0.2078125 0.2 0.3828125 0.26875 0.3828125 0.26875 0.2078125
0 0.3296875 0.2015625 0.2546875 0.2015625 0.2546875 0.340625 0.3296875 0.340625 0.3296875 0.2015625
0 0.4 0.01875 0.303125 0.01875 0.303125 0.2421875 0.4 0.2421875 0.4 0.01875
0 0.1921875 0.096875 0.03125 0.096875 0.03125 0.1859375 0.1921875 0.1859375 0.1921875 0.096875
0 0.4390625 0.0015625 0.3734375 0.0015625 0.3734375 0.0046875 0.4390625 0.0046875 0.4390625 0.0015625
0 0.8515625 0.8359375 0.6890625 0.8359375 0.6890625 1.0 0.8515625 1.0 0.8515625 0.8359375
0 0.85 0.7734375 0.6984375 0.7734375 0.6984375 0.8421875 0.85 0.8421875 0.85 0.7734375
0 0.9515625 0.6140625 0.865625 0.6140625 0.865625 0.80625 0.9515625 0.80625 0.9515625 0.6140625
0 0.5796875 0.5390625 0.465625 0.5390625 0.465625 0.6453125 0.5796875 0.6453125 0.5796875 0.5390625
0 0.715625 0.221875 0.6375 0.221875 0.6375 0.3375 0.715625 0.3375 0.715625 0.221875
0 1.0 0.20625 0.98125 0.20625 0.98125 0.278125 1.0 0.278125 1.0 0.20625
0 0.9171875 0.084375 0.7734375 0.084375 0.7734375 0.2390625 0.9171875 0.2390625 0.9171875 0.084375
0 0.8640625 0.0015625 0.6359375 0.0015625 0.6359375 0.10625 0.8640625 0.10625 0.8640625 0.0015625
0 0.6359375 0.96875 0.5296875 0.96875 0.5296875 1.0 0.6359375 1.0 0.6359375 0.96875
0 0.821875 0.5703125 0.6796875 0.5703125 0.6796875 0.7375 0.821875 0.7375 0.821875 0.5703125
0 0.865625 0.3359375 0.6 0.3359375 0.6 0.6359375 0.865625 0.6359375 0.865625 0.3359375
0 1.0 0.28125 0.965625 0.28125 0.965625 0.446875 1.0 0.446875 1.0 0.28125
0 0.5734375 0.0015625 0.503125 0.0015625 0.503125 0.1796875 0.5734375 0.1796875 0.5734375 0.0015625
0 0.334375 0.709375 0.0015625 0.709375 0.0015625 1.0 0.334375 1.0 0.334375 0.709375
0 0.846875 0.0015625 0.3375 0.0015625 0.3375 1.0 0.846875 1.0 0.846875 0.0015625
0 0.3359375 0.1640625 0.0015625 0.1640625 0.0015625 0.74375 0.3359375 0.74375 0.3359375 0.1640625
0 0.20625 0.0796875 0.04375 0.0796875 0.04375 0.15625 0.20625 0.15625 0.20625 0.0796875
0 0.346875 0.0015625 0.240625 0.0015625 0.240625 0.125 0.346875 0.125 0.346875 0.0015625
0 0.08125 0.0015625 0.0640625 0.0015625 0.0640625 0.0171875 0.08125 0.0171875 0.08125 0.0015625
0 0.896875 0.8546875 0.8203125 0.8546875 0.8203125 0.9609375 0.896875 0.9609375 0.896875 0.8546875
0 1.0 0.45625 0.853125 0.45625 0.853125 0.8296875 1.0 0.8296875 1.0 0.45625
0 0.928125 0.2265625 0.7328125 0.2265625 0.7328125 0.4234375 0.928125 0.4234375 0.928125 0.2265625
0 0.9953125 0.0015625 0.8734375 0.0015625 0.8734375 0.290625 0.9953125 0.290625 0.9953125 0.0015625
0 0.35 0.7390625 0.29375 0.7390625 0.29375 0.9 0.35 0.9 0.35 0.7390625
0 0.4171875 0.8203125 0.3484375 0.8203125 0.3484375 0.9671875 0.4171875 0.9671875 0.4171875 0.8203125
