0 0.875 0.734375 0.725 0.734375 0.725 0.9359375 0.875 0.9359375 0.875 0.734375
0 0.5921875 0.584375 0.4984375 0.584375 0.4984375 0.78125 0.5921875 0.78125 0.5921875 0.584375
0 0.3125 0.2046875 0.1265625 0.2046875 0.1265625 0.603125 0.3125 0.603125 0.3125 0.2046875
0 0.571875 0.209375 0.25625 0.209375 0.25625 0.359375 0.571875 0.359375 0.571875 0.209375
0 1.0 0.5640625 0.978125 0.5640625 0.978125 0.678125 1.0 0.678125 1.0 0.5640625
0 0.9359375 0.6015625 0.8484375 0.6015625 0.8484375 0.7453125 0.9359375 0.7453125 0.9359375 0.6015625
0 0.0109375 0.2984375 0.0015625 0.2984375 0.0015625 0.3421875 0.0109375 0.3421875 0.0109375 0.2984375
0 0.625 0.4359375 0.5484375 0.4359375 0.5484375 0.659375 0.625 0.659375 0.625 0.4359375
0 0.4640625 0.2984375 0.3203125 0.2984375 0.3203125 0.4828125 0.4640625 0.4828125 0.4640625 0.2984375
0 0.075 0.321875 0.0015625 0.321875 0.0015625 0.459375 0.075 0.459375 0.075 0.321875
0 0.3109375 0.2640625 0.2296875 0.2640625 0.2296875 0.4015625 0.3109375 0.4015625 0.3109375 0.2640625
0 0.5953125 0.184375 0.3953125 0.184375 0.3953125 0.325 0.5953125 0.325 0.5953125 0.184375
0 0.028125 0.2203125 0.0015625 0.2203125 0.0015625 0.2765625 0.028125 0.2765625 0.028125 0.2203125
0 0.4515625 0.0015625 0.3828125 0.0015625 0.3828125 0.1640625 0.4515625 0.1640625 0.4515625 0.0015625
0 0.9796875 0.8796875 0.8453125 0.8796875 0.8453125 1.0 0.9796875 1.0 0.9796875 0.8796875
0 0.578125 0.7296875 0.4546875 0.7296875 0.4546875 0.86875 0.578125 0.86875 0.578125 0.7296875
0 1.0 0.5234375 0.8671875 0.5234375 0.8671875 0.696875 1.0 0.696875 1.0 0.5234375
0 0.9046875 0.1484375 0.809375 0.1484375 0.809375 0.2875 0.9046875 0.2875 0.9046875 0.1484375
0 0.2578125 0.009375 0.0015625 0.009375 0.0015625 0.9265625 0.2578125 0.9265625 0.2578125 0.009375
0 1.0 0.0015625 0.184375 0.0015625 0.184375 1.0 1.0 1.0 1.0 0.0015625
0 0.2234375 0.853125 0.1109375 0.853125 0.1109375 1.0 0.2234375 1.0 0.2234375 0.853125
0 0.2578125 0.0015625 0.0734375 0.0015625 0.0734375 0.1265625 0.2578125 0.1265625 0.2578125 0.0015625
