0 0.2921875 0.0015625 0.18125 0.0015625 0.18125 0.0421875 0.2921875 0.0421875 0.2921875 0.0015625
0 0.1 0.0015625 0.0234375 0.0015625 0.0234375 0.109375 0.1 0.109375 0.1 0.0015625
0 0.178125 0.3609375 0.059375 0.3609375 0.059375 0.4984375 0.178125 0.4984375 0.178125 0.3609375
0 0.059375 0.0015625 0.0015625 0.0015625 0.0015625 0.0875 0.059375 0.0875 0.059375 0.0015625
0 0.4265625 0.128125 0.3296875 0.128125 0.3296875 0.334375 0.4265625 0.334375 0.4265625 0.128125
0 0.6203125 0.0015625 0.2640625 0.0015625 0.2640625 0.08125 0.6203125 0.08125 0.6203125 0.0015625
0 0.0015625 0.49375 0.0015625 0.49375 0.0015625 0.5015625 0.0015625 0.5015625 0.0015625 0.49375
0 0.140625 0.709375 0.1078125 0.709375 0.1078125 1.0 0.140625 1.0 0.140625 0.709375
0 0.4421875 0.1828125 0.178125 0.1828125 0.178125 0.68125 0.4421875 0.68125 0.4421875 0.1828125
0 0.0796875 0.2578125 0.0015625 0.2578125 0.0015625 0.371875 0.0796875 0.371875 0.0796875 0.2578125
0 0.5859375 0.0015625 0.3453125 0.0015625 0.3453125 0.3453125 0.5859375 0.3453125 0.5859375 0.0015625
0 0.5703125 0.3203125 0.459375 0.3203125 0.459375 0.5296875 0.5703125 0.5296875 0.5703125 0.3203125
0 0.76875 0.1015625 0.640625 0.1015625 0.640625 0.240625 0.76875 0.240625 0.76875 0.1015625
