0 0.8671875 0.2140625 0.7375 0.2140625 0.7375 0.509375 0.8671875 0.509375 0.8671875 0.2140625
0 0.725 0.3296875 0.453125 0.3296875 0.453125 0.4984375 0.725 0.4984375 0.725 0.3296875
0 0.621875 0.05 0.4296875 0.05 0.4296875 0.3921875 0.621875 0.3921875 0.621875 0.05
0 0.49375 0.1640625 0.371875 0.1640625 0.371875 0.3 0.49375 0.3 0.49375 0.1640625
0 0.6703125 0.0015625 0.5359375 0.0015625 0.5359375 0.2859375 0.6703125 0.2859375 0.6703125 0.0015625
0 1.0 0.359375 0.9921875 0.359375 0.9921875 0.378125 1.0 0.378125 1.0 0.359375
0 0.990625 0.375 0.853125 0.375 0.853125 0.5734375 0.990625 0.5734375 0.990625 0.375
0 1.0 0.528125 0.8390625 0.528125 0.8390625 0.5984375 1.0 0.5984375 1.0 0.528125
0 0.778125 0.2171875 0.640625 0.2171875 0.640625 0.4015625 0.778125 0.4015625 0.778125 0.2171875
0 1.0 0.3484375 0.9671875 0.3484375 0.9671875 0.465625 1.0 0.465625 1.0 0.3484375
0 1.0 0.1625 0.9484375 0.1625 0.9484375 0.2421875 1.0 0.2421875 1.0 0.1625
0 0.6453125 0.05625 0.515625 0.05625 0.515625 0.359375 0.6453125 0.359375 0.6453125 0.05625
0 0.384375 0.0578125 0.284375 0.0578125 0.284375 0.2140625 0.384375 0.2140625 0.384375 0.0578125
0 0.8140625 0.0015625 0.7 0.0015625 0.7 0.078125 0.8140625 0.078125 0.8140625 0.0015625
0 0.4953125 0.23125 0.403125 0.23125 0.403125 0.434375 0.4953125 0.434375 0.4953125 0.23125
0 0.671875 0.0015625 0.5796875 0.0015625 0.5796875 0.046875 0.671875 0.046875 0.671875 0.0015625
0 0.00625 0.0375 0.0015625 0.0375 0.0015625 0.0703125 0.00625 0.0703125 0.00625 0.0375
0 0.271875 0.0015625 0.2703125 0.0015625 0.2703125 0.0015625 0.271875 0.0015625 0.271875 0.0015625
0 0.403125 0.3625 0.2625 0.3625 0.2625 0.5703125 0.403125 0.5703125 0.403125 0.3625
0 0.040625 0.2921875 0.0015625 0.2921875 0.0015625 0.5234375 0.040625 0.5234375 0.040625 0.2921875
0 0.8078125 0.434375 0.69375 0.434375 0.69375 0.55625 0.8078125 0.55625 0.8078125 0.434375
0 0.93125 0.0015625 0.7484375 0.0015625 0.7484375 0.05625 0.93125 0.05625 0.93125 0.0015625
0 0.078125 0.525 0.0015625 0.525 0.0015625 0.85 0.078125 0.85 0.078125 0.525
0 0.0421875 0.0015625 0.0015625 0.0015625 0.0015625 0.2828125 0.0421875 0.2828125 0.0421875 0.0015625
0 1.0 0.08125 0.8890625 0.08125 0.8890625 0.2015625 1.0 0.2015625 1.0 0.08125
0 0.7203125 0.0015625 0.59375 0.0015625 0.59375 0.0828125 0.7203125 0.0828125 0.7203125 0.0015625
0 0.090625 0.39375 0.009375 0.39375 0.009375 0.6625 0.090625 0.6625 0.090625 0.39375
0 0.371875 0.153125 0.2203125 0.153125 0.2203125 0.415625 0.371875 0.415625 0.371875 0.153125
0 0.128125 0.153125 0.0515625 0.153125 0.0515625 0.4109375 0.128125 0.4109375 0.128125 0.153125
0 0.503125 0.0015625 0.1671875 0.0015625 0.1671875 0.2140625 0.503125 0.2140625 0.503125 0.0015625
0 0.4484375 0.390625 0.309375 0.390625 0.309375 0.55625 0.4484375 0.55625 0.4484375 0.390625
0 1.0 0.2359375 0.8203125 0.2359375 0.8203125 0.534375 1.0 0.534375 1.0 0.2359375
0 1.0 0.5515625 0.9796875 0.5515625 0.9796875 0.6234375 1.0 0.6234375 1.0 0.5515625
0 0.7234375 0.0015625 0.703125 0.0015625 0.703125 0.003125 0.7234375 0.003125 0.7234375 0.0015625
0 1.0 0.03125 0.9953125 0.03125 0.9953125 0.0546875 1.0 0.0546875 1.0 0.03125
