0 0.21875 0.94375 0.053125 0.94375 0.053125 1.0 0.21875 1.0 0.21875 0.94375
0 1.0 0.9359375 0.921875 0.9359375 0.921875 1.0 1.0 1.0 1.0 0.9359375
0 0.4828125 0.0453125 0.4078125 0.0453125 0.4078125 0.25 0.4828125 0.25 0.4828125 0.0453125
0 0.5875 0.0015625 0.540625 0.0015625 0.540625 0.028125 0.5875 0.028125 0.5875 0.0015625
0 0.30625 0.234375 0.2015625 0.234375 0.2015625 0.34375 0.30625 0.34375 0.30625 0.234375
0 0.0203125 0.6890625 0.0015625 0.6890625 0.0015625 0.76875 0.0203125 0.76875 0.0203125 0.6890625
0 0.3109375 0.496875 0.175 0.496875 0.175 0.6171875 0.3109375 0.6171875 0.3109375 0.496875
0 0.2203125 0.4796875 0.1 0.4796875 0.1 0.575 0.2203125 0.575 0.2203125 0.4796875
0 0.1859375 0.3515625 0.0671875 0.3515625 0.0671875 0.4640625 0.1859375 0.4640625 0.1859375 0.3515625
0 0.4515625 0.1734375 0.35625 0.1734375 0.35625 0.3390625 0.4515625 0.3390625 0.4515625 0.1734375
0 0.3453125 0.0015625 0.1859375 0.0015625 0.1859375 0.2 0.3453125 0.2 0.3453125 0.0015625
0 0.71875 0.0015625 0.615625 0.0015625 0.615625 0.05 0.71875 0.05 0.71875 0.0015625
0 1.0 0.446875 0.9296875 0.446875 0.9296875 0.5046875 1.0 0.5046875 1.0 0.446875
0 0.9890625 0.0015625 0.89375 0.0015625 0.89375 0.1109375 0.9890625 0.1109375 0.9890625 0.0015625
0 1.0 0.0015625 0.0015625 0.0015625 0.0015625 0.484375 1.0 0.484375 1.0 0.0015625
0 0.0265625 0.9453125 0.0015625 0.9453125 0.0015625 1.0 0.0265625 1.0 0.0265625 0.9453125
0 0.0890625 0.9796875 0.05625 0.9796875 0.05625 1.0 0.0890625 1.0 0.0890625 0.9796875
0 0.3578125 0.4203125 0.0640625 0.4203125 0.0640625 1.0 0.3578125 1.0 0.3578125 0.4203125
0 0.065625 0.5203125 0.0015625 0.5203125 0.0015625 0.6046875 0.065625 0.6046875 0.065625 0.5203125
0 0.2203125 0.1296875 0.0015625 0.1296875 0.0015625 0.3203125 0.2203125 0.3203125 0.2203125 0.1296875
