0 0.1421875 0.4609375 0.0203125 0.4609375 0.0203125 0.5578125 0.1421875 0.5578125 0.1421875 0.4609375
0 0.06875 1.0 0.0671875 1.0 0.0671875 1.0 0.06875 1.0 0.06875 1.0
0 0.125 0.346875 0.0015625 0.346875 0.0015625 0.4609375 0.125 0.4609375 0.125 0.346875
0 0.18125 0.2046875 0.10625 0.2046875 0.10625 0.3234375 0.18125 0.3234375 0.18125 0.2046875
0 0.0921875 0.196875 0.0015625 0.196875 0.0015625 0.325 0.0921875 0.325 0.0921875 0.196875
0 0.29375 0.0015625 0.10625 0.0015625 0.10625 0.11875 0.29375 0.11875 0.29375 0.0015625
0 0.2515625 0.775 0.1 0.775 0.1 0.940625 0.2515625 0.940625 0.2515625 0.775
0 0.246875 0.446875 0.0015625 0.446875 0.0015625 0.759375 0.246875 0.759375 0.246875 0.446875
0 0.1125 0.1484375 0.0015625 0.1484375 0.0015625 0.353125 0.1125 0.353125 0.1125 0.1484375
0 0.0921875 0.0015625 0.0015625 0.0015625 0.0015625 0.0890625 0.0921875 0.0890625 0.0921875 0.0015625
