0 0.2015625 0.5578125 0.059375 0.5578125 0.059375 0.8046875 0.2015625 0.8046875 0.2015625 0.5578125
0 0.165625 0.5890625 0.0359375 0.5890625 0.0359375 0.84375 0.165625 0.84375 0.165625 0.5890625
0 0.440625 0.0296875 0.3484375 0.0296875 0.3484375 0.28125 0.440625 0.28125 0.440625 0.0296875
0 0.2609375 0.490625 0.1421875 0.490625 0.1421875 0.60625 0.2609375 0.60625 0.2609375 0.490625
0 0.0484375 0.953125 0.0015625 0.953125 0.0015625 1.0 0.0484375 1.0 0.0484375 0.953125
0 0.0703125 0.690625 0.0015625 0.690625 0.0015625 0.9125 0.0703125 0.9125 0.0703125 0.690625
0 0.3984375 0.1375 0.28125 0.1375 0.28125 0.3890625 0.3984375 0.3890625 0.3984375 0.1375
0 0.3078125 0.2171875 0.1 0.2171875 0.1 0.5328125 0.3078125 0.5328125 0.3078125 0.2171875
0 1.0 0.0421875 0.803125 0.0421875 0.803125 0.2390625 1.0 0.2390625 1.0 0.0421875
0 0.1875 0.078125 0.0015625 0.078125 0.0015625 0.1703125 0.1875 0.1703125 0.1875 0.078125
0 0.5875 0.0015625 0.4265625 0.0015625 0.4265625 0.0734375 0.5875 0.0734375 0.5875 0.0015625
0 0.575 0.4546875 0.2265625 0.4546875 0.2265625 1.0 0.575 1.0 0.575 0.4546875
0 0.696875 0.990625 0.6015625 0.990625 0.6015625 1.0 0.696875 1.0 0.696875 0.990625
0 0.6375 0.90625 0.503125 0.90625 0.503125 1.0 0.6375 1.0 0.6375 0.90625
0 0.0125 0.9015625 0.0015625 0.9015625 0.0015625 0.93125 0.0125 0.93125 0.0125 0.9015625
0 1.0 0.5765625 0.6453125 0.5765625 0.6453125 0.8421875 1.0 0.8421875 1.0 0.5765625
0 0.7515625 0.459375 0.534375 0.459375 0.534375 0.65 0.7515625 0.65 0.7515625 0.459375
0 0.7484375 0.0015625 0.3 0.0015625 0.3 0.409375 0.7484375 0.409375 0.7484375 0.0015625
0 0.8078125 0.18125 0.653125 0.18125 0.653125 0.403125 0.8078125 0.403125 0.8078125 0.18125
0 0.9046875 0.0015625 0.825 0.0015625 0.825 0.0671875 0.9046875 0.0671875 0.9046875 0.0015625
0 1.0 0.5265625 0.9515625 0.5265625 0.9515625 0.6109375 1.0 0.6109375 1.0 0.5265625
0 0.046875 0.0015625 0.0015625 0.0015625 0.0015625 0.0421875 0.046875 0.0421875 0.046875 0.0015625
0 1.0 0.95625 0.95 0.95625 0.95 1.0 1.0 1.0 1.0 0.95625
0 0.95 0.9953125 0.934375 0.9953125 0.934375 1.0 0.95 1.0 0.95 0.9953125
0 0.1140625 0.4234375 0.0015625 0.4234375 0.0015625 0.540625 0.1140625 0.540625 0.1140625 0.4234375
0 0.90625 0.8578125 0.8296875 0.8578125 0.8296875 0.9796875 0.90625 0.9796875 0.90625 0.8578125
0 0.03125 0.621875 0.0015625 0.621875 0.0015625 0.69375 0.03125 0.69375 0.03125 0.621875
0 0.1796875 0.5203125 0.0640625 0.5203125 0.0640625 0.6640625 0.1796875 0.6640625 0.1796875 0.5203125
0 0.0984375 0.3265625 0.0015625 0.3265625 0.0015625 0.4703125 0.0984375 0.4703125 0.0984375 0.3265625
0 0.20625 0.603125 0.1171875 0.603125 0.1171875 1.0 0.20625 1.0 0.20625 0.603125
0 0.559375 0.7765625 0.371875 0.7765625 0.371875 0.9109375 0.559375 0.9109375 0.559375 0.7765625
0 0.3734375 0.7484375 0.25625 0.7484375 0.25625 0.85 0.3734375 0.85 0.3734375 0.7484375
0 0.378125 0.4140625 0.246875 0.4140625 0.246875 0.621875 0.378125 0.621875 0.378125 0.4140625
0 0.83125 0.778125 0.6640625 0.778125 0.6640625 0.9984375 0.83125 0.9984375 0.83125 0.778125
0 0.7671875 0.7234375 0.5609375 0.7234375 0.5609375 0.9046875 0.7671875 0.9046875 0.7671875 0.7234375
0 0.8515625 0.6578125 0.7265625 0.6578125 0.7265625 0.7578125 0.8515625 0.7578125 0.8515625 0.6578125
0 0.996875 0.525 0.8109375 0.525 0.8109375 0.6078125 0.996875 0.6078125 0.996875 0.525
0 1.0 0.4046875 0.7890625 0.4046875 0.7890625 0.5296875 1.0 0.5296875 1.0 0.4046875
0 0.71875 0.0015625 0.6 0.0015625 0.6 0.0765625 0.71875 0.0765625 0.71875 0.0015625
0 0.5359375 0.0015625 0.465625 0.0015625 0.465625 0.2375 0.5359375 0.2375 0.5359375 0.0015625
0 0.521875 0.8875 0.2953125 0.8875 0.2953125 1.0 0.521875 1.0 0.521875 0.8875
0 0.1765625 0.6921875 0.0234375 0.6921875 0.0234375 1.0 0.1765625 1.0 0.1765625 0.6921875
0 0.6609375 0.65625 0.4328125 0.65625 0.4328125 0.8234375 0.6609375 0.8234375 0.6609375 0.65625
0 0.834375 0.29375 0.56875 0.29375 0.56875 0.6328125 0.834375 0.6328125 0.834375 0.29375
0 0.9375 0.0015625 0.8578125 0.0015625 0.8578125 0.0265625 0.9375 0.0265625 0.9375 0.0015625
0 1.0 0.8453125 0.9859375 0.8453125 0.9859375 0.9046875 1.0 0.9046875 1.0 0.8453125
0 0.2796875 0.0015625 0.0015625 0.0015625 0.0015625 0.1234375 0.2796875 0.1234375 0.2796875 0.0015625
0 0.5046875 0.0015625 0.0015625 0.0015625 0.0015625 1.0 0.5046875 1.0 0.5046875 0.0015625
0 1.0 0.603125 0.58125 0.603125 0.58125 1.0 1.0 1.0 1.0 0.603125
0 0.19375 0.80625 0.1515625 0.80625 0.1515625 1.0 0.19375 1.0 0.19375 0.80625
0 0.5828125 0.934375 0.46875 0.934375 0.46875 1.0 0.5828125 1.0 0.5828125 0.934375
0 0.915625 0.5046875 0.5671875 0.5046875 0.5671875 0.696875 0.915625 0.696875 0.915625 0.5046875
0 0.646875 0.35 0.5015625 0.35 0.5015625 0.5203125 0.646875 0.5203125 0.646875 0.35
0 1.0 0.0859375 0.7859375 0.0859375 0.7859375 0.496875 1.0 0.496875 1.0 0.0859375
0 1.0 0.0015625 0.771875 0.0015625 0.771875 0.1984375 1.0 0.1984375 1.0 0.0015625
0 0.609375 0.859375 0.490625 0.859375 0.490625 0.946875 0.609375 0.946875 0.609375 0.859375
