0 0.6765625 0.91875 0.553125 0.91875 0.553125 1.0 0.6765625 1.0 0.6765625 0.91875
0 0.8953125 0.115625 0.7546875 0.115625 0.7546875 0.36875 0.8953125 0.36875 0.8953125 0.115625
0 0.4140625 0.0015625 0.34375 0.0015625 0.34375 0.1703125 0.4140625 0.1703125 0.4140625 0.0015625
0 0.1015625 0.0015625 0.1 0.0015625 0.1 0.0015625 0.1015625 0.0015625 0.1015625 0.0015625
0 0.040625 0.371875 0.0015625 0.371875 0.0015625 0.58125 0.040625 0.58125 0.040625 0.371875
0 0.7734375 0.746875 0.6953125 0.746875 0.6953125 0.978125 0.7734375 0.978125 0.7734375 0.746875
0 0.5828125 0.70625 0.45 0.70625 0.45 0.8859375 0.5828125 0.8859375 0.5828125 0.70625
0 0.8671875 0.0015625 0.8359375 0.0015625 0.8359375 0.0171875 0.8671875 0.0171875 0.8671875 0.0015625
0 0.7109375 0.0015625 0.53125 0.0015625 0.53125 0.4515625 0.7109375 0.4515625 0.7109375 0.0015625
0 0.51875 0.0015625 0.4515625 0.0015625 0.4515625 0.2015625 0.51875 0.2015625 0.51875 0.0015625
0 0.9578125 0.8296875 0.7328125 0.8296875 0.7328125 1.0 0.9578125 1.0 0.9578125 0.8296875
0 1.0 0.9890625 0.9953125 0.9890625 0.9953125 1.0 1.0 1.0 1.0 0.9890625
0 0.5765625 0.7734375 0.43125 0.7734375 0.43125 0.990625 0.5765625 0.990625 0.5765625 0.7734375
0 0.5828125 0.0015625 0.521875 0.0015625 0.521875 0.1921875 0.5828125 0.1921875 0.5828125 0.0015625
0 0.5203125 0.134375 0.4140625 0.134375 0.4140625 0.371875 0.5203125 0.371875 0.5203125 0.134375
0 0.553125 0.0015625 0.3546875 0.0015625 0.3546875 0.19375 0.553125 0.19375 0.553125 0.0015625
0 1.0 0.3125 0.765625 0.3125 0.765625 0.5953125 1.0 0.5953125 1.0 0.3125
0 0.753125 0.45625 0.68125 0.45625 0.68125 0.575 0.753125 0.575 0.753125 0.45625
0 0.7578125 0.3 0.525 0.3 0.525 0.528125 0.7578125 0.528125 0.7578125 0.3
0 1.0 0.0015625 0.6828125 0.0015625 0.6828125 0.3609375 1.0 0.3609375 1.0 0.0015625
0 0.6140625 0.140625 0.5265625 0.140625 0.5265625 0.328125 0.6140625 0.328125 0.6140625 0.140625
0 1.0 0.0109375 0.921875 0.0109375 0.921875 0.065625 1.0 0.065625 1.0 0.0109375
0 0.98125 0.0015625 0.8484375 0.0015625 0.8484375 0.1421875 0.98125 0.1421875 0.98125 0.0015625
0 0.5953125 0.0015625 0.0015625 0.0015625 0.0015625 0.534375 0.5953125 0.534375 0.5953125 0.0015625
0 1.0 0.225 0.0015625 0.225 0.0015625 1.0 1.0 1.0 1.0 0.225
0 0.378125 0.5015625 0.278125 0.5015625 0.278125 0.596875 0.378125 0.596875 0.378125 0.5015625
0 0.66875 0.990625 0.6609375 0.990625 0.6609375 1.0 0.66875 1.0 0.66875 0.990625
