0 0.01875 0.9515625 0.0015625 0.9515625 0.0015625 0.984375 0.01875 0.984375 0.01875 0.9515625
0 0.3640625 0.6078125 0.0859375 0.6078125 0.0859375 0.8671875 0.3640625 0.8671875 0.3640625 0.6078125
0 0.0546875 0.1734375 0.0015625 0.1734375 0.0015625 0.24375 0.0546875 0.24375 0.0546875 0.1734375
0 0.9578125 0.890625 0.8546875 0.890625 0.8546875 1.0 0.9578125 1.0 0.9578125 0.890625
0 0.415625 0.696875 0.25625 0.696875 0.25625 0.9453125 0.415625 0.9453125 0.415625 0.696875
0 0.134375 0.0015625 0.084375 0.0015625 0.084375 0.2640625 0.134375 0.2640625 0.134375 0.0015625
0 0.15625 0.9625 0.0953125 0.9625 0.0953125 1.0 0.15625 1.0 0.15625 0.9625
0 0.7140625 0.6875 0.5625 0.6875 0.5625 0.9015625 0.7140625 0.9015625 0.7140625 0.6875
0 0.5890625 0.0015625 0.55625 0.0015625 0.55625 0.0734375 0.5890625 0.0734375 0.5890625 0.0015625
0 0.8265625 0.0015625 0.7609375 0.0015625 0.7609375 0.0765625 0.8265625 0.0765625 0.8265625 0.0015625
0 0.746875 0.13125 0.65625 0.13125 0.65625 0.375 0.746875 0.375 0.746875 0.13125
0 0.834375 0.8703125 0.6859375 0.8703125 0.6859375 1.0 0.834375 1.0 0.834375 0.8703125
0 0.0109375 0.66875 0.0015625 0.66875 0.0015625 0.909375 0.0109375 0.909375 0.0109375 0.66875
0 0.234375 0.553125 0.0953125 0.553125 0.0953125 0.6953125 0.234375 0.6953125 0.234375 0.553125
0 1.0 0.91875 0.975 0.91875 0.975 1.0 1.0 1.0 1.0 0.91875
0 1.0 0.5203125 0.9625 0.5203125 0.9625 0.740625 1.0 0.740625 1.0 0.5203125
0 1.0 0.3328125 0.85625 0.3328125 0.85625 0.5046875 1.0 0.5046875 1.0 0.3328125
0 1.0 0.04375 0.946875 0.04375 0.946875 0.1078125 1.0 0.1078125 1.0 0.04375
0 0.4484375 0.6125 0.1671875 0.6125 0.1671875 0.8125 0.4484375 0.8125 0.4484375 0.6125
0 0.0828125 0.0015625 0.03125 0.0015625 0.03125 0.1890625 0.0828125 0.1890625 0.0828125 0.0015625
0 1.0 0.603125 0.928125 0.603125 0.928125 0.75625 1.0 0.75625 1.0 0.603125
0 0.109375 0.0015625 0.0953125 0.0015625 0.0953125 0.0375 0.109375 0.0375 0.109375 0.0015625
0 0.459375 0.4953125 0.3421875 0.4953125 0.3421875 0.6625 0.459375 0.6625 0.459375 0.4953125
0 0.134375 0.925 0.0296875 0.925 0.0296875 1.0 0.134375 1.0 0.134375 0.925
0 0.934375 0.64375 0.8703125 0.64375 0.8703125 0.8375 0.934375 0.8375 0.934375 0.64375
0 0.946875 0.446875 0.8 0.446875 0.8 0.609375 0.946875 0.609375 0.946875 0.446875
0 0.003125 0.6421875 0.0015625 0.6421875 0.0015625 0.6703125 0.003125 0.6703125 0.003125 0.6421875
0 0.971875 0.2765625 0.7734375 0.2765625 0.7734375 0.3796875 0.971875 0.3796875 0.971875 0.2765625
0 0.3890625 0.746875 0.278125 0.746875 0.278125 0.9609375 0.3890625 0.9609375 0.3890625 0.746875
0 0.921875 0.9984375 0.9 0.9984375 0.9 1.0 0.921875 1.0 0.921875 0.9984375
0 0.13125 0.25 0.0015625 0.25 0.0015625 0.4109375 0.13125 0.4109375 0.13125 0.25
0 0.8578125 0.8734375 0.7109375 0.8734375 0.7109375 1.0 0.8578125 1.0 0.8578125 0.8734375
0 0.2 0.6671875 0.084375 0.6671875 0.084375 0.7765625 0.2 0.7765625 0.2 0.6671875
0 0.0390625 0.559375 0.0015625 0.559375 0.0015625 0.66875 0.0390625 0.66875 0.0390625 0.559375
0 0.228125 0.4828125 0.071875 0.4828125 0.071875 0.621875 0.228125 0.621875 0.228125 0.4828125
0 0.9078125 0.365625 0.7765625 0.365625 0.7765625 0.56875 0.9078125 0.56875 0.9078125 0.365625
0 1.0 0.1046875 0.9234375 0.1046875 0.9234375 0.296875 1.0 0.296875 1.0 0.1046875
0 0.5859375 0.0015625 0.5015625 0.0015625 0.5015625 0.1078125 0.5859375 0.1078125 0.5859375 0.0015625
0 0.1125 0.0015625 0.0171875 0.0015625 0.0171875 0.259375 0.1125 0.259375 0.1125 0.0015625
0 0.509375 0.0015625 0.1984375 0.0015625 0.1984375 0.140625 0.509375 0.140625 0.509375 0.0015625
0 0.025 0.0015625 0.0015625 0.0015625 0.0015625 0.125 0.025 0.125 0.025 0.0015625
0 0.4453125 0.6984375 0.3609375 0.6984375 0.3609375 0.9296875 0.4453125 0.9296875 0.4453125 0.6984375
0 0.6953125 0.5546875 0.5765625 0.5546875 0.5765625 0.75 0.6953125 0.75 0.6953125 0.5546875
0 0.503125 0.48125 0.4140625 0.48125 0.4140625 0.7390625 0.503125 0.7390625 0.503125 0.48125
0 0.9765625 0.0015625 0.909375 0.0015625 0.909375 0.0578125 0.9765625 0.0578125 0.9765625 0.0015625
0 0.3828125 0.0015625 0.3078125 0.0015625 0.3078125 0.0140625 0.3828125 0.0140625 0.3828125 0.0015625
0 1.0 0.6734375 0.9015625 0.6734375 0.9015625 0.9328125 1.0 0.9328125 1.0 0.6734375
0 0.7765625 0.721875 0.678125 0.721875 0.678125 0.884375 0.7765625 0.884375 0.7765625 0.721875
0 0.8484375 0.7125 0.7609375 0.7125 0.7609375 0.871875 0.8484375 0.871875 0.8484375 0.7125
0 1.0 0.075 0.8328125 0.075 0.8328125 0.340625 1.0 0.340625 1.0 0.075
0 0.778125 0.0015625 0.6625 0.0015625 0.6625 0.1109375 0.778125 0.1109375 0.778125 0.0015625
0 0.9125 0.0015625 0.825 0.0015625 0.825 0.0578125 0.9125 0.0578125 0.9125 0.0015625
0 0.6640625 0.0015625 0.578125 0.0015625 0.578125 0.0703125 0.6640625 0.0703125 0.6640625 0.0015625
0 0.4578125 0.803125 0.38125 0.803125 0.38125 1.0 0.4578125 1.0 0.4578125 0.803125
0 0.6203125 0.8140625 0.540625 0.8140625 0.540625 0.9390625 0.6203125 0.9390625 0.6203125 0.8140625
0 0.340625 0.240625 0.2671875 0.240625 0.2671875 0.3765625 0.340625 0.3765625 0.340625 0.240625
0 0.0875 0.21875 0.0015625 0.21875 0.0015625 0.340625 0.0875 0.340625 0.0875 0.21875
0 0.590625 0.0515625 0.4078125 0.0515625 0.4078125 0.4640625 0.590625 0.4640625 0.590625 0.0515625
0 0.0796875 0.921875 0.0015625 0.921875 0.0015625 1.0 0.0796875 1.0 0.0796875 0.921875
0 0.2109375 0.3296875 0.0015625 0.3296875 0.0015625 0.959375 0.2109375 0.959375 0.2109375 0.3296875
0 0.053125 0.0015625 0.0015625 0.0015625 0.0015625 0.1796875 0.053125 0.1796875 0.053125 0.0015625
0 0.46875 0.9265625 0.403125 0.9265625 0.403125 1.0 0.46875 1.0 0.46875 0.9265625
0 0.728125 0.0015625 0.115625 0.0015625 0.115625 0.8171875 0.728125 0.8171875 0.728125 0.0015625
0 1.0 0.890625 0.878125 0.890625 0.878125 1.0 1.0 1.0 1.0 0.890625
0 1.0 0.30625 0.640625 0.30625 0.640625 0.971875 1.0 0.971875 1.0 0.30625
0 0.70625 0.8 0.60625 0.8 0.60625 0.9625 0.70625 0.9625 0.70625 0.8
0 0.528125 0.0015625 0.409375 0.0015625 0.409375 0.0875 0.528125 0.0875 0.528125 0.0015625
0 0.9984375 0.0015625 0.9609375 0.0015625 0.9609375 0.0484375 0.9984375 0.0484375 0.9984375 0.0015625
0 0.2453125 0.809375 0.06875 0.809375 0.06875 0.96875 0.2453125 0.96875 0.2453125 0.809375
0 0.721875 0.5046875 0.659375 0.5046875 0.659375 0.70625 0.721875 0.70625 0.721875 0.5046875
0 0.4296875 0.0015625 0.4140625 0.0015625 0.4140625 0.0140625 0.4296875 0.0140625 0.4296875 0.0015625
0 0.8609375 0.3328125 0.7 0.3328125 0.7 0.5046875 0.8609375 0.5046875 0.8609375 0.3328125
0 0.8234375 0.409375 0.696875 0.409375 0.696875 0.6 0.8234375 0.6 0.8234375 0.409375
0 0.8140625 0.0671875 0.68125 0.0671875 0.68125 0.2984375 0.8140625 0.2984375 0.8140625 0.0671875
