0 0.2234375 0.6515625 0.0015625 0.6515625 0.0015625 0.9171875 0.2234375 0.9171875 0.2234375 0.6515625
0 0.8265625 0.9953125 0.8109375 0.9953125 0.8109375 1.0 0.8265625 1.0 0.8265625 0.9953125
0 0.5234375 0.9734375 0.4625 0.9734375 0.4625 1.0 0.5234375 1.0 0.5234375 0.9734375
0 0.7625 0.9078125 0.584375 0.9078125 0.584375 1.0 0.7625 1.0 0.7625 0.9078125
0 0.6546875 0.775 0.0703125 0.775 0.0703125 1.0 0.6546875 1.0 0.6546875 0.775
0 0.3828125 0.753125 0.2796875 0.753125 0.2796875 0.8921875 0.3828125 0.8921875 0.3828125 0.753125
0 1.0 0.6421875 0.8671875 0.6421875 0.8671875 0.8015625 1.0 0.8015625 1.0 0.6421875
0 0.5046875 0.5796875 0.2015625 0.5796875 0.2015625 0.7171875 0.5046875 0.7171875 0.5046875 0.5796875
0 1.0 0.3390625 0.9453125 0.3390625 0.9453125 0.421875 1.0 0.421875 1.0 0.3390625
0 0.6109375 0.9515625 0.515625 0.9515625 0.515625 1.0 0.6109375 1.0 0.6109375 0.9515625
0 0.40625 0.8328125 0.23125 0.8328125 0.23125 0.940625 0.40625 0.940625 0.40625 0.8328125
0 0.7671875 0.8765625 0.6515625 0.8765625 0.6515625 1.0 0.7671875 1.0 0.7671875 0.8765625
0 1.0 0.609375 0.915625 0.609375 0.915625 0.671875 1.0 0.671875 1.0 0.609375
0 0.009375 0.8984375 0.0015625 0.8984375 0.0015625 0.9796875 0.009375 0.9796875 0.009375 0.8984375
0 0.8390625 0.8140625 0.7078125 0.8140625 0.7078125 1.0 0.8390625 1.0 0.8390625 0.8140625
0 0.415625 0.9421875 0.2 0.9421875 0.2 1.0 0.415625 1.0 0.415625 0.9421875
0 0.5609375 0.6140625 0.153125 0.6140625 0.153125 0.853125 0.5609375 0.853125 0.5609375 0.6140625
0 0.6546875 0.625 0.4625 0.625 0.4625 0.790625 0.6546875 0.790625 0.6546875 0.625
0 0.0625 0.58125 0.0015625 0.58125 0.0015625 0.659375 0.0625 0.659375 0.0625 0.58125
0 0.4953125 0.515625 0.16875 0.515625 0.16875 0.6515625 0.4953125 0.6515625 0.4953125 0.515625
0 1.0 0.890625 0.80625 0.890625 0.80625 1.0 1.0 1.0 1.0 0.890625
0 1.0 0.4671875 0.8640625 0.4671875 0.8640625 0.575 1.0 0.575 1.0 0.4671875
0 1.0 0.1265625 0.9875 0.1265625 0.9875 0.1453125 1.0 0.1453125 1.0 0.1265625
0 1.0 0.0953125 0.0015625 0.0953125 0.0015625 1.0 1.0 1.0 1.0 0.0953125
0 1.0 0.39375 0.7109375 0.39375 0.7109375 0.7390625 1.0 0.7390625 1.0 0.39375
0 0.1921875 0.7125 0.034375 0.7125 0.034375 0.9296875 0.1921875 0.9296875 0.1921875 0.7125
0 0.0671875 0.2796875 0.0015625 0.2796875 0.0015625 0.415625 0.0671875 0.415625 0.0671875 0.2796875
0 0.59375 0.0015625 0.50625 0.0015625 0.50625 0.06875 0.59375 0.06875 0.59375 0.0015625
