0 0.9859375 0.853125 0.7921875 0.853125 0.7921875 1.0 0.9859375 1.0 0.9859375 0.853125
0 0.0625 0.44375 0.0015625 0.44375 0.0015625 0.54375 0.0625 0.54375 0.0625 0.44375
0 0.24375 0.3 0.1328125 0.3 0.1328125 0.490625 0.24375 0.490625 0.24375 0.3
0 0.6640625 0.0015625 0.5734375 0.0015625 0.5734375 0.1390625 0.6640625 0.1390625 0.6640625 0.0015625
0 0.0796875 0.38125 0.0015625 0.38125 0.0015625 0.471875 0.0796875 0.471875 0.0796875 0.38125
0 0.3296875 0.0015625 0.140625 0.0015625 0.140625 0.2640625 0.3296875 0.2640625 0.3296875 0.0015625
0 0.096875 0.0015625 0.0015625 0.0015625 0.0015625 0.0953125 0.096875 0.0953125 0.096875 0.0015625
0 1.0 0.80625 0.8375 0.80625 0.8375 1.0 1.0 1.0 1.0 0.80625
0 0.18125 0.2625 0.0015625 0.2625 0.0015625 0.403125 0.18125 0.403125 0.18125 0.2625
0 0.615625 0.00625 0.4265625 0.00625 0.4265625 0.1421875 0.615625 0.1421875 0.615625 0.00625
0 0.7171875 0.0015625 0.6453125 0.0015625 0.6453125 0.040625 0.7171875 0.040625 0.7171875 0.0015625
0 0.603125 0.0015625 0.0015625 0.0015625 0.0015625 0.359375 0.603125 0.359375 0.603125 0.0015625
0 0.1484375 0.325 0.075 0.325 0.075 0.4828125 0.1484375 0.4828125 0.1484375 0.325
0 0.2609375 0.2140625 0.165625 0.2140625 0.165625 0.31875 0.2609375 0.31875 0.2609375 0.2140625
