0 0.153125 0.0984375 0.01875 0.0984375 0.01875 0.23125 0.153125 0.23125 0.153125 0.0984375
0 0.20625 0.0015625 0.115625 0.0015625 0.115625 0.184375 0.20625 0.184375 0.20625 0.0015625
0 0.1421875 0.2375 0.0015625 0.2375 0.0015625 0.290625 0.1421875 0.290625 0.1421875 0.2375
0 0.0359375 0.053125 0.0015625 0.053125 0.0015625 0.1390625 0.0359375 0.1390625 0.0359375 0.053125
0 0.084375 0.321875 0.0015625 0.321875 0.0015625 0.4359375 0.084375 0.4359375 0.084375 0.321875
0 1.0 0.51875 0.996875 0.51875 0.996875 0.565625 1.0 0.565625 1.0 0.51875
0 0.1328125 0.746875 0.0140625 0.746875 0.0140625 0.8546875 0.1328125 0.8546875 0.1328125 0.746875
0 0.315625 0.44375 0.053125 0.44375 0.053125 0.5703125 0.315625 0.5703125 0.315625 0.44375
0 0.2109375 0.2515625 0.0015625 0.2515625 0.0015625 0.4390625 0.2109375 0.4390625 0.2109375 0.2515625
0 0.09375 0.9390625 0.0171875 0.9390625 0.0171875 1.0 0.09375 1.0 0.09375 0.9390625
0 0.10625 0.828125 0.0015625 0.828125 0.0015625 0.90625 0.10625 0.90625 0.10625 0.828125
0 0.0375 0.0109375 0.0015625 0.0109375 0.0015625 0.221875 0.0375 0.221875 0.0375 0.0109375
0 0.2609375 0.040625 0.1265625 0.040625 0.1265625 0.2046875 0.2609375 0.2046875 0.2609375 0.040625
0 0.484375 0.5359375 0.3359375 0.5359375 0.3359375 0.640625 0.484375 0.640625 0.484375 0.5359375
0 0.7828125 0.0453125 0.4265625 0.0453125 0.4265625 0.409375 0.7828125 0.409375 0.7828125 0.0453125
0 1.0 0.3328125 0.953125 0.3328125 0.953125 0.428125 1.0 0.428125 1.0 0.3328125
0 0.8625 0.2359375 0.709375 0.2359375 0.709375 0.459375 0.8625 0.459375 0.8625 0.2359375
0 0.121875 0.675 0.0015625 0.675 0.0015625 0.796875 0.121875 0.796875 0.121875 0.675
0 0.0390625 0.2203125 0.0015625 0.2203125 0.0015625 0.2484375 0.0390625 0.2484375 0.0390625 0.2203125
0 0.184375 0.846875 0.0015625 0.846875 0.0015625 1.0 0.184375 1.0 0.184375 0.846875
0 0.165625 0.76875 0.025 0.76875 0.025 0.884375 0.165625 0.884375 0.165625 0.76875
0 0.3203125 0.5375 0.1671875 0.5375 0.1671875 0.696875 0.3203125 0.696875 0.3203125 0.5375
0 0.8640625 0.4546875 0.7390625 0.4546875 0.7390625 0.55625 0.8640625 0.55625 0.8640625 0.4546875
0 0.234375 0.375 0.0015625 0.375 0.0015625 0.5140625 0.234375 0.5140625 0.234375 0.375
0 0.95625 0.234375 0.821875 0.234375 0.821875 0.403125 0.95625 0.403125 0.95625 0.234375
0 0.721875 0.0015625 0.1234375 0.0015625 0.1234375 0.5171875 0.721875 0.5171875 0.721875 0.0015625
0 0.4625 0.6828125 0.05625 0.6828125 0.05625 1.0 0.4625 1.0 0.4625 0.6828125
0 0.5203125 0.3984375 0.075 0.3984375 0.075 0.7125 0.5203125 0.7125 0.5203125 0.3984375
0 1.0 0.3359375 0.6828125 0.3359375 0.6828125 0.8890625 1.0 0.8890625 1.0 0.3359375
0 1.0 0.1828125 0.81875 0.1828125 0.81875 0.3515625 1.0 0.3515625 1.0 0.1828125
0 1.0 0.0015625 0.75625 0.0015625 0.75625 0.1765625 1.0 0.1765625 1.0 0.0015625
0 0.08125 0.428125 0.0015625 0.428125 0.0015625 0.578125 0.08125 0.578125 0.08125 0.428125
0 0.1953125 0.5140625 0.0015625 0.5140625 0.0015625 0.715625 0.1953125 0.715625 0.1953125 0.5140625
0 0.3015625 0.2984375 0.1265625 0.2984375 0.1265625 0.39375 0.3015625 0.39375 0.3015625 0.2984375
