0 0.7 0.0015625 0.5953125 0.0015625 0.5953125 0.1125 0.7 0.1125 0.7 0.0015625
0 0.203125 1.0 0.1921875 1.0 0.1921875 1.0 0.203125 1.0 0.203125 1.0
0 0.43125 0.728125 0.290625 0.728125 0.290625 0.8609375 0.43125 0.8609375 0.43125 0.728125
0 0.675 0.5546875 0.4125 0.5546875 0.4125 0.86875 0.675 0.86875 0.675 0.5546875
0 0.0671875 0.0015625 0.0015625 0.0015625 0.0015625 0.1 0.0671875 0.1 0.0671875 0.0015625
0 0.6421875 0.815625 0.3984375 0.815625 0.3984375 1.0 0.6421875 1.0 0.6421875 0.815625
0 0.375 0.846875 0.25 0.846875 0.25 0.9609375 0.375 0.9609375 0.375 0.846875
0 0.0484375 0.6921875 0.0015625 0.6921875 0.0015625 0.7890625 0.0484375 0.7890625 0.0484375 0.6921875
0 0.3578125 0.68125 0.171875 0.68125 0.171875 0.8234375 0.3578125 0.8234375 0.3578125 0.68125
0 0.6546875 0.821875 0.5109375 0.821875 0.5109375 0.965625 0.6546875 0.965625 0.6546875 0.821875
0 0.4921875 0.5671875 0.4171875 0.5671875 0.4171875 0.81875 0.4921875 0.81875 0.4921875 0.5671875
0 0.6109375 0.5015625 0.371875 0.5015625 0.371875 0.5734375 0.6109375 0.5734375 0.6109375 0.5015625
0 0.3078125 0.7609375 0.1640625 0.7609375 0.1640625 1.0 0.3078125 1.0 0.3078125 0.7609375
0 1.0 0.609375 0.6390625 0.609375 0.6390625 1.0 1.0 1.0 1.0 0.609375
0 0.684375 0.84375 0.5625 0.84375 0.5625 0.9875 0.684375 0.9875 0.684375 0.84375
0 0.45 0.7734375 0.3109375 0.7734375 0.3109375 0.8953125 0.45 0.8953125 0.45 0.7734375
0 0.3875 0.634375 0.2578125 0.634375 0.2578125 0.7609375 0.3875 0.7609375 0.3875 0.634375
0 0.4734375 0.5640625 0.390625 0.5640625 0.390625 0.73125 0.4734375 0.73125 0.4734375 0.5640625
0 0.140625 0.503125 0.0015625 0.503125 0.0015625 0.703125 0.140625 0.703125 0.140625 0.503125
0 0.575 0.4015625 0.49375 0.4015625 0.49375 0.51875 0.575 0.51875 0.575 0.4015625
0 0.33125 0.2 0.1890625 0.2 0.1890625 0.3421875 0.33125 0.3421875 0.33125 0.2
0 0.6671875 0.990625 0.5859375 0.990625 0.5859375 1.0 0.6671875 1.0 0.6671875 0.990625
0 0.3625 0.9890625 0.3421875 0.9890625 0.3421875 1.0 0.3625 1.0 0.3625 0.9890625
0 0.896875 0.4125 0.73125 0.4125 0.73125 0.534375 0.896875 0.534375 0.896875 0.4125
0 0.240625 0.0015625 0.0015625 0.0015625 0.0015625 0.8046875 0.240625 0.8046875 0.240625 0.0015625
0 0.775 0.0015625 0.13125 0.0015625 0.13125 0.7609375 0.775 0.7609375 0.775 0.0015625
0 0.859375 0.98125 0.8328125 0.98125 0.8328125 1.0 0.859375 1.0 0.859375 0.98125
0 0.8484375 0.7875 0.74375 0.7875 0.74375 1.0 0.8484375 1.0 0.8484375 0.7875
0 0.98125 0.75625 0.859375 0.75625 0.859375 0.9203125 0.98125 0.9203125 0.98125 0.75625
0 0.953125 0.475 0.671875 0.475 0.671875 0.621875 0.953125 0.621875 0.953125 0.475
0 1.0 0.0171875 0.8828125 0.0171875 0.8828125 0.4421875 1.0 0.4421875 1.0 0.0171875
