0 0.384375 0.0015625 0.228125 0.0015625 0.228125 0.2171875 0.384375 0.2171875 0.384375 0.0015625
0 0.278125 0.0015625 0.209375 0.0015625 0.209375 0.0546875 0.278125 0.0546875 0.278125 0.0015625
0 0.6484375 0.425 0.5375 0.425 0.5375 0.553125 0.6484375 0.553125 0.6484375 0.425
0 0.4078125 0.0015625 0.3375 0.0015625 0.3375 0.04375 0.4078125 0.04375 0.4078125 0.0015625
0 0.5609375 0.2078125 0.4578125 0.2078125 0.4578125 0.3046875 0.5609375 0.3046875 0.5609375 0.2078125
0 0.621875 0.0015625 0.496875 0.0015625 0.496875 0.1078125 0.621875 0.1078125 0.621875 0.0015625
0 0.4890625 0.0015625 0.3953125 0.0015625 0.3953125 0.0640625 0.4890625 0.0640625 0.4890625 0.0015625
0 0.8390625 0.16875 0.7265625 0.16875 0.7265625 0.29375 0.8390625 0.29375 0.8390625 0.16875
0 1.0 0.065625 0.9109375 0.065625 0.9109375 0.20625 1.0 0.20625 1.0 0.065625
0 0.709375 0.39375 0.5515625 0.39375 0.5515625 0.5296875 0.709375 0.5296875 0.709375 0.39375
0 0.0078125 0.534375 0.0015625 0.534375 0.0015625 0.66875 0.0078125 0.66875 0.0078125 0.534375
0 1.0 0.6578125 0.9484375 0.6578125 0.9484375 0.778125 1.0 0.778125 1.0 0.6578125
0 0.1015625 0.4625 0.0015625 0.4625 0.0015625 0.76875 0.1015625 0.76875 0.1015625 0.4625
0 0.678125 0.9609375 0.628125 0.9609375 0.628125 1.0 0.678125 1.0 0.678125 0.9609375
0 0.225 0.9421875 0.165625 0.9421875 0.165625 1.0 0.225 1.0 0.225 0.9421875
0 0.35 0.6421875 0.065625 0.6421875 0.065625 1.0 0.35 1.0 0.35 0.6421875
0 0.5546875 0.6 0.30625 0.6 0.30625 1.0 0.5546875 1.0 0.5546875 0.6
0 0.8046875 0.584375 0.5890625 0.584375 0.5890625 0.81875 0.8046875 0.81875 0.8046875 0.584375
0 0.784375 0.9734375 0.75 0.9734375 0.75 1.0 0.784375 1.0 0.784375 0.9734375
0 1.0 0.5125 0.86875 0.5125 0.86875 0.66875 1.0 0.66875 1.0 0.5125
0 0.9765625 0.8265625 0.83125 0.8265625 0.83125 0.9953125 0.9765625 0.9953125 0.9765625 0.8265625
0 1.0 0.46875 0.9984375 0.46875 0.9984375 0.48125 1.0 0.48125 1.0 0.46875
0 0.2484375 0.05 0.15 0.05 0.15 0.1828125 0.2484375 0.1828125 0.2484375 0.05
0 0.528125 0.0015625 0.35 0.0015625 0.35 0.09375 0.528125 0.09375 0.528125 0.0015625
0 0.96875 0.44375 0.7140625 0.44375 0.7140625 0.734375 0.96875 0.734375 0.96875 0.44375
0 0.690625 0.8671875 0.58125 0.8671875 0.58125 0.9921875 0.690625 0.9921875 0.690625 0.8671875
0 0.25 0.4109375 0.0390625 0.4109375 0.0390625 0.6328125 0.25 0.6328125 0.25 0.4109375
0 0.746875 0.1546875 0.675 0.1546875 0.675 0.3046875 0.746875 0.3046875 0.746875 0.1546875
0 0.821875 0.0015625 0.675 0.0015625 0.675 0.159375 0.821875 0.159375 0.821875 0.0015625
0 0.9515625 0.4140625 0.8328125 0.4140625 0.8328125 0.525 0.9515625 0.525 0.9515625 0.4140625
0 0.4484375 0.9953125 0.4421875 0.9953125 0.4421875 1.0 0.4484375 1.0 0.4484375 0.9953125
0 0.65625 0.440625 0.2921875 0.440625 0.2921875 1.0 0.65625 1.0 0.65625 0.440625
0 0.3921875 0.21875 0.0140625 0.21875 0.0140625 0.7953125 0.3921875 0.7953125 0.3921875 0.21875
0 0.784375 0.6734375 0.6140625 0.6734375 0.6140625 0.8203125 0.784375 0.8203125 0.784375 0.6734375
0 0.7296875 0.0015625 0.5875 0.0015625 0.5875 0.259375 0.7296875 0.259375 0.7296875 0.0015625
0 0.2390625 0.0015625 0.0765625 0.0015625 0.0765625 0.28125 0.2390625 0.28125 0.2390625 0.0015625
0 1.0 0.0015625 0.728125 0.0015625 0.728125 0.2453125 1.0 0.2453125 1.0 0.0015625
0 1.0 0.265625 0.725 0.265625 0.725 1.0 1.0 1.0 1.0 0.265625
0 0.796875 0.8234375 0.590625 0.8234375 0.590625 0.915625 0.796875 0.915625 0.796875 0.8234375
0 0.9546875 0.66875 0.7875 0.66875 0.7875 0.9234375 0.9546875 0.9234375 0.9546875 0.66875
0 0.975 0.5375 0.8640625 0.5375 0.8640625 0.7125 0.975 0.7125 0.975 0.5375
0 0.5765625 0.21875 0.503125 0.21875 0.503125 0.4953125 0.5765625 0.4953125 0.5765625 0.21875
0 0.496875 0.2796875 0.425 0.2796875 0.425 0.409375 0.496875 0.409375 0.496875 0.2796875
0 0.2640625 0.16875 0.0015625 0.16875 0.0015625 0.4734375 0.2640625 0.4734375 0.2640625 0.16875
0 0.30625 0.1140625 0.1390625 0.1140625 0.1390625 0.2984375 0.30625 0.2984375 0.30625 0.1140625
0 0.3140625 0.9578125 0.25 0.9578125 0.25 1.0 0.3140625 1.0 0.3140625 0.9578125
0 0.4140625 0.7109375 0.3109375 0.7109375 0.3109375 0.928125 0.4140625 0.928125 0.4140625 0.7109375
0 0.3109375 0.6109375 0.1734375 0.6109375 0.1734375 0.7890625 0.3109375 0.7890625 0.3109375 0.6109375
0 0.540625 0.3859375 0.3671875 0.3859375 0.3671875 0.6625 0.540625 0.6625 0.540625 0.3859375
0 0.8953125 0.88125 0.7125 0.88125 0.7125 1.0 0.8953125 1.0 0.8953125 0.88125
0 0.7234375 0.5625 0.55 0.5625 0.55 0.6859375 0.7234375 0.6859375 0.7234375 0.5625
0 1.0 0.1234375 0.659375 0.1234375 0.659375 0.3453125 1.0 0.3453125 1.0 0.1234375
0 0.803125 0.309375 0.6375 0.309375 0.6375 0.4828125 0.803125 0.4828125 0.803125 0.309375
0 0.54375 0.190625 0.3953125 0.190625 0.3953125 0.3984375 0.54375 0.3984375 0.54375 0.190625
0 0.8390625 0.90625 0.659375 0.90625 0.659375 1.0 0.8390625 1.0 0.8390625 0.90625
0 1.0 0.771875 0.9203125 0.771875 0.9203125 0.921875 1.0 0.921875 1.0 0.771875
0 0.7921875 0.803125 0.5796875 0.803125 0.5796875 0.8875 0.7921875 0.8875 0.7921875 0.803125
0 0.515625 0.0921875 0.3625 0.0921875 0.3625 0.2046875 0.515625 0.2046875 0.515625 0.0921875
