0 0.2546875 0.196875 0.146875 0.196875 0.146875 0.3375 0.2546875 0.3375 0.2546875 0.196875
0 0.4203125 0.0015625 0.2328125 0.0015625 0.2328125 0.1453125 0.4203125 0.1453125 0.4203125 0.0015625
0 0.065625 0.8765625 0.0015625 0.8765625 0.0015625 1.0 0.065625 1.0 0.065625 0.8765625
0 1.0 0.3421875 0.9765625 0.3421875 0.9765625 0.603125 1.0 0.603125 1.0 0.3421875
0 0.575 0.528125 0.4640625 0.528125 0.4640625 0.6953125 0.575 0.6953125 0.575 0.528125
0 0.425 0.05 0.25625 0.05 0.25625 0.2890625 0.425 0.2890625 0.425 0.05
0 0.2796875 0.0015625 0.1671875 0.0015625 0.1671875 0.0515625 0.2796875 0.0515625 0.2796875 0.0015625
0 0.209375 0.81875 0.1 0.81875 0.1 0.903125 0.209375 0.903125 0.209375 0.81875
0 0.05 0.3203125 0.0015625 0.3203125 0.0015625 0.3859375 0.05 0.3859375 0.05 0.3203125
0 0.0203125 0.0015625 0.0015625 0.0015625 0.0015625 0.0046875 0.0203125 0.0046875 0.0203125 0.0015625
0 0.35625 0.403125 0.1828125 0.403125 0.1828125 0.528125 0.35625 0.528125 0.35625 0.403125
0 0.471875 0.0515625 0.4 0.0515625 0.4 0.390625 0.471875 0.390625 0.471875 0.0515625
0 1.0 0.0015625 0.809375 0.0015625 0.809375 0.1578125 1.0 0.1578125 1.0 0.0015625
0 0.715625 0.0015625 0.6828125 0.0015625 0.6828125 0.0203125 0.715625 0.0203125 0.715625 0.0015625
0 0.5578125 0.6015625 0.4796875 0.6015625 0.4796875 0.7828125 0.5578125 0.7828125 0.5578125 0.6015625
0 0.2765625 0.315625 0.1515625 0.315625 0.1515625 0.503125 0.2765625 0.503125 0.2765625 0.315625
0 0.565625 0.29375 0.45 0.29375 0.45 0.4421875 0.565625 0.4421875 0.565625 0.29375
0 0.4484375 0.5859375 0.3734375 0.5859375 0.3734375 0.7140625 0.4484375 0.7140625 0.4484375 0.5859375
0 0.06875 0.3359375 0.0015625 0.3359375 0.0015625 0.4796875 0.06875 0.4796875 0.06875 0.3359375
0 0.63125 0.3296875 0.509375 0.3296875 0.509375 0.44375 0.63125 0.44375 0.63125 0.3296875
0 0.578125 0.0515625 0.4921875 0.0515625 0.4921875 0.290625 0.578125 0.290625 0.578125 0.0515625
0 1.0 0.075 0.9609375 0.075 0.9609375 0.253125 1.0 0.253125 1.0 0.075
0 1.0 0.0015625 0.0015625 0.0015625 0.0015625 1.0 1.0 1.0 1.0 0.0015625
0 0.571875 0.0015625 0.403125 0.0015625 0.403125 0.328125 0.571875 0.328125 0.571875 0.0015625
0 0.5515625 0.0015625 0.496875 0.0015625 0.496875 0.146875 0.5515625 0.146875 0.5515625 0.0015625
0 1.0 0.596875 0.8953125 0.596875 0.8953125 0.678125 1.0 0.678125 1.0 0.596875
0 0.140625 0.0015625 0.1328125 0.0015625 0.1328125 0.0046875 0.140625 0.0046875 0.140625 0.0015625
