0 0.609375 0.7296875 0.4734375 0.7296875 0.4734375 0.8734375 0.609375 0.8734375 0.609375 0.7296875
0 0.153125 0.3359375 0.0015625 0.3359375 0.0015625 0.634375 0.153125 0.634375 0.153125 0.3359375
0 0.6328125 0.9109375 0.5546875 0.9109375 0.5546875 1.0 0.6328125 1.0 0.6328125 0.9109375
0 0.375 0.8015625 0.278125 0.8015625 0.278125 0.9359375 0.375 0.9359375 0.375 0.8015625
0 0.7234375 0.440625 0.5109375 0.440625 0.5109375 0.5640625 0.7234375 0.5640625 0.7234375 0.440625
0 0.46875 0.6296875 0.3125 0.6296875 0.3125 0.7765625 0.46875 0.7765625 0.46875 0.6296875
0 1.0 0.821875 0.94375 0.821875 0.94375 0.96875 1.0 0.96875 1.0 0.821875
0 1.0 0.678125 0.7578125 0.678125 0.7578125 0.9203125 1.0 0.9203125 1.0 0.678125
0 0.5421875 0.728125 0.459375 0.728125 0.459375 0.9171875 0.5421875 0.9171875 0.5421875 0.728125
0 0.696875 0.4984375 0.5953125 0.4984375 0.5953125 0.6 0.696875 0.6 0.696875 0.4984375
0 0.596875 0.475 0.4734375 0.475 0.4734375 0.6125 0.596875 0.6125 0.596875 0.475
0 0.16875 0.2734375 0.0625 0.2734375 0.0625 0.40625 0.16875 0.40625 0.16875 0.2734375
0 0.446875 0.2890625 0.3578125 0.2890625 0.3578125 0.4390625 0.446875 0.4390625 0.446875 0.2890625
0 1.0 0.74375 0.9453125 0.74375 0.9453125 0.8390625 1.0 0.8390625 1.0 0.74375
0 0.921875 0.928125 0.85 0.928125 0.85 1.0 0.921875 1.0 0.921875 0.928125
0 0.8359375 0.753125 0.728125 0.753125 0.728125 0.89375 0.8359375 0.89375 0.8359375 0.753125
0 0.9546875 0.51875 0.8484375 0.51875 0.8484375 0.7046875 0.9546875 0.7046875 0.9546875 0.51875
0 0.9328125 0.33125 0.821875 0.33125 0.821875 0.4453125 0.9328125 0.4453125 0.9328125 0.33125
0 0.5875 0.9140625 0.2609375 0.9140625 0.2609375 1.0 0.5875 1.0 0.5875 0.9140625
0 0.890625 0.896875 0.7296875 0.896875 0.7296875 1.0 0.890625 1.0 0.890625 0.896875
0 0.85 0.696875 0.7625 0.696875 0.7625 0.846875 0.85 0.846875 0.85 0.696875
0 0.5671875 0.1796875 0.4328125 0.1796875 0.4328125 0.4375 0.5671875 0.4375 0.5671875 0.1796875
0 0.9703125 0.4703125 0.89375 0.4703125 0.89375 0.615625 0.9703125 0.615625 0.9703125 0.4703125
0 1.0 0.2984375 0.9015625 0.2984375 0.9015625 0.521875 1.0 0.521875 1.0 0.2984375
0 0.5265625 0.209375 0.396875 0.209375 0.396875 0.4125 0.5265625 0.4125 0.5265625 0.209375
0 0.9796875 0.153125 0.765625 0.153125 0.765625 0.33125 0.9796875 0.33125 0.9796875 0.153125
0 0.4765625 0.571875 0.29375 0.571875 0.29375 0.6671875 0.4765625 0.6671875 0.4765625 0.571875
0 1.0 0.7671875 0.553125 0.7671875 0.553125 1.0 1.0 1.0 1.0 0.7671875
0 1.0 0.39375 0.934375 0.39375 0.934375 0.7109375 1.0 0.7109375 1.0 0.39375
0 0.209375 0.353125 0.065625 0.353125 0.065625 0.525 0.209375 0.525 0.209375 0.353125
0 0.0546875 0.2375 0.0015625 0.2375 0.0015625 0.3828125 0.0546875 0.3828125 0.0546875 0.2375
0 0.275 0.9734375 0.203125 0.9734375 0.203125 1.0 0.275 1.0 0.275 0.9734375
