0 0.05 0.8609375 0.0015625 0.8609375 0.0015625 0.934375 0.05 0.934375 0.05 0.8609375
0 0.21875 0.5578125 0.1109375 0.5578125 0.1109375 0.709375 0.21875 0.709375 0.21875 0.5578125
0 0.1125 0.265625 0.0015625 0.265625 0.0015625 0.4515625 0.1125 0.4515625 0.1125 0.265625
0 0.0703125 0.003125 0.0015625 0.003125 0.0015625 0.1 0.0703125 0.1 0.0703125 0.003125
0 0.2 0.396875 0.0015625 0.396875 0.0015625 0.7046875 0.2 0.7046875 0.2 0.396875
0 0.8265625 0.33125 0.6796875 0.33125 0.6796875 0.584375 0.8265625 0.584375 0.8265625 0.33125
0 0.95625 0.0390625 0.846875 0.0390625 0.846875 0.2578125 0.95625 0.2578125 0.95625 0.0390625
0 0.1921875 0.178125 0.1 0.178125 0.1 0.40625 0.1921875 0.40625 0.1921875 0.178125
0 1.0 0.0015625 0.0015625 0.0015625 0.0015625 1.0 1.0 1.0 1.0 0.0015625
0 0.1015625 0.2984375 0.0015625 0.2984375 0.0015625 0.690625 0.1015625 0.690625 0.1015625 0.2984375
0 0.1984375 0.9359375 0.1296875 0.9359375 0.1296875 1.0 0.1984375 1.0 0.1984375 0.9359375
0 0.171875 0.2921875 0.0015625 0.2921875 0.0015625 0.5625 0.171875 0.5625 0.171875 0.2921875
0 0.890625 0.8671875 0.8 0.8671875 0.8 1.0 0.890625 1.0 0.890625 0.8671875
