0 0.2921875 0.0015625 0.2140625 0.0015625 0.2140625 0.21875 0.2921875 0.21875 0.2921875 0.0015625
0 0.0140625 0.54375 0.0015625 0.54375 0.0015625 0.5640625 0.0140625 0.5640625 0.0140625 0.54375
0 0.0625 0.3265625 0.0015625 0.3265625 0.0015625 0.4625 0.0625 0.4625 0.0625 0.3265625
0 0.159375 0.0390625 0.0546875 0.0390625 0.0546875 0.3796875 0.159375 0.3796875 0.159375 0.0390625
0 0.1203125 0.640625 0.0015625 0.640625 0.0015625 0.8453125 0.1203125 0.8453125 0.1203125 0.640625
0 0.1921875 0.3828125 0.0015625 0.3828125 0.0015625 0.7328125 0.1921875 0.7328125 0.1921875 0.3828125
0 0.15625 0.4203125 0.0609375 0.4203125 0.0609375 0.5421875 0.15625 0.5421875 0.15625 0.4203125
0 0.209375 0.0015625 0.1328125 0.0015625 0.1328125 0.2375 0.209375 0.2375 0.209375 0.0015625
0 0.209375 0.340625 0.0796875 0.340625 0.0796875 0.4296875 0.209375 0.4296875 0.209375 0.340625
0 0.41875 0.0015625 0.0875 0.0015625 0.0875 0.3640625 0.41875 0.3640625 0.41875 0.0015625
0 0.3109375 0.13125 0.1875 0.13125 0.1875 0.43125 0.3109375 0.43125 0.3109375 0.13125
0 0.05625 0.709375 0.0015625 0.709375 0.0015625 0.80625 0.05625 0.80625 0.05625 0.709375
0 0.090625 0.1265625 0.0015625 0.1265625 0.0015625 0.3453125 0.090625 0.3453125 0.090625 0.1265625
0 0.06875 0.0015625 0.0015625 0.0015625 0.0015625 0.11875 0.06875 0.11875 0.06875 0.0015625
0 0.0671875 0.240625 0.0015625 0.240625 0.0015625 0.38125 0.0671875 0.38125 0.0671875 0.240625
0 0.128125 0.0015625 0.059375 0.0015625 0.059375 0.2171875 0.128125 0.2171875 0.128125 0.0015625
