0 0.628125 0.5421875 0.471875 0.5421875 0.471875 0.709375 0.628125 0.709375 0.628125 0.5421875
0 0.4859375 0.403125 0.3921875 0.403125 0.3921875 0.55 0.4859375 0.55 0.4859375 0.403125
0 0.8203125 0.228125 0.4453125 0.228125 0.4453125 0.8234375 0.8203125 0.8234375 0.8203125 0.228125
0 0.528125 0.35625 0.3578125 0.35625 0.3578125 0.4671875 0.528125 0.4671875 0.528125 0.35625
0 0.7828125 0.13125 0.5875 0.13125 0.5875 0.3765625 0.7828125 0.3765625 0.7828125 0.13125
0 0.7515625 0.0546875 0.6375 0.0546875 0.6375 0.1453125 0.7515625 0.1453125 0.7515625 0.0546875
0 0.528125 0.0015625 0.3125 0.0015625 0.3125 0.2203125 0.528125 0.2203125 0.528125 0.0015625
0 1.0 0.3328125 0.9859375 0.3328125 0.9859375 0.3796875 1.0 0.3796875 1.0 0.3328125
0 0.246875 0.6328125 0.1015625 0.6328125 0.1015625 0.76875 0.246875 0.76875 0.246875 0.6328125
0 0.296875 0.15625 0.1625 0.15625 0.1625 0.3296875 0.296875 0.3296875 0.296875 0.15625
0 0.2515625 0.0015625 0.059375 0.0015625 0.059375 0.1390625 0.2515625 0.1390625 0.2515625 0.0015625
0 0.4296875 0.83125 0.2265625 0.83125 0.2265625 0.978125 0.4296875 0.978125 0.4296875 0.83125
0 0.546875 0.48125 0.421875 0.48125 0.421875 0.9 0.546875 0.9 0.546875 0.48125
0 0.390625 0.6296875 0.2875 0.6296875 0.2875 0.80625 0.390625 0.80625 0.390625 0.6296875
0 0.9765625 0.75625 0.753125 0.75625 0.753125 1.0 0.9765625 1.0 0.9765625 0.75625
0 1.0 0.6890625 0.834375 0.6890625 0.834375 0.7453125 1.0 0.7453125 1.0 0.6890625
0 0.9515625 0.5703125 0.809375 0.5703125 0.809375 0.678125 0.9515625 0.678125 0.9515625 0.5703125
