0 0.0078125 0.0015625 0.0015625 0.0015625 0.0015625 0.00625 0.0078125 0.00625 0.0078125 0.0015625
0 0.115625 0.7390625 0.0125 0.7390625 0.0125 1.0 0.115625 1.0 0.115625 0.7390625
0 0.0671875 0.0734375 0.0015625 0.0734375 0.0015625 0.196875 0.0671875 0.196875 0.0671875 0.0734375
0 0.196875 0.0015625 0.0015625 0.0015625 0.0015625 0.596875 0.196875 0.596875 0.196875 0.0015625
0 0.7015625 0.94375 0.646875 0.94375 0.646875 1.0 0.7015625 1.0 0.7015625 0.94375
0 0.4421875 0.9109375 0.3671875 0.9109375 0.3671875 1.0 0.4421875 1.0 0.4421875 0.9109375
0 0.778125 0.7171875 0.6984375 0.7171875 0.6984375 1.0 0.778125 1.0 0.778125 0.7171875
0 0.5203125 0.478125 0.3546875 0.478125 0.3546875 0.7328125 0.5203125 0.7328125 0.5203125 0.478125
0 0.3515625 0.0015625 0.2421875 0.0015625 0.2421875 0.3453125 0.3515625 0.3453125 0.3515625 0.0015625
0 0.79375 0.5421875 0.6921875 0.5421875 0.6921875 0.690625 0.79375 0.690625 0.79375 0.5421875
0 0.9984375 0.2453125 0.946875 0.2453125 0.946875 0.4265625 0.9984375 0.4265625 0.9984375 0.2453125
0 0.1046875 0.7375 0.0015625 0.7375 0.0015625 1.0 0.1046875 1.0 0.1046875 0.7375
0 0.271875 0.340625 0.071875 0.340625 0.071875 0.728125 0.271875 0.728125 0.271875 0.340625
0 0.1296875 0.2203125 0.0015625 0.2203125 0.0015625 0.6171875 0.1296875 0.6171875 0.1296875 0.2203125
0 0.134375 0.05 0.0015625 0.05 0.0015625 0.234375 0.134375 0.234375 0.134375 0.05
0 0.625 0.7890625 0.4640625 0.7890625 0.4640625 1.0 0.625 1.0 0.625 0.7890625
0 0.2453125 0.7359375 0.13125 0.7359375 0.13125 0.909375 0.2453125 0.909375 0.2453125 0.7359375
0 0.5265625 0.628125 0.246875 0.628125 0.246875 0.8703125 0.5265625 0.8703125 0.5265625 0.628125
0 0.63125 0.2140625 0.38125 0.2140625 0.38125 0.69375 0.63125 0.69375 0.63125 0.2140625
0 0.378125 0.309375 0.1640625 0.309375 0.1640625 0.625 0.378125 0.625 0.378125 0.309375
0 0.5375 0.0015625 0.321875 0.0015625 0.321875 0.3 0.5375 0.3 0.5375 0.0015625
0 0.2921875 0.0015625 0.140625 0.0015625 0.140625 0.246875 0.2921875 0.246875 0.2921875 0.0015625
0 0.6703125 0.0015625 0.5375 0.0015625 0.5375 0.1015625 0.6703125 0.1015625 0.6703125 0.0015625
0 1.0 0.69375 0.959375 0.69375 0.959375 0.8890625 1.0 0.8890625 1.0 0.69375
0 0.9078125 0.7125 0.753125 0.7125 0.753125 1.0 0.9078125 1.0 0.9078125 0.7125
0 1.0 0.775 0.8515625 0.775 0.8515625 1.0 1.0 1.0 1.0 0.775
0 0.75 0.7390625 0.6578125 0.7390625 0.6578125 0.9765625 0.75 0.9765625 0.75 0.7390625
0 0.9375 0.546875 0.7671875 0.546875 0.7671875 0.7859375 0.9375 0.7859375 0.9375 0.546875
0 1.0 0.496875 0.890625 0.496875 0.890625 0.6890625 1.0 0.6890625 1.0 0.496875
0 0.7765625 0.3171875 0.69375 0.3171875 0.69375 0.5125 0.7765625 0.5125 0.7765625 0.3171875
0 0.959375 0.1046875 0.8421875 0.1046875 0.8421875 0.4625 0.959375 0.4625 0.959375 0.1046875
0 0.875 0.0015625 0.675 0.0015625 0.675 0.1828125 0.875 0.1828125 0.875 0.0015625
0 1.0 0.0015625 0.9109375 0.0015625 0.9109375 0.1125 1.0 0.1125 1.0 0.0015625
0 1.0 0.1859375 0.9234375 0.1859375 0.9234375 0.4859375 1.0 0.4859375 1.0 0.1859375
0 0.6828125 0.128125 0.0015625 0.128125 0.0015625 1.0 0.6828125 1.0 0.6828125 0.128125
0 1.0 0.0015625 0.13125 0.0015625 0.13125 1.0 1.0 1.0 1.0 0.0015625
