0 0.5953125 0.625 0.409375 0.625 0.409375 0.8015625 0.5953125 0.8015625 0.5953125 0.625
0 0.753125 0.9828125 0.734375 0.9828125 0.734375 1.0 0.753125 1.0 0.753125 0.9828125
0 0.9265625 0.19375 0.809375 0.19375 0.809375 0.3375 0.9265625 0.3375 0.9265625 0.19375
0 0.50625 0.9046875 0.3640625 0.9046875 0.3640625 0.99375 0.50625 0.99375 0.50625 0.9046875
0 0.971875 0.8265625 0.8828125 0.8265625 0.8828125 0.996875 0.971875 0.996875 0.971875 0.8265625
0 0.025 0.2046875 0.0015625 0.2046875 0.0015625 0.3125 0.025 0.3125 0.025 0.2046875
0 0.2484375 0.053125 0.1265625 0.053125 0.1265625 0.2015625 0.2484375 0.2015625 0.2484375 0.053125
0 0.43125 0.0015625 0.39375 0.0015625 0.39375 0.003125 0.43125 0.003125 0.43125 0.0015625
0 0.0671875 0.0015625 0.0359375 0.0015625 0.0359375 0.0171875 0.0671875 0.0171875 0.0671875 0.0015625
0 1.0 0.83125 0.903125 0.83125 0.903125 0.9671875 1.0 0.9671875 1.0 0.83125
0 0.703125 0.7484375 0.58125 0.7484375 0.58125 0.840625 0.703125 0.840625 0.703125 0.7484375
0 0.81875 0.21875 0.709375 0.21875 0.709375 0.4734375 0.81875 0.4734375 0.81875 0.21875
0 0.128125 0.0015625 0.125 0.0015625 0.125 0.0078125 0.128125 0.0078125 0.128125 0.0015625
0 0.4125 0.9109375 0.2765625 0.9109375 0.2765625 0.990625 0.4125 0.990625 0.4125 0.9109375
0 0.359375 0.3828125 0.2296875 0.3828125 0.2296875 0.5578125 0.359375 0.5578125 0.359375 0.3828125
0 0.6015625 0.290625 0.4796875 0.290625 0.4796875 0.4296875 0.6015625 0.4296875 0.6015625 0.290625
0 0.5296875 0.1515625 0.415625 0.1515625 0.415625 0.2984375 0.5296875 0.2984375 0.5296875 0.1515625
0 0.9765625 0.140625 0.8921875 0.140625 0.8921875 0.340625 0.9765625 0.340625 0.9765625 0.140625
0 0.096875 0.0015625 0.0015625 0.0015625 0.0015625 0.240625 0.096875 0.240625 0.096875 0.0015625
0 0.1515625 0.0765625 0.090625 0.0765625 0.090625 0.20625 0.1515625 0.20625 0.1515625 0.0765625
0 1.0 0.93125 0.85625 0.93125 0.85625 1.0 1.0 1.0 1.0 0.93125
0 0.7234375 0.8421875 0.575 0.8421875 0.575 0.9984375 0.7234375 0.9984375 0.7234375 0.8421875
0 0.2140625 0.803125 0.096875 0.803125 0.096875 1.0 0.2140625 1.0 0.2140625 0.803125
0 0.784375 0.521875 0.603125 0.521875 0.603125 0.7859375 0.784375 0.7859375 0.784375 0.521875
0 0.596875 0.55 0.3359375 0.55 0.3359375 0.6375 0.596875 0.6375 0.596875 0.55
0 0.984375 0.1609375 0.765625 0.1609375 0.765625 0.6171875 0.984375 0.6171875 0.984375 0.1609375
0 0.253125 0.225 0.1578125 0.225 0.1578125 0.3515625 0.253125 0.3515625 0.253125 0.225
0 0.246875 0.0984375 0.1671875 0.0984375 0.1671875 0.2296875 0.246875 0.2296875 0.246875 0.0984375
0 0.065625 0.8703125 0.0015625 0.8703125 0.0015625 1.0 0.065625 1.0 0.065625 0.8703125
0 0.6765625 0.5265625 0.1453125 0.5265625 0.1453125 1.0 0.6765625 1.0 0.6765625 0.5265625
0 0.284375 0.6390625 0.190625 0.6390625 0.190625 0.75 0.284375 0.75 0.284375 0.6390625
0 0.5140625 0.2640625 0.2234375 0.2640625 0.2234375 0.4875 0.5140625 0.4875 0.5140625 0.2640625
0 0.4078125 0.1125 0.2859375 0.1125 0.2859375 0.2078125 0.4078125 0.2078125 0.4078125 0.1125
0 1.0 0.0015625 0.4140625 0.0015625 0.4140625 0.2125 1.0 0.2125 1.0 0.0015625
0 0.4015625 0.0015625 0.2796875 0.0015625 0.2796875 0.115625 0.4015625 0.115625 0.4015625 0.0015625
0 0.2875 0.0015625 0.109375 0.0015625 0.109375 0.0734375 0.2875 0.0734375 0.2875 0.0015625
0 0.8625 0.9109375 0.7953125 0.9109375 0.7953125 1.0 0.8625 1.0 0.8625 0.9109375
0 0.8 0.8375 0.6953125 0.8375 0.6953125 1.0 0.8 1.0 0.8 0.8375
0 1.0 0.659375 0.91875 0.659375 0.91875 0.75625 1.0 0.75625 1.0 0.659375
0 0.65 0.6125 0.53125 0.6125 0.53125 0.7625 0.65 0.7625 0.65 0.6125
0 1.0 0.4578125 0.9640625 0.4578125 0.9640625 0.6265625 1.0 0.6265625 1.0 0.4578125
0 0.6875 0.0859375 0.584375 0.0859375 0.584375 0.296875 0.6875 0.296875 0.6875 0.0859375
0 0.86875 0.06875 0.7125 0.06875 0.7125 0.2046875 0.86875 0.2046875 0.86875 0.06875
0 0.2125 0.015625 0.0015625 0.015625 0.0015625 0.6953125 0.2125 0.6953125 0.2125 0.015625
0 0.9734375 0.0015625 0.0015625 0.0015625 0.0015625 1.0 0.9734375 1.0 0.9734375 0.0015625
0 0.39375 0.478125 0.159375 0.478125 0.159375 0.59375 0.39375 0.59375 0.39375 0.478125
0 0.2859375 0.1015625 0.0015625 0.1015625 0.0015625 0.5015625 0.2859375 0.5015625 0.2859375 0.1015625
0 0.528125 0.6265625 0.446875 0.6265625 0.446875 0.75625 0.528125 0.75625 0.528125 0.6265625
0 0.496875 0.003125 0.365625 0.003125 0.365625 0.409375 0.496875 0.409375 0.496875 0.003125
0 1.0 0.8078125 0.94375 0.8078125 0.94375 0.9359375 1.0 0.9359375 1.0 0.8078125
0 1.0 0.7546875 0.9703125 0.7546875 0.9703125 0.796875 1.0 0.796875 1.0 0.7546875
0 0.978125 0.34375 0.8546875 0.34375 0.8546875 0.5890625 0.978125 0.5890625 0.978125 0.34375
0 1.0 0.325 0.9265625 0.325 0.9265625 0.4625 1.0 0.4625 1.0 0.325
