0 0.3453125 0.315625 0.2078125 0.315625 0.2078125 0.4609375 0.3453125 0.4609375 0.3453125 0.315625
0 0.6109375 0.5453125 0.5203125 0.5453125 0.5203125 0.65625 0.6109375 0.65625 0.6109375 0.5453125
0 0.5609375 0.525 0.3765625 0.525 0.3765625 0.64375 0.5609375 0.64375 0.5609375 0.525
0 0.4671875 0.45 0.378125 0.45 0.378125 0.553125 0.4671875 0.553125 0.4671875 0.45
0 0.5859375 0.93125 0.4375 0.93125 0.4375 1.0 0.5859375 1.0 0.5859375 0.93125
0 0.7515625 0.93125 0.6421875 0.93125 0.6421875 1.0 0.7515625 1.0 0.7515625 0.93125
0 0.31875 0.2953125 0.221875 0.2953125 0.221875 0.390625 0.31875 0.390625 0.31875 0.2953125
0 0.915625 0.34375 0.8140625 0.34375 0.8140625 0.4890625 0.915625 0.4890625 0.915625 0.34375
0 0.5328125 0.5578125 0.328125 0.5578125 0.328125 0.8609375 0.5328125 0.8609375 0.5328125 0.5578125
0 0.3796875 0.4390625 0.2015625 0.4390625 0.2015625 0.5359375 0.3796875 0.5359375 0.3796875 0.4390625
0 0.759375 0.0015625 0.7359375 0.0015625 0.7359375 0.015625 0.759375 0.015625 0.759375 0.0015625
0 0.6828125 0.715625 0.5421875 0.715625 0.5421875 0.8578125 0.6828125 0.8578125 0.6828125 0.715625
0 0.8390625 0.6546875 0.65 0.6546875 0.65 0.8046875 0.8390625 0.8046875 0.8390625 0.6546875
0 0.525 0.5546875 0.4140625 0.5546875 0.4140625 0.6859375 0.525 0.6859375 0.525 0.5546875
0 0.625 0.4578125 0.509375 0.4578125 0.509375 0.5453125 0.625 0.5453125 0.625 0.4578125
0 0.7125 0.0015625 0.5421875 0.0015625 0.5421875 0.253125 0.7125 0.253125 0.7125 0.0015625
0 0.9375 0.496875 0.85 0.496875 0.85 0.61875 0.9375 0.61875 0.9375 0.496875
0 1.0 0.9609375 0.9390625 0.9609375 0.9390625 1.0 1.0 1.0 1.0 0.9609375
0 0.3578125 0.43125 0.1734375 0.43125 0.1734375 0.5984375 0.3578125 0.5984375 0.3578125 0.43125
0 0.625 0.7875 0.553125 0.7875 0.553125 1.0 0.625 1.0 0.625 0.7875
0 0.5484375 0.8515625 0.4671875 0.8515625 0.4671875 1.0 0.5484375 1.0 0.5484375 0.8515625
0 0.6984375 0.571875 0.421875 0.571875 0.421875 0.78125 0.6984375 0.78125 0.6984375 0.571875
0 1.0 0.46875 0.7 0.46875 0.7 0.9875 1.0 0.9875 1.0 0.46875
0 0.721875 0.4234375 0.459375 0.4234375 0.459375 0.696875 0.721875 0.696875 0.721875 0.4234375
0 0.4109375 0.3828125 0.228125 0.3828125 0.228125 0.4859375 0.4109375 0.4859375 0.4109375 0.3828125
0 0.784375 0.0015625 0.45625 0.0015625 0.45625 0.46875 0.784375 0.46875 0.784375 0.0015625
0 0.2859375 0.1609375 0.221875 0.1609375 0.221875 0.3171875 0.2859375 0.3171875 0.2859375 0.1609375
0 0.428125 0.1484375 0.3 0.1484375 0.3 0.28125 0.428125 0.28125 0.428125 0.1484375
0 0.7359375 0.0578125 0.628125 0.0578125 0.628125 0.20625 0.7359375 0.20625 0.7359375 0.0578125
0 0.790625 0.0015625 0.675 0.0015625 0.675 0.075 0.790625 0.075 0.790625 0.0015625
0 1.0 0.0015625 0.9375 0.0015625 0.9375 0.1703125 1.0 0.1703125 1.0 0.0015625
0 1.0 0.625 0.9609375 0.625 0.9609375 0.653125 1.0 0.653125 1.0 0.625
0 1.0 0.0015625 0.5734375 0.0015625 0.5734375 0.625 1.0 0.625 1.0 0.0015625
0 0.5984375 0.0015625 0.41875 0.0015625 0.41875 0.1734375 0.5984375 0.1734375 0.5984375 0.0015625
0 0.5765625 0.20625 0.2296875 0.20625 0.2296875 0.4859375 0.5765625 0.4859375 0.5765625 0.20625
0 1.0 0.6640625 0.9171875 0.6640625 0.9171875 0.753125 1.0 0.753125 1.0 0.6640625
0 0.7765625 0.40625 0.5515625 0.40625 0.5515625 0.6671875 0.7765625 0.6671875 0.7765625 0.40625
0 0.590625 0.2734375 0.4546875 0.2734375 0.4546875 0.4703125 0.590625 0.4703125 0.590625 0.2734375
