0 0.746875 0.8453125 0.5953125 0.8453125 0.5953125 0.9953125 0.746875 0.9953125 0.746875 0.8453125
0 0.2546875 0.4078125 0.1890625 0.4078125 0.1890625 0.5796875 0.2546875 0.5796875 0.2546875 0.4078125
0 1.0 0.809375 0.9234375 0.809375 0.9234375 0.9203125 1.0 0.9203125 1.0 0.809375
0 0.725 0.984375 0.68125 0.984375 0.68125 1.0 0.725 1.0 0.725 0.984375
0 1.0 0.596875 0.91875 0.596875 0.91875 0.7 1.0 0.7 1.0 0.596875
0 0.70625 0.896875 0.5953125 0.896875 0.5953125 1.0 0.70625 1.0 0.70625 0.896875
0 0.5453125 0.8921875 0.3734375 0.8921875 0.3734375 1.0 0.5453125 1.0 0.5453125 0.8921875
0 0.2046875 0.9984375 0.1890625 0.9984375 0.1890625 1.0 0.2046875 1.0 0.2046875 0.9984375
0 0.3125 0.0515625 0.0015625 0.0515625 0.0015625 1.0 0.3125 1.0 0.3125 0.0515625
0 0.3171875 0.0046875 0.1203125 0.0046875 0.1203125 0.3796875 0.3171875 0.3796875 0.3171875 0.0046875
0 0.628125 0.784375 0.53125 0.784375 0.53125 0.940625 0.628125 0.940625 0.628125 0.784375
0 0.78125 0.6375 0.609375 0.6375 0.609375 0.8890625 0.78125 0.8890625 0.78125 0.6375
0 0.9171875 0.0015625 0.290625 0.0015625 0.290625 0.846875 0.9171875 0.846875 0.9171875 0.0015625
0 0.5328125 0.0015625 0.28125 0.0015625 0.28125 0.1578125 0.5328125 0.1578125 0.5328125 0.0015625
0 0.9296875 0.9296875 0.8421875 0.9296875 0.8421875 1.0 0.9296875 1.0 0.9296875 0.9296875
0 0.9359375 0.26875 0.846875 0.26875 0.846875 0.540625 0.9359375 0.540625 0.9359375 0.26875
0 1.0 0.3609375 0.971875 0.3609375 0.971875 0.4140625 1.0 0.4140625 1.0 0.3609375
0 0.890625 0.1953125 0.778125 0.1953125 0.778125 0.403125 0.890625 0.403125 0.890625 0.1953125
0 1.0 0.0015625 0.8890625 0.0015625 0.8890625 0.209375 1.0 0.209375 1.0 0.0015625
