0 0.109375 0.4375 0.0046875 0.4375 0.0046875 0.546875 0.109375 0.546875 0.109375 0.4375
0 0.0359375 0.390625 0.0015625 0.390625 0.0015625 0.4578125 0.0359375 0.4578125 0.0359375 0.390625
0 0.7609375 0.8671875 0.678125 0.8671875 0.678125 1.0 0.7609375 1.0 0.7609375 0.8671875
0 0.096875 0.990625 0.0390625 0.990625 0.0390625 1.0 0.096875 1.0 0.096875 0.990625
0 0.7 0.89375 0.6140625 0.89375 0.6140625 1.0 0.7 1.0 0.7 0.89375
0 0.1078125 0.503125 0.0015625 0.503125 0.0015625 0.5828125 0.1078125 0.5828125 0.1078125 0.503125
0 0.7953125 0.8359375 0.7359375 0.8359375 0.7359375 1.0 0.7953125 1.0 0.7953125 0.8359375
0 0.040625 0.471875 0.0015625 0.471875 0.0015625 0.5828125 0.040625 0.5828125 0.040625 0.471875
0 0.9453125 0.3453125 0.815625 0.3453125 0.815625 0.5390625 0.9453125 0.5390625 0.9453125 0.3453125
0 0.15 0.0015625 0.0015625 0.0015625 0.0015625 0.0890625 0.15 0.0890625 0.15 0.0015625
0 0.2453125 0.759375 0.1484375 0.759375 0.1484375 0.8984375 0.2453125 0.8984375 0.2453125 0.759375
0 0.490625 0.1953125 0.3796875 0.1953125 0.3796875 0.340625 0.490625 0.340625 0.490625 0.1953125
0 0.3796875 0.1375 0.309375 0.1375 0.309375 0.278125 0.3796875 0.278125 0.3796875 0.1375
0 0.3109375 0.08125 0.20625 0.08125 0.20625 0.196875 0.3109375 0.196875 0.3109375 0.08125
0 0.5828125 0.0015625 0.521875 0.0015625 0.521875 0.0734375 0.5828125 0.0734375 0.5828125 0.0015625
0 0.5078125 0.0015625 0.478125 0.0015625 0.478125 0.03125 0.5078125 0.03125 0.5078125 0.0015625
0 0.70625 0.7609375 0.578125 0.7609375 0.578125 0.8765625 0.70625 0.8765625 0.70625 0.7609375
0 0.803125 0.3171875 0.7265625 0.3171875 0.7265625 0.4859375 0.803125 0.4859375 0.803125 0.3171875
0 0.8796875 0.2625 0.7921875 0.2625 0.7921875 0.4421875 0.8796875 0.4421875 0.8796875 0.2625
0 0.93125 0.0015625 0.8046875 0.0015625 0.8046875 0.196875 0.93125 0.196875 0.93125 0.0015625
0 0.9265625 0.2609375 0.83125 0.2609375 0.83125 0.415625 0.9265625 0.415625 0.9265625 0.2609375
0 0.8171875 0.215625 0.7328125 0.215625 0.7328125 0.3609375 0.8171875 0.3609375 0.8171875 0.215625
0 0.5921875 0.090625 0.534375 0.090625 0.534375 0.309375 0.5921875 0.309375 0.5921875 0.090625
0 0.6515625 0.0015625 0.5796875 0.0015625 0.5796875 0.0703125 0.6515625 0.0703125 0.6515625 0.0015625
0 0.5515625 0.0015625 0.534375 0.0015625 0.534375 0.0375 0.5515625 0.0375 0.5515625 0.0015625
0 0.00625 0.0015625 0.0015625 0.0015625 0.0015625 0.0078125 0.00625 0.0078125 0.00625 0.0015625
0 0.1875 0.0015625 0.0640625 0.0015625 0.0640625 0.0359375 0.1875 0.0359375 0.1875 0.0015625
0 0.5265625 0.9484375 0.484375 0.9484375 0.484375 1.0 0.5265625 1.0 0.5265625 0.9484375
0 0.8 0.5828125 0.578125 0.5828125 0.578125 1.0 0.8 1.0 0.8 0.5828125
0 0.578125 0.5203125 0.5234375 0.5203125 0.5234375 0.6765625 0.578125 0.6765625 0.578125 0.5203125
0 0.5390625 0.0953125 0.30625 0.0953125 0.30625 0.6546875 0.5390625 0.6546875 0.5390625 0.0953125
0 0.9734375 0.1109375 0.80625 0.1109375 0.80625 0.45625 0.9734375 0.45625 0.9734375 0.1109375
0 0.7015625 0.0890625 0.5921875 0.0890625 0.5921875 0.3484375 0.7015625 0.3484375 0.7015625 0.0890625
0 1.0 0.0015625 0.640625 0.0015625 0.640625 0.19375 1.0 0.19375 1.0 0.0015625
0 0.0375 0.9890625 0.0171875 0.9890625 0.0171875 1.0 0.0375 1.0 0.0375 0.9890625
0 0.1953125 0.8734375 0.1015625 0.8734375 0.1015625 0.9953125 0.1953125 0.9953125 0.1953125 0.8734375
0 0.125 0.571875 0.0015625 0.571875 0.0015625 0.6609375 0.125 0.6609375 0.125 0.571875
0 0.259375 0.2390625 0.159375 0.2390625 0.159375 0.3484375 0.259375 0.3484375 0.259375 0.2390625
0 0.1828125 0.0421875 0.0015625 0.0421875 0.0015625 0.209375 0.1828125 0.209375 0.1828125 0.0421875
0 0.321875 0.959375 0.2453125 0.959375 0.2453125 1.0 0.321875 1.0 0.321875 0.959375
0 0.44375 0.71875 0.2921875 0.71875 0.2921875 0.99375 0.44375 0.99375 0.44375 0.71875
0 0.4171875 0.66875 0.225 0.66875 0.225 0.896875 0.4171875 0.896875 0.4171875 0.66875
0 0.6484375 0.7203125 0.559375 0.7203125 0.559375 0.8234375 0.6484375 0.8234375 0.6484375 0.7203125
0 0.925 0.553125 0.8375 0.553125 0.8375 0.6625 0.925 0.6625 0.925 0.553125
0 0.3546875 0.521875 0.2546875 0.521875 0.2546875 0.6453125 0.3546875 0.6453125 0.3546875 0.521875
0 0.3765625 0.8890625 0.25 0.8890625 0.25 1.0 0.3765625 1.0 0.3765625 0.8890625
0 0.1515625 0.8234375 0.0578125 0.8234375 0.0578125 0.9828125 0.1515625 0.9828125 0.1515625 0.8234375
0 0.04375 0.7875 0.0015625 0.7875 0.0015625 0.90625 0.04375 0.90625 0.04375 0.7875
0 0.2984375 0.40625 0.1359375 0.40625 0.1359375 0.740625 0.2984375 0.740625 0.2984375 0.40625
0 0.378125 0.265625 0.2890625 0.265625 0.2890625 0.4171875 0.378125 0.4171875 0.378125 0.265625
0 0.4890625 0.86875 0.4109375 0.86875 0.4109375 1.0 0.4890625 1.0 0.4890625 0.86875
0 0.8546875 0.5421875 0.7234375 0.5421875 0.7234375 0.8203125 0.8546875 0.8203125 0.8546875 0.5421875
0 0.096875 0.90625 0.0015625 0.90625 0.0015625 1.0 0.096875 1.0 0.096875 0.90625
0 1.0 0.0015625 0.0015625 0.0015625 0.0015625 1.0 1.0 1.0 1.0 0.0015625
0 1.0 0.0015625 0.8875 0.0015625 0.8875 0.3796875 1.0 0.3796875 1.0 0.0015625
0 1.0 0.603125 0.846875 0.603125 0.846875 1.0 1.0 1.0 1.0 0.603125
