0 1.0 0.975 0.9921875 0.975 0.9921875 0.996875 1.0 0.996875 1.0 0.975
0 1.0 0.4375 0.9796875 0.4375 0.9796875 0.6921875 1.0 0.6921875 1.0 0.4375
0 1.0 0.01875 0.9421875 0.01875 0.9421875 0.225 1.0 0.225 1.0 0.01875
0 1.0 0.7140625 0.975 0.7140625 0.975 0.9796875 1.0 0.9796875 1.0 0.7140625
0 0.678125 0.5375 0.5703125 0.5375 0.5703125 0.6546875 0.678125 0.6546875 0.678125 0.5375
0 0.60625 0.390625 0.5109375 0.390625 0.5109375 0.596875 0.60625 0.596875 0.60625 0.390625
0 0.5171875 0.3734375 0.428125 0.3734375 0.428125 0.5234375 0.5171875 0.5234375 0.5171875 0.3734375
0 1.0 0.5515625 0.8390625 0.5515625 0.8390625 0.6890625 1.0 0.6890625 1.0 0.5515625
0 0.55 0.0015625 0.44375 0.0015625 0.44375 0.1140625 0.55 0.1140625 0.55 0.0015625
0 0.921875 0.771875 0.8625 0.771875 0.8625 1.0 0.921875 1.0 0.921875 0.771875
0 0.03125 0.3375 0.0015625 0.3375 0.0015625 0.4015625 0.03125 0.4015625 0.03125 0.3375
0 0.275 0.0015625 0.03125 0.0015625 0.03125 0.228125 0.275 0.228125 0.275 0.0015625
0 0.8078125 0.0015625 0.765625 0.0015625 0.765625 0.1265625 0.8078125 0.1265625 0.8078125 0.0015625
0 0.9375 0.225 0.8765625 0.225 0.8765625 0.4453125 0.9375 0.4453125 0.9375 0.225
0 0.0625 0.6859375 0.0015625 0.6859375 0.0015625 0.721875 0.0625 0.721875 0.0625 0.6859375
0 0.2609375 0.0921875 0.0875 0.0921875 0.0875 0.303125 0.2609375 0.303125 0.2609375 0.0921875
0 0.4109375 0.90625 0.3140625 0.90625 0.3140625 1.0 0.4109375 1.0 0.4109375 0.90625
0 0.365625 0.565625 0.21875 0.565625 0.21875 0.703125 0.365625 0.703125 0.365625 0.565625
0 0.7828125 0.13125 0.6359375 0.13125 0.6359375 0.3265625 0.7828125 0.3265625 0.7828125 0.13125
0 0.4578125 0.05 0.3046875 0.05 0.3046875 0.375 0.4578125 0.375 0.4578125 0.05
0 0.365625 0.0015625 0.3578125 0.0015625 0.3578125 0.003125 0.365625 0.003125 0.365625 0.0015625
0 0.6296875 0.109375 0.5 0.109375 0.5 0.3015625 0.6296875 0.3015625 0.6296875 0.109375
0 0.8390625 0.6234375 0.7234375 0.6234375 0.7234375 1.0 0.8390625 1.0 0.8390625 0.6234375
0 0.7578125 0.659375 0.6890625 0.659375 0.6890625 0.9203125 0.7578125 0.9203125 0.7578125 0.659375
0 0.5203125 0.1078125 0.3953125 0.1078125 0.3953125 0.325 0.5203125 0.325 0.5203125 0.1078125
0 0.359375 0.0015625 0.18125 0.0015625 0.18125 0.2125 0.359375 0.2125 0.359375 0.0015625
0 0.421875 0.0015625 0.4203125 0.0015625 0.4203125 0.0015625 0.421875 0.0015625 0.421875 0.0015625
0 0.43125 0.871875 0.3546875 0.871875 0.3546875 1.0 0.43125 1.0 0.43125 0.871875
0 0.41875 0.6328125 0.2 0.6328125 0.2 0.9953125 0.41875 0.9953125 0.41875 0.6328125
0 0.5421875 0.521875 0.41875 0.521875 0.41875 0.8078125 0.5421875 0.8078125 0.5421875 0.521875
0 0.075 0.5046875 0.0015625 0.5046875 0.0015625 0.696875 0.075 0.696875 0.075 0.5046875
0 0.378125 0.2 0.0015625 0.2 0.0015625 0.565625 0.378125 0.565625 0.378125 0.2
0 0.4296875 0.0421875 0.275 0.0421875 0.275 0.4 0.4296875 0.4 0.4296875 0.0421875
0 0.475 0.13125 0.334375 0.13125 0.334375 0.3265625 0.475 0.3265625 0.475 0.13125
0 0.0109375 0.0015625 0.0015625 0.0015625 0.0015625 0.115625 0.0109375 0.115625 0.0109375 0.0015625
0 0.4015625 0.0015625 0.346875 0.0015625 0.346875 0.0453125 0.4015625 0.0453125 0.4015625 0.0015625
0 0.984375 0.971875 0.9296875 0.971875 0.9296875 1.0 0.984375 1.0 0.984375 0.971875
0 0.725 0.784375 0.575 0.784375 0.575 1.0 0.725 1.0 0.725 0.784375
0 0.8953125 0.659375 0.809375 0.659375 0.809375 0.809375 0.8953125 0.809375 0.8953125 0.659375
0 0.6171875 0.625 0.5390625 0.625 0.5390625 0.7453125 0.6171875 0.7453125 0.6171875 0.625
0 0.7921875 0.303125 0.6734375 0.303125 0.6734375 0.4015625 0.7921875 0.4015625 0.7921875 0.303125
0 0.8640625 0.1515625 0.6984375 0.1515625 0.6984375 0.3390625 0.8640625 0.3390625 0.8640625 0.1515625
0 0.771875 0.0015625 0.64375 0.0015625 0.64375 0.16875 0.771875 0.16875 0.771875 0.0015625
0 0.54375 0.7296875 0.4 0.7296875 0.4 1.0 0.54375 1.0 0.54375 0.7296875
0 0.7328125 0.9234375 0.6625 0.9234375 0.6625 1.0 0.7328125 1.0 0.7328125 0.9234375
0 0.65 0.76875 0.5125 0.76875 0.5125 1.0 0.65 1.0 0.65 0.76875
0 0.88125 0.79375 0.7953125 0.79375 0.7953125 1.0 0.88125 1.0 0.88125 0.79375
0 0.96875 0.6953125 0.871875 0.6953125 0.871875 1.0 0.96875 1.0 0.96875 0.6953125
0 0.290625 0.7390625 0.128125 0.7390625 0.128125 0.965625 0.290625 0.965625 0.290625 0.7390625
0 0.7078125 0.7 0.5765625 0.7 0.5765625 0.821875 0.7078125 0.821875 0.7078125 0.7
0 0.565625 0.6125 0.4828125 0.6125 0.4828125 0.7890625 0.565625 0.7890625 0.565625 0.6125
0 0.8078125 0.5796875 0.7 0.5796875 0.7 0.728125 0.8078125 0.728125 0.8078125 0.5796875
0 0.459375 0.5109375 0.3734375 0.5109375 0.3734375 0.715625 0.459375 0.715625 0.459375 0.5109375
0 0.1171875 0.5078125 0.0375 0.5078125 0.0375 0.7 0.1171875 0.7 0.1171875 0.5078125
0 0.9734375 0.15 0.7765625 0.15 0.7765625 0.559375 0.9734375 0.559375 0.9734375 0.15
0 0.2953125 0.284375 0.1625 0.284375 0.1625 0.4953125 0.2953125 0.4953125 0.2953125 0.284375
0 0.075 0.1453125 0.0015625 0.1453125 0.0015625 0.3203125 0.075 0.3203125 0.075 0.1453125
0 0.40625 0.059375 0.3171875 0.059375 0.3171875 0.2609375 0.40625 0.2609375 0.40625 0.059375
0 0.2734375 0.8328125 0.0234375 0.8328125 0.0234375 1.0 0.2734375 1.0 0.2734375 0.8328125
0 0.2765625 0.0015625 0.2703125 0.0015625 0.2703125 0.0015625 0.2765625 0.0015625 0.2765625 0.0015625
0 0.4453125 0.2109375 0.1375 0.2109375 0.1375 0.9140625 0.4453125 0.9140625 0.4453125 0.2109375
0 0.871875 0.4984375 0.7546875 0.4984375 0.7546875 0.9078125 0.871875 0.9078125 0.871875 0.4984375
0 0.8546875 0.253125 0.4890625 0.253125 0.4890625 0.5625 0.8546875 0.5625 0.8546875 0.253125
0 0.6578125 0.0015625 0.5484375 0.0015625 0.5484375 0.1296875 0.6578125 0.1296875 0.6578125 0.0015625
0 0.8375 0.0015625 0.803125 0.0015625 0.803125 0.0203125 0.8375 0.0203125 0.8375 0.0015625
0 1.0 0.0015625 0.8734375 0.0015625 0.8734375 0.459375 1.0 0.459375 1.0 0.0015625
