0 0.525 0.928125 0.4734375 0.928125 0.4734375 1.0 0.525 1.0 0.525 0.928125
0 0.6515625 0.5125 0.4765625 0.5125 0.4765625 0.825 0.6515625 0.825 0.6515625 0.5125
0 0.275 0.80625 0.209375 0.80625 0.209375 1.0 0.275 1.0 0.275 0.80625
0 0.2359375 0.0015625 0.0015625 0.0015625 0.0015625 0.4359375 0.2359375 0.4359375 0.2359375 0.0015625
0 0.8671875 0.490625 0.7671875 0.490625 0.7671875 0.6640625 0.8671875 0.6640625 0.8671875 0.490625
0 0.7640625 0.4734375 0.6953125 0.4734375 0.6953125 0.634375 0.7640625 0.634375 0.7640625 0.4734375
0 0.5515625 0.009375 0.415625 0.009375 0.415625 0.1671875 0.5515625 0.1671875 0.5515625 0.009375
0 0.7546875 0.01875 0.6703125 0.01875 0.6703125 0.19375 0.7546875 0.19375 0.7546875 0.01875
0 0.6328125 0.0015625 0.628125 0.0015625 0.628125 0.0046875 0.6328125 0.0046875 0.6328125 0.0015625
0 1.0 0.909375 0.99375 0.909375 0.99375 0.925 1.0 0.925 1.0 0.909375
0 1.0 0.5046875 0.959375 0.5046875 0.959375 0.7734375 1.0 0.7734375 1.0 0.5046875
0 0.946875 0.0015625 0.8453125 0.0015625 0.8453125 0.0609375 0.946875 0.0609375 0.946875 0.0015625
0 0.21875 0.53125 0.0015625 0.53125 0.0015625 0.70625 0.21875 0.70625 0.21875 0.53125
0 0.978125 0.5546875 0.9 0.5546875 0.9 0.7078125 0.978125 0.7078125 0.978125 0.5546875
0 0.9609375 0.6390625 0.8109375 0.6390625 0.8109375 0.8734375 0.9609375 0.8734375 0.9609375 0.6390625
0 0.1 0.3375 0.0015625 0.3375 0.0015625 0.490625 0.1 0.490625 0.1 0.3375
0 0.2375 0.0546875 0.071875 0.0546875 0.071875 0.3359375 0.2375 0.3359375 0.2375 0.0546875
0 0.30625 0.1390625 0.1734375 0.1390625 0.1734375 0.321875 0.30625 0.321875 0.30625 0.1390625
0 0.00625 0.0015625 0.0015625 0.0015625 0.0015625 0.00625 0.00625 0.00625 0.00625 0.0015625
0 0.115625 0.021875 0.0109375 0.021875 0.0109375 0.1671875 0.115625 0.1671875 0.115625 0.021875
0 0.159375 0.0015625 0.1109375 0.0015625 0.1109375 0.075 0.159375 0.075 0.159375 0.0015625
0 1.0 0.7328125 0.8828125 0.7328125 0.8828125 1.0 1.0 1.0 1.0 0.7328125
0 0.725 0.6171875 0.5765625 0.6171875 0.5765625 1.0 0.725 1.0 0.725 0.6171875
0 0.6171875 0.7328125 0.4703125 0.7328125 0.4703125 0.890625 0.6171875 0.890625 0.6171875 0.7328125
0 0.859375 0.5921875 0.759375 0.5921875 0.759375 0.8703125 0.859375 0.8703125 0.859375 0.5921875
0 0.559375 0.55 0.4328125 0.55 0.4328125 0.73125 0.559375 0.73125 0.559375 0.55
0 0.434375 0.5421875 0.315625 0.5421875 0.315625 0.725 0.434375 0.725 0.434375 0.5421875
0 1.0 0.0015625 0.33125 0.0015625 0.33125 0.4875 1.0 0.4875 1.0 0.0015625
0 0.3234375 0.0015625 0.2953125 0.0015625 0.2953125 0.0203125 0.3234375 0.0203125 0.3234375 0.0015625
0 0.275 0.0015625 0.1890625 0.0015625 0.1890625 0.0859375 0.275 0.0859375 0.275 0.0015625
0 0.1359375 0.0015625 0.0015625 0.0015625 0.0015625 0.4921875 0.1359375 0.4921875 0.1359375 0.0015625
0 0.5046875 0.95 0.359375 0.95 0.359375 1.0 0.5046875 1.0 0.5046875 0.95
0 1.0 0.0015625 0.425 0.0015625 0.425 1.0 1.0 1.0 1.0 0.0015625
0 0.2671875 0.0671875 0.1140625 0.0671875 0.1140625 0.3390625 0.2671875 0.3390625 0.2671875 0.0671875
0 0.3796875 0.15 0.278125 0.15 0.278125 0.2921875 0.3796875 0.2921875 0.3796875 0.15
0 0.44375 0.0015625 0.2609375 0.0015625 0.2609375 0.153125 0.44375 0.153125 0.44375 0.0015625
0 0.6171875 0.80625 0.49375 0.80625 0.49375 1.0 0.6171875 1.0 0.6171875 0.80625
0 0.671875 0.0390625 0.5109375 0.0390625 0.5109375 0.1828125 0.671875 0.1828125 0.671875 0.0390625
0 0.865625 0.0046875 0.765625 0.0046875 0.765625 0.13125 0.865625 0.13125 0.865625 0.0046875
0 0.7390625 0.9984375 0.7296875 0.9984375 0.7296875 1.0 0.7390625 1.0 0.7390625 0.9984375
