0 0.740625 0.90625 0.5703125 0.90625 0.5703125 1.0 0.740625 1.0 0.740625 0.90625
0 0.8390625 0.8375 0.7703125 0.8375 0.7703125 1.0 0.8390625 1.0 0.8390625 0.8375
0 0.9328125 0.5796875 0.865625 0.5796875 0.865625 0.8609375 0.9328125 0.8609375 0.9328125 0.5796875
0 0.5375 0.059375 0.4328125 0.059375 0.4328125 0.2875 0.5375 0.2875 0.5375 0.059375
0 0.1828125 0.0015625 0.1171875 0.0015625 0.1171875 0.053125 0.1828125 0.053125 0.1828125 0.0015625
0 0.446875 0.9375 0.41875 0.9375 0.41875 1.0 0.446875 1.0 0.446875 0.9375
0 0.165625 0.9296875 0.1171875 0.9296875 0.1171875 1.0 0.165625 1.0 0.165625 0.9296875
0 0.0765625 0.8546875 0.0015625 0.8546875 0.0015625 1.0 0.0765625 1.0 0.0765625 0.8546875
0 0.2765625 0.728125 0.1578125 0.728125 0.1578125 0.9453125 0.2765625 0.9453125 0.2765625 0.728125
0 0.184375 0.0484375 0.1015625 0.0484375 0.1015625 0.2359375 0.184375 0.2359375 0.184375 0.0484375
0 0.51875 0.0015625 0.45625 0.0015625 0.45625 0.20625 0.51875 0.20625 0.51875 0.0015625
0 0.534375 0.14375 0.3796875 0.14375 0.3796875 0.596875 0.534375 0.596875 0.534375 0.14375
0 0.3890625 0.1125 0.284375 0.1125 0.284375 0.4046875 0.3890625 0.4046875 0.3890625 0.1125
0 0.275 0.0015625 0.1078125 0.0015625 0.1078125 0.4015625 0.275 0.4015625 0.275 0.0015625
0 0.4484375 0.0015625 0.3140625 0.0015625 0.3140625 0.1515625 0.4484375 0.1515625 0.4484375 0.0015625
0 0.83125 0.99375 0.7578125 0.99375 0.7578125 1.0 0.83125 1.0 0.83125 0.99375
0 0.4859375 0.5640625 0.0015625 0.5640625 0.0015625 1.0 0.4859375 1.0 0.4859375 0.5640625
0 1.0 0.5296875 0.61875 0.5296875 0.61875 1.0 1.0 1.0 1.0 0.5296875
0 1.0 0.0015625 0.390625 0.0015625 0.390625 0.5890625 1.0 0.5890625 1.0 0.0015625
0 0.034375 0.390625 0.0015625 0.390625 0.0015625 0.54375 0.034375 0.54375 0.034375 0.390625
0 0.3125 0.1765625 0.246875 0.1765625 0.246875 0.4609375 0.3125 0.4609375 0.3125 0.1765625
0 0.171875 0.0015625 0.0015625 0.0015625 0.0015625 0.2484375 0.171875 0.2484375 0.171875 0.0015625
0 0.3421875 0.0015625 0.240625 0.0015625 0.240625 0.1671875 0.3421875 0.1671875 0.3421875 0.0015625
0 0.603125 0.9796875 0.56875 0.9796875 0.56875 1.0 0.603125 1.0 0.603125 0.9796875
0 0.6640625 0.55 0.5046875 0.55 0.5046875 0.928125 0.6640625 0.928125 0.6640625 0.55
0 0.871875 0.1484375 0.7796875 0.1484375 0.7796875 0.49375 0.871875 0.49375 0.871875 0.1484375
0 0.8359375 0.371875 0.725 0.371875 0.725 0.6234375 0.8359375 0.6234375 0.8359375 0.371875
