0 0.9171875 0.0015625 0.8265625 0.0015625 0.8265625 0.0953125 0.9171875 0.0953125 0.9171875 0.0015625
0 0.015625 0.7203125 0.0015625 0.7203125 0.0015625 0.90625 0.015625 0.90625 0.015625 0.7203125
0 0.9125 0.08125 0.80625 0.08125 0.80625 0.265625 0.9125 0.265625 0.9125 0.08125
0 1.0 0.0015625 0.8375 0.0015625 0.8375 0.19375 1.0 0.19375 1.0 0.0015625
0 0.3796875 0.75 0.2125 0.75 0.2125 0.91875 0.3796875 0.91875 0.3796875 0.75
0 0.15 0.0734375 0.0015625 0.0734375 0.0015625 0.2125 0.15 0.2125 0.15 0.0734375
0 0.3109375 0.0015625 0.2 0.0015625 0.2 0.1953125 0.3109375 0.1953125 0.3109375 0.0015625
0 0.1546875 0.0015625 0.0015625 0.0015625 0.0015625 0.0671875 0.1546875 0.0671875 0.1546875 0.0015625
0 0.178125 0.9140625 0.0625 0.9140625 0.0625 1.0 0.178125 1.0 0.178125 0.9140625
0 1.0 0.0015625 0.9375 0.0015625 0.9375 0.0421875 1.0 0.0421875 1.0 0.0015625
0 0.96875 0.05 0.865625 0.05 0.865625 0.13125 0.96875 0.13125 0.96875 0.05
0 0.515625 0.221875 0.38125 0.221875 0.38125 0.428125 0.515625 0.428125 0.515625 0.221875
0 0.7125 0.309375 0.5875 0.309375 0.5875 0.521875 0.7125 0.521875 0.7125 0.309375
0 0.84375 0.0328125 0.690625 0.0328125 0.690625 0.33125 0.84375 0.33125 0.84375 0.0328125
0 0.2828125 0.0015625 0.265625 0.0015625 0.265625 0.00625 0.2828125 0.00625 0.2828125 0.0015625
0 0.475 0.7765625 0.209375 0.7765625 0.209375 1.0 0.475 1.0 0.475 0.7765625
0 0.9234375 0.1515625 0.8015625 0.1515625 0.8015625 0.365625 0.9234375 0.365625 0.9234375 0.1515625
0 1.0 0.078125 0.9671875 0.078125 0.9671875 0.23125 1.0 0.23125 1.0 0.078125
0 0.08125 0.8765625 0.0015625 0.8765625 0.0015625 1.0 0.08125 1.0 0.08125 0.8765625
0 0.171875 0.8953125 0.090625 0.8953125 0.090625 0.996875 0.171875 0.996875 0.171875 0.8953125
0 0.284375 0.0015625 0.2828125 0.0015625 0.2828125 0.0015625 0.284375 0.0015625 0.284375 0.0015625
0 0.8078125 0.8734375 0.6140625 0.8734375 0.6140625 1.0 0.8078125 1.0 0.8078125 0.8734375
0 1.0 0.196875 0.9140625 0.196875 0.9140625 0.3703125 1.0 0.3703125 1.0 0.196875
0 0.8296875 0.0015625 0.546875 0.0015625 0.546875 0.2234375 0.8296875 0.2234375 0.8296875 0.0015625
0 1.0 0.171875 0.903125 0.171875 0.903125 0.346875 1.0 0.346875 1.0 0.171875
0 0.8546875 0.0015625 0.0015625 0.0015625 0.0015625 1.0 0.8546875 1.0 0.8546875 0.0015625
0 0.159375 0.54375 0.0015625 0.54375 0.0015625 0.95 0.159375 0.95 0.159375 0.54375
0 1.0 0.9671875 0.9453125 0.9671875 0.9453125 1.0 1.0 1.0 1.0 0.9671875
0 0.978125 0.290625 0.821875 0.290625 0.821875 0.7046875 0.978125 0.7046875 0.978125 0.290625
0 0.240625 0.84375 0.13125 0.84375 0.13125 1.0 0.240625 1.0 0.240625 0.84375
0 0.0390625 0.425 0.0015625 0.425 0.0015625 0.546875 0.0390625 0.546875 0.0390625 0.425
0 0.5953125 0.2359375 0.525 0.2359375 0.525 0.409375 0.5953125 0.409375 0.5953125 0.2359375
0 0.690625 0.125 0.6109375 0.125 0.6109375 0.3328125 0.690625 0.3328125 0.690625 0.125
0 0.190625 0.7609375 0.075 0.7609375 0.075 0.91875 0.190625 0.91875 0.190625 0.7609375
0 0.859375 0.325 0.771875 0.325 0.771875 0.6578125 0.859375 0.6578125 0.859375 0.325
0 0.41875 0.0890625 0.3 0.0890625 0.3 0.246875 0.41875 0.246875 0.41875 0.0890625
