0 0.1390625 0.259375 0.0015625 0.259375 0.0015625 0.4171875 0.1390625 0.4171875 0.1390625 0.259375
0 0.0421875 0.4765625 0.0015625 0.4765625 0.0015625 0.675 0.0421875 0.675 0.0421875 0.4765625
0 0.284375 0.0015625 0.0015625 0.0015625 0.0015625 0.3109375 0.284375 0.3109375 0.284375 0.0015625
0 1.0 0.975 0.9921875 0.975 0.9921875 1.0 1.0 1.0 1.0 0.975
0 0.6125 0.9828125 0.56875 0.9828125 0.56875 1.0 0.6125 1.0 0.6125 0.9828125
0 1.0 0.6359375 0.8625 0.6359375 0.8625 1.0 1.0 1.0 1.0 0.6359375
0 0.678125 0.715625 0.54375 0.715625 0.54375 0.85625 0.678125 0.85625 0.678125 0.715625
0 1.0 0.4421875 0.9390625 0.4421875 0.9390625 0.5546875 1.0 0.5546875 1.0 0.4421875
0 0.2015625 0.0015625 0.153125 0.0015625 0.153125 0.03125 0.2015625 0.03125 0.2015625 0.0015625
0 1.0 0.0015625 0.0015625 0.0015625 0.0015625 1.0 1.0 1.0 1.0 0.0015625
0 1.0 0.0015625 0.5859375 0.0015625 0.5859375 0.234375 1.0 0.234375 1.0 0.0015625
0 0.93125 0.68125 0.840625 0.68125 0.840625 0.9671875 0.93125 0.9671875 0.93125 0.68125
0 0.771875 0.1234375 0.571875 0.1234375 0.571875 0.3734375 0.771875 0.3734375 0.771875 0.1234375
