0 1.0 0.0015625 0.9015625 0.0015625 0.9015625 0.0859375 1.0 0.0859375 1.0 0.0015625
0 1.0 0.403125 0.9859375 0.403125 0.9859375 0.4640625 1.0 0.4640625 1.0 0.403125
0 0.9046875 0.0015625 0.790625 0.0015625 0.790625 0.0796875 0.9046875 0.0796875 0.9046875 0.0015625
0 1.0 0.8125 1.0 0.8125 1.0 0.84375 1.0 0.84375 1.0 0.8125
0 1.0 0.671875 0.98125 0.671875 0.98125 0.8109375 1.0 0.8109375 1.0 0.671875
0 1.0 0.4953125 0.9046875 0.4953125 0.9046875 0.590625 1.0 0.590625 1.0 0.4953125
0 1.0 0.2515625 0.8421875 0.2515625 0.8421875 0.3796875 1.0 0.3796875 1.0 0.2515625
0 0.8078125 0.0015625 0.7875 0.0015625 0.7875 0.0125 0.8078125 0.0125 0.8078125 0.0015625
0 0.990625 0.9796875 0.95 0.9796875 0.95 1.0 0.990625 1.0 0.990625 0.9796875
0 1.0 0.5609375 0.9515625 0.5609375 0.9515625 0.671875 1.0 0.671875 1.0 0.5609375
0 0.9625 0.35 0.834375 0.35 0.834375 0.453125 0.9625 0.453125 0.9625 0.35
0 1.0 0.91875 0.9265625 0.91875 0.9265625 1.0 1.0 1.0 1.0 0.91875
0 1.0 0.5359375 0.9 0.5359375 0.9 0.8421875 1.0 0.8421875 1.0 0.5359375
0 1.0 0.0015625 0.85625 0.0015625 0.85625 0.5390625 1.0 0.5390625 1.0 0.0015625
