0 0.6234375 0.946875 0.571875 0.946875 0.571875 1.0 0.6234375 1.0 0.6234375 0.946875
0 0.571875 0.871875 0.4203125 0.871875 0.4203125 0.9546875 0.571875 0.9546875 0.571875 0.871875
0 1.0 0.9875 1.0 0.9875 1.0 0.9921875 1.0 0.9921875 1.0 0.9875
0 0.0109375 0.7328125 0.0015625 0.7328125 0.0015625 0.7625 0.0109375 0.7625 0.0109375 0.7328125
0 0.0265625 0.984375 0.0015625 0.984375 0.0015625 1.0 0.0265625 1.0 0.0265625 0.984375
0 0.0234375 0.2765625 0.0015625 0.2765625 0.0015625 0.3265625 0.0234375 0.3265625 0.0234375 0.2765625
0 0.66875 0.80625 0.4484375 0.80625 0.4484375 0.94375 0.66875 0.94375 0.66875 0.80625
0 0.2171875 0.721875 0.128125 0.721875 0.128125 0.8640625 0.2171875 0.8640625 0.2171875 0.721875
0 0.6109375 0.6296875 0.4484375 0.6296875 0.4484375 0.7265625 0.6109375 0.7265625 0.6109375 0.6296875
0 0.3984375 0.540625 0.2640625 0.540625 0.2640625 0.6984375 0.3984375 0.6984375 0.3984375 0.540625
0 0.865625 0.41875 0.634375 0.41875 0.634375 0.584375 0.865625 0.584375 0.865625 0.41875
0 0.55625 0.3328125 0.390625 0.3328125 0.390625 0.5046875 0.55625 0.5046875 0.55625 0.3328125
0 0.575 0.0015625 0.4265625 0.0015625 0.4265625 0.303125 0.575 0.303125 0.575 0.0015625
0 0.8484375 0.0015625 0.6078125 0.0015625 0.6078125 0.1171875 0.8484375 0.1171875 0.8484375 0.0015625
0 0.753125 0.0015625 0.74375 0.0015625 0.74375 0.009375 0.753125 0.009375 0.753125 0.0015625
0 1.0 0.0015625 0.896875 0.0015625 0.896875 0.134375 1.0 0.134375 1.0 0.0015625
0 1.0 0.0015625 0.0015625 0.0015625 0.0015625 0.6921875 1.0 0.6921875 1.0 0.0015625
0 0.2796875 0.525 0.0015625 0.525 0.0015625 0.9484375 0.2796875 0.9484375 0.2796875 0.525
0 0.0125 0.9703125 0.0015625 0.9703125 0.0015625 0.9828125 0.0125 0.9828125 0.0125 0.9703125
0 0.4984375 0.478125 0.3859375 0.478125 0.3859375 0.6671875 0.4984375 0.6671875 0.4984375 0.478125
0 0.784375 0.7671875 0.5234375 0.7671875 0.5234375 1.0 0.784375 1.0 0.784375 0.7671875
0 0.834375 0.5359375 0.7140625 0.5359375 0.7140625 0.7265625 0.834375 0.7265625 0.834375 0.5359375
0 1.0 0.0015625 0.946875 0.0015625 0.946875 0.134375 1.0 0.134375 1.0 0.0015625
0 0.79375 0.0015625 0.64375 0.0015625 0.64375 0.04375 0.79375 0.04375 0.79375 0.0015625
0 0.1171875 0.271875 0.0015625 0.271875 0.0015625 0.3890625 0.1171875 0.3890625 0.1171875 0.271875
0 0.2453125 0.8578125 0.0875 0.8578125 0.0875 0.96875 0.2453125 0.96875 0.2453125 0.8578125
0 0.5328125 0.775 0.3296875 0.775 0.3296875 0.95 0.5328125 0.95 0.5328125 0.775
0 0.34375 0.746875 0.2296875 0.746875 0.2296875 0.9 0.34375 0.9 0.34375 0.746875
0 0.9828125 0.5046875 0.621875 0.5046875 0.621875 0.88125 0.9828125 0.88125 0.9828125 0.5046875
0 0.196875 0.3078125 0.128125 0.3078125 0.128125 0.503125 0.196875 0.503125 0.196875 0.3078125
0 0.653125 0.0296875 0.478125 0.0296875 0.478125 0.3515625 0.653125 0.3515625 0.653125 0.0296875
0 0.46875 0.1171875 0.33125 0.1171875 0.33125 0.240625 0.46875 0.240625 0.46875 0.1171875
0 0.659375 0.0015625 0.5109375 0.0015625 0.5109375 0.0359375 0.659375 0.0359375 0.659375 0.0015625
0 1.0 0.8421875 0.9171875 0.8421875 0.9171875 1.0 1.0 1.0 1.0 0.8421875
0 1.0 0.746875 0.975 0.746875 0.975 0.809375 1.0 0.809375 1.0 0.746875
0 1.0 0.3546875 0.8234375 0.3546875 0.8234375 0.5796875 1.0 0.5796875 1.0 0.3546875
0 0.9578125 0.234375 0.840625 0.234375 0.840625 0.3796875 0.9578125 0.3796875 0.9578125 0.234375
0 1.0 0.0953125 0.9140625 0.0953125 0.9140625 0.225 1.0 0.225 1.0 0.0953125
0 0.36875 0.35625 0.228125 0.35625 0.228125 0.475 0.36875 0.475 0.36875 0.35625
0 0.971875 0.9140625 0.7890625 0.9140625 0.7890625 1.0 0.971875 1.0 0.971875 0.9140625
0 0.228125 0.9640625 0.08125 0.9640625 0.08125 1.0 0.228125 1.0 0.228125 0.9640625
0 0.0796875 0.8546875 0.0015625 0.8546875 0.0015625 1.0 0.0796875 1.0 0.0796875 0.8546875
0 0.5921875 0.628125 0.2375 0.628125 0.2375 1.0 0.5921875 1.0 0.5921875 0.628125
0 0.621875 0.8703125 0.525 0.8703125 0.525 0.975 0.621875 0.975 0.621875 0.8703125
0 0.65 0.525 0.525 0.525 0.525 0.6921875 0.65 0.6921875 0.65 0.525
0 1.0 0.5734375 0.715625 0.5734375 0.715625 1.0 1.0 1.0 1.0 0.5734375
