0 0.275 0.7890625 0.16875 0.7890625 0.16875 0.925 0.275 0.925 0.275 0.7890625
0 1.0 0.6078125 0.8984375 0.6078125 0.8984375 0.7625 1.0 0.7625 1.0 0.6078125
0 1.0 0.4375 0.9671875 0.4375 0.9671875 0.540625 1.0 0.540625 1.0 0.4375
0 1.0 0.828125 0.878125 0.828125 0.878125 0.89375 1.0 0.89375 1.0 0.828125
0 1.0 0.0015625 0.39375 0.0015625 0.39375 1.0 1.0 1.0 1.0 0.0015625
0 0.39375 0.1296875 0.2828125 0.1296875 0.2828125 0.35 0.39375 0.35 0.39375 0.1296875
0 0.365625 0.0015625 0.1515625 0.0015625 0.1515625 0.0578125 0.365625 0.0578125 0.365625 0.0015625
0 0.46875 0.6015625 0.3625 0.6015625 0.3625 0.8796875 0.46875 0.8796875 0.46875 0.6015625
0 0.6703125 0.2484375 0.5 0.2484375 0.5 0.465625 0.6703125 0.465625 0.6703125 0.2484375
0 0.521875 0.2125 0.4046875 0.2125 0.4046875 0.3125 0.521875 0.3125 0.521875 0.2125
0 0.73125 0.0015625 0.678125 0.0015625 0.678125 0.1125 0.73125 0.1125 0.73125 0.0015625
0 1.0 0.0015625 0.9125 0.0015625 0.9125 0.05625 1.0 0.05625 1.0 0.0015625
