0 1.0 0.871875 0.859375 0.871875 0.859375 1.0 1.0 1.0 1.0 0.871875
0 0.9625 0.6625 0.8265625 0.6625 0.8265625 0.84375 0.9625 0.84375 0.9625 0.6625
0 0.8984375 0.5859375 0.8109375 0.5859375 0.8109375 0.7109375 0.8984375 0.7109375 0.8984375 0.5859375
0 1.0 0.503125 0.9984375 0.503125 0.9984375 0.5109375 1.0 0.5109375 1.0 0.503125
0 0.8734375 0.575 0.7625 0.575 0.7625 0.715625 0.8734375 0.715625 0.8734375 0.575
0 0.984375 0.4984375 0.8671875 0.4984375 0.8671875 0.6046875 0.984375 0.6046875 0.984375 0.4984375
0 0.7828125 0.1984375 0.7140625 0.1984375 0.7140625 0.340625 0.7828125 0.340625 0.7828125 0.1984375
0 0.6375 0.11875 0.5375 0.11875 0.5375 0.265625 0.6375 0.265625 0.6375 0.11875
0 0.95625 0.03125 0.8 0.03125 0.8 0.2203125 0.95625 0.2203125 0.95625 0.03125
0 1.0 0.6546875 0.9296875 0.6546875 0.9296875 0.7890625 1.0 0.7890625 1.0 0.6546875
0 1.0 0.55625 0.915625 0.55625 0.915625 0.6828125 1.0 0.6828125 1.0 0.55625
0 0.2015625 0.628125 0.0234375 0.628125 0.0234375 0.765625 0.2015625 0.765625 0.2015625 0.628125
0 0.6984375 0.5125 0.5140625 0.5125 0.5140625 0.653125 0.6984375 0.653125 0.6984375 0.5125
0 1.0 0.3984375 0.7640625 0.3984375 0.7640625 0.6015625 1.0 0.6015625 1.0 0.3984375
0 1.0 0.3015625 0.8984375 0.3015625 0.8984375 0.4046875 1.0 0.4046875 1.0 0.3015625
0 0.740625 0.146875 0.6265625 0.146875 0.6265625 0.3203125 0.740625 0.3203125 0.740625 0.146875
0 1.0 0.00625 0.8640625 0.00625 0.8640625 0.290625 1.0 0.290625 1.0 0.00625
0 0.8640625 0.0015625 0.8203125 0.0015625 0.8203125 0.053125 0.8640625 0.053125 0.8640625 0.0015625
0 0.8265625 0.9796875 0.7625 0.9796875 0.7625 1.0 0.8265625 1.0 0.8265625 0.9796875
0 0.0640625 0.796875 0.0015625 0.796875 0.0015625 0.86875 0.0640625 0.86875 0.0640625 0.796875
0 0.0046875 0.584375 0.0015625 0.584375 0.0015625 0.590625 0.0046875 0.590625 0.0046875 0.584375
0 0.7984375 0.6171875 0.7125 0.6171875 0.7125 0.7859375 0.7984375 0.7859375 0.7984375 0.6171875
0 0.209375 0.48125 0.025 0.48125 0.025 0.5609375 0.209375 0.5609375 0.209375 0.48125
0 0.78125 0.725 0.6015625 0.725 0.6015625 1.0 0.78125 1.0 0.78125 0.725
0 0.728125 0.659375 0.5515625 0.659375 0.5515625 0.8875 0.728125 0.8875 0.728125 0.659375
0 0.5578125 0.6984375 0.4640625 0.6984375 0.4640625 0.865625 0.5578125 0.865625 0.5578125 0.6984375
0 0.8078125 0.553125 0.7015625 0.553125 0.7015625 0.6421875 0.8078125 0.6421875 0.8078125 0.553125
0 0.9796875 0.4875 0.8109375 0.4875 0.8109375 0.6453125 0.9796875 0.6453125 0.9796875 0.4875
0 0.746875 0.2875 0.559375 0.2875 0.559375 0.5328125 0.746875 0.5328125 0.746875 0.2875
0 0.54375 0.1640625 0.446875 0.1640625 0.446875 0.4515625 0.54375 0.4515625 0.54375 0.1640625
0 0.55625 0.0140625 0.471875 0.0140625 0.471875 0.15625 0.55625 0.15625 0.55625 0.0140625
0 0.7640625 0.0140625 0.6625 0.0140625 0.6625 0.1390625 0.7640625 0.1390625 0.7640625 0.0140625
0 0.6453125 0.0015625 0.64375 0.0015625 0.64375 0.003125 0.6453125 0.003125 0.6453125 0.0015625
0 0.5359375 0.0015625 0.496875 0.0015625 0.496875 0.00625 0.5359375 0.00625 0.5359375 0.0015625
0 1.0 0.0015625 0.99375 0.0015625 0.99375 0.01875 1.0 0.01875 1.0 0.0015625
0 0.7328125 0.6390625 0.51875 0.6390625 0.51875 0.8 0.7328125 0.8 0.7328125 0.6390625
0 0.7015625 0.203125 0.559375 0.203125 0.559375 0.390625 0.7015625 0.390625 0.7015625 0.203125
0 0.3875 0.0015625 0.0015625 0.0015625 0.0015625 1.0 0.3875 1.0 0.3875 0.0015625
0 0.5671875 0.6609375 0.38125 0.6609375 0.38125 1.0 0.5671875 1.0 0.5671875 0.6609375
0 1.0 0.4203125 0.740625 0.4203125 0.740625 1.0 1.0 1.0 1.0 0.4203125
0 0.75 0.703125 0.621875 0.703125 0.621875 0.8890625 0.75 0.8890625 0.75 0.703125
0 1.0 0.0015625 0.440625 0.0015625 0.440625 0.65625 1.0 0.65625 1.0 0.0015625
