0 0.6171875 0.740625 0.4390625 0.740625 0.4390625 0.9296875 0.6171875 0.9296875 0.6171875 0.740625
0 0.0921875 0.0421875 0.0015625 0.0421875 0.0015625 0.1765625 0.0921875 0.1765625 0.0921875 0.0421875
0 0.2046875 0.8203125 0.0921875 0.8203125 0.0921875 1.0 0.2046875 1.0 0.2046875 0.8203125
0 0.0015625 0.5328125 0.0015625 0.5328125 0.0015625 0.540625 0.0015625 0.540625 0.0015625 0.5328125
0 0.2390625 0.2546875 0.1109375 0.2546875 0.1109375 0.465625 0.2390625 0.465625 0.2390625 0.2546875
0 0.7625 0.7296875 0.6296875 0.7296875 0.6296875 0.94375 0.7625 0.94375 0.7625 0.7296875
0 1.0 0.4953125 0.9984375 0.4953125 0.9984375 0.4984375 1.0 0.4984375 1.0 0.4953125
0 0.2265625 0.15 0.1375 0.15 0.1375 0.33125 0.2265625 0.33125 0.2265625 0.15
0 0.8796875 0.671875 0.7765625 0.671875 0.7765625 0.8859375 0.8796875 0.8859375 0.8796875 0.671875
0 0.9578125 0.4484375 0.709375 0.4484375 0.709375 0.6296875 0.9578125 0.6296875 0.9578125 0.4484375
0 0.190625 0.3796875 0.096875 0.3796875 0.096875 0.509375 0.190625 0.509375 0.190625 0.3796875
0 0.1390625 0.11875 0.0015625 0.11875 0.0015625 0.36875 0.1390625 0.36875 0.1390625 0.11875
0 0.0140625 0.6359375 0.0015625 0.6359375 0.0015625 0.925 0.0140625 0.925 0.0140625 0.6359375
0 0.759375 0.928125 0.7015625 0.928125 0.7015625 1.0 0.759375 1.0 0.759375 0.928125
0 0.1828125 0.0125 0.0828125 0.0125 0.0828125 0.1078125 0.1828125 0.1078125 0.1828125 0.0125
0 0.115625 0.5703125 0.0015625 0.5703125 0.0015625 1.0 0.115625 1.0 0.115625 0.5703125
0 0.2125 0.5 0.09375 0.5 0.09375 0.8296875 0.2125 0.8296875 0.2125 0.5
0 0.7203125 0.4875 0.340625 0.4875 0.340625 0.8765625 0.7203125 0.8765625 0.7203125 0.4875
0 0.265625 0.00625 0.196875 0.00625 0.196875 0.309375 0.265625 0.309375 0.265625 0.00625
0 0.8640625 0.715625 0.66875 0.715625 0.66875 0.8828125 0.8640625 0.8828125 0.8640625 0.715625
0 1.0 0.6234375 0.8671875 0.6234375 0.8671875 0.8859375 1.0 0.8859375 1.0 0.6234375
0 0.9 0.584375 0.6875 0.584375 0.6875 0.7078125 0.9 0.7078125 0.9 0.584375
0 1.0 0.3703125 0.86875 0.3703125 0.86875 0.5359375 1.0 0.5359375 1.0 0.3703125
0 0.8296875 0.2984375 0.4828125 0.2984375 0.4828125 0.5125 0.8296875 0.5125 0.8296875 0.2984375
0 1.0 0.15 0.95625 0.15 0.95625 0.246875 1.0 0.246875 1.0 0.15
0 0.2109375 0.0015625 0.075 0.0015625 0.075 0.0984375 0.2109375 0.0984375 0.2109375 0.0015625
0 1.0 0.0015625 0.0015625 0.0015625 0.0015625 1.0 1.0 1.0 1.0 0.0015625
0 0.5640625 0.6859375 0.4703125 0.6859375 0.4703125 0.8890625 0.5640625 0.8890625 0.5640625 0.6859375
0 0.284375 0.15625 0.16875 0.15625 0.16875 0.515625 0.284375 0.515625 0.284375 0.15625
0 0.9453125 0.7046875 0.7515625 0.7046875 0.7515625 1.0 0.9453125 1.0 0.9453125 0.7046875
0 1.0 0.8171875 0.9140625 0.8171875 0.9140625 0.94375 1.0 0.94375 1.0 0.8171875
