0 0.996875 0.0015625 0.8890625 0.0015625 0.8890625 0.1421875 0.996875 0.1421875 0.996875 0.0015625
0 0.1328125 0.5484375 0.0015625 0.5484375 0.0015625 0.6375 0.1328125 0.6375 0.1328125 0.5484375
0 0.4140625 0.928125 0.34375 0.928125 0.34375 1.0 0.4140625 1.0 0.4140625 0.928125
0 1.0 0.3859375 0.9421875 0.3859375 0.9421875 0.4796875 1.0 0.4796875 1.0 0.3859375
0 0.15625 0.95625 0.125 0.95625 0.125 1.0 0.15625 1.0 0.15625 0.95625
0 0.0875 0.80625 0.0015625 0.80625 0.0015625 0.975 0.0875 0.975 0.0875 0.80625
0 0.778125 0.9140625 0.6625 0.9140625 0.6625 1.0 0.778125 1.0 0.778125 0.9140625
0 0.7234375 0.0015625 0.6640625 0.0015625 0.6640625 0.0234375 0.7234375 0.0234375 0.7234375 0.0015625
0 1.0 0.9453125 0.9453125 0.9453125 0.9453125 1.0 1.0 1.0 1.0 0.9453125
0 0.04375 0.915625 0.0015625 0.915625 0.0015625 1.0 0.04375 1.0 0.04375 0.915625
0 0.196875 0.5640625 0.08125 0.5640625 0.08125 0.71875 0.196875 0.71875 0.196875 0.5640625
0 0.13125 0.471875 0.0015625 0.471875 0.0015625 0.596875 0.13125 0.596875 0.13125 0.471875
0 0.3625 0.8703125 0.0234375 0.8703125 0.0234375 1.0 0.3625 1.0 0.3625 0.8703125
0 0.4484375 0.98125 0.4140625 0.98125 0.4140625 1.0 0.4484375 1.0 0.4484375 0.98125
0 0.1765625 0.56875 0.0015625 0.56875 0.0015625 0.875 0.1765625 0.875 0.1765625 0.56875
0 0.3078125 0.4453125 0.203125 0.4453125 0.203125 0.6296875 0.3078125 0.6296875 0.3078125 0.4453125
0 0.0625 0.3578125 0.0015625 0.3578125 0.0015625 0.525 0.0625 0.525 0.0625 0.3578125
0 0.2171875 0.3390625 0.1 0.3390625 0.1 0.584375 0.2171875 0.584375 0.2171875 0.3390625
0 0.728125 0.2296875 0.6296875 0.2296875 0.6296875 0.4203125 0.728125 0.4203125 0.728125 0.2296875
0 1.0 0.696875 1.0 0.696875 1.0 0.7 1.0 0.7 1.0 0.696875
0 1.0 0.1328125 0.8859375 0.1328125 0.8859375 0.203125 1.0 0.203125 1.0 0.1328125
0 1.0 0.359375 0.871875 0.359375 0.871875 0.6953125 1.0 0.6953125 1.0 0.359375
0 0.58125 0.1828125 0.4921875 0.1828125 0.4921875 0.3328125 0.58125 0.3328125 0.58125 0.1828125
0 0.9921875 0.0015625 0.9609375 0.0015625 0.9609375 0.0296875 0.9921875 0.0296875 0.9921875 0.0015625
0 0.1171875 0.0015625 0.0015625 0.0015625 0.0015625 0.1328125 0.1171875 0.1328125 0.1171875 0.0015625
0 1.0 0.00625 0.88125 0.00625 0.88125 0.18125 1.0 0.18125 1.0 0.00625
0 0.7875 0.340625 0.653125 0.340625 0.653125 0.6078125 0.7875 0.6078125 0.7875 0.340625
0 0.1171875 0.309375 0.034375 0.309375 0.034375 0.4625 0.1171875 0.4625 0.1171875 0.309375
0 0.084375 0.140625 0.0015625 0.140625 0.0015625 0.2375 0.084375 0.2375 0.084375 0.140625
0 0.2234375 0.0015625 0.090625 0.0015625 0.090625 0.15 0.2234375 0.15 0.2234375 0.0015625
0 1.0 0.0015625 0.975 0.0015625 0.975 0.153125 1.0 0.153125 1.0 0.0015625
0 0.446875 0.4765625 0.334375 0.4765625 0.334375 0.6625 0.446875 0.6625 0.446875 0.4765625
0 1.0 0.3921875 0.959375 0.3921875 0.959375 0.45625 1.0 0.45625 1.0 0.3921875
0 0.475 0.0015625 0.2421875 0.0015625 0.2421875 0.14375 0.475 0.14375 0.475 0.0015625
0 1.0 0.621875 0.975 0.621875 0.975 0.7953125 1.0 0.7953125 1.0 0.621875
0 0.8578125 0.5703125 0.678125 0.5703125 0.678125 0.778125 0.8578125 0.778125 0.8578125 0.5703125
0 0.825 0.3703125 0.7703125 0.3703125 0.7703125 0.54375 0.825 0.54375 0.825 0.3703125
0 0.5578125 0.38125 0.425 0.38125 0.425 0.46875 0.5578125 0.46875 0.5578125 0.38125
0 0.2625 0.0015625 0.2 0.0015625 0.2 0.09375 0.2625 0.09375 0.2625 0.0015625
0 0.8796875 0.0015625 0.840625 0.0015625 0.840625 0.021875 0.8796875 0.021875 0.8796875 0.0015625
0 0.315625 0.0015625 0.2859375 0.0015625 0.2859375 0.025 0.315625 0.025 0.315625 0.0015625
0 0.6125 0.3859375 0.45 0.3859375 0.45 0.5484375 0.6125 0.5484375 0.6125 0.3859375
0 0.6171875 0.18125 0.4375 0.18125 0.4375 0.4265625 0.6171875 0.4265625 0.6171875 0.18125
0 0.2890625 0.1140625 0.0328125 0.1140625 0.0328125 0.471875 0.2890625 0.471875 0.2890625 0.1140625
0 0.60625 0.0015625 0.33125 0.0015625 0.33125 0.1828125 0.60625 0.1828125 0.60625 0.0015625
0 0.534375 0.4671875 0.3703125 0.4671875 0.3703125 0.584375 0.534375 0.584375 0.534375 0.4671875
0 1.0 0.2390625 0.8390625 0.2390625 0.8390625 0.4171875 1.0 0.4171875 1.0 0.2390625
0 0.5953125 0.015625 0.159375 0.015625 0.159375 0.528125 0.5953125 0.528125 0.5953125 0.015625
0 0.1859375 0.1953125 0.0765625 0.1953125 0.0765625 0.3046875 0.1859375 0.3046875 0.1859375 0.1953125
0 0.1921875 0.1125 0.0015625 0.1125 0.0015625 0.271875 0.1921875 0.271875 0.1921875 0.1125
0 0.296875 0.05 0.1875 0.05 0.1875 0.1453125 0.296875 0.1453125 0.296875 0.05
0 0.65 0.0015625 0.59375 0.0015625 0.59375 0.0265625 0.65 0.0265625 0.65 0.0015625
0 1.0 0.825 0.915625 0.825 0.915625 0.9203125 1.0 0.9203125 1.0 0.825
0 0.815625 0.74375 0.6625 0.74375 0.6625 0.9125 0.815625 0.9125 0.815625 0.74375
0 0.7875 0.08125 0.653125 0.08125 0.653125 0.3671875 0.7875 0.3671875 0.7875 0.08125
0 0.8953125 0.2203125 0.7890625 0.2203125 0.7890625 0.3359375 0.8953125 0.3359375 0.8953125 0.2203125
0 0.9234375 0.0015625 0.809375 0.0015625 0.809375 0.10625 0.9234375 0.10625 0.9234375 0.0015625
0 0.590625 0.0015625 0.48125 0.0015625 0.48125 0.0890625 0.590625 0.0890625 0.590625 0.0015625
0 0.9546875 0.0015625 0.5328125 0.0015625 0.5328125 0.575 0.9546875 0.575 0.9546875 0.0015625
0 0.4515625 0.528125 0.1515625 0.528125 0.1515625 0.8671875 0.4515625 0.8671875 0.4515625 0.528125
0 0.6546875 0.9 0.58125 0.9 0.58125 1.0 0.6546875 1.0 0.6546875 0.9
0 0.6640625 0.5984375 0.46875 0.5984375 0.46875 0.853125 0.6640625 0.853125 0.6640625 0.5984375
0 0.975 0.6171875 0.8671875 0.6171875 0.8671875 0.7390625 0.975 0.7390625 0.975 0.6171875
0 0.8359375 0.45625 0.7046875 0.45625 0.7046875 0.609375 0.8359375 0.609375 0.8359375 0.45625
0 1.0 0.284375 0.953125 0.284375 0.953125 0.4296875 1.0 0.4296875 1.0 0.284375
0 0.4203125 0.79375 0.0953125 0.79375 0.0953125 0.9484375 0.4203125 0.9484375 0.4203125 0.79375
0 0.4765625 0.9921875 0.4421875 0.9921875 0.4421875 1.0 0.4765625 1.0 0.4765625 0.9921875
0 0.03125 0.01875 0.0015625 0.01875 0.0015625 0.084375 0.03125 0.084375 0.03125 0.01875
0 0.5109375 0.4078125 0.309375 0.4078125 0.309375 0.5359375 0.5109375 0.5359375 0.5109375 0.4078125
0 0.7984375 0.3546875 0.721875 0.3546875 0.721875 0.54375 0.7984375 0.54375 0.7984375 0.3546875
0 1.0 0.1984375 0.8953125 0.1984375 0.8953125 0.296875 1.0 0.296875 1.0 0.1984375
0 0.896875 0.06875 0.76875 0.06875 0.76875 0.1984375 0.896875 0.1984375 0.896875 0.06875
0 0.6640625 0.796875 0.5765625 0.796875 0.5765625 0.90625 0.6640625 0.90625 0.6640625 0.796875
