0 0.8078125 0.534375 0.6296875 0.534375 0.6296875 0.746875 0.8078125 0.746875 0.8078125 0.534375
0 0.7609375 0.540625 0.6859375 0.540625 0.6859375 0.65 0.7609375 0.65 0.7609375 0.540625
0 1.0 0.015625 0.8953125 0.015625 0.8953125 0.203125 1.0 0.203125 1.0 0.015625
0 0.15625 0.959375 0.096875 0.959375 0.096875 1.0 0.15625 1.0 0.15625 0.959375
0 0.2515625 0.1390625 0.0453125 0.1390625 0.0453125 0.2828125 0.2515625 0.2828125 0.2515625 0.1390625
0 0.5546875 0.7765625 0.390625 0.7765625 0.390625 1.0 0.5546875 1.0 0.5546875 0.7765625
0 0.5421875 0.6671875 0.4421875 0.6671875 0.4421875 0.7609375 0.5421875 0.7609375 0.5421875 0.6671875
0 1.0 0.21875 0.8328125 0.21875 0.8328125 0.35625 1.0 0.35625 1.0 0.21875
0 0.9125 0.5390625 0.7953125 0.5390625 0.7953125 0.6515625 0.9125 0.6515625 0.9125 0.5390625
0 0.884375 0.3703125 0.6890625 0.3703125 0.6890625 0.5390625 0.884375 0.5390625 0.884375 0.3703125
0 0.3046875 0.2953125 0.2015625 0.2953125 0.2015625 0.4640625 0.3046875 0.4640625 0.3046875 0.2953125
0 1.0 0.5453125 0.9015625 0.5453125 0.9015625 0.7171875 1.0 0.7171875 1.0 0.5453125
0 0.2453125 0.465625 0.0390625 0.465625 0.0390625 0.625 0.2453125 0.625 0.2453125 0.465625
0 0.70625 0.4875 0.575 0.4875 0.575 0.559375 0.70625 0.559375 0.70625 0.4875
0 0.809375 0.25 0.634375 0.25 0.634375 0.3453125 0.809375 0.3453125 0.809375 0.25
0 0.340625 0.09375 0.215625 0.09375 0.215625 0.2640625 0.340625 0.2640625 0.340625 0.09375
0 0.0703125 0.9171875 0.0015625 0.9171875 0.0015625 1.0 0.0703125 1.0 0.0703125 0.9171875
0 0.7703125 0.8390625 0.55 0.8390625 0.55 1.0 0.7703125 1.0 0.7703125 0.8390625
0 0.33125 0.0015625 0.2390625 0.0015625 0.2390625 0.1984375 0.33125 0.1984375 0.33125 0.0015625
0 0.9203125 0.875 0.790625 0.875 0.790625 1.0 0.9203125 1.0 0.9203125 0.875
0 1.0 0.228125 0.8625 0.228125 0.8625 0.7984375 1.0 0.7984375 1.0 0.228125
0 0.8671875 0.596875 0.75 0.596875 0.75 0.7328125 0.8671875 0.7328125 0.8671875 0.596875
0 0.9171875 0.3796875 0.7921875 0.3796875 0.7921875 0.4515625 0.9171875 0.4515625 0.9171875 0.3796875
0 0.071875 0.6703125 0.0015625 0.6703125 0.0015625 0.746875 0.071875 0.746875 0.071875 0.6703125
0 0.1171875 0.9140625 0.0484375 0.9140625 0.0484375 1.0 0.1171875 1.0 0.1171875 0.9140625
0 0.0609375 0.78125 0.0015625 0.78125 0.0015625 0.8515625 0.0609375 0.8515625 0.0609375 0.78125
0 0.58125 0.9109375 0.475 0.9109375 0.475 1.0 0.58125 1.0 0.58125 0.9109375
0 1.0 0.771875 0.921875 0.771875 0.921875 0.9765625 1.0 0.9765625 1.0 0.771875
0 0.953125 0.553125 0.853125 0.553125 0.853125 0.7390625 0.953125 0.7390625 0.953125 0.553125
0 0.9765625 0.378125 0.8234375 0.378125 0.8234375 0.534375 0.9765625 0.534375 0.9765625 0.378125
0 0.96875 0.2703125 0.8796875 0.2703125 0.8796875 0.359375 0.96875 0.359375 0.96875 0.2703125
0 1.0 0.0015625 0.0015625 0.0015625 0.0015625 1.0 1.0 1.0 1.0 0.0015625
0 0.0640625 0.8296875 0.0015625 0.8296875 0.0015625 0.9453125 0.0640625 0.9453125 0.0640625 0.8296875
0 0.8921875 0.7765625 0.6296875 0.7765625 0.6296875 1.0 0.8921875 1.0 0.8921875 0.7765625
0 0.684375 0.0015625 0.51875 0.0015625 0.51875 0.0484375 0.684375 0.0484375 0.684375 0.0015625
