0 0.4703125 1.0 0.46875 1.0 0.46875 1.0 0.4703125 1.0 0.4703125 1.0
0 0.0359375 0.89375 0.0015625 0.89375 0.0015625 0.9640625 0.0359375 0.9640625 0.0359375 0.89375
0 0.3203125 0.6984375 0.1875 0.6984375 0.1875 0.8609375 0.3203125 0.8609375 0.3203125 0.6984375
0 0.025 0.75 0.0015625 0.75 0.0015625 0.8078125 0.025 0.8078125 0.025 0.75
0 0.3875 0.4828125 0.334375 0.4828125 0.334375 0.675 0.3875 0.675 0.3875 0.4828125
0 0.0328125 0.1515625 0.0015625 0.1515625 0.0015625 0.196875 0.0328125 0.196875 0.0328125 0.1515625
0 0.178125 0.2859375 0.0828125 0.2859375 0.0828125 0.4125 0.178125 0.4125 0.178125 0.2859375
0 0.2359375 0.95 0.0015625 0.95 0.0015625 1.0 0.2359375 1.0 0.2359375 0.95
0 0.559375 0.653125 0.4328125 0.653125 0.4328125 0.9828125 0.559375 0.9828125 0.559375 0.653125
0 0.196875 0.70625 0.0015625 0.70625 0.0015625 0.9484375 0.196875 0.9484375 0.196875 0.70625
0 0.4875 0.578125 0.3671875 0.578125 0.3671875 0.7171875 0.4875 0.7171875 0.4875 0.578125
0 0.6265625 0.4734375 0.4640625 0.4734375 0.4640625 0.7765625 0.6265625 0.7765625 0.6265625 0.4734375
0 0.084375 0.503125 0.0015625 0.503125 0.0015625 0.715625 0.084375 0.715625 0.084375 0.503125
0 0.2515625 0.2109375 0.1171875 0.2109375 0.1171875 0.440625 0.2515625 0.440625 0.2515625 0.2109375
0 0.15625 0.5046875 0.0953125 0.5046875 0.0953125 0.625 0.15625 0.625 0.15625 0.5046875
0 0.203125 0.0015625 0.025 0.0015625 0.025 0.1796875 0.203125 0.1796875 0.203125 0.0015625
0 0.3640625 0.878125 0.1734375 0.878125 0.1734375 0.9890625 0.3640625 0.9890625 0.3640625 0.878125
0 0.109375 0.2109375 0.0015625 0.2109375 0.0015625 0.4421875 0.109375 0.4421875 0.109375 0.2109375
0 0.1734375 0.0015625 0.0765625 0.0015625 0.0765625 0.1203125 0.1734375 0.1203125 0.1734375 0.0015625
0 0.9078125 0.378125 0.7546875 0.378125 0.7546875 0.540625 0.9078125 0.540625 0.9078125 0.378125
0 0.103125 0.0015625 0.021875 0.0015625 0.021875 0.1171875 0.103125 0.1171875 0.103125 0.0015625
0 0.059375 0.40625 0.0015625 0.40625 0.0015625 1.0 0.059375 1.0 0.059375 0.40625
0 0.0734375 0.6078125 0.0015625 0.6078125 0.0015625 0.7953125 0.0734375 0.7953125 0.0734375 0.6078125
0 0.215625 0.36875 0.08125 0.36875 0.08125 0.615625 0.215625 0.615625 0.215625 0.36875
0 0.2265625 0.0015625 0.0015625 0.0015625 0.0015625 0.3 0.2265625 0.3 0.2265625 0.0015625
0 0.690625 0.0765625 0.234375 0.0765625 0.234375 0.8953125 0.690625 0.8953125 0.690625 0.0765625
0 0.8625 0.0015625 0.7890625 0.0015625 0.7890625 0.0359375 0.8625 0.0359375 0.8625 0.0015625
0 1.0 0.1578125 0.534375 0.1578125 0.534375 1.0 1.0 1.0 1.0 0.1578125
0 1.0 0.0046875 0.840625 0.0046875 0.840625 0.1859375 1.0 0.1859375 1.0 0.0046875
