0 0.1625 0.5875 0.0015625 0.5875 0.0015625 0.7953125 0.1625 0.7953125 0.1625 0.5875
0 0.759375 0.4828125 0.628125 0.4828125 0.628125 0.6234375 0.759375 0.6234375 0.759375 0.4828125
0 0.85625 0.246875 0.61875 0.246875 0.61875 0.596875 0.85625 0.596875 0.85625 0.246875
0 0.8484375 0.1015625 0.671875 0.1015625 0.671875 0.303125 0.8484375 0.303125 0.8484375 0.1015625
0 0.1984375 0.771875 0.0015625 0.771875 0.0015625 0.9484375 0.1984375 0.9484375 0.1984375 0.771875
0 0.39375 0.5609375 0.0015625 0.5609375 0.0015625 1.0 0.39375 1.0 0.39375 0.5609375
0 0.2953125 0.4296875 0.121875 0.4296875 0.121875 0.66875 0.2953125 0.66875 0.2953125 0.4296875
0 0.15625 0.3375 0.0015625 0.3375 0.0015625 0.5265625 0.15625 0.5265625 0.15625 0.3375
0 0.4125 0.1296875 0.2140625 0.1296875 0.2140625 0.3203125 0.4125 0.3203125 0.4125 0.1296875
0 0.2390625 0.1484375 0.134375 0.1484375 0.134375 0.284375 0.2390625 0.284375 0.2390625 0.1484375
0 0.2578125 0.0015625 0.0234375 0.0015625 0.0234375 0.0578125 0.2578125 0.0578125 0.2578125 0.0015625
0 0.9625 0.65 0.6578125 0.65 0.6578125 0.821875 0.9625 0.821875 0.9625 0.65
0 1.0 0.8984375 0.8953125 0.8984375 0.8953125 1.0 1.0 1.0 1.0 0.8984375
0 0.25 0.9515625 0.128125 0.9515625 0.128125 1.0 0.25 1.0 0.25 0.9515625
0 0.503125 0.765625 0.353125 0.765625 0.353125 0.9671875 0.503125 0.9671875 0.503125 0.765625
0 0.3703125 0.778125 0.109375 0.778125 0.109375 1.0 0.3703125 1.0 0.3703125 0.778125
0 0.7703125 0.778125 0.5609375 0.778125 0.5609375 0.9671875 0.7703125 0.9671875 0.7703125 0.778125
0 0.05 0.7140625 0.0015625 0.7140625 0.0015625 0.7609375 0.05 0.7609375 0.05 0.7140625
0 0.7109375 0.6921875 0.39375 0.6921875 0.39375 0.803125 0.7109375 0.803125 0.7109375 0.6921875
0 0.171875 0.48125 0.0265625 0.48125 0.0265625 0.6671875 0.171875 0.6671875 0.171875 0.48125
0 0.34375 0.0453125 0.0015625 0.0453125 0.0015625 0.3796875 0.34375 0.3796875 0.34375 0.0453125
0 0.0703125 0.0921875 0.0015625 0.0921875 0.0015625 0.18125 0.0703125 0.18125 0.0703125 0.0921875
0 0.9234375 0.7328125 0.70625 0.7328125 0.70625 1.0 0.9234375 1.0 0.9234375 0.7328125
0 1.0 0.4984375 0.9234375 0.4984375 0.9234375 0.6109375 1.0 0.6109375 1.0 0.4984375
0 0.028125 0.9875 0.0015625 0.9875 0.0015625 1.0 0.028125 1.0 0.028125 0.9875
0 1.0 0.0015625 0.0703125 0.0015625 0.0703125 1.0 1.0 1.0 1.0 0.0015625
0 0.2703125 0.0421875 0.14375 0.0421875 0.14375 0.140625 0.2703125 0.140625 0.2703125 0.0421875
0 1.0 0.775 0.9640625 0.775 0.9640625 0.95 1.0 0.95 1.0 0.775
