0 0.46875 0.8984375 0.4125 0.8984375 0.4125 1.0 0.46875 1.0 0.46875 0.8984375
0 1.0 0.7703125 0.9828125 0.7703125 0.9828125 0.8140625 1.0 0.8140625 1.0 0.7703125
0 0.7171875 0.2421875 0.6453125 0.2421875 0.6453125 0.4140625 0.7171875 0.4140625 0.7171875 0.2421875
0 0.10625 0.253125 0.0015625 0.253125 0.0015625 0.54375 0.10625 0.54375 0.10625 0.253125
0 0.3265625 0.8859375 0.196875 0.8859375 0.196875 1.0 0.3265625 1.0 0.3265625 0.8859375
0 0.996875 0.009375 0.7875 0.009375 0.7875 0.1921875 0.996875 0.1921875 0.996875 0.009375
0 1.0 0.16875 0.9890625 0.16875 0.9890625 0.25 1.0 0.25 1.0 0.16875
0 0.040625 0.9875 0.0234375 0.9875 0.0234375 1.0 0.040625 1.0 0.040625 0.9875
0 0.0890625 1.0 0.0890625 1.0 0.0890625 1.0 0.0890625 1.0 0.0890625 1.0
0 0.5015625 0.8671875 0.4453125 0.8671875 0.4453125 1.0 0.5015625 1.0 0.5015625 0.8671875
0 0.2234375 0.9 0.1390625 0.9 0.1390625 1.0 0.2234375 1.0 0.2234375 0.9
0 0.3625 0.0015625 0.34375 0.0015625 0.34375 0.025 0.3625 0.025 0.3625 0.0015625
0 0.9046875 0.753125 0.7453125 0.753125 0.7453125 1.0 0.9046875 1.0 0.9046875 0.753125
0 1.0 0.825 0.878125 0.825 0.878125 0.934375 1.0 0.934375 1.0 0.825
0 0.8609375 0.6578125 0.7328125 0.6578125 0.7328125 0.7984375 0.8609375 0.7984375 0.8609375 0.6578125
0 0.7984375 0.3734375 0.65 0.3734375 0.65 0.7375 0.7984375 0.7375 0.7984375 0.3734375
0 1.0 0.240625 0.9796875 0.240625 0.9796875 0.396875 1.0 0.396875 1.0 0.240625
0 0.7953125 0.121875 0.6828125 0.121875 0.6828125 0.253125 0.7953125 0.253125 0.7953125 0.121875
0 0.9109375 0.3296875 0.8140625 0.3296875 0.8140625 0.4203125 0.9109375 0.4203125 0.9109375 0.3296875
0 0.0890625 0.940625 0.00625 0.940625 0.00625 1.0 0.0890625 1.0 0.0890625 0.940625
0 0.2 0.7640625 0.078125 0.7640625 0.078125 0.9703125 0.2 0.9703125 0.2 0.7640625
0 0.4171875 0.7515625 0.23125 0.7515625 0.23125 0.9140625 0.4171875 0.9140625 0.4171875 0.7515625
0 0.3078125 0.25 0.1953125 0.25 0.1953125 0.3375 0.3078125 0.3375 0.3078125 0.25
0 0.2375 0.1015625 0.075 0.1015625 0.075 0.2515625 0.2375 0.2515625 0.2375 0.1015625
0 1.0 0.678125 0.853125 0.678125 0.853125 0.8796875 1.0 0.8796875 1.0 0.678125
0 1.0 0.396875 0.9203125 0.396875 0.9203125 0.4953125 1.0 0.4953125 1.0 0.396875
0 1.0 0.1125 0.8 0.1125 0.8 0.3390625 1.0 0.3390625 1.0 0.1125
0 0.1625 0.6984375 0.0015625 0.6984375 0.0015625 1.0 0.1625 1.0 0.1625 0.6984375
0 0.0890625 0.3625 0.0015625 0.3625 0.0015625 0.540625 0.0890625 0.540625 0.0890625 0.3625
0 0.06875 0.053125 0.0015625 0.053125 0.0015625 0.2734375 0.06875 0.2734375 0.06875 0.053125
0 0.0609375 0.0015625 0.0046875 0.0015625 0.0046875 0.0453125 0.0609375 0.0453125 0.0609375 0.0015625
0 0.4546875 0.996875 0.3640625 0.996875 0.3640625 1.0 0.4546875 1.0 0.4546875 0.996875
0 0.3734375 0.6609375 0.19375 0.6609375 0.19375 0.8734375 0.3734375 0.8734375 0.3734375 0.6609375
0 0.228125 0.453125 0.0765625 0.453125 0.0765625 0.640625 0.228125 0.640625 0.228125 0.453125
0 0.3234375 0.1109375 0.196875 0.1109375 0.196875 0.25 0.3234375 0.25 0.3234375 0.1109375
0 0.4359375 0.0671875 0.3125 0.0671875 0.3125 0.2703125 0.4359375 0.2703125 0.4359375 0.0671875
0 0.41875 0.0015625 0.159375 0.0015625 0.159375 0.1671875 0.41875 0.1671875 0.41875 0.0015625
0 1.0 0.4609375 0.89375 0.4609375 0.89375 0.7078125 1.0 0.7078125 1.0 0.4609375
0 0.9109375 0.5078125 0.7484375 0.5078125 0.7484375 0.7140625 0.9109375 0.7140625 0.9109375 0.5078125
0 0.153125 0.8359375 0.0453125 0.8359375 0.0453125 0.9765625 0.153125 0.9765625 0.153125 0.8359375
0 1.0 0.675 0.890625 0.675 0.890625 0.7859375 1.0 0.7859375 1.0 0.675
0 0.4078125 0.5640625 0.3453125 0.5640625 0.3453125 0.7390625 0.4078125 0.7390625 0.4078125 0.5640625
0 1.0 0.571875 0.9015625 0.571875 0.9015625 0.6640625 1.0 0.6640625 1.0 0.571875
0 0.79375 0.2796875 0.7234375 0.2796875 0.7234375 0.440625 0.79375 0.440625 0.79375 0.2796875
0 0.16875 0.1671875 0.096875 0.1671875 0.096875 0.353125 0.16875 0.353125 0.16875 0.1671875
0 1.0 0.053125 0.9390625 0.053125 0.9390625 0.1328125 1.0 0.1328125 1.0 0.053125
0 0.221875 0.0109375 0.11875 0.0109375 0.11875 0.1375 0.221875 0.1375 0.221875 0.0109375
0 0.1265625 0.0015625 0.04375 0.0015625 0.04375 0.05625 0.1265625 0.05625 0.1265625 0.0015625
0 0.2328125 0.5203125 0.0015625 0.5203125 0.0015625 1.0 0.2328125 1.0 0.2328125 0.5203125
0 0.425 0.88125 0.196875 0.88125 0.196875 1.0 0.425 1.0 0.425 0.88125
0 1.0 0.0015625 0.60625 0.0015625 0.60625 0.228125 1.0 0.228125 1.0 0.0015625
0 1.0 0.703125 0.728125 0.703125 0.728125 1.0 1.0 1.0 1.0 0.703125
0 1.0 0.3 0.7796875 0.3 0.7796875 0.5453125 1.0 0.5453125 1.0 0.3
