0 0.98125 0.4828125 0.8328125 0.4828125 0.8328125 0.6578125 0.98125 0.6578125 0.98125 0.4828125
0 0.934375 0.684375 0.7328125 0.684375 0.7328125 1.0 0.934375 1.0 0.934375 0.684375
0 0.684375 0.0015625 0.5453125 0.0015625 0.5453125 0.1734375 0.684375 0.1734375 0.684375 0.0015625
0 0.5578125 0.0015625 0.534375 0.0015625 0.534375 0.015625 0.5578125 0.015625 0.5578125 0.0015625
0 1.0 0.8046875 0.940625 0.8046875 0.940625 0.9296875 1.0 0.9296875 1.0 0.8046875
0 1.0 0.9359375 0.9953125 0.9359375 0.9953125 0.946875 1.0 0.946875 1.0 0.9359375
0 0.7375 0.3921875 0.5921875 0.3921875 0.5921875 0.703125 0.7375 0.703125 0.7375 0.3921875
0 0.6390625 0.30625 0.4671875 0.30625 0.4671875 0.4109375 0.6390625 0.4109375 0.6390625 0.30625
0 0.5359375 0.1796875 0.4359375 0.1796875 0.4359375 0.2890625 0.5359375 0.2890625 0.5359375 0.1796875
0 0.4390625 0.0015625 0.3046875 0.0015625 0.3046875 0.1765625 0.4390625 0.1765625 0.4390625 0.0015625
0 0.628125 0.034375 0.5328125 0.034375 0.5328125 0.1859375 0.628125 0.1859375 0.628125 0.034375
0 0.515625 0.04375 0.3984375 0.04375 0.3984375 0.1734375 0.515625 0.1734375 0.515625 0.04375
0 0.2578125 0.0015625 0.25 0.0015625 0.25 0.0078125 0.2578125 0.0078125 0.2578125 0.0015625
0 0.1171875 0.640625 0.0015625 0.640625 0.0015625 0.790625 0.1171875 0.790625 0.1171875 0.640625
0 0.1875 0.43125 0.0234375 0.43125 0.0234375 0.5421875 0.1875 0.5421875 0.1875 0.43125
0 0.73125 0.1703125 0.61875 0.1703125 0.61875 0.3640625 0.73125 0.3640625 0.73125 0.1703125
0 0.05625 0.9 0.0015625 0.9 0.0015625 1.0 0.05625 1.0 0.05625 0.9
0 0.1671875 0.9078125 0.1265625 0.9078125 0.1265625 1.0 0.1671875 1.0 0.1671875 0.9078125
0 0.4640625 0.590625 0.3 0.590625 0.3 0.915625 0.4640625 0.915625 0.4640625 0.590625
0 0.6578125 0.7140625 0.5328125 0.7140625 0.5328125 0.909375 0.6578125 0.909375 0.6578125 0.7140625
0 0.58125 0.3890625 0.4625 0.3890625 0.4625 0.7140625 0.58125 0.7140625 0.58125 0.3890625
0 0.4140625 0.2671875 0.203125 0.2671875 0.203125 0.5875 0.4140625 0.5875 0.4140625 0.2671875
0 0.46875 0.415625 0.384375 0.415625 0.384375 0.5640625 0.46875 0.5640625 0.46875 0.415625
0 1.0 0.9296875 0.9234375 0.9296875 0.9234375 1.0 1.0 1.0 1.0 0.9296875
0 0.40625 0.3875 0.2640625 0.3875 0.2640625 0.49375 0.40625 0.49375 0.40625 0.3875
0 1.0 0.4375 0.959375 0.4375 0.959375 0.5734375 1.0 0.5734375 1.0 0.4375
0 0.709375 0.053125 0.6359375 0.053125 0.6359375 0.2234375 0.709375 0.2234375 0.709375 0.053125
0 0.0984375 0.615625 0.0015625 0.615625 0.0015625 0.7265625 0.0984375 0.7265625 0.0984375 0.615625
0 0.471875 0.525 0.3390625 0.525 0.3390625 0.7140625 0.471875 0.7140625 0.471875 0.525
0 0.1765625 0.25625 0.0015625 0.25625 0.0015625 0.4328125 0.1765625 0.4328125 0.1765625 0.25625
0 0.0296875 0.0015625 0.0015625 0.0015625 0.0015625 0.0421875 0.0296875 0.0421875 0.0296875 0.0015625
0 0.5203125 0.903125 0.365625 0.903125 0.365625 1.0 0.5203125 1.0 0.5203125 0.903125
0 0.7046875 0.9203125 0.5578125 0.9203125 0.5578125 1.0 0.7046875 1.0 0.7046875 0.9203125
0 0.1875 0.9171875 0.153125 0.9171875 0.153125 1.0 0.1875 1.0 0.1875 0.9171875
0 1.0 0.753125 0.928125 0.753125 0.928125 0.8765625 1.0 0.8765625 1.0 0.753125
0 0.490625 0.0015625 0.2546875 0.0015625 0.2546875 0.5625 0.490625 0.5625 0.490625 0.0015625
0 0.01875 0.08125 0.0015625 0.08125 0.0015625 0.190625 0.01875 0.190625 0.01875 0.08125
0 0.496875 0.7171875 0.28125 0.7171875 0.28125 1.0 0.496875 1.0 0.496875 0.7171875
0 0.1515625 0.8859375 0.1 0.8859375 0.1 1.0 0.1515625 1.0 0.1515625 0.8859375
0 0.8046875 0.653125 0.5640625 0.653125 0.5640625 0.9859375 0.8046875 0.9859375 0.8046875 0.653125
0 0.56875 0.7734375 0.428125 0.7734375 0.428125 1.0 0.56875 1.0 0.56875 0.7734375
0 0.2359375 0.659375 0.16875 0.659375 0.16875 1.0 0.2359375 1.0 0.2359375 0.659375
0 1.0 0.584375 0.7890625 0.584375 0.7890625 0.8109375 1.0 0.8109375 1.0 0.584375
0 0.6296875 0.9984375 0.6234375 0.9984375 0.6234375 1.0 0.6296875 1.0 0.6296875 0.9984375
0 0.728125 0.8484375 0.6 0.8484375 0.6 1.0 0.728125 1.0 0.728125 0.8484375
0 0.61875 0.5625 0.4328125 0.5625 0.4328125 0.775 0.61875 0.775 0.61875 0.5625
0 0.0671875 0.54375 0.0015625 0.54375 0.0015625 0.690625 0.0671875 0.690625 0.0671875 0.54375
0 1.0 0.7859375 0.965625 0.7859375 0.965625 0.81875 1.0 0.81875 1.0 0.7859375
0 0.8390625 0.571875 0.7359375 0.571875 0.7359375 0.7109375 0.8390625 0.7109375 0.8390625 0.571875
0 1.0 0.303125 0.9578125 0.303125 0.9578125 0.54375 1.0 0.54375 1.0 0.303125
0 0.8109375 0.359375 0.7234375 0.359375 0.7234375 0.49375 0.8109375 0.49375 0.8109375 0.359375
0 0.775 0.0015625 0.7375 0.0015625 0.7375 0.021875 0.775 0.021875 0.775 0.0015625
0 0.1875 0.1796875 0.0015625 0.1796875 0.0015625 0.384375 0.1875 0.384375 0.1875 0.1796875
0 0.2921875 0.3796875 0.0015625 0.3796875 0.0015625 1.0 0.2921875 1.0 0.2921875 0.3796875
0 0.3234375 0.0015625 0.05625 0.0015625 0.05625 0.33125 0.3234375 0.33125 0.3234375 0.0015625
0 0.2625 0.2765625 0.1859375 0.2765625 0.1859375 0.50625 0.2625 0.50625 0.2625 0.2765625
0 0.1625 0.0015625 0.0703125 0.0015625 0.0703125 0.178125 0.1625 0.178125 0.1625 0.0015625
0 1.0 0.721875 0.8609375 0.721875 0.8609375 1.0 1.0 1.0 1.0 0.721875
0 0.0078125 0.7171875 0.0015625 0.7171875 0.0015625 0.7671875 0.0078125 0.7671875 0.0078125 0.7171875
0 0.01875 0.5703125 0.0015625 0.5703125 0.0015625 0.6046875 0.01875 0.6046875 0.01875 0.5703125
0 0.3453125 0.8234375 0.1828125 0.8234375 0.1828125 1.0 0.3453125 1.0 0.3453125 0.8234375
0 0.45 0.3203125 0.26875 0.3203125 0.26875 0.71875 0.45 0.71875 0.45 0.3203125
0 0.2875 0.0015625 0.1484375 0.0015625 0.1484375 0.1734375 0.2875 0.1734375 0.2875 0.0015625
0 1.0 0.0015625 0.65625 0.0015625 0.65625 0.7390625 1.0 0.7390625 1.0 0.0015625
0 0.603125 0.7296875 0.396875 0.7296875 0.396875 0.9609375 0.603125 0.9609375 0.603125 0.7296875
0 0.8140625 0.9640625 0.76875 0.9640625 0.76875 1.0 0.8140625 1.0 0.8140625 0.9640625
0 0.5328125 0.0640625 0.3859375 0.0640625 0.3859375 0.2703125 0.5328125 0.2703125 0.5328125 0.0640625
0 0.1859375 0.315625 0.0171875 0.315625 0.0171875 0.46875 0.1859375 0.46875 0.1859375 0.315625
0 0.2671875 0.1890625 0.1578125 0.1890625 0.1578125 0.26875 0.2671875 0.26875 0.2671875 0.1890625
0 0.1046875 0.0015625 0.0015625 0.0015625 0.0015625 0.1671875 0.1046875 0.1671875 0.1046875 0.0015625
0 0.18125 0.0015625 0.0921875 0.0015625 0.0921875 0.2234375 0.18125 0.2234375 0.18125 0.0015625
