0 0.6453125 0.8515625 0.4484375 0.8515625 0.4484375 0.996875 0.6453125 0.996875 0.6453125 0.8515625
0 0.19375 0.3 0.05625 0.3 0.05625 0.5421875 0.19375 0.5421875 0.19375 0.3
0 0.2375 0.0015625 0.0921875 0.0015625 0.0921875 0.14375 0.2375 0.14375 0.2375 0.0015625
0 0.6828125 0.8734375 0.64375 0.8734375 0.64375 1.0 0.6828125 1.0 0.6828125 0.8734375
0 0.9578125 0.8265625 0.8328125 0.8265625 0.8328125 0.946875 0.9578125 0.946875 0.9578125 0.8265625
0 0.4359375 0.8953125 0.3515625 0.8953125 0.3515625 1.0 0.4359375 1.0 0.4359375 0.8953125
0 1.0 0.728125 0.96875 0.728125 0.96875 0.9078125 1.0 0.9078125 1.0 0.728125
0 0.6953125 0.9765625 0.671875 0.9765625 0.671875 1.0 0.6953125 1.0 0.6953125 0.9765625
0 0.6609375 0.921875 0.5734375 0.921875 0.5734375 1.0 0.6609375 1.0 0.6609375 0.921875
0 0.9703125 0.940625 0.8140625 0.940625 0.8140625 1.0 0.9703125 1.0 0.9703125 0.940625
0 0.5375 0.265625 0.43125 0.265625 0.43125 0.359375 0.5375 0.359375 0.5375 0.265625
0 0.9546875 0.0015625 0.8546875 0.0015625 0.8546875 0.0859375 0.9546875 0.0859375 0.9546875 0.0015625
0 1.0 0.0015625 0.0015625 0.0015625 0.0015625 1.0 1.0 1.0 1.0 0.0015625
0 0.090625 0.0015625 0.0015625 0.0015625 0.0015625 0.38125 0.090625 0.38125 0.090625 0.0015625
0 0.1375 0.1421875 0.0765625 0.1421875 0.0765625 0.3296875 0.1375 0.3296875 0.1375 0.1421875
0 0.70625 0.7375 0.3828125 0.7375 0.3828125 0.9671875 0.70625 0.9671875 0.70625 0.7375
0 0.3859375 0.3046875 0.25 0.3046875 0.25 0.4109375 0.3859375 0.4109375 0.3859375 0.3046875
0 0.740625 0.0015625 0.675 0.0015625 0.675 0.0609375 0.740625 0.0609375 0.740625 0.0015625
