0 0.209375 0.7390625 0.1140625 0.7390625 0.1140625 0.8921875 0.209375 0.8921875 0.209375 0.7390625
0 1.0 0.975 0.9328125 0.975 0.9328125 1.0 1.0 1.0 1.0 0.975
0 1.0 0.828125 0.9421875 0.828125 0.9421875 0.9140625 1.0 0.9140625 1.0 0.828125
0 0.2125 0.0015625 0.059375 0.0015625 0.059375 0.1453125 0.2125 0.1453125 0.2125 0.0015625
0 0.1796875 0.815625 0.1203125 0.815625 0.1203125 0.9671875 0.1796875 0.9671875 0.1796875 0.815625
0 1.0 0.9578125 0.984375 0.9578125 0.984375 0.9890625 1.0 0.9890625 1.0 0.9578125
0 0.790625 0.0015625 0.75625 0.0015625 0.75625 0.0296875 0.790625 0.0296875 0.790625 0.0015625
0 1.0 0.0015625 0.0015625 0.0015625 0.0015625 1.0 1.0 1.0 1.0 0.0015625
0 1.0 0.13125 0.5171875 0.13125 0.5171875 0.7265625 1.0 0.7265625 1.0 0.13125
0 1.0 0.8921875 0.9203125 0.8921875 0.9203125 1.0 1.0 1.0 1.0 0.8921875
