0 0.8703125 0.0578125 0.64375 0.0578125 0.64375 0.2109375 0.8703125 0.2109375 0.8703125 0.0578125
0 1.0 0.5296875 0.7546875 0.5296875 0.7546875 1.0 1.0 1.0 1.0 0.5296875
0 0.4859375 0.6765625 0.2328125 0.6765625 0.2328125 1.0 0.4859375 1.0 0.4859375 0.6765625
0 0.63125 0.734375 0.50625 0.734375 0.50625 1.0 0.63125 1.0 0.63125 0.734375
0 0.7390625 0.7109375 0.58125 0.7109375 0.58125 0.865625 0.7390625 0.865625 0.7390625 0.7109375
0 0.375 0.509375 0.2125 0.509375 0.2125 0.7015625 0.375 0.7015625 0.375 0.509375
0 0.825 0.4703125 0.6875 0.4703125 0.6875 0.6609375 0.825 0.6609375 0.825 0.4703125
0 0.803125 0.175 0.690625 0.175 0.690625 0.415625 0.803125 0.415625 0.803125 0.175
0 1.0 0.0015625 0.0015625 0.0015625 0.0015625 1.0 1.0 1.0 1.0 0.0015625
0 0.4328125 0.8828125 0.3453125 0.8828125 0.3453125 1.0 0.4328125 1.0 0.4328125 0.8828125
0 0.4890625 0.021875 0.396875 0.021875 0.396875 0.2828125 0.4890625 0.2828125 0.4890625 0.021875
0 1.0 0.0015625 0.928125 0.0015625 0.928125 0.015625 1.0 0.015625 1.0 0.0015625
