0 1.0 0.090625 0.90625 0.090625 0.90625 0.36875 1.0 0.36875 1.0 0.090625
0 1.0 0.0015625 0.8234375 0.0015625 0.8234375 0.0296875 1.0 0.0296875 1.0 0.0015625
0 0.5171875 0.2640625 0.4390625 0.2640625 0.4390625 0.4609375 0.5171875 0.4609375 0.5171875 0.2640625
0 0.478125 0.159375 0.284375 0.159375 0.284375 0.4015625 0.478125 0.4015625 0.478125 0.159375
0 0.7234375 0.0234375 0.5703125 0.0234375 0.5703125 0.2359375 0.7234375 0.2359375 0.7234375 0.0234375
0 0.5859375 0.0015625 0.375 0.0015625 0.375 0.159375 0.5859375 0.159375 0.5859375 0.0015625
0 0.471875 0.0015625 0.3234375 0.0015625 0.3234375 0.0703125 0.471875 0.0703125 0.471875 0.0015625
0 0.8296875 0.0015625 0.6640625 0.0015625 0.6640625 0.5453125 0.8296875 0.5453125 0.8296875 0.0015625
0 1.0 0.7765625 0.9796875 0.7765625 0.9796875 0.85625 1.0 0.85625 1.0 0.7765625
0 0.8609375 0.5546875 0.790625 0.5546875 0.790625 0.7734375 0.8609375 0.7734375 0.8609375 0.5546875
0 1.0 0.103125 0.8359375 0.103125 0.8359375 0.5890625 1.0 0.5890625 1.0 0.103125
0 1.0 0.0015625 0.9046875 0.0015625 0.9046875 0.159375 1.0 0.159375 1.0 0.0015625
0 1.0 0.0015625 0.0015625 0.0015625 0.0015625 1.0 1.0 1.0 1.0 0.0015625
0 0.925 0.20625 0.8640625 0.20625 0.8640625 0.4578125 0.925 0.4578125 0.925 0.20625
