0 0.1640625 0.9828125 0.1265625 0.9828125 0.1265625 1.0 0.1640625 1.0 0.1640625 0.9828125
0 0.071875 0.896875 0.0015625 0.896875 0.0015625 0.9609375 0.071875 0.9609375 0.071875 0.896875
0 0.740625 0.0015625 0.3453125 0.0015625 0.3453125 0.3015625 0.740625 0.3015625 0.740625 0.0015625
0 0.8265625 0.103125 0.675 0.103125 0.675 0.171875 0.8265625 0.171875 0.8265625 0.103125
0 0.8921875 0.0015625 0.7515625 0.0015625 0.7515625 0.1015625 0.8921875 0.1015625 0.8921875 0.0015625
0 0.3921875 0.0015625 0.375 0.0015625 0.375 0.0015625 0.3921875 0.0015625 0.3921875 0.0015625
0 1.0 0.034375 0.9703125 0.034375 0.9703125 0.1078125 1.0 0.1078125 1.0 0.034375
0 0.2375 0.8734375 0.103125 0.8734375 0.103125 1.0 0.2375 1.0 0.2375 0.8734375
0 1.0 0.0015625 0.0015625 0.0015625 0.0015625 1.0 1.0 1.0 1.0 0.0015625
0 0.8625 0.9515625 0.65 0.9515625 0.65 1.0 0.8625 1.0 0.8625 0.9515625
0 0.853125 0.6515625 0.7046875 0.6515625 0.7046875 0.934375 0.853125 0.934375 0.853125 0.6515625
