0 0.24375 0.2859375 0.1625 0.2859375 0.1625 0.4265625 0.24375 0.4265625 0.24375 0.2859375
0 0.8640625 0.89375 0.81875 0.89375 0.81875 1.0 0.8640625 1.0 0.8640625 0.89375
0 0.7671875 0.4640625 0.5359375 0.4640625 0.5359375 0.8734375 0.7671875 0.8734375 0.7671875 0.4640625
0 1.0 0.33125 0.8078125 0.33125 0.8078125 0.478125 1.0 0.478125 1.0 0.33125
0 0.171875 0.7765625 0.0546875 0.7765625 0.0546875 0.9765625 0.171875 0.9765625 0.171875 0.7765625
0 0.375 0.6234375 0.2234375 0.6234375 0.2234375 0.90625 0.375 0.90625 0.375 0.6234375
0 0.2375 0.85 0.1546875 0.85 0.1546875 1.0 0.2375 1.0 0.2375 0.85
0 0.375 0.590625 0.265625 0.590625 0.265625 0.6890625 0.375 0.6890625 0.375 0.590625
0 0.4140625 0.1421875 0.3375 0.1421875 0.3375 0.3140625 0.4140625 0.3140625 0.4140625 0.1421875
0 0.315625 0.1375 0.2453125 0.1375 0.2453125 0.275 0.315625 0.275 0.315625 0.1375
0 0.2796875 0.0015625 0.059375 0.0015625 0.059375 0.178125 0.2796875 0.178125 0.2796875 0.0015625
0 0.6546875 0.975 0.6328125 0.975 0.6328125 1.0 0.6546875 1.0 0.6546875 0.975
0 0.4640625 0.9515625 0.434375 0.9515625 0.434375 1.0 0.4640625 1.0 0.4640625 0.9515625
0 0.9171875 0.703125 0.7390625 0.703125 0.7390625 0.9421875 0.9171875 0.9421875 0.9171875 0.703125
0 0.609375 0.4796875 0.484375 0.4796875 0.484375 0.60625 0.609375 0.60625 0.609375 0.4796875
0 1.0 0.64375 0.9375 0.64375 0.9375 0.7296875 1.0 0.7296875 1.0 0.64375
0 0.115625 0.55 0.0015625 0.55 0.0015625 0.71875 0.115625 0.71875 0.115625 0.55
0 0.234375 0.209375 0.103125 0.209375 0.103125 0.3921875 0.234375 0.3921875 0.234375 0.209375
0 0.3171875 0.0765625 0.2203125 0.0765625 0.2203125 0.3828125 0.3171875 0.3828125 0.3171875 0.0765625
0 0.175 0.0390625 0.046875 0.0390625 0.046875 0.1828125 0.175 0.1828125 0.175 0.0390625
0 0.80625 0.0015625 0.728125 0.0015625 0.728125 0.1484375 0.80625 0.1484375 0.80625 0.0015625
0 0.446875 0.9421875 0.3875 0.9421875 0.3875 1.0 0.446875 1.0 0.446875 0.9421875
0 0.3578125 0.9390625 0.328125 0.9390625 0.328125 1.0 0.3578125 1.0 0.3578125 0.9390625
0 0.8125 0.809375 0.61875 0.809375 0.61875 1.0 0.8125 1.0 0.8125 0.809375
0 0.61875 0.9625 0.4796875 0.9625 0.4796875 1.0 0.61875 1.0 0.61875 0.9625
0 0.634375 0.5984375 0.4171875 0.5984375 0.4171875 0.9828125 0.634375 0.9828125 0.634375 0.5984375
0 1.0 0.384375 0.796875 0.384375 0.796875 0.6109375 1.0 0.6109375 1.0 0.384375
0 0.7171875 0.446875 0.6390625 0.446875 0.6390625 0.621875 0.7171875 0.621875 0.7171875 0.446875
0 1.0 0.2359375 0.8546875 0.2359375 0.8546875 0.4078125 1.0 0.4078125 1.0 0.2359375
0 0.2875 0.575 0.1890625 0.575 0.1890625 0.915625 0.2875 0.915625 0.2875 0.575
0 0.0625 0.734375 0.0015625 0.734375 0.0015625 0.8984375 0.0625 0.8984375 0.0625 0.734375
0 1.0 0.690625 0.9296875 0.690625 0.9296875 0.9109375 1.0 0.9109375 1.0 0.690625
0 0.0484375 0.1546875 0.0015625 0.1546875 0.0015625 0.365625 0.0484375 0.365625 0.0484375 0.1546875
0 0.2984375 0.4109375 0.16875 0.4109375 0.16875 0.5109375 0.2984375 0.5109375 0.2984375 0.4109375
0 0.3875 0.009375 0.309375 0.009375 0.309375 0.221875 0.3875 0.221875 0.3875 0.009375
0 0.6515625 0.0015625 0.5828125 0.0015625 0.5828125 0.1421875 0.6515625 0.1421875 0.6515625 0.0015625
0 0.4421875 0.0015625 0.3625 0.0015625 0.3625 0.109375 0.4421875 0.109375 0.4421875 0.0015625
0 0.0609375 0.0015625 0.003125 0.0015625 0.003125 0.0375 0.0609375 0.0375 0.0609375 0.0015625
0 1.0 0.0015625 0.0015625 0.0015625 0.0015625 1.0 1.0 1.0 1.0 0.0015625
0 0.134375 0.196875 0.025 0.196875 0.025 0.3828125 0.134375 0.3828125 0.134375 0.196875
0 0.2421875 0.1625 0.171875 0.1625 0.171875 0.3046875 0.2421875 0.3046875 0.2421875 0.1625
0 0.1296875 0.0015625 0.0015625 0.0015625 0.0015625 0.196875 0.1296875 0.196875 0.1296875 0.0015625
0 0.2328125 0.0015625 0.1796875 0.0015625 0.1796875 0.059375 0.2328125 0.059375 0.2328125 0.0015625
0 0.628125 0.93125 0.4890625 0.93125 0.4890625 1.0 0.628125 1.0 0.628125 0.93125
0 0.4984375 0.4484375 0.3234375 0.4484375 0.3234375 0.53125 0.4984375 0.53125 0.4984375 0.4484375
