0 0.1203125 0.921875 0.05 0.921875 0.05 1.0 0.1203125 1.0 0.1203125 0.921875
0 0.253125 0.8515625 0.18125 0.8515625 0.18125 1.0 0.253125 1.0 0.253125 0.8515625
0 0.5390625 0.8734375 0.409375 0.8734375 0.409375 0.99375 0.5390625 0.99375 0.5390625 0.8734375
0 0.1015625 0.7875 0.0015625 0.7875 0.0015625 0.878125 0.1015625 0.878125 0.1015625 0.7875
0 0.253125 0.6515625 0.2015625 0.6515625 0.2015625 0.8453125 0.253125 0.8453125 0.253125 0.6515625
0 0.1796875 0.0015625 0.0390625 0.0015625 0.0390625 0.134375 0.1796875 0.134375 0.1796875 0.0015625
0 0.646875 0.8734375 0.578125 0.8734375 0.578125 1.0 0.646875 1.0 0.646875 0.8734375
0 0.7640625 0.7546875 0.6359375 0.7546875 0.6359375 1.0 0.7640625 1.0 0.7640625 0.7546875
0 0.5859375 0.890625 0.446875 0.890625 0.446875 1.0 0.5859375 1.0 0.5859375 0.890625
0 0.615625 0.825 0.45625 0.825 0.45625 0.96875 0.615625 0.96875 0.615625 0.825
0 0.19375 0.65 0.1046875 0.65 0.1046875 1.0 0.19375 1.0 0.19375 0.65
0 0.7328125 0.734375 0.5484375 0.734375 0.5484375 0.8234375 0.7328125 0.8234375 0.7328125 0.734375
0 1.0 0.88125 0.8125 0.88125 0.8125 1.0 1.0 1.0 1.0 0.88125
0 0.534375 0.703125 0.375 0.703125 0.375 0.83125 0.534375 0.83125 0.534375 0.703125
0 0.38125 0.6203125 0.2703125 0.6203125 0.2703125 0.70625 0.38125 0.70625 0.38125 0.6203125
0 1.0 0.4359375 0.96875 0.4359375 0.96875 0.471875 1.0 0.471875 1.0 0.4359375
0 0.4484375 0.73125 0.3078125 0.73125 0.3078125 1.0 0.4484375 1.0 0.4484375 0.73125
0 0.0703125 0.71875 0.0015625 0.71875 0.0015625 0.7984375 0.0703125 0.7984375 0.0703125 0.71875
0 0.0359375 0.596875 0.0015625 0.596875 0.0015625 0.653125 0.0359375 0.653125 0.0359375 0.596875
0 0.090625 0.39375 0.0015625 0.39375 0.0015625 0.4765625 0.090625 0.4765625 0.090625 0.39375
0 0.146875 0.246875 0.0390625 0.246875 0.0390625 0.3765625 0.146875 0.3765625 0.146875 0.246875
0 0.16875 0.1484375 0.0015625 0.1484375 0.0015625 0.2484375 0.16875 0.2484375 0.16875 0.1484375
0 1.0 0.8578125 0.8359375 0.8578125 0.8359375 0.9328125 1.0 0.9328125 1.0 0.8578125
0 0.5890625 0.6203125 0.440625 0.6203125 0.440625 0.734375 0.5890625 0.734375 0.5890625 0.6203125
0 0.69375 0.440625 0.5296875 0.440625 0.5296875 0.6640625 0.69375 0.6640625 0.69375 0.440625
0 1.0 0.346875 0.909375 0.346875 0.909375 0.5359375 1.0 0.5359375 1.0 0.346875
0 0.5890625 0.1796875 0.4234375 0.1796875 0.4234375 0.359375 0.5890625 0.359375 0.5890625 0.1796875
0 1.0 0.0765625 0.7359375 0.0765625 0.7359375 0.3484375 1.0 0.3484375 1.0 0.0765625
0 0.64375 0.0328125 0.50625 0.0328125 0.50625 0.16875 0.64375 0.16875 0.64375 0.0328125
0 0.725 0.009375 0.61875 0.009375 0.61875 0.2265625 0.725 0.2265625 0.725 0.009375
0 0.784375 0.5140625 0.6859375 0.5140625 0.6859375 0.753125 0.784375 0.753125 0.784375 0.5140625
0 1.0 0.103125 0.9171875 0.103125 0.9171875 0.2125 1.0 0.2125 1.0 0.103125
0 1.0 0.9390625 0.7859375 0.9390625 0.7859375 1.0 1.0 1.0 1.0 0.9390625
0 0.6734375 0.8125 0.5671875 0.8125 0.5671875 1.0 0.6734375 1.0 0.6734375 0.8125
0 1.0 0.6328125 0.7265625 0.6328125 0.7265625 1.0 1.0 1.0 1.0 0.6328125
0 0.2515625 0.6515625 0.16875 0.6515625 0.16875 1.0 0.2515625 1.0 0.2515625 0.6515625
0 0.725 0.63125 0.6375 0.63125 0.6375 0.7484375 0.725 0.7484375 0.725 0.63125
0 0.275 0.153125 0.09375 0.153125 0.09375 0.3265625 0.275 0.3265625 0.275 0.153125
0 0.16875 0.103125 0.0078125 0.103125 0.0078125 0.2296875 0.16875 0.2296875 0.16875 0.103125
0 0.24375 0.0015625 0.24375 0.0015625 0.24375 0.003125 0.24375 0.003125 0.24375 0.0015625
0 0.75 0.83125 0.7015625 0.83125 0.7015625 1.0 0.75 1.0 0.75 0.83125
0 0.40625 0.615625 0.1484375 0.615625 0.1484375 0.74375 0.40625 0.74375 0.40625 0.615625
0 0.8421875 0.409375 0.646875 0.409375 0.646875 0.609375 0.8421875 0.609375 0.8421875 0.409375
0 0.584375 0.425 0.290625 0.425 0.290625 0.54375 0.584375 0.54375 0.584375 0.425
0 1.0 0.2390625 0.85625 0.2390625 0.85625 0.4703125 1.0 0.4703125 1.0 0.2390625
0 0.5484375 0.2625 0.4015625 0.2625 0.4015625 0.384375 0.5484375 0.384375 0.5484375 0.2625
0 0.8015625 0.0609375 0.6 0.0609375 0.6 0.390625 0.8015625 0.390625 0.8015625 0.0609375
0 0.3765625 0.9859375 0.2515625 0.9859375 0.2515625 1.0 0.3765625 1.0 0.3765625 0.9859375
0 0.375 0.7453125 0.2734375 0.7453125 0.2734375 0.9671875 0.375 0.9671875 0.375 0.7453125
0 0.5203125 0.665625 0.36875 0.665625 0.36875 0.79375 0.5203125 0.79375 0.5203125 0.665625
0 1.0 0.9546875 0.9265625 0.9546875 0.9265625 1.0 1.0 1.0 1.0 0.9546875
0 1.0 0.9046875 0.8828125 0.9046875 0.8828125 1.0 1.0 1.0 1.0 0.9046875
0 1.0 0.475 0.909375 0.475 0.909375 0.75625 1.0 0.75625 1.0 0.475
0 1.0 0.421875 0.975 0.421875 0.975 0.4421875 1.0 0.4421875 1.0 0.421875
0 1.0 0.765625 0.8625 0.765625 0.8625 0.9078125 1.0 0.9078125 1.0 0.765625
0 0.021875 0.284375 0.0015625 0.284375 0.0015625 0.38125 0.021875 0.38125 0.021875 0.284375
0 0.0296875 0.0015625 0.0015625 0.0015625 0.0015625 0.1984375 0.0296875 0.1984375 0.0296875 0.0015625
0 0.434375 0.74375 0.2171875 0.74375 0.2171875 1.0 0.434375 1.0 0.434375 0.74375
0 1.0 0.0015625 0.0015625 0.0015625 0.0015625 0.984375 1.0 0.984375 1.0 0.0015625
0 0.0875 0.0015625 0.0015625 0.0015625 0.0015625 0.159375 0.0875 0.159375 0.0875 0.0015625
0 0.565625 0.9875 0.4484375 0.9875 0.4484375 1.0 0.565625 1.0 0.565625 0.9875
0 0.940625 0.3 0.725 0.3 0.725 0.8546875 0.940625 0.8546875 0.940625 0.3
0 0.928125 0.1640625 0.784375 0.1640625 0.784375 0.2859375 0.928125 0.2859375 0.928125 0.1640625
0 1.0 0.2796875 0.9375 0.2796875 0.9375 0.409375 1.0 0.409375 1.0 0.2796875
0 0.225 0.440625 0.03125 0.440625 0.03125 0.5015625 0.225 0.5015625 0.225 0.440625
