0 0.1453125 0.4125 0.0421875 0.4125 0.0421875 0.69375 0.1453125 0.69375 0.1453125 0.4125
0 0.2765625 0.0015625 0.0015625 0.0015625 0.0015625 0.890625 0.2765625 0.890625 0.2765625 0.0015625
0 0.0125 0.025 0.0015625 0.025 0.0015625 0.0796875 0.0125 0.0796875 0.0125 0.025
0 0.2546875 0.2859375 0.0609375 0.2859375 0.0609375 0.5015625 0.2546875 0.5015625 0.2546875 0.2859375
0 0.1953125 0.490625 0.096875 0.490625 0.096875 0.678125 0.1953125 0.678125 0.1953125 0.490625
0 0.0984375 0.2578125 0.0015625 0.2578125 0.0015625 0.48125 0.0984375 0.48125 0.0984375 0.2578125
0 0.590625 0.915625 0.546875 0.915625 0.546875 1.0 0.590625 1.0 0.590625 0.915625
0 0.1140625 0.9625 0.0328125 0.9625 0.0328125 1.0 0.1140625 1.0 0.1140625 0.9625
0 0.209375 0.7046875 0.015625 0.7046875 0.015625 0.8796875 0.209375 0.8796875 0.209375 0.7046875
0 0.3328125 0.4359375 0.15625 0.4359375 0.15625 0.6890625 0.3328125 0.6890625 0.3328125 0.4359375
0 0.3046875 0.1109375 0.1796875 0.1109375 0.1796875 0.5 0.3046875 0.5 0.3046875 0.1109375
0 0.15625 0.0015625 0.0015625 0.0015625 0.0015625 0.221875 0.15625 0.221875 0.15625 0.0015625
