0 1.0 0.8265625 0.9171875 0.8265625 0.9171875 0.996875 1.0 0.996875 1.0 0.8265625
0 0.7703125 0.821875 0.6296875 0.821875 0.6296875 0.9546875 0.7703125 0.9546875 0.7703125 0.821875
0 0.415625 0.0796875 0.2296875 0.0796875 0.2296875 0.18125 0.415625 0.18125 0.415625 0.0796875
0 0.6640625 0.546875 0.5640625 0.546875 0.5640625 0.6703125 0.6640625 0.6703125 0.6640625 0.546875
0 0.9375 0.9390625 0.8421875 0.9390625 0.8421875 1.0 0.9375 1.0 0.9375 0.9390625
0 0.553125 0.8890625 0.3921875 0.8890625 0.3921875 1.0 0.553125 1.0 0.553125 0.8890625
0 0.78125 0.66875 0.6109375 0.66875 0.6109375 0.8953125 0.78125 0.8953125 0.78125 0.66875
0 0.6140625 0.9796875 0.5703125 0.9796875 0.5703125 1.0 0.6140625 1.0 0.6140625 0.9796875
0 0.7046875 0.603125 0.453125 0.603125 0.453125 0.9359375 0.7046875 0.9359375 0.7046875 0.603125
0 0.8078125 0.75625 0.6484375 0.75625 0.6484375 0.8875 0.8078125 0.8875 0.8078125 0.75625
0 0.503125 0.7375 0.3765625 0.7375 0.3765625 0.884375 0.503125 0.884375 0.503125 0.7375
0 0.446875 0.553125 0.35 0.553125 0.35 0.70625 0.446875 0.70625 0.446875 0.553125
0 1.0 0.4234375 0.9390625 0.4234375 0.9390625 0.509375 1.0 0.509375 1.0 0.4234375
0 0.8234375 0.5734375 0.68125 0.5734375 0.68125 0.6609375 0.8234375 0.6609375 0.8234375 0.5734375
0 0.7578125 0.4859375 0.6015625 0.4859375 0.6015625 0.565625 0.7578125 0.565625 0.7578125 0.4859375
0 0.296875 0.3234375 0.1453125 0.3234375 0.1453125 0.415625 0.296875 0.415625 0.296875 0.3234375
0 0.1734375 0.0921875 0.06875 0.0921875 0.06875 0.1921875 0.1734375 0.1921875 0.1734375 0.0921875
0 0.8671875 0.9859375 0.8265625 0.9859375 0.8265625 1.0 0.8671875 1.0 0.8671875 0.9859375
0 1.0 0.9171875 0.9375 0.9171875 0.9375 1.0 1.0 1.0 1.0 0.9171875
0 0.809375 0.8609375 0.703125 0.8609375 0.703125 0.9671875 0.809375 0.9671875 0.809375 0.8609375
0 0.39375 0.1625 0.234375 0.1625 0.234375 0.3296875 0.39375 0.3296875 0.39375 0.1625
0 0.371875 0.03125 0.246875 0.03125 0.246875 0.1421875 0.371875 0.1421875 0.371875 0.03125
0 1.0 0.0015625 0.8671875 0.0015625 0.8671875 0.109375 1.0 0.109375 1.0 0.0015625
0 0.6375 0.88125 0.49375 0.88125 0.49375 1.0 0.6375 1.0 0.6375 0.88125
0 0.5953125 0.496875 0.4765625 0.496875 0.4765625 0.665625 0.5953125 0.665625 0.5953125 0.496875
0 0.2546875 0.0625 0.028125 0.0625 0.028125 0.5640625 0.2546875 0.5640625 0.2546875 0.0625
0 0.59375 0.1984375 0.465625 0.1984375 0.465625 0.3125 0.59375 0.3125 0.59375 0.1984375
0 0.41875 0.1765625 0.3125 0.1765625 0.3125 0.3015625 0.41875 0.3015625 0.41875 0.1765625
0 0.65 1.0 0.65 1.0 0.65 1.0 0.65 1.0 0.65 1.0
0 1.0 0.8234375 0.9703125 0.8234375 0.9703125 0.8921875 1.0 0.8921875 1.0 0.8234375
0 0.575 0.984375 0.4109375 0.984375 0.4109375 1.0 0.575 1.0 0.575 0.984375
0 0.8421875 0.9125 0.75625 0.9125 0.75625 1.0 0.8421875 1.0 0.8421875 0.9125
0 0.3 0.4140625 0.0015625 0.4140625 0.0015625 1.0 0.3 1.0 0.3 0.4140625
0 0.9734375 0.778125 0.815625 0.778125 0.815625 0.9453125 0.9734375 0.9453125 0.9734375 0.778125
0 0.3875 0.725 0.278125 0.725 0.278125 0.878125 0.3875 0.878125 0.3875 0.725
0 0.5828125 0.6890625 0.4171875 0.6890625 0.4171875 0.859375 0.5828125 0.859375 0.5828125 0.6890625
0 0.871875 0.6046875 0.5859375 0.6046875 0.5859375 0.86875 0.871875 0.86875 0.871875 0.6046875
0 0.109375 0.640625 0.0015625 0.640625 0.0015625 0.85 0.109375 0.85 0.109375 0.640625
0 1.0 0.61875 0.94375 0.61875 0.94375 0.715625 1.0 0.715625 1.0 0.61875
0 0.378125 0.396875 0.1671875 0.396875 0.1671875 0.5609375 0.378125 0.5609375 0.378125 0.396875
0 0.5140625 0.225 0.39375 0.225 0.39375 0.5578125 0.5140625 0.5578125 0.5140625 0.225
0 0.71875 0.3046875 0.5953125 0.3046875 0.5953125 0.509375 0.71875 0.509375 0.71875 0.3046875
0 1.0 0.0953125 0.8640625 0.0953125 0.8640625 0.4328125 1.0 0.4328125 1.0 0.0953125
0 0.3953125 0.3390625 0.275 0.3390625 0.275 0.465625 0.3953125 0.465625 0.3953125 0.3390625
0 0.6625 0.2890625 0.4578125 0.2890625 0.4578125 0.4625 0.6625 0.4625 0.6625 0.2890625
0 1.0 0.015625 0.953125 0.015625 0.953125 0.0546875 1.0 0.0546875 1.0 0.015625
0 0.634375 0.99375 0.615625 0.99375 0.615625 1.0 0.634375 1.0 0.634375 0.99375
0 0.425 0.875 0.3640625 0.875 0.3640625 1.0 0.425 1.0 0.425 0.875
0 0.425 0.415625 0.31875 0.415625 0.31875 0.5734375 0.425 0.5734375 0.425 0.415625
0 0.3265625 0.4265625 0.1703125 0.4265625 0.1703125 0.5421875 0.3265625 0.5421875 0.3265625 0.4265625
0 0.146875 0.190625 0.0015625 0.190625 0.0015625 0.4203125 0.146875 0.4203125 0.146875 0.190625
0 0.359375 0.1265625 0.2140625 0.1265625 0.2140625 0.378125 0.359375 0.378125 0.359375 0.1265625
0 0.33125 0.0015625 0.259375 0.0015625 0.259375 0.0203125 0.33125 0.0203125 0.33125 0.0015625
0 0.103125 0.728125 0.0015625 0.728125 0.0015625 0.8734375 0.103125 0.8734375 0.103125 0.728125
0 0.4796875 0.6421875 0.3609375 0.6421875 0.3609375 0.7890625 0.4796875 0.7890625 0.4796875 0.6421875
0 1.0 0.496875 0.9078125 0.496875 0.9078125 0.6390625 1.0 0.6390625 1.0 0.496875
0 0.4515625 0.1984375 0.3390625 0.1984375 0.3390625 0.40625 0.4515625 0.40625 0.4515625 0.1984375
0 0.3953125 0.0015625 0.0015625 0.0015625 0.0015625 1.0 0.3953125 1.0 0.3953125 0.0015625
0 0.5671875 0.8484375 0.409375 0.8484375 0.409375 0.965625 0.5671875 0.965625 0.5671875 0.8484375
0 0.3984375 0.534375 0.1703125 0.534375 0.1703125 0.7734375 0.3984375 0.7734375 0.3984375 0.534375
0 0.5578125 0.534375 0.4359375 0.534375 0.4359375 0.7125 0.5578125 0.7125 0.5578125 0.534375
0 0.628125 0.3265625 0.4578125 0.3265625 0.4578125 0.534375 0.628125 0.534375 0.628125 0.3265625
0 1.0 0.021875 0.3671875 0.021875 0.3671875 0.740625 1.0 0.740625 1.0 0.021875
0 1.0 0.1796875 0.93125 0.1796875 0.93125 0.4515625 1.0 0.4515625 1.0 0.1796875
0 0.9140625 0.796875 0.75 0.796875 0.75 0.959375 0.9140625 0.959375 0.9140625 0.796875
0 1.0 0.7125 0.859375 0.7125 0.859375 0.8671875 1.0 0.8671875 1.0 0.7125
0 1.0 0.028125 0.903125 0.028125 0.903125 0.18125 1.0 0.18125 1.0 0.028125
