0 0.665625 0.9640625 0.6203125 0.9640625 0.6203125 1.0 0.665625 1.0 0.665625 0.9640625
0 0.4703125 0.8578125 0.209375 0.8578125 0.209375 0.9828125 0.4703125 0.9828125 0.4703125 0.8578125
0 0.3609375 0.3609375 0.284375 0.3609375 0.284375 0.5171875 0.3609375 0.5171875 0.3609375 0.3609375
0 0.2828125 0.1625 0.16875 0.1625 0.16875 0.2484375 0.2828125 0.2484375 0.2828125 0.1625
0 0.1859375 0.0875 0.0125 0.0875 0.0125 0.2734375 0.1859375 0.2734375 0.1859375 0.0875
0 0.66875 0.0015625 0.565625 0.0015625 0.565625 0.1609375 0.66875 0.1609375 0.66875 0.0015625
0 0.1984375 0.725 0.065625 0.725 0.065625 0.825 0.1984375 0.825 0.1984375 0.725
0 0.3203125 0.9375 0.2203125 0.9375 0.2203125 1.0 0.3203125 1.0 0.3203125 0.9375
0 0.4 0.1 0.1140625 0.1 0.1140625 0.5609375 0.4 0.5609375 0.4 0.1
0 0.2765625 0.0015625 0.1359375 0.0015625 0.1359375 0.0453125 0.2765625 0.0453125 0.2765625 0.0015625
0 0.921875 0.79375 0.8359375 0.79375 0.8359375 0.975 0.921875 0.975 0.921875 0.79375
0 0.79375 0.4828125 0.65625 0.4828125 0.65625 0.571875 0.79375 0.571875 0.79375 0.4828125
0 0.5578125 0.8515625 0.0265625 0.8515625 0.0265625 1.0 0.5578125 1.0 0.5578125 0.8515625
0 0.55625 0.0015625 0.075 0.0015625 0.075 0.8921875 0.55625 0.8921875 0.55625 0.0015625
0 0.2 0.68125 0.0015625 0.68125 0.0015625 0.8609375 0.2 0.8609375 0.2 0.68125
0 0.209375 0.4078125 0.0859375 0.4078125 0.0859375 0.60625 0.209375 0.60625 0.209375 0.4078125
0 1.0 0.0015625 0.4421875 0.0015625 0.4421875 1.0 1.0 1.0 1.0 0.0015625
0 0.6625 0.95 0.603125 0.95 0.603125 1.0 0.6625 1.0 0.6625 0.95
