0 1.0 0.4984375 0.8578125 0.4984375 0.8578125 0.6484375 1.0 0.6484375 1.0 0.4984375
0 0.4421875 0.234375 0.31875 0.234375 0.31875 0.3328125 0.4421875 0.3328125 0.4421875 0.234375
0 0.8265625 0.0109375 0.559375 0.0109375 0.559375 0.40625 0.8265625 0.40625 0.8265625 0.0109375
0 0.5484375 0.0015625 0.4625 0.0015625 0.4625 0.096875 0.5484375 0.096875 0.5484375 0.0015625
0 0.8859375 0.3484375 0.771875 0.3484375 0.771875 0.4609375 0.8859375 0.4609375 0.8859375 0.3484375
0 0.3953125 0.884375 0.246875 0.884375 0.246875 1.0 0.3953125 1.0 0.3953125 0.884375
0 0.95 0.403125 0.853125 0.403125 0.853125 0.5078125 0.95 0.5078125 0.95 0.403125
0 0.896875 0.3078125 0.7171875 0.3078125 0.7171875 0.471875 0.896875 0.471875 0.896875 0.3078125
0 1.0 0.228125 0.925 0.228125 0.925 0.44375 1.0 0.44375 1.0 0.228125
0 0.2140625 0.9875 0.140625 0.9875 0.140625 1.0 0.2140625 1.0 0.2140625 0.9875
0 0.9 0.8796875 0.7265625 0.8796875 0.7265625 0.98125 0.9 0.98125 0.9 0.8796875
0 1.0 0.765625 0.896875 0.765625 0.896875 0.8609375 1.0 0.8609375 1.0 0.765625
0 0.9609375 0.1328125 0.6984375 0.1328125 0.6984375 0.3734375 0.9609375 0.3734375 0.9609375 0.1328125
0 1.0 0.109375 0.9234375 0.109375 0.9234375 0.290625 1.0 0.290625 1.0 0.109375
0 1.0 0.5640625 0.9734375 0.5640625 0.9734375 0.7203125 1.0 0.7203125 1.0 0.5640625
0 0.8734375 0.9625 0.653125 0.9625 0.653125 1.0 0.8734375 1.0 0.8734375 0.9625
0 1.0 0.8125 0.846875 0.8125 0.846875 0.9453125 1.0 0.9453125 1.0 0.8125
0 0.4625 0.159375 0.365625 0.159375 0.365625 0.328125 0.4625 0.328125 0.4625 0.159375
0 0.740625 0.0015625 0.5171875 0.0015625 0.5171875 0.2578125 0.740625 0.2578125 0.740625 0.0015625
0 0.5046875 0.0671875 0.2703125 0.0671875 0.2703125 0.1859375 0.5046875 0.1859375 0.5046875 0.0671875
0 1.0 0.1078125 0.93125 0.1078125 0.93125 0.2109375 1.0 0.2109375 1.0 0.1078125
0 1.0 0.290625 0.9625 0.290625 0.9625 0.4 1.0 0.4 1.0 0.290625
0 0.59375 0.00625 0.4171875 0.00625 0.4171875 0.16875 0.59375 0.16875 0.59375 0.00625
0 0.0734375 0.8484375 0.0015625 0.8484375 0.0015625 1.0 0.0734375 1.0 0.0734375 0.8484375
0 1.0 0.978125 0.9875 0.978125 0.9875 0.9875 1.0 0.9875 1.0 0.978125
0 0.8828125 0.0015625 0.80625 0.0015625 0.80625 0.121875 0.8828125 0.121875 0.8828125 0.0015625
0 1.0 0.021875 0.9359375 0.021875 0.9359375 0.0796875 1.0 0.0796875 1.0 0.021875
0 0.9859375 0.1328125 0.8203125 0.1328125 0.8203125 0.296875 0.9859375 0.296875 0.9859375 0.1328125
0 0.05625 0.1375 0.0015625 0.1375 0.0015625 0.54375 0.05625 0.54375 0.05625 0.1375
0 0.246875 0.203125 0.0890625 0.203125 0.0890625 0.2875 0.246875 0.2875 0.246875 0.203125
0 0.434375 0.078125 0.2265625 0.078125 0.2265625 0.2109375 0.434375 0.2109375 0.434375 0.078125
0 0.0828125 0.0015625 0.08125 0.0015625 0.08125 0.0015625 0.0828125 0.0015625 0.0828125 0.0015625
0 1.0 0.0015625 0.7921875 0.0015625 0.7921875 0.1640625 1.0 0.1640625 1.0 0.0015625
