0 1.0 0.43125 0.86875 0.43125 0.86875 0.5125 1.0 0.5125 1.0 0.43125
0 0.8578125 0.3046875 0.8046875 0.3046875 0.8046875 0.5421875 0.8578125 0.5421875 0.8578125 0.3046875
0 0.146875 0.3328125 0.0015625 0.3328125 0.0015625 0.60625 0.146875 0.60625 0.146875 0.3328125
0 0.5703125 0.753125 0.3125 0.753125 0.3125 0.921875 0.5703125 0.921875 0.5703125 0.753125
0 0.5828125 0.603125 0.3796875 0.603125 0.3796875 0.7328125 0.5828125 0.7328125 0.5828125 0.603125
0 0.9515625 0.575 0.8921875 0.575 0.8921875 0.796875 0.9515625 0.796875 0.9515625 0.575
0 0.8453125 0.11875 0.425 0.11875 0.425 0.60625 0.8453125 0.60625 0.8453125 0.11875
0 1.0 0.4890625 0.9375 0.4890625 0.9375 0.5453125 1.0 0.5453125 1.0 0.4890625
0 1.0 0.028125 0.8484375 0.028125 0.8484375 0.4203125 1.0 0.4203125 1.0 0.028125
0 0.8828125 0.0015625 0.828125 0.0015625 0.828125 0.103125 0.8828125 0.103125 0.8828125 0.0015625
0 1.0 0.0015625 0.0015625 0.0015625 0.0015625 1.0 1.0 1.0 1.0 0.0015625
0 0.81875 0.1640625 0.4640625 0.1640625 0.4640625 0.4171875 0.81875 0.4171875 0.81875 0.1640625
