0 0.2625 0.0546875 0.06875 0.0546875 0.06875 0.2015625 0.2625 0.2015625 0.2625 0.0546875
0 0.4828125 0.0703125 0.3359375 0.0703125 0.3359375 0.34375 0.4828125 0.34375 0.4828125 0.0703125
0 0.3640625 0.0515625 0.09375 0.0515625 0.09375 0.221875 0.3640625 0.221875 0.3640625 0.0515625
0 0.0921875 0.15625 0.0015625 0.15625 0.0015625 0.334375 0.0921875 0.334375 0.0921875 0.15625
0 0.13125 0.5359375 0.0015625 0.5359375 0.0015625 0.6421875 0.13125 0.6421875 0.13125 0.5359375
0 0.071875 0.3984375 0.0015625 0.3984375 0.0015625 0.521875 0.071875 0.521875 0.071875 0.3984375
0 0.3484375 0.171875 0.178125 0.171875 0.178125 0.28125 0.3484375 0.28125 0.3484375 0.171875
0 0.11875 0.4984375 0.0015625 0.4984375 0.0015625 0.559375 0.11875 0.559375 0.11875 0.4984375
0 0.065625 0.325 0.0015625 0.325 0.0015625 0.446875 0.065625 0.446875 0.065625 0.325
0 0.4953125 0.028125 0.2703125 0.028125 0.2703125 0.303125 0.4953125 0.303125 0.4953125 0.028125
0 0.090625 0.0015625 0.0015625 0.0015625 0.0015625 0.19375 0.090625 0.19375 0.090625 0.0015625
0 0.2515625 0.1 0.109375 0.1 0.109375 0.1953125 0.2515625 0.1953125 0.2515625 0.1
0 0.4421875 0.0203125 0.084375 0.0203125 0.084375 0.1328125 0.4421875 0.1328125 0.4421875 0.0203125
