0 0.2359375 0.1546875 0.0015625 0.1546875 0.0015625 0.4703125 0.2359375 0.4703125 0.2359375 0.1546875
0 0.15 0.509375 0.078125 0.509375 0.078125 0.7609375 0.15 0.7609375 0.15 0.509375
0 0.190625 0.409375 0.0046875 0.409375 0.0046875 0.5890625 0.190625 0.5890625 0.190625 0.409375
0 0.1203125 0.0015625 0.0359375 0.0015625 0.0359375 0.1015625 0.1203125 0.1015625 0.1203125 0.0015625
0 1.0 0.76875 0.990625 0.76875 0.990625 1.0 1.0 1.0 1.0 0.76875
0 0.3703125 0.7375 0.275 0.7375 0.275 0.9 0.3703125 0.9 0.3703125 0.7375
0 0.29375 0.0015625 0.234375 0.0015625 0.234375 0.1078125 0.29375 0.1078125 0.29375 0.0015625
0 1.0 0.7234375 0.85625 0.7234375 0.85625 1.0 1.0 1.0 1.0 0.7234375
0 1.0 0.5921875 0.98125 0.5921875 0.98125 0.678125 1.0 0.678125 1.0 0.5921875
0 0.9921875 0.5859375 0.8546875 0.5859375 0.8546875 0.778125 0.9921875 0.778125 0.9921875 0.5859375
0 0.0609375 0.0015625 0.00625 0.0015625 0.00625 0.128125 0.0609375 0.128125 0.0609375 0.0015625
0 0.1375 0.0015625 0.0625 0.0015625 0.0625 0.0875 0.1375 0.0875 0.1375 0.0015625
0 0.1953125 0.7796875 0.0015625 0.7796875 0.0015625 0.9703125 0.1953125 0.9703125 0.1953125 0.7796875
0 0.7640625 0.690625 0.6828125 0.690625 0.6828125 1.0 0.7640625 1.0 0.7640625 0.690625
0 0.2359375 0.8953125 0.0171875 0.8953125 0.0171875 1.0 0.2359375 1.0 0.2359375 0.8953125
0 0.365625 0.0015625 0.340625 0.0015625 0.340625 0.021875 0.365625 0.021875 0.365625 0.0015625
0 0.3578125 0.0515625 0.2890625 0.0515625 0.2890625 0.3 0.3578125 0.3 0.3578125 0.0515625
0 0.621875 0.0015625 0.5421875 0.0015625 0.5421875 0.325 0.621875 0.325 0.621875 0.0015625
0 0.4546875 0.459375 0.353125 0.459375 0.353125 0.55 0.4546875 0.55 0.4546875 0.459375
0 0.471875 0.2625 0.353125 0.2625 0.353125 0.48125 0.471875 0.48125 0.471875 0.2625
0 0.909375 0.8515625 0.834375 0.8515625 0.834375 1.0 0.909375 1.0 0.909375 0.8515625
0 0.5109375 0.9234375 0.4171875 0.9234375 0.4171875 1.0 0.5109375 1.0 0.5109375 0.9234375
0 0.3921875 0.0015625 0.190625 0.0015625 0.190625 0.4234375 0.3921875 0.4234375 0.3921875 0.0015625
0 0.2875 0.4765625 0.0015625 0.4765625 0.0015625 1.0 0.2875 1.0 0.2875 0.4765625
0 0.0609375 0.3484375 0.0015625 0.3484375 0.0015625 0.4234375 0.0609375 0.4234375 0.0609375 0.3484375
0 0.0828125 0.4125 0.0015625 0.4125 0.0015625 0.640625 0.0828125 0.640625 0.0828125 0.4125
0 0.31875 0.0015625 0.0015625 0.0015625 0.0015625 0.4703125 0.31875 0.4703125 0.31875 0.0015625
0 0.5953125 0.59375 0.3015625 0.59375 0.3015625 1.0 0.5953125 1.0 0.5953125 0.59375
0 0.5953125 0.0015625 0.434375 0.0015625 0.434375 0.56875 0.5953125 0.56875 0.5953125 0.0015625
0 0.409375 0.253125 0.3359375 0.253125 0.3359375 0.425 0.409375 0.425 0.409375 0.253125
0 0.4265625 0.0375 0.34375 0.0375 0.34375 0.209375 0.4265625 0.209375 0.4265625 0.0375
0 0.2234375 0.109375 0.1515625 0.109375 0.1515625 0.2109375 0.2234375 0.2109375 0.2234375 0.109375
0 0.3375 0.0015625 0.284375 0.0015625 0.284375 0.15 0.3375 0.15 0.3375 0.0015625
0 0.878125 0.834375 0.7375 0.834375 0.7375 1.0 0.878125 1.0 0.878125 0.834375
0 0.8609375 0.5796875 0.621875 0.5796875 0.621875 0.8203125 0.8609375 0.8203125 0.8609375 0.5796875
0 0.9609375 0.496875 0.6265625 0.496875 0.6265625 0.5734375 0.9609375 0.5734375 0.9609375 0.496875
0 1.0 0.5453125 0.9421875 0.5453125 0.9421875 0.5734375 1.0 0.5734375 1.0 0.5453125
0 1.0 0.103125 0.7453125 0.103125 0.7453125 0.4875 1.0 0.4875 1.0 0.103125
0 0.765625 0.0015625 0.5984375 0.0015625 0.5984375 0.384375 0.765625 0.384375 0.765625 0.0015625
0 0.5609375 0.628125 0.4875 0.628125 0.4875 0.9234375 0.5609375 0.9234375 0.5609375 0.628125
0 0.3484375 0.796875 0.2234375 0.796875 0.2234375 0.95625 0.3484375 0.95625 0.3484375 0.796875
0 0.0390625 0.6828125 0.0015625 0.6828125 0.0015625 0.728125 0.0390625 0.728125 0.0390625 0.6828125
0 0.825 0.478125 0.584375 0.478125 0.584375 0.6 0.825 0.6 0.825 0.478125
0 1.0 0.0984375 0.9953125 0.0984375 0.9953125 0.1078125 1.0 0.1078125 1.0 0.0984375
0 0.9484375 0.0390625 0.81875 0.0390625 0.81875 0.2375 0.9484375 0.2375 0.9484375 0.0390625
0 0.2265625 0.0015625 0.209375 0.0015625 0.209375 0.015625 0.2265625 0.015625 0.2265625 0.0015625
0 0.5203125 0.2421875 0.0015625 0.2421875 0.0015625 0.584375 0.5203125 0.584375 0.5203125 0.2421875
0 0.10625 0.5984375 0.0015625 0.5984375 0.0015625 0.671875 0.10625 0.671875 0.10625 0.5984375
0 0.415625 0.321875 0.0015625 0.321875 0.0015625 0.7296875 0.415625 0.7296875 0.415625 0.321875
0 0.4390625 0.75625 0.240625 0.75625 0.240625 1.0 0.4390625 1.0 0.4390625 0.75625
0 0.5984375 0.575 0.4375 0.575 0.4375 0.7328125 0.5984375 0.7328125 0.5984375 0.575
0 0.5015625 0.2546875 0.4109375 0.2546875 0.4109375 0.471875 0.5015625 0.471875 0.5015625 0.2546875
0 0.4109375 0.1890625 0.328125 0.1890625 0.328125 0.328125 0.4109375 0.328125 0.4109375 0.1890625
0 1.0 0.5265625 0.8109375 0.5265625 0.8109375 0.8359375 1.0 0.8359375 1.0 0.5265625
0 0.7078125 0.0015625 0.6671875 0.0015625 0.6671875 0.0640625 0.7078125 0.0640625 0.7078125 0.0015625
0 0.6875 0.9546875 0.61875 0.9546875 0.61875 1.0 0.6875 1.0 0.6875 0.9546875
0 0.3671875 0.3578125 0.21875 0.3578125 0.21875 0.5109375 0.3671875 0.5109375 0.3671875 0.3578125
0 0.45625 0.0296875 0.4 0.0296875 0.4 0.2796875 0.45625 0.2796875 0.45625 0.0296875
