0 0.33125 0.4265625 0.234375 0.4265625 0.234375 0.528125 0.33125 0.528125 0.33125 0.4265625
0 0.8984375 0.940625 0.834375 0.940625 0.834375 1.0 0.8984375 1.0 0.8984375 0.940625
0 0.46875 0.525 0.2625 0.525 0.2625 0.690625 0.46875 0.690625 0.46875 0.525
0 0.6328125 0.0015625 0.4859375 0.0015625 0.4859375 0.1296875 0.6328125 0.1296875 0.6328125 0.0015625
0 0.296875 0.45625 0.0953125 0.45625 0.0953125 0.64375 0.296875 0.64375 0.296875 0.45625
0 0.8828125 0.653125 0.6265625 0.653125 0.6265625 1.0 0.8828125 1.0 0.8828125 0.653125
0 0.734375 0.44375 0.353125 0.44375 0.353125 1.0 0.734375 1.0 0.734375 0.44375
0 0.76875 0.2109375 0.6953125 0.2109375 0.6953125 0.4 0.76875 0.4 0.76875 0.2109375
0 0.340625 0.1890625 0.0015625 0.1890625 0.0015625 1.0 0.340625 1.0 0.340625 0.1890625
0 0.4609375 0.7140625 0.3375 0.7140625 0.3375 0.8671875 0.4609375 0.8671875 0.4609375 0.7140625
0 0.4796875 0.571875 0.3296875 0.571875 0.3296875 0.7203125 0.4796875 0.7203125 0.4796875 0.571875
0 0.4421875 0.5078125 0.2125 0.5078125 0.2125 0.578125 0.4421875 0.578125 0.4421875 0.5078125
0 0.371875 0.0015625 0.35625 0.0015625 0.35625 0.0234375 0.371875 0.0234375 0.371875 0.0015625
0 0.940625 0.0015625 0.84375 0.0015625 0.84375 0.075 0.940625 0.075 0.940625 0.0015625
0 1.0 0.0234375 0.5078125 0.0234375 0.5078125 1.0 1.0 1.0 1.0 0.0234375
0 0.95 0.0140625 0.725 0.0140625 0.725 0.4453125 0.95 0.4453125 0.95 0.0140625
0 0.7125 0.0484375 0.484375 0.0484375 0.484375 0.246875 0.7125 0.246875 0.7125 0.0484375
