0 1.0 0.6234375 0.996875 0.6234375 0.996875 0.6328125 1.0 0.6328125 1.0 0.6234375
0 0.159375 0.3234375 0.0671875 0.3234375 0.0671875 0.5 0.159375 0.5 0.159375 0.3234375
0 0.825 0.1359375 0.7578125 0.1359375 0.7578125 0.2609375 0.825 0.2609375 0.825 0.1359375
0 1.0 0.55625 0.9921875 0.55625 0.9921875 0.575 1.0 0.575 1.0 0.55625
0 0.103125 0.95625 0.0296875 0.95625 0.0296875 1.0 0.103125 1.0 0.103125 0.95625
0 0.4984375 0.63125 0.3328125 0.63125 0.3328125 0.8859375 0.4984375 0.8859375 0.4984375 0.63125
0 0.4140625 0.4953125 0.240625 0.4953125 0.240625 0.7296875 0.4140625 0.7296875 0.4140625 0.4953125
0 0.353125 0.34375 0.1671875 0.34375 0.1671875 0.46875 0.353125 0.46875 0.353125 0.34375
0 0.5828125 0.1234375 0.45 0.1234375 0.45 0.4078125 0.5828125 0.4078125 0.5828125 0.1234375
0 0.671875 0.0171875 0.5578125 0.0171875 0.5578125 0.3375 0.671875 0.3375 0.671875 0.0171875
0 0.415625 0.128125 0.246875 0.128125 0.246875 0.2890625 0.415625 0.2890625 0.415625 0.128125
0 0.496875 0.0078125 0.3859375 0.0078125 0.3859375 0.2359375 0.496875 0.2359375 0.496875 0.0078125
0 0.8640625 0.0015625 0.7734375 0.0015625 0.7734375 0.1234375 0.8640625 0.1234375 0.8640625 0.0015625
0 0.703125 0.0015625 0.6421875 0.0015625 0.6421875 0.071875 0.703125 0.071875 0.703125 0.0015625
0 0.15625 0.9734375 0.0921875 0.9734375 0.0921875 1.0 0.15625 1.0 0.15625 0.9734375
0 0.340625 0.8734375 0.090625 0.8734375 0.090625 1.0 0.340625 1.0 0.340625 0.8734375
0 0.0265625 0.8015625 0.0015625 0.8015625 0.0015625 0.8953125 0.0265625 0.8953125 0.0265625 0.8015625
0 0.4984375 0.46875 0.0015625 0.46875 0.0015625 1.0 0.4984375 1.0 0.4984375 0.46875
0 0.0671875 0.4421875 0.0015625 0.4421875 0.0015625 0.7953125 0.0671875 0.7953125 0.0671875 0.4421875
0 0.2734375 0.4328125 0.05 0.4328125 0.05 0.5984375 0.2734375 0.5984375 0.2734375 0.4328125
0 0.1703125 0.2046875 0.0421875 0.2046875 0.0421875 0.4140625 0.1703125 0.4140625 0.1703125 0.2046875
0 0.6765625 0.9390625 0.6234375 0.9390625 0.6234375 1.0 0.6765625 1.0 0.6765625 0.9390625
0 0.5875 0.8734375 0.49375 0.8734375 0.49375 1.0 0.5875 1.0 0.5875 0.8734375
0 0.75 0.7671875 0.6234375 0.7671875 0.6234375 0.9796875 0.75 0.9796875 0.75 0.7671875
0 0.503125 0.5921875 0.396875 0.5921875 0.396875 0.7125 0.503125 0.7125 0.503125 0.5921875
0 0.5609375 0.3390625 0.2765625 0.3390625 0.2765625 0.521875 0.5609375 0.521875 0.5609375 0.3390625
0 0.846875 0.03125 0.490625 0.03125 0.490625 0.415625 0.846875 0.415625 0.846875 0.03125
0 0.9390625 0.078125 0.84375 0.078125 0.84375 0.328125 0.9390625 0.328125 0.9390625 0.078125
0 1.0 0.1453125 0.9234375 0.1453125 0.9234375 0.2828125 1.0 0.2828125 1.0 0.1453125
0 0.5171875 0.0015625 0.3390625 0.0015625 0.3390625 0.1609375 0.5171875 0.1609375 0.5171875 0.0015625
0 0.740625 0.0015625 0.69375 0.0015625 0.69375 0.0265625 0.740625 0.0265625 0.740625 0.0015625
0 1.0 0.4359375 0.878125 0.4359375 0.878125 0.7171875 1.0 0.7171875 1.0 0.4359375
0 0.559375 0.6875 0.4734375 0.6875 0.4734375 0.8921875 0.559375 0.8921875 0.559375 0.6875
0 1.0 0.0015625 0.9625 0.0015625 0.9625 0.025 1.0 0.025 1.0 0.0015625
0 0.4984375 0.0015625 0.0015625 0.0015625 0.0015625 0.5390625 0.4984375 0.5390625 0.4984375 0.0015625
0 1.0 0.396875 0.4765625 0.396875 0.4765625 1.0 1.0 1.0 1.0 0.396875
0 0.4625 0.5171875 0.2796875 0.5171875 0.2796875 0.8796875 0.4625 0.8796875 0.4625 0.5171875
0 1.0 0.0015625 0.4640625 0.0015625 0.4640625 0.39375 1.0 0.39375 1.0 0.0015625
0 0.30625 0.8609375 0.075 0.8609375 0.075 0.971875 0.30625 0.971875 0.30625 0.8609375
