0 0.3140625 0.078125 0.175 0.078125 0.175 0.1984375 0.3140625 0.1984375 0.3140625 0.078125
0 0.4375 0.378125 0.2953125 0.378125 0.2953125 0.6515625 0.4375 0.6515625 0.4375 0.378125
0 0.321875 0.1359375 0.21875 0.1359375 0.21875 0.3046875 0.321875 0.3046875 0.321875 0.1359375
0 0.4125 0.0015625 0.3109375 0.0015625 0.3109375 0.075 0.4125 0.075 0.4125 0.0015625
0 0.7140625 0.4640625 0.5953125 0.4640625 0.5953125 0.68125 0.7140625 0.68125 0.7140625 0.4640625
0 0.9421875 0.0296875 0.8375 0.0296875 0.8375 0.215625 0.9421875 0.215625 0.9421875 0.0296875
0 0.83125 0.0015625 0.7203125 0.0015625 0.7203125 0.08125 0.83125 0.08125 0.83125 0.0015625
0 0.0015625 0.315625 0.0015625 0.315625 0.0015625 0.3203125 0.0015625 0.3203125 0.0015625 0.315625
0 0.5234375 0.5953125 0.4203125 0.5953125 0.4203125 0.734375 0.5234375 0.734375 0.5234375 0.5953125
0 1.0 0.5203125 0.990625 0.5203125 0.990625 0.5421875 1.0 0.5421875 1.0 0.5203125
0 0.16875 0.1546875 0.0359375 0.1546875 0.0359375 0.3265625 0.16875 0.3265625 0.16875 0.1546875
0 0.5234375 0.0015625 0.2640625 0.0015625 0.2640625 0.15625 0.5234375 0.15625 0.5234375 0.0015625
0 1.0 0.4734375 0.9828125 0.4734375 0.9828125 0.5203125 1.0 0.5203125 1.0 0.4734375
0 0.95625 0.3484375 0.834375 0.3484375 0.834375 0.453125 0.95625 0.453125 0.95625 0.3484375
0 0.6375 0.509375 0.5234375 0.509375 0.5234375 0.634375 0.6375 0.634375 0.6375 0.509375
0 0.375 0.425 0.2859375 0.425 0.2859375 0.525 0.375 0.525 0.375 0.425
0 0.3890625 0.1015625 0.2078125 0.1015625 0.2078125 0.38125 0.3890625 0.38125 0.3890625 0.1015625
0 0.5921875 0.071875 0.45 0.071875 0.45 0.215625 0.5921875 0.215625 0.5921875 0.071875
0 0.6125 0.0015625 0.525 0.0015625 0.525 0.065625 0.6125 0.065625 0.6125 0.0015625
0 1.0 0.6734375 0.925 0.6734375 0.925 0.784375 1.0 0.784375 1.0 0.6734375
0 1.0 0.2375 0.60625 0.2375 0.60625 0.425 1.0 0.425 1.0 0.2375
0 0.88125 0.0015625 0.8125 0.0015625 0.8125 0.0625 0.88125 0.0625 0.88125 0.0015625
0 0.5453125 0.771875 0.365625 0.771875 0.365625 0.903125 0.5453125 0.903125 0.5453125 0.771875
0 0.6390625 0.3015625 0.5328125 0.3015625 0.5328125 0.4421875 0.6390625 0.4421875 0.6390625 0.3015625
0 0.40625 0.2296875 0.2765625 0.2296875 0.2765625 0.3703125 0.40625 0.3703125 0.40625 0.2296875
0 0.8703125 0.0609375 0.3875 0.0609375 0.3875 0.290625 0.8703125 0.290625 0.8703125 0.0609375
0 0.3046875 0.359375 0.25 0.359375 0.25 0.5078125 0.3046875 0.5078125 0.3046875 0.359375
0 0.8640625 0.4140625 0.73125 0.4140625 0.73125 0.5484375 0.8640625 0.5484375 0.8640625 0.4140625
0 0.484375 0.128125 0.3640625 0.128125 0.3640625 0.2828125 0.484375 0.2828125 0.484375 0.128125
0 0.425 0.0015625 0.396875 0.0015625 0.396875 0.0109375 0.425 0.0109375 0.425 0.0015625
0 0.4625 0.8140625 0.3328125 0.8140625 0.3328125 0.99375 0.4625 0.99375 0.4625 0.8140625
0 0.221875 0.4640625 0.1578125 0.4640625 0.1578125 0.5953125 0.221875 0.5953125 0.221875 0.4640625
0 0.71875 0.375 0.6203125 0.375 0.6203125 0.6265625 0.71875 0.6265625 0.71875 0.375
0 0.4796875 0.3609375 0.3515625 0.3609375 0.3515625 0.4515625 0.4796875 0.4515625 0.4796875 0.3609375
0 0.6421875 0.26875 0.4265625 0.26875 0.4265625 0.4859375 0.6421875 0.4859375 0.6421875 0.26875
0 0.1640625 0.515625 0.025 0.515625 0.025 0.615625 0.1640625 0.615625 0.1640625 0.515625
0 0.16875 0.196875 0.0703125 0.196875 0.0703125 0.3359375 0.16875 0.3359375 0.16875 0.196875
0 0.625 0.0015625 0.4390625 0.0015625 0.4390625 0.1125 0.625 0.1125 0.625 0.0015625
0 0.853125 0.5515625 0.578125 0.5515625 0.578125 0.740625 0.853125 0.740625 0.853125 0.5515625
0 0.596875 0.4546875 0.496875 0.4546875 0.496875 0.6046875 0.596875 0.6046875 0.596875 0.4546875
0 0.240625 0.3609375 0.1359375 0.3609375 0.1359375 0.6015625 0.240625 0.6015625 0.240625 0.3609375
0 0.859375 0.128125 0.4015625 0.128125 0.4015625 0.4046875 0.859375 0.4046875 0.859375 0.128125
0 0.4546875 0.2328125 0.36875 0.2328125 0.36875 0.3796875 0.4546875 0.3796875 0.4546875 0.2328125
0 0.79375 0.0015625 0.653125 0.0015625 0.653125 0.1359375 0.79375 0.1359375 0.79375 0.0015625
0 1.0 0.0015625 0.878125 0.0015625 0.878125 0.184375 1.0 0.184375 1.0 0.0015625
0 0.94375 0.125 0.75625 0.125 0.75625 0.309375 0.94375 0.309375 0.94375 0.125
0 1.0 0.0015625 0.0015625 0.0015625 0.0015625 1.0 1.0 1.0 1.0 0.0015625
0 0.56875 0.4515625 0.428125 0.4515625 0.428125 0.66875 0.56875 0.66875 0.56875 0.4515625
0 0.3796875 0.965625 0.2453125 0.965625 0.2453125 1.0 0.3796875 1.0 0.3796875 0.965625
0 0.23125 0.0015625 0.1328125 0.0015625 0.1328125 0.2890625 0.23125 0.2890625 0.23125 0.0015625
