0 1.0 0.0015625 0.9171875 0.0015625 0.9171875 0.203125 1.0 0.203125 1.0 0.0015625
0 0.896875 0.625 0.803125 0.625 0.803125 1.0 0.896875 1.0 0.896875 0.625
0 1.0 0.7859375 0.9234375 0.7859375 0.9234375 0.925 1.0 0.925 1.0 0.7859375
0 0.8390625 0.7171875 0.7453125 0.7171875 0.7453125 0.825 0.8390625 0.825 0.8390625 0.7171875
0 1.0 0.61875 0.95625 0.61875 0.95625 0.79375 1.0 0.79375 1.0 0.61875
0 1.0 0.253125 0.94375 0.253125 0.94375 0.446875 1.0 0.446875 1.0 0.253125
0 1.0 0.75625 0.98125 0.75625 0.98125 0.8546875 1.0 0.8546875 1.0 0.75625
0 1.0 0.6453125 0.9046875 0.6453125 0.9046875 0.7484375 1.0 0.7484375 1.0 0.6453125
0 1.0 0.8296875 0.9 0.8296875 0.9 1.0 1.0 1.0 1.0 0.8296875
0 1.0 0.421875 0.878125 0.421875 0.878125 0.8328125 1.0 0.8328125 1.0 0.421875
0 0.903125 0.9234375 0.7890625 0.9234375 0.7890625 1.0 0.903125 1.0 0.903125 0.9234375
0 1.0 0.9046875 0.928125 0.9046875 0.928125 1.0 1.0 1.0 1.0 0.9046875
0 0.8625 0.784375 0.765625 0.784375 0.765625 0.9671875 0.8625 0.9671875 0.8625 0.784375
0 1.0 0.2234375 0.91875 0.2234375 0.91875 0.3515625 1.0 0.3515625 1.0 0.2234375
0 0.959375 0.6609375 0.8625 0.6609375 0.8625 1.0 0.959375 1.0 0.959375 0.6609375
0 0.803125 0.703125 0.7171875 0.703125 0.7171875 1.0 0.803125 1.0 0.803125 0.703125
0 1.0 0.23125 0.9828125 0.23125 0.9828125 0.2375 1.0 0.2375 1.0 0.23125
0 1.0 0.0015625 0.9625 0.0015625 0.9625 0.0703125 1.0 0.0703125 1.0 0.0015625
