0 0.1953125 0.346875 0.0015625 0.346875 0.0015625 0.5375 0.1953125 0.5375 0.1953125 0.346875
0 0.14375 0.525 0.0375 0.525 0.0375 0.6421875 0.14375 0.6421875 0.14375 0.525
0 0.0609375 0.0015625 0.0015625 0.0015625 0.0015625 0.09375 0.0609375 0.09375 0.0609375 0.0015625
0 0.740625 0.98125 0.6875 0.98125 0.6875 1.0 0.740625 1.0 0.740625 0.98125
0 1.0 0.646875 0.9953125 0.646875 0.9953125 0.659375 1.0 0.659375 1.0 0.646875
0 0.34375 0.3265625 0.25 0.3265625 0.25 0.471875 0.34375 0.471875 0.34375 0.3265625
0 0.1484375 0.175 0.0359375 0.175 0.0359375 0.3140625 0.1484375 0.3140625 0.1484375 0.175
0 0.2203125 0.8703125 0.1921875 0.8703125 0.1921875 1.0 0.2203125 1.0 0.2203125 0.8703125
0 0.4765625 0.396875 0.35 0.396875 0.35 0.7671875 0.4765625 0.7671875 0.4765625 0.396875
0 0.1921875 0.3921875 0.065625 0.3921875 0.065625 0.5859375 0.1921875 0.5859375 0.1921875 0.3921875
0 1.0 0.35 0.975 0.35 0.975 0.4125 1.0 0.4125 1.0 0.35
0 1.0 0.125 0.8671875 0.125 0.8671875 0.334375 1.0 0.334375 1.0 0.125
0 0.1453125 0.7828125 0.046875 0.7828125 0.046875 0.95 0.1453125 0.95 0.1453125 0.7828125
0 0.5625 0.575 0.4421875 0.575 0.4421875 0.74375 0.5625 0.74375 0.5625 0.575
0 0.103125 0.5 0.0015625 0.5 0.0015625 0.6 0.103125 0.6 0.103125 0.5
0 0.240625 0.3546875 0.184375 0.3546875 0.184375 0.496875 0.240625 0.496875 0.240625 0.3546875
0 0.190625 0.2671875 0.0015625 0.2671875 0.0015625 0.4140625 0.190625 0.4140625 0.190625 0.2671875
0 0.1484375 0.0234375 0.0015625 0.0234375 0.0015625 0.175 0.1484375 0.175 0.1484375 0.0234375
0 0.265625 0.0015625 0.1890625 0.0015625 0.1890625 0.109375 0.265625 0.109375 0.265625 0.0015625
0 0.0890625 0.0015625 0.0546875 0.0015625 0.0546875 0.0421875 0.0890625 0.0421875 0.0890625 0.0015625
0 0.9875 0.9703125 0.921875 0.9703125 0.921875 1.0 0.9875 1.0 0.9875 0.9703125
0 0.828125 0.0015625 0.740625 0.0015625 0.740625 0.146875 0.828125 0.146875 0.828125 0.0015625
0 0.0078125 0.9953125 0.0015625 0.9953125 0.0015625 1.0 0.0078125 1.0 0.0078125 0.9953125
0 0.1984375 0.5875 0.0015625 0.5875 0.0015625 0.9765625 0.1984375 0.9765625 0.1984375 0.5875
0 0.0625 0.15625 0.0015625 0.15625 0.0015625 0.321875 0.0625 0.321875 0.0625 0.15625
0 0.0046875 0.0015625 0.0015625 0.0015625 0.0015625 0.0046875 0.0046875 0.0046875 0.0046875 0.0015625
0 0.203125 0.8578125 0.10625 0.8578125 0.10625 1.0 0.203125 1.0 0.203125 0.8578125
0 0.7640625 0.8125 0.5328125 0.8125 0.5328125 1.0 0.7640625 1.0 0.7640625 0.8125
0 0.3703125 0.9578125 0.3328125 0.9578125 0.3328125 1.0 0.3703125 1.0 0.3703125 0.9578125
0 0.6015625 0.0015625 0.215625 0.0015625 0.215625 1.0 0.6015625 1.0 0.6015625 0.0015625
0 0.2703125 0.865625 0.2078125 0.865625 0.2078125 1.0 0.2703125 1.0 0.2703125 0.865625
0 0.7 0.590625 0.60625 0.590625 0.60625 0.74375 0.7 0.74375 0.7 0.590625
0 0.2546875 0.4484375 0.171875 0.4484375 0.171875 0.6453125 0.2546875 0.6453125 0.2546875 0.4484375
0 0.165625 0.434375 0.109375 0.434375 0.109375 0.55625 0.165625 0.55625 0.165625 0.434375
0 0.865625 0.1234375 0.6515625 0.1234375 0.6515625 0.5390625 0.865625 0.5390625 0.865625 0.1234375
0 0.665625 0.1796875 0.490625 0.1796875 0.490625 0.4 0.665625 0.4 0.665625 0.1796875
0 0.1953125 0.0390625 0.05 0.0390625 0.05 0.3296875 0.1953125 0.3296875 0.1953125 0.0390625
0 0.665625 0.0015625 0.575 0.0015625 0.575 0.128125 0.665625 0.128125 0.665625 0.0015625
0 0.2296875 0.0015625 0.1546875 0.0015625 0.1546875 0.1609375 0.2296875 0.1609375 0.2296875 0.0015625
0 0.134375 0.0015625 0.03125 0.0015625 0.03125 0.1265625 0.134375 0.1265625 0.134375 0.0015625
0 0.5328125 0.0015625 0.50625 0.0015625 0.50625 0.034375 0.5328125 0.034375 0.5328125 0.0015625
0 1.0 0.8078125 0.775 0.8078125 0.775 1.0 1.0 1.0 1.0 0.8078125
0 1.0 0.684375 0.9140625 0.684375 0.9140625 0.828125 1.0 0.828125 1.0 0.684375
0 1.0 0.3421875 0.859375 0.3421875 0.859375 0.5015625 1.0 0.5015625 1.0 0.3421875
0 1.0 0.10625 0.9140625 0.10625 0.9140625 0.365625 1.0 0.365625 1.0 0.10625
0 0.903125 0.0015625 0.8140625 0.0015625 0.8140625 0.25625 0.903125 0.25625 0.903125 0.0015625
0 0.9890625 0.0015625 0.9015625 0.0015625 0.9015625 0.1109375 0.9890625 0.1109375 0.9890625 0.0015625
0 0.35 0.4203125 0.2890625 0.4203125 0.2890625 0.621875 0.35 0.621875 0.35 0.4203125
0 0.7671875 0.0734375 0.659375 0.0734375 0.659375 0.234375 0.7671875 0.234375 0.7671875 0.0734375
0 0.665625 0.225 0.4640625 0.225 0.4640625 0.490625 0.665625 0.490625 0.665625 0.225
0 0.096875 0.94375 0.0015625 0.94375 0.0015625 1.0 0.096875 1.0 0.096875 0.94375
0 1.0 0.0015625 0.3234375 0.0015625 0.3234375 1.0 1.0 1.0 1.0 0.0015625
0 0.2796875 0.51875 0.0953125 0.51875 0.0953125 1.0 0.2796875 1.0 0.2796875 0.51875
0 0.2640625 0.0015625 0.1265625 0.0015625 0.1265625 0.234375 0.2640625 0.234375 0.2640625 0.0015625
0 0.3046875 0.28125 0.2046875 0.28125 0.2046875 0.8609375 0.3046875 0.8609375 0.3046875 0.28125
0 0.5796875 0.0015625 0.39375 0.0015625 0.39375 0.3234375 0.5796875 0.3234375 0.5796875 0.0015625
0 1.0 0.575 0.9203125 0.575 0.9203125 0.703125 1.0 0.703125 1.0 0.575
0 0.9078125 0.0015625 0.8859375 0.0015625 0.8859375 0.10625 0.9078125 0.10625 0.9078125 0.0015625
