0 1.0 0.2234375 0.9734375 0.2234375 0.9734375 0.3640625 1.0 0.3640625 1.0 0.2234375
0 0.9390625 0.0015625 0.8578125 0.0015625 0.8578125 0.103125 0.9390625 0.103125 0.9390625 0.0015625
0 0.9484375 0.0015625 0.4890625 0.0015625 0.4890625 0.346875 0.9484375 0.346875 0.9484375 0.0015625
0 1.0 0.0015625 0.909375 0.0015625 0.909375 0.1140625 1.0 0.1140625 1.0 0.0015625
0 1.0 0.4984375 0.971875 0.4984375 0.971875 0.5265625 1.0 0.5265625 1.0 0.4984375
0 1.0 0.10625 0.90625 0.10625 0.90625 0.2765625 1.0 0.2765625 1.0 0.10625
0 1.0 0.4703125 0.4296875 0.4703125 0.4296875 1.0 1.0 1.0 1.0 0.4703125
0 0.7140625 0.3796875 0.59375 0.3796875 0.59375 0.6328125 0.7140625 0.6328125 0.7140625 0.3796875
0 0.8125 0.4328125 0.746875 0.4328125 0.746875 0.621875 0.8125 0.621875 0.8125 0.4328125
0 1.0 0.315625 0.9265625 0.315625 0.9265625 0.5 1.0 0.5 1.0 0.315625
0 1.0 0.0125 0.984375 0.0125 0.984375 0.0796875 1.0 0.0796875 1.0 0.0125
0 0.946875 0.3140625 0.7890625 0.3140625 0.7890625 0.5484375 0.946875 0.5484375 0.946875 0.3140625
0 0.7765625 0.3546875 0.7171875 0.3546875 0.7171875 0.665625 0.7765625 0.665625 0.7765625 0.3546875
0 0.4078125 0.084375 0.2890625 0.084375 0.2890625 0.1921875 0.4078125 0.1921875 0.4078125 0.084375
