0 0.7296875 0.575 0.6109375 0.575 0.6109375 0.796875 0.7296875 0.796875 0.7296875 0.575
0 0.5171875 0.9953125 0.4953125 0.9953125 0.4953125 1.0 0.5171875 1.0 0.5171875 0.9953125
0 0.6140625 0.753125 0.50625 0.753125 0.50625 0.859375 0.6140625 0.859375 0.6140625 0.753125
0 0.5203125 0.1046875 0.3390625 0.1046875 0.3390625 0.4 0.5203125 0.4 0.5203125 0.1046875
0 0.9125 0.65 0.71875 0.65 0.71875 0.871875 0.9125 0.871875 0.9125 0.65
0 0.84375 0.55625 0.725 0.55625 0.725 0.7125 0.84375 0.7125 0.84375 0.55625
0 0.615625 0.51875 0.5234375 0.51875 0.5234375 0.6203125 0.615625 0.6203125 0.615625 0.51875
0 0.371875 0.0015625 0.29375 0.0015625 0.29375 0.078125 0.371875 0.078125 0.371875 0.0015625
0 0.48125 0.840625 0.31875 0.840625 0.31875 0.9546875 0.48125 0.9546875 0.48125 0.840625
0 0.534375 0.46875 0.396875 0.46875 0.396875 0.5734375 0.534375 0.5734375 0.534375 0.46875
0 0.5453125 0.321875 0.425 0.321875 0.425 0.484375 0.5453125 0.484375 0.5453125 0.321875
0 0.8140625 0.0015625 0.7625 0.0015625 0.7625 0.0375 0.8140625 0.0375 0.8140625 0.0015625
0 0.6140625 0.0015625 0.5015625 0.0015625 0.5015625 0.0703125 0.6140625 0.0703125 0.6140625 0.0015625
0 0.2234375 0.0734375 0.1078125 0.0734375 0.1078125 0.334375 0.2234375 0.334375 0.2234375 0.0734375
0 0.878125 0.834375 0.7375 0.834375 0.7375 0.9625 0.878125 0.9625 0.878125 0.834375
0 0.8078125 0.6515625 0.6484375 0.6515625 0.6484375 0.76875 0.8078125 0.76875 0.8078125 0.6515625
0 0.7125 0.5140625 0.6234375 0.5140625 0.6234375 0.6921875 0.7125 0.6921875 0.7125 0.5140625
0 0.6296875 0.503125 0.4796875 0.503125 0.4796875 0.7375 0.6296875 0.7375 0.6296875 0.503125
0 0.94375 0.7734375 0.83125 0.7734375 0.83125 0.9765625 0.94375 0.9765625 0.94375 0.7734375
0 0.7140625 0.7625 0.5890625 0.7625 0.5890625 0.9 0.7140625 0.9 0.7140625 0.7625
0 0.8734375 0.5640625 0.75625 0.5640625 0.75625 0.7046875 0.8734375 0.7046875 0.8734375 0.5640625
0 0.278125 0.89375 0.165625 0.89375 0.165625 1.0 0.278125 1.0 0.278125 0.89375
0 0.475 0.2546875 0.4125 0.2546875 0.4125 0.384375 0.475 0.384375 0.475 0.2546875
0 0.378125 0.8875 0.278125 0.8875 0.278125 1.0 0.378125 1.0 0.378125 0.8875
0 0.4421875 0.309375 0.0015625 0.309375 0.0015625 1.0 0.4421875 1.0 0.4421875 0.309375
0 0.2 0.0015625 0.1421875 0.0015625 0.1421875 0.078125 0.2 0.078125 0.2 0.0015625
0 0.44375 0.9921875 0.415625 0.9921875 0.415625 1.0 0.44375 1.0 0.44375 0.9921875
0 0.4296875 0.15 0.2125 0.15 0.2125 0.5609375 0.4296875 0.5609375 0.4296875 0.15
0 0.403125 0.0609375 0.2328125 0.0609375 0.2328125 0.2078125 0.403125 0.2078125 0.403125 0.0609375
0 0.621875 0.0015625 0.5453125 0.0015625 0.5453125 0.021875 0.621875 0.021875 0.621875 0.0015625
0 0.875 0.640625 0.771875 0.640625 0.771875 0.75625 0.875 0.75625 0.875 0.640625
0 0.4765625 0.9203125 0.3453125 0.9203125 0.3453125 1.0 0.4765625 1.0 0.4765625 0.9203125
