0 0.0171875 0.6328125 0.0015625 0.6328125 0.0015625 0.66875 0.0171875 0.66875 0.0171875 0.6328125
0 0.3375 1.0 0.3375 1.0 0.3375 1.0 0.3375 1.0 0.3375 1.0
0 1.0 0.78125 0.975 0.78125 0.975 0.9390625 1.0 0.9390625 1.0 0.78125
0 1.0 0.6609375 0.959375 0.6609375 0.959375 0.71875 1.0 0.71875 1.0 0.6609375
0 1.0 0.5375 0.8328125 0.5375 0.8328125 0.6703125 1.0 0.6703125 1.0 0.5375
0 1.0 0.0015625 0.734375 0.0015625 0.734375 0.3859375 1.0 0.3859375 1.0 0.0015625
0 0.7375 0.0015625 0.0015625 0.0015625 0.0015625 0.7109375 0.7375 0.7109375 0.7375 0.0015625
0 0.3734375 0.675 0.1484375 0.675 0.1484375 1.0 0.3734375 1.0 0.3734375 0.675
0 0.496875 0.796875 0.275 0.796875 0.275 1.0 0.496875 1.0 0.496875 0.796875
0 0.340625 0.6625 0.109375 0.6625 0.109375 0.99375 0.340625 0.99375 0.340625 0.6625
0 0.590625 0.7015625 0.365625 0.7015625 0.365625 1.0 0.590625 1.0 0.590625 0.7015625
0 1.0 0.665625 0.715625 0.665625 0.715625 0.9171875 1.0 0.9171875 1.0 0.665625
0 0.9234375 0.365625 0.73125 0.365625 0.73125 0.7515625 0.9234375 0.7515625 0.9234375 0.365625
0 0.921875 0.0015625 0.8796875 0.0015625 0.8796875 0.015625 0.921875 0.015625 0.921875 0.0015625
