0 0.1859375 0.3125 0.0859375 0.3125 0.0859375 0.44375 0.1859375 0.44375 0.1859375 0.3125
0 0.284375 0.23125 0.15 0.23125 0.15 0.46875 0.284375 0.46875 0.284375 0.23125
0 0.009375 0.925 0.0015625 0.925 0.0015625 1.0 0.009375 1.0 0.009375 0.925
0 0.359375 0.740625 0.2734375 0.740625 0.2734375 0.94375 0.359375 0.94375 0.359375 0.740625
0 0.221875 0.6171875 0.096875 0.6171875 0.096875 0.771875 0.221875 0.771875 0.221875 0.6171875
0 0.3328125 0.5375 0.1953125 0.5375 0.1953125 0.68125 0.3328125 0.68125 0.3328125 0.5375
0 0.6046875 0.3984375 0.496875 0.3984375 0.496875 0.63125 0.6046875 0.63125 0.6046875 0.3984375
0 0.4953125 0.1640625 0.296875 0.1640625 0.296875 0.3484375 0.4953125 0.3484375 0.4953125 0.1640625
0 0.7625 0.021875 0.5171875 0.021875 0.5171875 0.3109375 0.7625 0.3109375 0.7625 0.021875
0 0.2453125 0.0015625 0.1578125 0.0015625 0.1578125 0.1890625 0.2453125 0.1890625 0.2453125 0.0015625
0 0.88125 0.365625 0.7390625 0.365625 0.7390625 0.7625 0.88125 0.7625 0.88125 0.365625
0 0.1828125 0.8296875 0.0078125 0.8296875 0.0078125 0.975 0.1828125 0.975 0.1828125 0.8296875
0 0.1921875 0.3734375 0.0359375 0.3734375 0.0359375 0.625 0.1921875 0.625 0.1921875 0.3734375
0 0.615625 0.0015625 0.4390625 0.0015625 0.4390625 0.2015625 0.615625 0.2015625 0.615625 0.0015625
0 0.25625 0.084375 0.1859375 0.084375 0.1859375 0.2765625 0.25625 0.2765625 0.25625 0.084375
0 0.0390625 0.7484375 0.0015625 0.7484375 0.0015625 0.8390625 0.0390625 0.8390625 0.0390625 0.7484375
0 0.1390625 0.978125 0.125 0.978125 0.125 1.0 0.1390625 1.0 0.1390625 0.978125
0 0.25 0.7171875 0.0796875 0.7171875 0.0796875 0.978125 0.25 0.978125 0.25 0.7171875
0 0.525 0.5109375 0.2484375 0.5109375 0.2484375 0.953125 0.525 0.953125 0.525 0.5109375
0 1.0 0.2640625 0.515625 0.2640625 0.515625 0.70625 1.0 0.70625 1.0 0.2640625
0 0.1828125 0.2484375 0.0015625 0.2484375 0.0015625 0.640625 0.1828125 0.640625 0.1828125 0.2484375
0 0.4546875 0.1328125 0.2453125 0.1328125 0.2453125 0.5828125 0.4546875 0.5828125 0.4546875 0.1328125
0 0.2453125 0.0015625 0.1515625 0.0015625 0.1515625 0.1734375 0.2453125 0.1734375 0.2453125 0.0015625
0 0.9984375 0.0015625 0.6453125 0.0015625 0.6453125 0.309375 0.9984375 0.309375 0.9984375 0.0015625
0 0.8046875 0.875 0.7265625 0.875 0.7265625 1.0 0.8046875 1.0 0.8046875 0.875
0 0.9234375 0.1140625 0.821875 0.1140625 0.821875 0.2265625 0.9234375 0.2265625 0.9234375 0.1140625
0 0.3765625 0.446875 0.271875 0.446875 0.271875 0.66875 0.3765625 0.66875 0.3765625 0.446875
0 0.9359375 0.3359375 0.6625 0.3359375 0.6625 0.7140625 0.9359375 0.7140625 0.9359375 0.3359375
0 0.728125 0.246875 0.5125 0.246875 0.5125 0.409375 0.728125 0.409375 0.728125 0.246875
0 0.6921875 0.0015625 0.58125 0.0015625 0.58125 0.103125 0.6921875 0.103125 0.6921875 0.0015625
0 0.4375 0.95625 0.3140625 0.95625 0.3140625 1.0 0.4375 1.0 0.4375 0.95625
0 0.1046875 0.6796875 0.0015625 0.6796875 0.0015625 0.8578125 0.1046875 0.8578125 0.1046875 0.6796875
0 0.1109375 0.459375 0.0015625 0.459375 0.0015625 0.625 0.1109375 0.625 0.1109375 0.459375
0 0.3796875 0.0015625 0.2734375 0.0015625 0.2734375 0.1328125 0.3796875 0.1328125 0.3796875 0.0015625
0 0.5421875 0.871875 0.4546875 0.871875 0.4546875 1.0 0.5421875 1.0 0.5421875 0.871875
0 1.0 0.490625 0.4734375 0.490625 0.4734375 1.0 1.0 1.0 1.0 0.490625
0 0.109375 0.85625 0.0015625 0.85625 0.0015625 1.0 0.109375 1.0 0.109375 0.85625
0 0.20625 0.784375 0.059375 0.784375 0.059375 0.878125 0.20625 0.878125 0.20625 0.784375
0 0.1625 0.6234375 0.06875 0.6234375 0.06875 0.74375 0.1625 0.74375 0.1625 0.6234375
0 0.35 0.575 0.1609375 0.575 0.1609375 1.0 0.35 1.0 0.35 0.575
0 0.3828125 0.784375 0.3171875 0.784375 0.3171875 0.915625 0.3828125 0.915625 0.3828125 0.784375
0 0.45 0.534375 0.315625 0.534375 0.315625 0.75625 0.45 0.75625 0.45 0.534375
0 0.55 0.08125 0.3625 0.08125 0.3625 0.5109375 0.55 0.5109375 0.55 0.08125
0 0.3 0.44375 0.1921875 0.44375 0.1921875 0.55 0.3 0.55 0.3 0.44375
0 0.9609375 0.0015625 0.7296875 0.0015625 0.7296875 0.2453125 0.9609375 0.2453125 0.9609375 0.0015625
0 0.7625 0.0015625 0.7609375 0.0015625 0.7609375 0.003125 0.7625 0.003125 0.7625 0.0015625
