0 0.3875 0.3078125 0.28125 0.3078125 0.28125 0.4453125 0.3875 0.4453125 0.3875 0.3078125
0 0.3421875 0.83125 0.1640625 0.83125 0.1640625 1.0 0.3421875 1.0 0.3421875 0.83125
0 0.3546875 0.140625 0.1171875 0.140625 0.1171875 0.3953125 0.3546875 0.3953125 0.3546875 0.140625
0 0.0109375 0.5921875 0.0015625 0.5921875 0.0015625 0.753125 0.0109375 0.753125 0.0109375 0.5921875
0 0.4296875 0.203125 0.2734375 0.203125 0.2734375 0.3890625 0.4296875 0.3890625 0.4296875 0.203125
0 0.1796875 0.0015625 0.0375 0.0015625 0.0375 0.1234375 0.1796875 0.1234375 0.1796875 0.0015625
0 0.2671875 0.0015625 0.128125 0.0015625 0.128125 0.1984375 0.2671875 0.1984375 0.2671875 0.0015625
0 0.090625 0.8703125 0.021875 0.8703125 0.021875 1.0 0.090625 1.0 0.090625 0.8703125
0 0.115625 0.1578125 0.0015625 0.1578125 0.0015625 0.4296875 0.115625 0.4296875 0.115625 0.1578125
0 0.3203125 0.0015625 0.234375 0.0015625 0.234375 0.178125 0.3203125 0.178125 0.3203125 0.0015625
0 0.0484375 0.721875 0.0015625 0.721875 0.0015625 0.8234375 0.0484375 0.8234375 0.0484375 0.721875
0 0.09375 0.0015625 0.015625 0.0015625 0.015625 0.0578125 0.09375 0.0578125 0.09375 0.0015625
0 0.5953125 0.8671875 0.5109375 0.8671875 0.5109375 1.0 0.5953125 1.0 0.5953125 0.8671875
0 0.490625 0.6265625 0.36875 0.6265625 0.36875 0.8 0.490625 0.8 0.490625 0.6265625
0 0.3359375 0.3875 0.259375 0.3875 0.259375 0.5453125 0.3359375 0.5453125 0.3359375 0.3875
0 0.1375 0.253125 0.0015625 0.253125 0.0015625 0.4 0.1375 0.4 0.1375 0.253125
0 0.1015625 0.0015625 0.0015625 0.0015625 0.0015625 0.2015625 0.1015625 0.2015625 0.1015625 0.0015625
0 0.309375 0.590625 0.1828125 0.590625 0.1828125 0.76875 0.309375 0.76875 0.309375 0.590625
0 0.3984375 0.11875 0.29375 0.11875 0.29375 0.2109375 0.3984375 0.2109375 0.3984375 0.11875
0 0.7265625 0.0828125 0.0015625 0.0828125 0.0015625 1.0 0.7265625 1.0 0.7265625 0.0828125
0 0.384375 0.0015625 0.225 0.0015625 0.225 0.146875 0.384375 0.146875 0.384375 0.0015625
