0 0.728125 0.0015625 0.646875 0.0015625 0.646875 0.021875 0.728125 0.021875 0.728125 0.0015625
0 1.0 0.1421875 0.9109375 0.1421875 0.9109375 0.2078125 1.0 0.2078125 1.0 0.1421875
0 0.2609375 0.915625 0.2171875 0.915625 0.2171875 1.0 0.2609375 1.0 0.2609375 0.915625
0 0.240625 0.6109375 0.1296875 0.6109375 0.1296875 0.771875 0.240625 0.771875 0.240625 0.6109375
0 0.6859375 0.815625 0.6171875 0.815625 0.6171875 1.0 0.6859375 1.0 0.6859375 0.815625
0 1.0 0.76875 0.846875 0.76875 0.846875 0.990625 1.0 0.990625 1.0 0.76875
0 0.8453125 0.8421875 0.7765625 0.8421875 0.7765625 0.96875 0.8453125 0.96875 0.8453125 0.8421875
0 0.984375 0.375 0.7140625 0.375 0.7140625 0.6921875 0.984375 0.6921875 0.984375 0.375
0 0.69375 0.271875 0.6203125 0.271875 0.6203125 0.534375 0.69375 0.534375 0.69375 0.271875
0 0.078125 0.30625 0.0015625 0.30625 0.0015625 0.53125 0.078125 0.53125 0.078125 0.30625
0 0.284375 0.9765625 0.2375 0.9765625 0.2375 1.0 0.284375 1.0 0.284375 0.9765625
0 1.0 0.0015625 0.925 0.0015625 0.925 0.0765625 1.0 0.0765625 1.0 0.0015625
0 0.0515625 0.5375 0.0015625 0.5375 0.0015625 0.60625 0.0515625 0.60625 0.0515625 0.5375
0 0.0703125 0.7984375 0.0015625 0.7984375 0.0015625 0.9171875 0.0703125 0.9171875 0.0703125 0.7984375
0 0.153125 0.9828125 0.134375 0.9828125 0.134375 1.0 0.153125 1.0 0.153125 0.9828125
0 0.36875 0.84375 0.2625 0.84375 0.2625 0.928125 0.36875 0.928125 0.36875 0.84375
0 0.2296875 0.6984375 0.0640625 0.6984375 0.0640625 0.9234375 0.2296875 0.9234375 0.2296875 0.6984375
0 1.0 0.834375 0.9609375 0.834375 0.9609375 0.89375 1.0 0.89375 1.0 0.834375
0 0.646875 0.709375 0.58125 0.709375 0.58125 0.840625 0.646875 0.840625 0.646875 0.709375
0 0.890625 0.153125 0.6296875 0.153125 0.6296875 0.378125 0.890625 0.378125 0.890625 0.153125
0 0.184375 0.8390625 0.0015625 0.8390625 0.0015625 1.0 0.184375 1.0 0.184375 0.8390625
0 0.6578125 0.4734375 0.1796875 0.4734375 0.1796875 1.0 0.6578125 1.0 0.6578125 0.4734375
0 0.3375 0.8078125 0.178125 0.8078125 0.178125 0.9828125 0.3375 0.9828125 0.3375 0.8078125
0 0.096875 0.525 0.0015625 0.525 0.0015625 0.6640625 0.096875 0.6640625 0.096875 0.525
0 0.190625 0.4890625 0.0453125 0.4890625 0.0453125 0.5921875 0.190625 0.5921875 0.190625 0.4890625
0 0.1578125 0.3796875 0.021875 0.3796875 0.021875 0.5015625 0.1578125 0.5015625 0.1578125 0.3796875
0 0.5875 0.21875 0.325 0.21875 0.325 0.4921875 0.5875 0.4921875 0.5875 0.21875
0 0.0671875 0.265625 0.0015625 0.265625 0.0015625 0.41875 0.0671875 0.41875 0.0671875 0.265625
0 0.534375 0.0015625 0.39375 0.0015625 0.39375 0.2078125 0.534375 0.2078125 0.534375 0.0015625
0 0.3609375 0.0015625 0.240625 0.0015625 0.240625 0.1609375 0.3609375 0.1609375 0.3609375 0.0015625
0 0.515625 0.0015625 0.5046875 0.0015625 0.5046875 0.0078125 0.515625 0.0078125 0.515625 0.0015625
0 1.0 0.884375 0.9296875 0.884375 0.9296875 1.0 1.0 1.0 1.0 0.884375
0 1.0 0.2625 0.6296875 0.2625 0.6296875 1.0 1.0 1.0 1.0 0.2625
0 0.6578125 0.6453125 0.5328125 0.6453125 0.5328125 0.95625 0.6578125 0.95625 0.6578125 0.6453125
0 0.9453125 0.815625 0.80625 0.815625 0.80625 0.915625 0.9453125 0.915625 0.9453125 0.815625
0 1.0 0.6546875 0.928125 0.6546875 0.928125 0.81875 1.0 0.81875 1.0 0.6546875
0 0.5875 0.4953125 0.5046875 0.4953125 0.5046875 0.6671875 0.5875 0.6671875 0.5875 0.4953125
0 0.9390625 0.396875 0.8828125 0.396875 0.8828125 0.540625 0.9390625 0.540625 0.9390625 0.396875
0 1.0 0.1625 0.8890625 0.1625 0.8890625 0.409375 1.0 0.409375 1.0 0.1625
0 1.0 0.0015625 0.715625 0.0015625 0.715625 0.3578125 1.0 0.3578125 1.0 0.0015625
0 0.771875 0.171875 0.64375 0.171875 0.64375 0.259375 0.771875 0.259375 0.771875 0.171875
0 0.7546875 0.0015625 0.6296875 0.0015625 0.6296875 0.059375 0.7546875 0.059375 0.7546875 0.0015625
0 0.0921875 0.8875 0.0015625 0.8875 0.0015625 0.9828125 0.0921875 0.9828125 0.0921875 0.8875
0 0.1453125 0.759375 0.0609375 0.759375 0.0609375 0.9046875 0.1453125 0.9046875 0.1453125 0.759375
0 0.3 0.74375 0.18125 0.74375 0.18125 0.853125 0.3 0.853125 0.3 0.74375
0 0.1171875 0.321875 0.0015625 0.321875 0.0015625 0.4859375 0.1171875 0.4859375 0.1171875 0.321875
0 0.865625 0.0015625 0.746875 0.0015625 0.746875 0.0734375 0.865625 0.0734375 0.865625 0.0015625
0 0.75625 0.0015625 0.0015625 0.0015625 0.0015625 0.9078125 0.75625 0.9078125 0.75625 0.0015625
0 0.84375 0.9515625 0.7671875 0.9515625 0.7671875 1.0 0.84375 1.0 0.84375 0.9515625
0 0.1921875 0.5015625 0.015625 0.5015625 0.015625 0.6171875 0.1921875 0.6171875 0.1921875 0.5015625
0 0.9203125 0.7828125 0.771875 0.7828125 0.771875 0.871875 0.9203125 0.871875 0.9203125 0.7828125
0 1.0 0.6015625 0.896875 0.6015625 0.896875 0.7671875 1.0 0.7671875 1.0 0.6015625
0 1.0 0.39375 0.9671875 0.39375 0.9671875 0.4171875 1.0 0.4171875 1.0 0.39375
