0 1.0 0.853125 0.715625 0.853125 0.715625 1.0 1.0 1.0 1.0 0.853125
0 1.0 0.0015625 0.0015625 0.0015625 0.0015625 1.0 1.0 1.0 1.0 0.0015625
0 0.446875 0.9953125 0.4328125 0.9953125 0.4328125 1.0 0.446875 1.0 0.446875 0.9953125
0 0.46875 0.290625 0.3140625 0.290625 0.3140625 0.5421875 0.46875 0.5421875 0.46875 0.290625
0 0.4796875 0.0015625 0.4421875 0.0015625 0.4421875 0.0203125 0.4796875 0.0203125 0.4796875 0.0015625
0 0.5828125 0.9484375 0.440625 0.9484375 0.440625 1.0 0.5828125 1.0 0.5828125 0.9484375
0 1.0 0.6125 0.8265625 0.6125 0.8265625 0.709375 1.0 0.709375 1.0 0.6125
0 1.0 0.384375 0.925 0.384375 0.925 0.5703125 1.0 0.5703125 1.0 0.384375
0 0.884375 0.15625 0.66875 0.15625 0.66875 0.290625 0.884375 0.290625 0.884375 0.15625
0 0.31875 0.0015625 0.2515625 0.0015625 0.2515625 0.065625 0.31875 0.065625 0.31875 0.0015625
0 1.0 0.8703125 0.990625 0.8703125 0.990625 0.9 1.0 0.9 1.0 0.8703125
0 0.81875 0.49375 0.1765625 0.49375 0.1765625 1.0 0.81875 1.0 0.81875 0.49375
0 0.728125 0.790625 0.5640625 0.790625 0.5640625 1.0 0.728125 1.0 0.728125 0.790625
0 0.2546875 0.58125 0.0015625 0.58125 0.0015625 0.7359375 0.2546875 0.7359375 0.2546875 0.58125
0 0.678125 0.4375 0.5640625 0.4375 0.5640625 0.603125 0.678125 0.603125 0.678125 0.4375
0 0.5828125 0.015625 0.4421875 0.015625 0.4421875 0.221875 0.5828125 0.221875 0.5828125 0.015625
