0 0.384375 0.8359375 0.2421875 0.8359375 0.2421875 0.9890625 0.384375 0.9890625 0.384375 0.8359375
0 0.5375 0.7640625 0.3453125 0.7640625 0.3453125 0.9828125 0.5375 0.9828125 0.5375 0.7640625
0 0.8671875 0.684375 0.7484375 0.684375 0.7484375 0.8484375 0.8671875 0.8484375 0.8671875 0.684375
0 1.0 0.35625 0.7984375 0.35625 0.7984375 0.5328125 1.0 0.5328125 1.0 0.35625
0 1.0 0.7703125 0.8546875 0.7703125 0.8546875 0.9640625 1.0 0.9640625 1.0 0.7703125
0 0.034375 0.4640625 0.0015625 0.4640625 0.0015625 0.5203125 0.034375 0.5203125 0.034375 0.4640625
0 0.346875 0.0015625 0.05 0.0015625 0.05 0.515625 0.346875 0.515625 0.346875 0.0015625
0 0.86875 0.240625 0.7265625 0.240625 0.7265625 0.4125 0.86875 0.4125 0.86875 0.240625
0 0.8921875 0.9984375 0.88125 0.9984375 0.88125 1.0 0.8921875 1.0 0.8921875 0.9984375
0 0.48125 0.3640625 0.3109375 0.3640625 0.3109375 0.6234375 0.48125 0.6234375 0.48125 0.3640625
0 0.8359375 0.38125 0.6390625 0.38125 0.6390625 0.690625 0.8359375 0.690625 0.8359375 0.38125
0 0.746875 0.9265625 0.646875 0.9265625 0.646875 1.0 0.746875 1.0 0.746875 0.9265625
0 0.2109375 0.9171875 0.0328125 0.9171875 0.0328125 1.0 0.2109375 1.0 0.2109375 0.9171875
0 0.2359375 0.69375 0.0015625 0.69375 0.0015625 0.9796875 0.2359375 0.9796875 0.2359375 0.69375
0 0.075 0.2078125 0.0015625 0.2078125 0.0015625 0.396875 0.075 0.396875 0.075 0.2078125
0 0.821875 0.7703125 0.490625 0.7703125 0.490625 1.0 0.821875 1.0 0.821875 0.7703125
0 0.384375 0.6921875 0.2109375 0.6921875 0.2109375 0.9671875 0.384375 0.9671875 0.384375 0.6921875
0 0.4625 0.725 0.36875 0.725 0.36875 0.8765625 0.4625 0.8765625 0.4625 0.725
0 1.0 0.8390625 0.9921875 0.8390625 0.9921875 0.865625 1.0 0.865625 1.0 0.8390625
0 1.0 0.0109375 0.9296875 0.0109375 0.9296875 0.2578125 1.0 0.2578125 1.0 0.0109375
0 1.0 0.1640625 0.85625 0.1640625 0.85625 0.84375 1.0 0.84375 1.0 0.1640625
0 0.9828125 0.0015625 0.8 0.0015625 0.8 0.165625 0.9828125 0.165625 0.9828125 0.0015625
0 1.0 0.3421875 0.9984375 0.3421875 0.9984375 0.353125 1.0 0.353125 1.0 0.3421875
