0 0.296875 0.671875 0.159375 0.671875 0.159375 0.871875 0.296875 0.871875 0.296875 0.671875
0 0.0203125 0.940625 0.0015625 0.940625 0.0015625 0.9609375 0.0203125 0.9609375 0.0203125 0.940625
0 0.7953125 0.228125 0.5296875 0.228125 0.5296875 0.3875 0.7953125 0.3875 0.7953125 0.228125
0 0.1609375 0.2328125 0.0046875 0.2328125 0.0046875 0.321875 0.1609375 0.321875 0.1609375 0.2328125
0 0.49375 0.7765625 0.2984375 0.7765625 0.2984375 1.0 0.49375 1.0 0.49375 0.7765625
0 0.15625 0.7234375 0.08125 0.7234375 0.08125 0.9046875 0.15625 0.9046875 0.15625 0.7234375
0 0.2671875 0.0015625 0.1109375 0.0015625 0.1109375 0.2234375 0.2671875 0.2234375 0.2671875 0.0015625
0 1.0 0.765625 0.8953125 0.765625 0.8953125 0.8390625 1.0 0.8390625 1.0 0.765625
0 0.7078125 0.93125 0.615625 0.93125 0.615625 1.0 0.7078125 1.0 0.7078125 0.93125
0 0.2390625 0.8515625 0.1703125 0.8515625 0.1703125 1.0 0.2390625 1.0 0.2390625 0.8515625
0 0.0390625 0.5765625 0.0015625 0.5765625 0.0015625 0.625 0.0390625 0.625 0.0390625 0.5765625
0 0.153125 0.3328125 0.0125 0.3328125 0.0125 0.5015625 0.153125 0.5015625 0.153125 0.3328125
0 0.8125 0.3453125 0.5796875 0.3453125 0.5796875 0.471875 0.8125 0.471875 0.8125 0.3453125
0 0.540625 0.290625 0.4421875 0.290625 0.4421875 0.465625 0.540625 0.465625 0.540625 0.290625
0 0.2390625 0.2734375 0.1109375 0.2734375 0.1109375 0.3984375 0.2390625 0.3984375 0.2390625 0.2734375
0 0.1625 0.04375 0.0015625 0.04375 0.0015625 0.1765625 0.1625 0.1765625 0.1625 0.04375
0 0.753125 0.0578125 0.5734375 0.0578125 0.5734375 0.2234375 0.753125 0.2234375 0.753125 0.0578125
0 1.0 0.975 0.8921875 0.975 0.8921875 1.0 1.0 1.0 1.0 0.975
0 0.9609375 0.0015625 0.796875 0.0015625 0.796875 0.1765625 0.9609375 0.1765625 0.9609375 0.0015625
0 0.4328125 0.903125 0.2984375 0.903125 0.2984375 1.0 0.4328125 1.0 0.4328125 0.903125
0 0.4265625 0.7703125 0.3359375 0.7703125 0.3359375 0.9 0.4265625 0.9 0.4265625 0.7703125
0 0.5203125 0.7078125 0.4375 0.7078125 0.4375 0.875 0.5203125 0.875 0.5203125 0.7078125
0 0.6484375 0.65625 0.4984375 0.65625 0.4984375 0.7578125 0.6484375 0.7578125 0.6484375 0.65625
0 0.803125 0.509375 0.5390625 0.509375 0.5390625 0.721875 0.803125 0.721875 0.803125 0.509375
0 0.04375 0.44375 0.0015625 0.44375 0.0015625 0.5921875 0.04375 0.5921875 0.04375 0.44375
0 0.6953125 0.309375 0.4671875 0.309375 0.4671875 0.4921875 0.6953125 0.4921875 0.6953125 0.309375
0 0.109375 0.315625 0.0015625 0.315625 0.0015625 0.4890625 0.109375 0.4890625 0.109375 0.315625
0 0.459375 0.1296875 0.36875 0.1296875 0.36875 0.43125 0.459375 0.43125 0.459375 0.1296875
0 0.603125 0.2328125 0.471875 0.2328125 0.471875 0.3765625 0.603125 0.3765625 0.603125 0.2328125
0 0.7453125 0.071875 0.6078125 0.071875 0.6078125 0.209375 0.7453125 0.209375 0.7453125 0.071875
0 0.0421875 0.0375 0.0015625 0.0375 0.0015625 0.153125 0.0421875 0.153125 0.0421875 0.0375
0 0.778125 0.0140625 0.64375 0.0140625 0.64375 0.1078125 0.778125 0.1078125 0.778125 0.0140625
0 0.55 0.0015625 0.4609375 0.0015625 0.4609375 0.1265625 0.55 0.1265625 0.55 0.0015625
0 0.8015625 0.0015625 0.7375 0.0015625 0.7375 0.0734375 0.8015625 0.0734375 0.8015625 0.0015625
0 0.796875 0.890625 0.690625 0.890625 0.690625 0.9734375 0.796875 0.9734375 0.796875 0.890625
0 1.0 0.75625 0.8859375 0.75625 0.8859375 0.815625 1.0 0.815625 1.0 0.75625
0 0.9390625 0.25 0.825 0.25 0.825 0.4015625 0.9390625 0.4015625 0.9390625 0.25
0 0.9171875 0.0015625 0.8578125 0.0015625 0.8578125 0.103125 0.9171875 0.103125 0.9171875 0.0015625
0 0.0890625 0.94375 0.0203125 0.94375 0.0203125 1.0 0.0890625 1.0 0.0890625 0.94375
0 0.5421875 0.984375 0.5140625 0.984375 0.5140625 1.0 0.5421875 1.0 0.5421875 0.984375
0 0.8765625 0.9296875 0.646875 0.9296875 0.646875 1.0 0.8765625 1.0 0.8765625 0.9296875
0 0.2921875 0.7703125 0.1578125 0.7703125 0.1578125 1.0 0.2921875 1.0 0.2921875 0.7703125
0 0.584375 0.6921875 0.4421875 0.6921875 0.4421875 0.83125 0.584375 0.83125 0.584375 0.6921875
0 0.221875 0.284375 0.03125 0.284375 0.03125 0.5265625 0.221875 0.5265625 0.221875 0.284375
0 0.834375 0.2140625 0.6078125 0.2140625 0.6078125 0.446875 0.834375 0.446875 0.834375 0.2140625
0 0.603125 0.3453125 0.4671875 0.3453125 0.4671875 0.4390625 0.603125 0.4390625 0.603125 0.3453125
0 0.253125 0.1671875 0.1640625 0.1671875 0.1640625 0.340625 0.253125 0.340625 0.253125 0.1671875
0 0.009375 0.271875 0.0015625 0.271875 0.0015625 0.3171875 0.009375 0.3171875 0.009375 0.271875
0 0.9609375 0.10625 0.8453125 0.10625 0.8453125 0.3140625 0.9609375 0.3140625 0.9609375 0.10625
0 0.746875 0.040625 0.4703125 0.040625 0.4703125 0.2890625 0.746875 0.2890625 0.746875 0.040625
0 0.8484375 0.0015625 0.790625 0.0015625 0.790625 0.1546875 0.8484375 0.1546875 0.8484375 0.0015625
0 0.1140625 0.0015625 0.0015625 0.0015625 0.0015625 0.128125 0.1140625 0.128125 0.1140625 0.0015625
0 0.0671875 0.9484375 0.0015625 0.9484375 0.0015625 1.0 0.0671875 1.0 0.0671875 0.9484375
0 0.2015625 0.1578125 0.0296875 0.1578125 0.0296875 0.2921875 0.2015625 0.2921875 0.2015625 0.1578125
0 0.8765625 0.784375 0.725 0.784375 0.725 1.0 0.8765625 1.0 0.8765625 0.784375
0 0.671875 0.5328125 0.490625 0.5328125 0.490625 0.61875 0.671875 0.61875 0.671875 0.5328125
0 0.4609375 0.0265625 0.35 0.0265625 0.35 0.15625 0.4609375 0.15625 0.4609375 0.0265625
0 0.4796875 0.09375 0.2671875 0.09375 0.2671875 0.5859375 0.4796875 0.5859375 0.4796875 0.09375
0 0.03125 0.43125 0.0015625 0.43125 0.0015625 0.459375 0.03125 0.459375 0.03125 0.43125
0 0.803125 0.0015625 0.6453125 0.0015625 0.6453125 0.1 0.803125 0.1 0.803125 0.0015625
0 0.1125 0.0015625 0.08125 0.0015625 0.08125 0.071875 0.1125 0.071875 0.1125 0.0015625
0 0.5515625 0.86875 0.4171875 0.86875 0.4171875 1.0 0.5515625 1.0 0.5515625 0.86875
0 0.2765625 0.478125 0.11875 0.478125 0.11875 0.953125 0.2765625 0.953125 0.2765625 0.478125
0 0.4984375 0.7921875 0.40625 0.7921875 0.40625 0.903125 0.4984375 0.903125 0.4984375 0.7921875
0 0.828125 0.446875 0.4 0.446875 0.4 0.70625 0.828125 0.70625 0.828125 0.446875
0 0.0078125 0.4765625 0.0015625 0.4765625 0.0015625 0.525 0.0078125 0.525 0.0078125 0.4765625
0 0.2921875 0.2125 0.2421875 0.2125 0.2421875 0.3921875 0.2921875 0.3921875 0.2921875 0.2125
0 1.0 0.7359375 0.8546875 0.7359375 0.8546875 1.0 1.0 1.0 1.0 0.7359375
0 0.771875 0.753125 0.534375 0.753125 0.534375 0.8859375 0.771875 0.8859375 0.771875 0.753125
0 0.975 0.0015625 0.890625 0.0015625 0.890625 0.4 0.975 0.4 0.975 0.0015625
0 0.7921875 0.0359375 0.6421875 0.0359375 0.6421875 0.2421875 0.7921875 0.2421875 0.7921875 0.0359375
0 0.634375 0.0015625 0.55 0.0015625 0.55 0.075 0.634375 0.075 0.634375 0.0015625
0 0.115625 0.8453125 0.0015625 0.8453125 0.0015625 0.9828125 0.115625 0.9828125 0.115625 0.8453125
0 1.0 0.453125 0.8390625 0.453125 0.8390625 0.675 1.0 0.675 1.0 0.453125
0 0.421875 0.4578125 0.315625 0.4578125 0.315625 0.6015625 0.421875 0.6015625 0.421875 0.4578125
0 0.375 0.0015625 0.1671875 0.0015625 0.1671875 0.4484375 0.375 0.4484375 0.375 0.0015625
0 0.90625 0.1140625 0.7453125 0.1140625 0.7453125 0.2546875 0.90625 0.2546875 0.90625 0.1140625
0 0.6609375 0.0015625 0.6125 0.0015625 0.6125 0.03125 0.6609375 0.03125 0.6609375 0.0015625
0 0.146875 0.7796875 0.0125 0.7796875 0.0125 1.0 0.146875 1.0 0.146875 0.7796875
0 0.1765625 0.1234375 0.0015625 0.1234375 0.0015625 0.2046875 0.1765625 0.2046875 0.1765625 0.1234375
0 0.4328125 0.0015625 0.290625 0.0015625 0.290625 0.109375 0.4328125 0.109375 0.4328125 0.0015625
0 0.503125 0.9390625 0.16875 0.9390625 0.16875 1.0 0.503125 1.0 0.503125 0.9390625
0 0.7359375 0.7578125 0.5875 0.7578125 0.5875 0.8546875 0.7359375 0.8546875 0.7359375 0.7578125
0 0.4609375 0.478125 0.2390625 0.478125 0.2390625 0.8109375 0.4609375 0.8109375 0.4609375 0.478125
0 0.6953125 0.5984375 0.4578125 0.5984375 0.4578125 0.75625 0.6953125 0.75625 0.6953125 0.5984375
0 0.38125 0.178125 0.309375 0.178125 0.309375 0.396875 0.38125 0.396875 0.38125 0.178125
0 0.971875 0.0015625 0.9484375 0.0015625 0.9484375 0.034375 0.971875 0.034375 0.971875 0.0015625
0 1.0 0.853125 0.96875 0.853125 0.96875 0.8828125 1.0 0.8828125 1.0 0.853125
0 0.88125 0.7015625 0.7078125 0.7015625 0.7078125 0.8203125 0.88125 0.8203125 0.88125 0.7015625
0 1.0 0.4 0.6796875 0.4 0.6796875 0.709375 1.0 0.709375 1.0 0.4
0 1.0 0.6078125 0.975 0.6078125 0.975 0.653125 1.0 0.653125 1.0 0.6078125
