0 0.23125 0.85 0.1546875 0.85 0.1546875 0.9921875 0.23125 0.9921875 0.23125 0.85
0 0.090625 0.5390625 0.0109375 0.5390625 0.0109375 0.7046875 0.090625 0.7046875 0.090625 0.5390625
0 0.1296875 0.465625 0.0015625 0.465625 0.0015625 0.646875 0.1296875 0.646875 0.1296875 0.465625
0 0.865625 0.8328125 0.6921875 0.8328125 0.6921875 0.95 0.865625 0.95 0.865625 0.8328125
0 0.9625 0.7765625 0.8453125 0.7765625 0.8453125 0.903125 0.9625 0.903125 0.9625 0.7765625
0 1.0 0.246875 0.9859375 0.246875 0.9859375 0.428125 1.0 0.428125 1.0 0.246875
0 1.0 0.8515625 0.853125 0.8515625 0.853125 1.0 1.0 1.0 1.0 0.8515625
0 0.3671875 0.9734375 0.3515625 0.9734375 0.3515625 1.0 0.3671875 1.0 0.3671875 0.9734375
0 0.5421875 0.4453125 0.465625 0.4453125 0.465625 0.578125 0.5421875 0.578125 0.5421875 0.4453125
0 0.190625 0.6390625 0.103125 0.6390625 0.103125 0.828125 0.190625 0.828125 0.190625 0.6390625
0 0.7453125 0.6859375 0.628125 0.6859375 0.628125 0.821875 0.7453125 0.821875 0.7453125 0.6859375
0 0.903125 0.6421875 0.7671875 0.6421875 0.7671875 0.8 0.903125 0.8 0.903125 0.6421875
0 0.8625 0.0015625 0.8359375 0.0015625 0.8359375 0.0140625 0.8625 0.0140625 0.8625 0.0015625
0 1.0 0.271875 0.85625 0.271875 0.85625 0.5671875 1.0 0.5671875 1.0 0.271875
0 0.9140625 0.0328125 0.7953125 0.0328125 0.7953125 0.1796875 0.9140625 0.1796875 0.9140625 0.0328125
0 1.0 0.0125 0.9453125 0.0125 0.9453125 0.1140625 1.0 0.1140625 1.0 0.0125
0 1.0 0.13125 0.946875 0.13125 0.946875 0.259375 1.0 0.259375 1.0 0.13125
0 0.58125 0.0015625 0.55 0.0015625 0.55 0.0640625 0.58125 0.0640625 0.58125 0.0015625
0 0.784375 0.8859375 0.6890625 0.8859375 0.6890625 1.0 0.784375 1.0 0.784375 0.8859375
0 0.8328125 0.1203125 0.6859375 0.1203125 0.6859375 0.2140625 0.8328125 0.2140625 0.8328125 0.1203125
0 1.0 0.0015625 0.9796875 0.0015625 0.9796875 0.015625 1.0 0.015625 1.0 0.0015625
0 0.4859375 0.1234375 0.36875 0.1234375 0.36875 0.225 0.4859375 0.225 0.4859375 0.1234375
0 0.3671875 0.0015625 0.3140625 0.0015625 0.3140625 0.0296875 0.3671875 0.0296875 0.3671875 0.0015625
0 1.0 0.6015625 0.90625 0.6015625 0.90625 0.7515625 1.0 0.7515625 1.0 0.6015625
0 0.9546875 0.0015625 0.8671875 0.0015625 0.8671875 0.209375 0.9546875 0.209375 0.9546875 0.0015625
0 0.5875 0.0015625 0.490625 0.0015625 0.490625 0.178125 0.5875 0.178125 0.5875 0.0015625
0 0.4234375 0.7734375 0.290625 0.7734375 0.290625 1.0 0.4234375 1.0 0.4234375 0.7734375
0 0.428125 0.5875 0.3484375 0.5875 0.3484375 0.71875 0.428125 0.71875 0.428125 0.5875
0 0.859375 0.2046875 0.678125 0.2046875 0.678125 0.44375 0.859375 0.44375 0.859375 0.2046875
0 0.9375 0.21875 0.8546875 0.21875 0.8546875 0.3328125 0.9375 0.3328125 0.9375 0.21875
0 0.846875 0.0015625 0.59375 0.0015625 0.59375 0.215625 0.846875 0.215625 0.846875 0.0015625
0 1.0 0.0515625 0.915625 0.0515625 0.915625 0.1578125 1.0 0.1578125 1.0 0.0515625
0 0.5734375 0.0015625 0.446875 0.0015625 0.446875 0.125 0.5734375 0.125 0.5734375 0.0015625
0 0.990625 0.0015625 0.9375 0.0015625 0.9375 0.0375 0.990625 0.0375 0.990625 0.0015625
0 0.4875 0.3453125 0.3484375 0.3453125 0.3484375 0.5859375 0.4875 0.5859375 0.4875 0.3453125
0 0.1609375 0.90625 0.034375 0.90625 0.034375 1.0 0.1609375 1.0 0.1609375 0.90625
0 0.109375 0.7375 0.0015625 0.7375 0.0015625 0.8859375 0.109375 0.8859375 0.109375 0.7375
0 0.33125 0.640625 0.2171875 0.640625 0.2171875 0.840625 0.33125 0.840625 0.33125 0.640625
0 0.384375 0.4375 0.2609375 0.4375 0.2609375 0.634375 0.384375 0.634375 0.384375 0.4375
0 0.45 0.0015625 0.3765625 0.0015625 0.3765625 0.05625 0.45 0.05625 0.45 0.0015625
0 1.0 0.9140625 0.9375 0.9140625 0.9375 1.0 1.0 1.0 1.0 0.9140625
0 0.7453125 0.5921875 0.5421875 0.5921875 0.5421875 0.8734375 0.7453125 0.8734375 0.7453125 0.5921875
0 0.5421875 0.603125 0.41875 0.603125 0.41875 0.7875 0.5421875 0.7875 0.5421875 0.603125
0 0.9140625 0.090625 0.56875 0.090625 0.56875 0.6765625 0.9140625 0.6765625 0.9140625 0.090625
0 0.6359375 0.36875 0.4984375 0.36875 0.4984375 0.4828125 0.6359375 0.4828125 0.6359375 0.36875
0 0.778125 0.0015625 0.7484375 0.0015625 0.7484375 0.0203125 0.778125 0.0203125 0.778125 0.0015625
0 0.9921875 0.115625 0.771875 0.115625 0.771875 0.3640625 0.9921875 0.3640625 0.9921875 0.115625
0 0.6234375 0.0015625 0.5640625 0.0015625 0.5640625 0.06875 0.6234375 0.06875 0.6234375 0.0015625
0 1.0 0.178125 0.0015625 0.178125 0.0015625 1.0 1.0 1.0 1.0 0.178125
0 0.5171875 0.8359375 0.4453125 0.8359375 0.4453125 1.0 0.5171875 1.0 0.5171875 0.8359375
0 0.5203125 0.0015625 0.3625 0.0015625 0.3625 0.2140625 0.5203125 0.2140625 0.5203125 0.0015625
0 1.0 0.478125 0.8265625 0.478125 0.8265625 0.7171875 1.0 0.7171875 1.0 0.478125
