0 1.0 0.9546875 0.9421875 0.9546875 0.9421875 1.0 1.0 1.0 1.0 0.9546875
0 0.296875 0.2890625 0.1984375 0.2890625 0.1984375 0.425 0.296875 0.425 0.296875 0.2890625
0 0.2109375 0.01875 0.03125 0.01875 0.03125 0.1265625 0.2109375 0.1265625 0.2109375 0.01875
0 0.7796875 0.9046875 0.7046875 0.9046875 0.7046875 1.0 0.7796875 1.0 0.7796875 0.9046875
0 0.5109375 0.1546875 0.3921875 0.1546875 0.3921875 0.24375 0.5109375 0.24375 0.5109375 0.1546875
0 0.534375 0.0015625 0.4390625 0.0015625 0.4390625 0.1078125 0.534375 0.1078125 0.534375 0.0015625
0 1.0 0.8328125 0.8796875 0.8328125 0.8796875 1.0 1.0 1.0 1.0 0.8328125
0 0.84375 0.1859375 0.6984375 0.1859375 0.6984375 0.2859375 0.84375 0.2859375 0.84375 0.1859375
0 0.7 0.1328125 0.590625 0.1328125 0.590625 0.2390625 0.7 0.2390625 0.7 0.1328125
0 0.4984375 0.8078125 0.33125 0.8078125 0.33125 0.890625 0.4984375 0.890625 0.4984375 0.8078125
0 0.6546875 0.58125 0.515625 0.58125 0.515625 0.7890625 0.6546875 0.7890625 0.6546875 0.58125
0 0.9546875 0.1921875 0.8078125 0.1921875 0.8078125 0.3046875 0.9546875 0.3046875 0.9546875 0.1921875
0 0.9015625 0.1046875 0.78125 0.1046875 0.78125 0.1859375 0.9015625 0.1859375 0.9015625 0.1046875
0 1.0 0.0203125 0.934375 0.0203125 0.934375 0.1828125 1.0 0.1828125 1.0 0.0203125
0 0.675 0.0140625 0.584375 0.0140625 0.584375 0.1484375 0.675 0.1484375 0.675 0.0140625
0 0.690625 0.475 0.3984375 0.475 0.3984375 0.7859375 0.690625 0.7859375 0.690625 0.475
0 0.4609375 0.396875 0.3421875 0.396875 0.3421875 0.53125 0.4609375 0.53125 0.4609375 0.396875
0 0.4421875 0.1921875 0.3265625 0.1921875 0.3265625 0.3140625 0.4421875 0.3140625 0.4421875 0.1921875
0 0.790625 0.0015625 0.6453125 0.0015625 0.6453125 0.1578125 0.790625 0.1578125 0.790625 0.0015625
0 0.15 0.4671875 0.0265625 0.4671875 0.0265625 0.61875 0.15 0.61875 0.15 0.4671875
0 0.0140625 0.4375 0.0015625 0.4375 0.0015625 0.46875 0.0140625 0.46875 0.0140625 0.4375
0 0.115625 0.2390625 0.009375 0.2390625 0.009375 0.409375 0.115625 0.409375 0.115625 0.2390625
0 0.8265625 0.796875 0.7015625 0.796875 0.7015625 0.9390625 0.8265625 0.9390625 0.8265625 0.796875
0 0.7078125 0.7671875 0.590625 0.7671875 0.590625 0.9125 0.7078125 0.9125 0.7078125 0.7671875
0 0.29375 0.3671875 0.1390625 0.3671875 0.1390625 0.46875 0.29375 0.46875 0.29375 0.3671875
0 0.3546875 0.0015625 0.1046875 0.0015625 0.1046875 0.0375 0.3546875 0.0375 0.3546875 0.0015625
0 0.6109375 0.0015625 0.45625 0.0015625 0.45625 0.0625 0.6109375 0.0625 0.6109375 0.0015625
0 0.734375 0.0015625 0.6890625 0.0015625 0.6890625 0.03125 0.734375 0.03125 0.734375 0.0015625
0 0.0625 0.484375 0.0015625 0.484375 0.0015625 0.58125 0.0625 0.58125 0.0625 0.484375
0 0.065625 0.3109375 0.0015625 0.3109375 0.0015625 0.3953125 0.065625 0.3953125 0.065625 0.3109375
0 0.4765625 0.0015625 0.121875 0.0015625 0.121875 0.284375 0.4765625 0.284375 0.4765625 0.0015625
0 0.35625 0.9140625 0.2609375 0.9140625 0.2609375 1.0 0.35625 1.0 0.35625 0.9140625
0 0.2640625 0.5671875 0.040625 0.5671875 0.040625 0.7765625 0.2640625 0.7765625 0.2640625 0.5671875
0 0.821875 0.303125 0.6953125 0.303125 0.6953125 0.484375 0.821875 0.484375 0.821875 0.303125
0 0.9640625 0.0015625 0.8578125 0.0015625 0.8578125 0.1046875 0.9640625 0.1046875 0.9640625 0.0015625
0 0.8921875 0.0015625 0.0015625 0.0015625 0.0015625 1.0 0.8921875 1.0 0.8921875 0.0015625
0 1.0 0.0015625 0.0734375 0.0015625 0.0734375 1.0 1.0 1.0 1.0 0.0015625
0 0.0375 0.2234375 0.0015625 0.2234375 0.0015625 0.309375 0.0375 0.309375 0.0375 0.2234375
0 0.4546875 0.0015625 0.309375 0.0015625 0.309375 0.1046875 0.4546875 0.1046875 0.4546875 0.0015625
