0 1.0 1.0 1.0 1.0 1.0 1.0 1.0 1.0 1.0 1.0
0 0.8359375 0.0015625 0.6640625 0.0015625 0.6640625 0.153125 0.8359375 0.153125 0.8359375 0.0015625
0 0.1921875 0.0921875 0.0875 0.0921875 0.0875 0.2390625 0.1921875 0.2390625 0.1921875 0.0921875
0 0.45 0.015625 0.38125 0.015625 0.38125 0.14375 0.45 0.14375 0.45 0.015625
0 0.5609375 0.0015625 0.55625 0.0015625 0.55625 0.00625 0.5609375 0.00625 0.5609375 0.0015625
0 0.8890625 0.84375 0.775 0.84375 0.775 1.0 0.8890625 1.0 0.8890625 0.84375
0 0.1609375 0.0015625 0.0828125 0.0015625 0.0828125 0.21875 0.1609375 0.21875 0.1609375 0.0015625
0 0.425 0.0515625 0.3109375 0.0515625 0.3109375 0.1625 0.425 0.1625 0.425 0.0515625
0 0.6921875 0.0015625 0.5703125 0.0015625 0.5703125 0.06875 0.6921875 0.06875 0.6921875 0.0015625
0 0.1453125 0.81875 0.0015625 0.81875 0.0015625 0.9953125 0.1453125 0.9953125 0.1453125 0.81875
0 0.8765625 0.81875 0.7234375 0.81875 0.7234375 0.96875 0.8765625 0.96875 0.8765625 0.81875
0 0.1234375 0.35625 0.0015625 0.35625 0.0015625 0.459375 0.1234375 0.459375 0.1234375 0.35625
0 0.196875 0.24375 0.0640625 0.24375 0.0640625 0.4109375 0.196875 0.4109375 0.196875 0.24375
0 0.09375 0.2234375 0.0015625 0.2234375 0.0015625 0.275 0.09375 0.275 0.09375 0.2234375
0 0.821875 0.9546875 0.6890625 0.9546875 0.6890625 1.0 0.821875 1.0 0.821875 0.9546875
0 0.434375 0.8171875 0.3046875 0.8171875 0.3046875 0.925 0.434375 0.925 0.434375 0.8171875
0 0.25 0.6640625 0.1234375 0.6640625 0.1234375 0.7921875 0.25 0.7921875 0.25 0.6640625
0 0.4875 0.2203125 0.2203125 0.2203125 0.2203125 0.390625 0.4875 0.390625 0.4875 0.2203125
0 0.665625 0.8640625 0.1578125 0.8640625 0.1578125 0.9984375 0.665625 0.9984375 0.665625 0.8640625
0 0.203125 0.4421875 0.053125 0.4421875 0.053125 0.5859375 0.203125 0.5859375 0.203125 0.4421875
0 0.534375 0.7328125 0.425 0.7328125 0.425 0.828125 0.534375 0.828125 0.534375 0.7328125
0 1.0 0.0328125 0.9734375 0.0328125 0.9734375 0.06875 1.0 0.06875 1.0 0.0328125
0 0.846875 0.7171875 0.6484375 0.7171875 0.6484375 0.884375 0.846875 0.884375 0.846875 0.7171875
0 0.6625 0.471875 0.55625 0.471875 0.55625 0.575 0.6625 0.575 0.6625 0.471875
0 0.5796875 0.0140625 0.415625 0.0140625 0.415625 0.44375 0.5796875 0.44375 0.5796875 0.0140625
0 0.73125 0.0015625 0.51875 0.0015625 0.51875 0.2140625 0.73125 0.2140625 0.73125 0.0015625
0 0.8703125 0.565625 0.7109375 0.565625 0.7109375 0.6890625 0.8703125 0.6890625 0.8703125 0.565625
0 0.965625 0.3390625 0.8234375 0.3390625 0.8234375 0.54375 0.965625 0.54375 0.965625 0.3390625
0 1.0 0.034375 0.9234375 0.034375 0.9234375 0.140625 1.0 0.140625 1.0 0.034375
0 0.640625 0.7453125 0.5125 0.7453125 0.5125 0.846875 0.640625 0.846875 0.640625 0.7453125
0 0.434375 0.259375 0.31875 0.259375 0.31875 0.425 0.434375 0.425 0.434375 0.259375
0 1.0 0.0015625 0.7703125 0.0015625 0.7703125 0.109375 1.0 0.109375 1.0 0.0015625
0 1.0 0.3109375 0.9125 0.3109375 0.9125 0.403125 1.0 0.403125 1.0 0.3109375
0 0.05 0.0515625 0.0015625 0.0515625 0.0015625 0.2125 0.05 0.2125 0.05 0.0515625
0 0.0109375 0.0015625 0.0015625 0.0015625 0.0015625 0.0171875 0.0109375 0.0171875 0.0109375 0.0015625
0 0.171875 0.034375 0.10625 0.034375 0.10625 0.1890625 0.171875 0.1890625 0.171875 0.034375
0 0.7453125 0.7046875 0.628125 0.7046875 0.628125 0.8046875 0.7453125 0.8046875 0.7453125 0.7046875
0 0.9 0.5421875 0.7375 0.5421875 0.7375 0.7046875 0.9 0.7046875 0.9 0.5421875
0 0.8234375 0.6875 0.596875 0.6875 0.596875 0.875 0.8234375 0.875 0.8234375 0.6875
0 0.040625 0.634375 0.0015625 0.634375 0.0015625 0.7984375 0.040625 0.7984375 0.040625 0.634375
0 0.5421875 0.0015625 0.378125 0.0015625 0.378125 0.2375 0.5421875 0.2375 0.5421875 0.0015625
0 0.0828125 0.1859375 0.0015625 0.1859375 0.0015625 0.2625 0.0828125 0.2625 0.0828125 0.1859375
0 0.3078125 0.0015625 0.184375 0.0015625 0.184375 0.1125 0.3078125 0.1125 0.3078125 0.0015625
0 0.6265625 0.7671875 0.2265625 0.7671875 0.2265625 0.928125 0.6265625 0.928125 0.6265625 0.7671875
0 0.1875 0.5640625 0.0015625 0.5640625 0.0015625 0.84375 0.1875 0.84375 0.1875 0.5640625
0 0.60625 0.5671875 0.2546875 0.5671875 0.2546875 0.7640625 0.60625 0.7640625 0.60625 0.5671875
0 0.3015625 0.278125 0.05 0.278125 0.05 0.6625 0.3015625 0.6625 0.3015625 0.278125
0 0.5484375 0.2546875 0.4109375 0.2546875 0.4109375 0.35 0.5484375 0.35 0.5484375 0.2546875
0 0.1234375 0.0015625 0.0359375 0.0015625 0.0359375 0.18125 0.1234375 0.18125 0.1234375 0.0015625
0 1.0 0.784375 0.90625 0.784375 0.90625 0.8921875 1.0 0.8921875 1.0 0.784375
0 1.0 0.26875 0.8140625 0.26875 0.8140625 0.75625 1.0 0.75625 1.0 0.26875
0 0.8171875 0.3578125 0.6453125 0.3578125 0.6453125 0.671875 0.8171875 0.671875 0.8171875 0.3578125
0 0.9078125 0.071875 0.7984375 0.071875 0.7984375 0.21875 0.9078125 0.21875 0.9078125 0.071875
0 0.378125 0.696875 0.240625 0.696875 0.240625 0.78125 0.378125 0.78125 0.378125 0.696875
0 0.4671875 0.4734375 0.35625 0.4734375 0.35625 0.6125 0.4671875 0.6125 0.4671875 0.4734375
0 0.49375 0.0015625 0.3140625 0.0015625 0.3140625 0.0671875 0.49375 0.0671875 0.49375 0.0015625
0 0.290625 0.8390625 0.1328125 0.8390625 0.1328125 0.9734375 0.290625 0.9734375 0.290625 0.8390625
0 1.0 0.765625 0.9671875 0.765625 0.9671875 0.8265625 1.0 0.8265625 1.0 0.765625
0 0.36875 0.7515625 0.1640625 0.7515625 0.1640625 0.8453125 0.36875 0.8453125 0.36875 0.7515625
0 0.4453125 0.4921875 0.253125 0.4921875 0.253125 0.6671875 0.4453125 0.6671875 0.4453125 0.4921875
0 0.0703125 0.4671875 0.0015625 0.4671875 0.0015625 0.609375 0.0703125 0.609375 0.0703125 0.4671875
0 0.7140625 0.0875 0.490625 0.0875 0.490625 0.321875 0.7140625 0.321875 0.7140625 0.0875
0 0.3859375 0.1515625 0.2328125 0.1515625 0.2328125 0.2390625 0.3859375 0.2390625 0.3859375 0.1515625
0 0.328125 0.2078125 0.0015625 0.2078125 0.0015625 0.375 0.328125 0.375 0.328125 0.2078125
0 0.278125 0.6953125 0.08125 0.6953125 0.08125 0.9171875 0.278125 0.9171875 0.278125 0.6953125
0 0.2328125 0.41875 0.1328125 0.41875 0.1328125 0.6171875 0.2328125 0.6171875 0.2328125 0.41875
0 0.0953125 0.078125 0.0203125 0.078125 0.0203125 0.2234375 0.0953125 0.2234375 0.0953125 0.078125
0 1.0 0.6484375 0.46875 0.6484375 0.46875 1.0 1.0 1.0 1.0 0.6484375
0 1.0 0.078125 0.50625 0.078125 0.50625 0.7984375 1.0 0.7984375 1.0 0.078125
0 0.471875 0.665625 0.3703125 0.665625 0.3703125 0.8046875 0.471875 0.8046875 0.471875 0.665625
0 0.5828125 0.4265625 0.340625 0.4265625 0.340625 0.6515625 0.5828125 0.6515625 0.5828125 0.4265625
0 0.34375 0.0015625 0.1875 0.0015625 0.1875 0.1640625 0.34375 0.1640625 0.34375 0.0015625
0 1.0 0.415625 0.9484375 0.415625 0.9484375 0.565625 1.0 0.565625 1.0 0.415625
0 1.0 0.0015625 0.9296875 0.0015625 0.9296875 0.01875 1.0 0.01875 1.0 0.0015625
0 0.5484375 0.934375 0.1625 0.934375 0.1625 1.0 0.5484375 1.0 0.5484375 0.934375
0 0.2828125 0.0015625 0.159375 0.0015625 0.159375 0.09375 0.2828125 0.09375 0.2828125 0.0015625
