0 0.6859375 0.66875 0.5890625 0.66875 0.5890625 0.834375 0.6859375 0.834375 0.6859375 0.66875
0 0.265625 0.603125 0.153125 0.603125 0.153125 0.784375 0.265625 0.784375 0.265625 0.603125
0 0.6046875 0.503125 0.471875 0.503125 0.471875 0.640625 0.6046875 0.640625 0.6046875 0.503125
0 0.375 0.3546875 0.1265625 0.3546875 0.1265625 0.5765625 0.375 0.5765625 0.375 0.3546875
0 0.175 0.309375 0.0296875 0.309375 0.0296875 0.4828125 0.175 0.4828125 0.175 0.309375
0 0.471875 0.3046875 0.36875 0.3046875 0.36875 0.440625 0.471875 0.440625 0.471875 0.3046875
0 0.546875 0.009375 0.265625 0.009375 0.265625 0.3375 0.546875 0.3375 0.546875 0.009375
0 0.553125 0.128125 0.453125 0.128125 0.453125 0.2265625 0.553125 0.2265625 0.553125 0.128125
0 0.053125 0.121875 0.0015625 0.121875 0.0015625 0.228125 0.053125 0.228125 0.053125 0.121875
0 0.68125 0.040625 0.55 0.040625 0.55 0.11875 0.68125 0.11875 0.68125 0.040625
0 0.7453125 0.0015625 0.6796875 0.0015625 0.6796875 0.0453125 0.7453125 0.0453125 0.7453125 0.0015625
0 0.578125 0.65625 0.4765625 0.65625 0.4765625 0.7625 0.578125 0.7625 0.578125 0.65625
0 0.6546875 0.34375 0.4921875 0.34375 0.4921875 0.55 0.6546875 0.55 0.6546875 0.34375
0 0.29375 0.6828125 0.203125 0.6828125 0.203125 0.88125 0.29375 0.88125 0.29375 0.6828125
0 0.9296875 0.521875 0.4359375 0.521875 0.4359375 0.684375 0.9296875 0.684375 0.9296875 0.521875
0 0.8703125 0.0171875 0.48125 0.0171875 0.48125 0.421875 0.8703125 0.421875 0.8703125 0.0171875
0 0.6828125 0.0015625 0.6078125 0.0015625 0.6078125 0.065625 0.6828125 0.065625 0.6828125 0.0015625
0 0.915625 0.7953125 0.7546875 0.7953125 0.7546875 1.0 0.915625 1.0 0.915625 0.7953125
0 1.0 0.228125 0.8859375 0.228125 0.8859375 0.340625 1.0 0.340625 1.0 0.228125
0 1.0 0.1546875 0.9484375 0.1546875 0.9484375 0.1953125 1.0 0.1953125 1.0 0.1546875
0 0.8828125 0.0015625 0.809375 0.0015625 0.809375 0.14375 0.8828125 0.14375 0.8828125 0.0015625
0 0.253125 0.8140625 0.1171875 0.8140625 0.1171875 0.996875 0.253125 0.996875 0.253125 0.8140625
0 0.6171875 0.0015625 0.3515625 0.0015625 0.3515625 0.1390625 0.6171875 0.1390625 0.6171875 0.0015625
0 0.7703125 0.0015625 0.6515625 0.0015625 0.6515625 0.146875 0.7703125 0.146875 0.7703125 0.0015625
0 0.23125 0.64375 0.1546875 0.64375 0.1546875 0.8015625 0.23125 0.8015625 0.23125 0.64375
0 0.121875 0.5515625 0.0015625 0.5515625 0.0015625 0.70625 0.121875 0.70625 0.121875 0.5515625
0 0.31875 0.2953125 0.15 0.2953125 0.15 0.4640625 0.31875 0.4640625 0.31875 0.2953125
0 0.5078125 0.225 0.4375 0.225 0.4375 0.3546875 0.5078125 0.3546875 0.5078125 0.225
0 0.0984375 0.196875 0.0015625 0.196875 0.0015625 0.328125 0.0984375 0.328125 0.0984375 0.196875
0 0.11875 0.090625 0.0015625 0.090625 0.0015625 0.23125 0.11875 0.23125 0.11875 0.090625
0 0.1515625 0.0015625 0.0015625 0.0015625 0.0015625 0.175 0.1515625 0.175 0.1515625 0.0015625
0 0.275 0.8828125 0.1296875 0.8828125 0.1296875 1.0 0.275 1.0 0.275 0.8828125
0 0.5671875 0.8125 0.3453125 0.8125 0.3453125 0.9953125 0.5671875 0.9953125 0.5671875 0.8125
0 0.5140625 0.340625 0.33125 0.340625 0.33125 0.515625 0.5140625 0.515625 0.5140625 0.340625
0 0.7625 0.8609375 0.7078125 0.8609375 0.7078125 1.0 0.7625 1.0 0.7625 0.8609375
0 0.9609375 0.9265625 0.871875 0.9265625 0.871875 1.0 0.9609375 1.0 0.9609375 0.9265625
0 0.9640625 0.5265625 0.671875 0.5265625 0.671875 0.7125 0.9640625 0.7125 0.9640625 0.5265625
0 0.75625 0.178125 0.6328125 0.178125 0.6328125 0.3 0.75625 0.3 0.75625 0.178125
0 0.0609375 0.9453125 0.025 0.9453125 0.025 1.0 0.0609375 1.0 0.0609375 0.9453125
0 0.2078125 0.5875 0.0015625 0.5875 0.0015625 0.9421875 0.2078125 0.9421875 0.2078125 0.5875
0 0.196875 0.15625 0.0328125 0.15625 0.0328125 0.3 0.196875 0.3 0.196875 0.15625
0 0.0046875 0.10625 0.0015625 0.10625 0.0015625 0.121875 0.0046875 0.121875 0.0046875 0.10625
0 0.8453125 0.8625 0.734375 0.8625 0.734375 1.0 0.8453125 1.0 0.8453125 0.8625
0 0.4765625 0.8703125 0.3734375 0.8703125 0.3734375 1.0 0.4765625 1.0 0.4765625 0.8703125
0 0.6234375 0.8609375 0.51875 0.8609375 0.51875 1.0 0.6234375 1.0 0.6234375 0.8609375
0 0.7234375 0.9265625 0.6390625 0.9265625 0.6390625 1.0 0.7234375 1.0 0.7234375 0.9265625
0 0.575 0.68125 0.353125 0.68125 0.353125 0.8578125 0.575 0.8578125 0.575 0.68125
0 0.9265625 0.603125 0.6265625 0.603125 0.6265625 0.9796875 0.9265625 0.9796875 0.9265625 0.603125
0 0.521875 0.59375 0.3765625 0.59375 0.3765625 0.7203125 0.521875 0.7203125 0.521875 0.59375
0 0.89375 0.3234375 0.5359375 0.3234375 0.5359375 0.653125 0.89375 0.653125 0.89375 0.3234375
0 0.9046875 0.1171875 0.71875 0.1171875 0.71875 0.378125 0.9046875 0.378125 0.9046875 0.1171875
0 0.6140625 0.1875 0.5078125 0.1875 0.5078125 0.290625 0.6140625 0.290625 0.6140625 0.1875
0 0.3296875 0.0015625 0.234375 0.0015625 0.234375 0.3046875 0.3296875 0.3046875 0.3296875 0.0015625
0 1.0 0.965625 0.9984375 0.965625 0.9984375 0.9953125 1.0 0.9953125 1.0 0.965625
0 1.0 0.728125 0.878125 0.728125 0.878125 1.0 1.0 1.0 1.0 0.728125
0 1.0 0.509375 0.8875 0.509375 0.8875 0.665625 1.0 0.665625 1.0 0.509375
0 1.0 0.2609375 0.890625 0.2609375 0.890625 0.4734375 1.0 0.4734375 1.0 0.2609375
0 1.0 0.1796875 0.975 0.1796875 0.975 0.221875 1.0 0.221875 1.0 0.1796875
0 1.0 0.0015625 0.9046875 0.0015625 0.9046875 0.1875 1.0 0.1875 1.0 0.0015625
0 0.846875 0.0015625 0.725 0.0015625 0.725 0.075 0.846875 0.075 0.846875 0.0015625
0 1.0 0.6328125 0.8765625 0.6328125 0.8765625 0.9046875 1.0 0.9046875 1.0 0.6328125
0 0.39375 0.8578125 0.2703125 0.8578125 0.2703125 1.0 0.39375 1.0 0.39375 0.8578125
0 0.5546875 0.8734375 0.4796875 0.8734375 0.4796875 1.0 0.5546875 1.0 0.5546875 0.8734375
0 0.7484375 0.8453125 0.615625 0.8453125 0.615625 0.98125 0.7484375 0.98125 0.7484375 0.8453125
0 0.10625 0.725 0.0015625 0.725 0.0015625 0.9296875 0.10625 0.9296875 0.10625 0.725
0 1.0 0.6953125 0.9953125 0.6953125 0.9953125 0.7203125 1.0 0.7203125 1.0 0.6953125
0 0.6734375 0.45 0.5671875 0.45 0.5671875 0.596875 0.6734375 0.596875 0.6734375 0.45
0 0.1421875 0.334375 0.0015625 0.334375 0.0015625 0.5578125 0.1421875 0.5578125 0.1421875 0.334375
0 0.6671875 0.1046875 0.540625 0.1046875 0.540625 0.2078125 0.6671875 0.2078125 0.6671875 0.1046875
0 0.4796875 0.0015625 0.378125 0.0015625 0.378125 0.034375 0.4796875 0.034375 0.4796875 0.0015625
0 0.4375 0.5734375 0.203125 0.5734375 0.203125 1.0 0.4375 1.0 0.4375 0.5734375
0 0.8515625 0.7125 0.559375 0.7125 0.559375 0.8703125 0.8515625 0.8703125 0.8515625 0.7125
0 0.696875 0.3 0.4578125 0.3 0.4578125 0.5828125 0.696875 0.5828125 0.696875 0.3
0 0.353125 0.0015625 0.2421875 0.0015625 0.2421875 0.0203125 0.353125 0.0203125 0.353125 0.0015625
0 1.0 0.0015625 0.8234375 0.0015625 0.8234375 0.325 1.0 0.325 1.0 0.0015625
