0 0.5671875 0.91875 0.4078125 0.91875 0.4078125 1.0 0.5671875 1.0 0.5671875 0.91875
0 0.565625 0.8140625 0.4671875 0.8140625 0.4671875 0.9453125 0.565625 0.9453125 0.565625 0.8140625
0 0.4734375 0.75625 0.36875 0.75625 0.36875 0.896875 0.4734375 0.896875 0.4734375 0.75625
0 0.6203125 0.65625 0.5203125 0.65625 0.5203125 0.7984375 0.6203125 0.7984375 0.6203125 0.65625
0 0.68125 0.6375 0.565625 0.6375 0.565625 0.8125 0.68125 0.8125 0.68125 0.6375
0 0.265625 0.5015625 0.1375 0.5015625 0.1375 0.7296875 0.265625 0.7296875 0.265625 0.5015625
0 0.2046875 0.496875 0.0765625 0.496875 0.0765625 0.65625 0.2046875 0.65625 0.2046875 0.496875
0 0.475 0.3296875 0.2859375 0.3296875 0.2859375 0.6640625 0.475 0.6640625 0.475 0.3296875
0 0.2484375 0.7421875 0.08125 0.7421875 0.08125 1.0 0.2484375 1.0 0.2484375 0.7421875
0 0.259375 0.634375 0.034375 0.634375 0.034375 0.740625 0.259375 0.740625 0.259375 0.634375
0 0.046875 0.6421875 0.0015625 0.6421875 0.0015625 0.8671875 0.046875 0.8671875 0.046875 0.6421875
0 1.0 0.65625 0.8921875 0.65625 0.8921875 0.8203125 1.0 0.8203125 1.0 0.65625
0 0.8734375 0.671875 0.70625 0.671875 0.70625 0.8734375 0.8734375 0.8734375 0.8734375 0.671875
0 1.0 0.1203125 0.984375 0.1203125 0.984375 0.2125 1.0 0.2125 1.0 0.1203125
0 0.9828125 0.0015625 0.9609375 0.0015625 0.9609375 0.0046875 0.9828125 0.0046875 0.9828125 0.0015625
0 0.8859375 0.934375 0.8078125 0.934375 0.8078125 1.0 0.8859375 1.0 0.8859375 0.934375
0 0.5515625 0.7484375 0.3234375 0.7484375 0.3234375 1.0 0.5515625 1.0 0.5515625 0.7484375
0 0.6796875 0.0015625 0.6203125 0.0015625 0.6203125 0.0828125 0.6796875 0.0828125 0.6796875 0.0015625
0 0.7953125 0.9328125 0.703125 0.9328125 0.703125 1.0 0.7953125 1.0 0.7953125 0.9328125
0 1.0 0.7609375 0.825 0.7609375 0.825 0.95 1.0 0.95 1.0 0.7609375
0 0.9484375 0.6046875 0.85625 0.6046875 0.85625 0.765625 0.9484375 0.765625 0.9484375 0.6046875
0 0.4109375 0.121875 0.2234375 0.121875 0.2234375 0.46875 0.4109375 0.46875 0.4109375 0.121875
0 0.2734375 0.0015625 0.1796875 0.0015625 0.1796875 0.2578125 0.2734375 0.2578125 0.2734375 0.0015625
0 1.0 0.896875 0.9984375 0.896875 0.9984375 0.903125 1.0 0.903125 1.0 0.896875
0 1.0 0.1765625 0.9390625 0.1765625 0.9390625 0.2546875 1.0 0.2546875 1.0 0.1765625
0 0.334375 0.965625 0.3078125 0.965625 0.3078125 1.0 0.334375 1.0 0.334375 0.965625
0 0.2 0.9921875 0.159375 0.9921875 0.159375 1.0 0.2 1.0 0.2 0.9921875
0 0.2984375 0.865625 0.190625 0.865625 0.190625 1.0 0.2984375 1.0 0.2984375 0.865625
0 0.34375 0.671875 0.221875 0.671875 0.221875 0.7953125 0.34375 0.7953125 0.34375 0.671875
0 0.5359375 0.6484375 0.3953125 0.6484375 0.3953125 0.7859375 0.5359375 0.7859375 0.5359375 0.6484375
0 0.3984375 0.434375 0.0109375 0.434375 0.0109375 0.7046875 0.3984375 0.7046875 0.3984375 0.434375
0 0.503125 0.375 0.3890625 0.375 0.3890625 0.5796875 0.503125 0.5796875 0.503125 0.375
0 0.196875 0.0984375 0.1359375 0.0984375 0.1359375 0.2640625 0.196875 0.2640625 0.196875 0.0984375
0 0.678125 0.85 0.5953125 0.85 0.5953125 1.0 0.678125 1.0 0.678125 0.85
0 0.653125 0.584375 0.521875 0.584375 0.521875 0.7484375 0.653125 0.7484375 0.653125 0.584375
0 0.8859375 0.36875 0.6109375 0.36875 0.6109375 0.6015625 0.8859375 0.6015625 0.8859375 0.36875
0 0.753125 0.83125 0.628125 0.83125 0.628125 1.0 0.753125 1.0 0.753125 0.83125
0 0.4875 0.9421875 0.3828125 0.9421875 0.3828125 1.0 0.4875 1.0 0.4875 0.9421875
0 0.3984375 0.678125 0.2234375 0.678125 0.2234375 0.9125 0.3984375 0.9125 0.3984375 0.678125
0 0.853125 0.2859375 0.7359375 0.2859375 0.7359375 0.459375 0.853125 0.459375 0.853125 0.2859375
0 0.390625 0.1546875 0.2234375 0.1546875 0.2234375 0.4109375 0.390625 0.4109375 0.390625 0.1546875
0 0.1671875 0.021875 0.0234375 0.021875 0.0234375 0.35 0.1671875 0.35 0.1671875 0.021875
0 0.1875 0.54375 0.0015625 0.54375 0.0015625 1.0 0.1875 1.0 0.1875 0.54375
0 0.0578125 0.0015625 0.0015625 0.0015625 0.0015625 0.1703125 0.0578125 0.1703125 0.0578125 0.0015625
0 0.7671875 0.2671875 0.1390625 0.2671875 0.1390625 1.0 0.7671875 1.0 0.7671875 0.2671875
0 0.446875 0.0015625 0.3375 0.0015625 0.3375 0.078125 0.446875 0.078125 0.446875 0.0015625
0 0.903125 0.753125 0.76875 0.753125 0.76875 1.0 0.903125 1.0 0.903125 0.753125
0 0.7328125 0.996875 0.7015625 0.996875 0.7015625 1.0 0.7328125 1.0 0.7328125 0.996875
0 0.796875 0.85 0.7109375 0.85 0.7109375 0.9875 0.796875 0.9875 0.796875 0.85
0 0.8078125 0.6734375 0.69375 0.6734375 0.69375 0.85 0.8078125 0.85 0.8078125 0.6734375
0 0.934375 0.60625 0.8140625 0.60625 0.8140625 0.775 0.934375 0.775 0.934375 0.60625
0 1.0 0.0015625 0.765625 0.0015625 0.765625 0.48125 1.0 0.48125 1.0 0.0015625
0 1.0 0.2390625 0.9640625 0.2390625 0.9640625 0.29375 1.0 0.29375 1.0 0.2390625
