0 0.940625 0.896875 0.8703125 0.896875 0.8703125 1.0 0.940625 1.0 0.940625 0.896875
0 1.0 0.7875 0.9125 0.7875 0.9125 0.9484375 1.0 0.9484375 1.0 0.7875
0 0.9375 0.8234375 0.85 0.8234375 0.85 1.0 0.9375 1.0 0.9375 0.8234375
0 1.0 0.765625 0.9484375 0.765625 0.9484375 0.859375 1.0 0.859375 1.0 0.765625
0 0.59375 0.959375 0.540625 0.959375 0.540625 1.0 0.59375 1.0 0.59375 0.959375
0 0.43125 0.76875 0.2015625 0.76875 0.2015625 0.9546875 0.43125 0.9546875 0.43125 0.76875
0 0.28125 0.5765625 0.153125 0.5765625 0.153125 0.703125 0.28125 0.703125 0.28125 0.5765625
0 0.4625 0.884375 0.3625 0.884375 0.3625 1.0 0.4625 1.0 0.4625 0.884375
0 0.475 0.5921875 0.2734375 0.5921875 0.2734375 0.69375 0.475 0.69375 0.475 0.5921875
0 0.7203125 0.9546875 0.5703125 0.9546875 0.5703125 1.0 0.7203125 1.0 0.7203125 0.9546875
0 0.534375 0.8375 0.4078125 0.8375 0.4078125 0.9671875 0.534375 0.9671875 0.534375 0.8375
0 0.8015625 0.8359375 0.61875 0.8359375 0.61875 0.9421875 0.8015625 0.9421875 0.8015625 0.8359375
0 0.4171875 0.659375 0.1671875 0.659375 0.1671875 0.9078125 0.4171875 0.9078125 0.4171875 0.659375
0 0.8359375 0.753125 0.64375 0.753125 0.64375 0.8390625 0.8359375 0.8390625 0.8359375 0.753125
0 0.5453125 0.6890625 0.4609375 0.6890625 0.4609375 0.83125 0.5453125 0.83125 0.5453125 0.6890625
0 0.51875 0.5609375 0.4203125 0.5609375 0.4203125 0.6796875 0.51875 0.6796875 0.51875 0.5609375
0 0.3265625 0.275 0.1421875 0.275 0.1421875 0.503125 0.3265625 0.503125 0.3265625 0.275
0 0.4546875 0.39375 0.3375 0.39375 0.3375 0.50625 0.4546875 0.50625 0.4546875 0.39375
0 0.446875 0.2390625 0.3625 0.2390625 0.3625 0.3859375 0.446875 0.3859375 0.446875 0.2390625
0 0.109375 0.0015625 0.0609375 0.0015625 0.0609375 0.0484375 0.109375 0.0484375 0.109375 0.0015625
0 0.9265625 0.753125 0.8015625 0.753125 0.8015625 0.9421875 0.9265625 0.9421875 0.9265625 0.753125
0 0.8953125 0.503125 0.7796875 0.503125 0.7796875 0.621875 0.8953125 0.621875 0.8953125 0.503125
0 0.7796875 0.921875 0.68125 0.921875 0.68125 1.0 0.7796875 1.0 0.7796875 0.921875
0 0.28125 0.44375 0.071875 0.44375 0.071875 0.5828125 0.28125 0.5828125 0.28125 0.44375
0 0.0453125 0.46875 0.0015625 0.46875 0.0015625 0.5546875 0.0453125 0.5546875 0.0453125 0.46875
0 0.49375 0.3578125 0.38125 0.3578125 0.38125 0.5484375 0.49375 0.5484375 0.49375 0.3578125
0 0.0703125 0.0609375 0.0015625 0.0609375 0.0015625 0.221875 0.0703125 0.221875 0.0703125 0.0609375
0 0.540625 0.9078125 0.4546875 0.9078125 0.4546875 1.0 0.540625 1.0 0.540625 0.9078125
0 0.3265625 0.8890625 0.0515625 0.8890625 0.0515625 0.9859375 0.3265625 0.9859375 0.3265625 0.8890625
0 0.05625 0.6859375 0.0015625 0.6859375 0.0015625 0.8328125 0.05625 0.8328125 0.05625 0.6859375
0 0.5625 0.671875 0.3765625 0.671875 0.3765625 0.884375 0.5625 0.884375 0.5625 0.671875
0 0.3265625 0.578125 0.190625 0.578125 0.190625 0.665625 0.3265625 0.665625 0.3265625 0.578125
0 0.44375 0.553125 0.328125 0.553125 0.328125 0.659375 0.44375 0.659375 0.44375 0.553125
0 0.18125 0.34375 0.0015625 0.34375 0.0015625 0.640625 0.18125 0.640625 0.18125 0.34375
0 0.371875 0.271875 0.2953125 0.271875 0.2953125 0.38125 0.371875 0.38125 0.371875 0.271875
0 0.321875 0.2328125 0.190625 0.2328125 0.190625 0.3421875 0.321875 0.3421875 0.321875 0.2328125
0 0.8390625 0.8703125 0.7078125 0.8703125 0.7078125 1.0 0.8390625 1.0 0.8390625 0.8703125
0 0.6234375 0.3203125 0.44375 0.3203125 0.44375 0.4375 0.6234375 0.4375 0.6234375 0.3203125
0 0.7125 0.1 0.475 0.1 0.475 0.3703125 0.7125 0.3703125 0.7125 0.1
0 0.35 0.9859375 0.1921875 0.9859375 0.1921875 1.0 0.35 1.0 0.35 0.9859375
0 0.1546875 0.9109375 0.0015625 0.9109375 0.0015625 1.0 0.1546875 1.0 0.1546875 0.9109375
0 0.340625 0.9421875 0.1921875 0.9421875 0.1921875 1.0 0.340625 1.0 0.340625 0.9421875
0 1.0 0.0015625 0.0015625 0.0015625 0.0015625 0.9 1.0 0.9 1.0 0.0015625
0 0.86875 0.896875 0.834375 0.896875 0.834375 1.0 0.86875 1.0 0.86875 0.896875
0 0.3875 0.6 0.0703125 0.6 0.0703125 1.0 0.3875 1.0 0.3875 0.6
0 0.10625 0.7890625 0.0015625 0.7890625 0.0015625 0.9171875 0.10625 0.9171875 0.10625 0.7890625
0 0.425 0.6453125 0.18125 0.6453125 0.18125 0.80625 0.425 0.80625 0.425 0.6453125
0 0.7421875 0.9140625 0.5890625 0.9140625 0.5890625 0.996875 0.7421875 0.996875 0.7421875 0.9140625
0 0.6203125 0.79375 0.4921875 0.79375 0.4921875 0.9578125 0.6203125 0.9578125 0.6203125 0.79375
0 0.5109375 0.334375 0.309375 0.334375 0.309375 0.5921875 0.5109375 0.5921875 0.5109375 0.334375
