0 0.025 0.9296875 0.0015625 0.9296875 0.0015625 0.9796875 0.025 0.9796875 0.025 0.9296875
0 0.621875 0.2734375 0.4578125 0.2734375 0.4578125 0.4515625 0.621875 0.4515625 0.621875 0.2734375
0 0.01875 0.2140625 0.0015625 0.2140625 0.0015625 0.3296875 0.01875 0.3296875 0.01875 0.2140625
0 1.0 0.484375 0.9609375 0.484375 0.9609375 0.59375 1.0 0.59375 1.0 0.484375
0 0.3390625 0.459375 0.175 0.459375 0.175 0.575 0.3390625 0.575 0.3390625 0.459375
0 0.18125 0.29375 0.0171875 0.29375 0.0171875 0.3859375 0.18125 0.3859375 0.18125 0.29375
0 0.3625 0.5390625 0.1890625 0.5390625 0.1890625 0.6921875 0.3625 0.6921875 0.3625 0.5390625
0 0.0484375 0.315625 0.0015625 0.315625 0.0015625 0.4375 0.0484375 0.4375 0.0484375 0.315625
0 0.59375 0.0015625 0.478125 0.0015625 0.478125 0.1078125 0.59375 0.1078125 0.59375 0.0015625
0 1.0 0.0015625 0.7296875 0.0015625 0.7296875 0.06875 1.0 0.06875 1.0 0.0015625
0 1.0 0.0453125 0.834375 0.0453125 0.834375 0.2546875 1.0 0.2546875 1.0 0.0453125
0 0.0515625 0.7109375 0.0015625 0.7109375 0.0015625 0.79375 0.0515625 0.79375 0.0515625 0.7109375
0 0.3234375 0.521875 0.16875 0.521875 0.16875 0.6921875 0.3234375 0.6921875 0.3234375 0.521875
0 0.1390625 0.5203125 0.0296875 0.5203125 0.0296875 0.646875 0.1390625 0.646875 0.1390625 0.5203125
0 0.8015625 0.6765625 0.55 0.6765625 0.55 0.8296875 0.8015625 0.8296875 0.8015625 0.6765625
0 0.4578125 0.7765625 0.115625 0.7765625 0.115625 1.0 0.4578125 1.0 0.4578125 0.7765625
0 0.0734375 0.5609375 0.0015625 0.5609375 0.0015625 0.7203125 0.0734375 0.7203125 0.0734375 0.5609375
0 0.634375 0.99375 0.5390625 0.99375 0.5390625 1.0 0.634375 1.0 0.634375 0.99375
0 0.6609375 0.8859375 0.475 0.8859375 0.475 0.978125 0.6609375 0.978125 0.6609375 0.8859375
0 0.421875 0.328125 0.3625 0.328125 0.3625 0.6015625 0.421875 0.6015625 0.421875 0.328125
0 0.0671875 0.446875 0.0015625 0.446875 0.0015625 0.54375 0.0671875 0.54375 0.0671875 0.446875
0 0.7703125 0.175 0.665625 0.175 0.665625 0.4046875 0.7703125 0.4046875 0.7703125 0.175
0 0.3234375 0.459375 0.065625 0.459375 0.065625 0.6203125 0.3234375 0.6203125 0.3234375 0.459375
0 0.575 0.0015625 0.0015625 0.0015625 0.0015625 0.6109375 0.575 0.6109375 0.575 0.0015625
0 0.1671875 0.421875 0.0015625 0.421875 0.0015625 0.50625 0.1671875 0.50625 0.1671875 0.421875
0 0.590625 0.3234375 0.4390625 0.3234375 0.4390625 0.4984375 0.590625 0.4984375 0.590625 0.3234375
0 0.5859375 0.1453125 0.446875 0.1453125 0.446875 0.3046875 0.5859375 0.3046875 0.5859375 0.1453125
0 0.9453125 0.1015625 0.7796875 0.1015625 0.7796875 0.2234375 0.9453125 0.2234375 0.9453125 0.1015625
0 1.0 0.0015625 0.8796875 0.0015625 0.8796875 0.01875 1.0 0.01875 1.0 0.0015625
0 1.0 0.1890625 0.9046875 0.1890625 0.9046875 0.3546875 1.0 0.3546875 1.0 0.1890625
0 0.975 0.3453125 0.7203125 0.3453125 0.7203125 0.4734375 0.975 0.4734375 0.975 0.3453125
0 0.6296875 0.0015625 0.3578125 0.0015625 0.3578125 0.428125 0.6296875 0.428125 0.6296875 0.0015625
0 0.96875 0.19375 0.7609375 0.19375 0.7609375 0.3328125 0.96875 0.3328125 0.96875 0.19375
0 0.1859375 0.115625 0.00625 0.115625 0.00625 0.259375 0.1859375 0.259375 0.1859375 0.115625
0 0.3265625 0.0015625 0.2125 0.0015625 0.2125 0.1984375 0.3265625 0.1984375 0.3265625 0.0015625
0 0.715625 0.0015625 0.584375 0.0015625 0.584375 0.084375 0.715625 0.084375 0.715625 0.0015625
0 0.1359375 0.9125 0.0015625 0.9125 0.0015625 1.0 0.1359375 1.0 0.1359375 0.9125
0 0.0453125 0.790625 0.0015625 0.790625 0.0015625 0.9625 0.0453125 0.9625 0.0453125 0.790625
0 0.0125 0.7328125 0.0015625 0.7328125 0.0015625 0.753125 0.0125 0.753125 0.0125 0.7328125
0 0.0734375 0.5328125 0.0015625 0.5328125 0.0015625 0.6515625 0.0734375 0.6515625 0.0734375 0.5328125
0 0.8625 0.5609375 0.7375 0.5609375 0.7375 0.759375 0.8625 0.759375 0.8625 0.5609375
0 0.8828125 0.809375 0.3859375 0.809375 0.3859375 1.0 0.8828125 1.0 0.8828125 0.809375
0 0.5765625 0.6703125 0.146875 0.6703125 0.146875 0.959375 0.5765625 0.959375 0.5765625 0.6703125
0 0.0296875 0.659375 0.0015625 0.659375 0.0015625 0.7421875 0.0296875 0.7421875 0.0296875 0.659375
0 0.4921875 0.4328125 0.390625 0.4328125 0.390625 0.621875 0.4921875 0.621875 0.4921875 0.4328125
0 1.0 0.6828125 0.9640625 0.6828125 0.9640625 0.85625 1.0 0.85625 1.0 0.6828125
0 0.8140625 0.371875 0.459375 0.371875 0.459375 0.76875 0.8140625 0.76875 0.8140625 0.371875
0 0.9859375 0.540625 0.8578125 0.540625 0.8578125 0.6609375 0.9859375 0.6609375 0.9859375 0.540625
0 0.15 0.49375 0.0234375 0.49375 0.0234375 0.6 0.15 0.6 0.15 0.49375
0 0.3 0.3890625 0.0265625 0.3890625 0.0265625 0.4890625 0.3 0.4890625 0.3 0.3890625
0 0.325 0.265625 0.2046875 0.265625 0.2046875 0.3828125 0.325 0.3828125 0.325 0.265625
0 0.44375 0.06875 0.2921875 0.06875 0.2921875 0.15 0.44375 0.15 0.44375 0.06875
0 0.0140625 0.4921875 0.0015625 0.4921875 0.0015625 0.521875 0.0140625 0.521875 0.0140625 0.4921875
0 0.1953125 0.1515625 0.0015625 0.1515625 0.0015625 0.3703125 0.1953125 0.3703125 0.1953125 0.1515625
0 0.315625 0.896875 0.2015625 0.896875 0.2015625 1.0 0.315625 1.0 0.315625 0.896875
0 0.1984375 0.7171875 0.003125 0.7171875 0.003125 0.921875 0.1984375 0.921875 0.1984375 0.7171875
0 0.24375 0.521875 0.05 0.521875 0.05 0.7375 0.24375 0.7375 0.24375 0.521875
0 0.43125 0.0578125 0.23125 0.0578125 0.23125 0.253125 0.43125 0.253125 0.43125 0.0578125
0 1.0 0.959375 0.93125 0.959375 0.93125 1.0 1.0 1.0 1.0 0.959375
0 0.9921875 0.7046875 0.75625 0.7046875 0.75625 1.0 0.9921875 1.0 0.9921875 0.7046875
0 0.5125 0.84375 0.3390625 0.84375 0.3390625 0.953125 0.5125 0.953125 0.5125 0.84375
0 0.7984375 0.784375 0.478125 0.784375 0.478125 0.8765625 0.7984375 0.8765625 0.7984375 0.784375
0 0.5734375 0.375 0.340625 0.375 0.340625 0.7078125 0.5734375 0.7078125 0.5734375 0.375
0 0.915625 0.384375 0.6078125 0.384375 0.6078125 0.5671875 0.915625 0.5671875 0.915625 0.384375
0 0.9734375 0.2796875 0.734375 0.2796875 0.734375 0.440625 0.9734375 0.440625 0.9734375 0.2796875
0 0.8140625 0.1609375 0.73125 0.1609375 0.73125 0.2953125 0.8140625 0.2953125 0.8140625 0.1609375
0 0.7265625 0.0875 0.5359375 0.0875 0.5359375 0.325 0.7265625 0.325 0.7265625 0.0875
0 1.0 0.0015625 0.690625 0.0015625 0.690625 0.175 1.0 0.175 1.0 0.0015625
0 0.7671875 0.0015625 0.653125 0.0015625 0.653125 0.046875 0.7671875 0.046875 0.7671875 0.0015625
0 0.9953125 0.58125 0.81875 0.58125 0.81875 0.71875 0.9953125 0.71875 0.9953125 0.58125
0 1.0 0.153125 0.940625 0.153125 0.940625 0.3421875 1.0 0.3421875 1.0 0.153125
