0 0.3953125 0.784375 0.2875 0.784375 0.2875 0.953125 0.3953125 0.953125 0.3953125 0.784375
0 0.0109375 1.0 0.0109375 1.0 0.0109375 1.0 0.0109375 1.0 0.0109375 1.0
0 0.6765625 0.8796875 0.55 0.8796875 0.55 1.0 0.6765625 1.0 0.6765625 0.8796875
0 0.5234375 0.8625 0.465625 0.8625 0.465625 1.0 0.5234375 1.0 0.5234375 0.8625
0 0.559375 0.35625 0.2515625 0.35625 0.2515625 0.85 0.559375 0.85 0.559375 0.35625
0 0.6875 0.709375 0.5703125 0.709375 0.5703125 0.8453125 0.6875 0.8453125 0.6875 0.709375
0 0.496875 0.553125 0.34375 0.553125 0.34375 0.8703125 0.496875 0.8703125 0.496875 0.553125
0 0.60625 0.571875 0.53125 0.571875 0.53125 0.7171875 0.60625 0.7171875 0.60625 0.571875
0 0.3484375 0.3484375 0.275 0.3484375 0.275 0.496875 0.3484375 0.496875 0.3484375 0.3484375
0 0.484375 0.115625 0.3546875 0.115625 0.3546875 0.271875 0.484375 0.271875 0.484375 0.115625
0 0.5890625 0.0015625 0.2640625 0.0015625 0.2640625 0.1953125 0.5890625 0.1953125 0.5890625 0.0015625
0 0.875 0.9515625 0.8046875 0.9515625 0.8046875 1.0 0.875 1.0 0.875 0.9515625
0 0.7671875 0.8453125 0.6515625 0.8453125 0.6515625 0.9625 0.7671875 0.9625 0.7671875 0.8453125
0 0.859375 0.528125 0.709375 0.528125 0.709375 0.715625 0.859375 0.715625 0.859375 0.528125
0 0.878125 0.4265625 0.68125 0.4265625 0.68125 0.5859375 0.878125 0.5859375 0.878125 0.4265625
0 1.0 0.059375 0.98125 0.059375 0.98125 0.153125 1.0 0.153125 1.0 0.059375
0 0.71875 0.0015625 0.621875 0.0015625 0.621875 0.13125 0.71875 0.13125 0.71875 0.0015625
0 1.0 0.0015625 0.8859375 0.0015625 0.8859375 0.1703125 1.0 0.1703125 1.0 0.0015625
0 0.9671875 0.0015625 0.903125 0.0015625 0.903125 0.0796875 0.9671875 0.0796875 0.9671875 0.0015625
0 0.6515625 0.9609375 0.575 0.9609375 0.575 1.0 0.6515625 1.0 0.6515625 0.9609375
0 0.578125 0.84375 0.5046875 0.84375 0.5046875 1.0 0.578125 1.0 0.578125 0.84375
0 0.871875 0.6453125 0.6890625 0.6453125 0.6890625 0.86875 0.871875 0.86875 0.871875 0.6453125
0 0.2703125 0.640625 0.1421875 0.640625 0.1421875 0.9578125 0.2703125 0.9578125 0.2703125 0.640625
0 0.009375 0.990625 0.0015625 0.990625 0.0015625 1.0 0.009375 1.0 0.009375 0.990625
0 0.1859375 0.9671875 0.0640625 0.9671875 0.0640625 1.0 0.1859375 1.0 0.1859375 0.9671875
0 0.146875 0.475 0.0328125 0.475 0.0328125 0.7578125 0.146875 0.7578125 0.146875 0.475
0 0.06875 0.0734375 0.0015625 0.0734375 0.0015625 0.15 0.06875 0.15 0.06875 0.0734375
0 1.0 0.834375 0.6875 0.834375 0.6875 1.0 1.0 1.0 1.0 0.834375
0 0.5875 0.7390625 0.3625 0.7390625 0.3625 0.9859375 0.5875 0.9859375 0.5875 0.7390625
0 0.3578125 0.825 0.2765625 0.825 0.2765625 0.940625 0.3578125 0.940625 0.3578125 0.825
0 1.0 0.7765625 0.9046875 0.7765625 0.9046875 0.8578125 1.0 0.8578125 1.0 0.7765625
0 0.921875 0.7125 0.771875 0.7125 0.771875 0.8484375 0.921875 0.8484375 0.921875 0.7125
0 0.4453125 0.6359375 0.328125 0.6359375 0.328125 0.8234375 0.4453125 0.8234375 0.4453125 0.6359375
0 0.728125 0.5640625 0.6125 0.5640625 0.6125 0.8171875 0.728125 0.8171875 0.728125 0.5640625
0 0.7578125 0.315625 0.534375 0.315625 0.534375 0.5765625 0.7578125 0.5765625 0.7578125 0.315625
0 0.4140625 0.4234375 0.321875 0.4234375 0.321875 0.565625 0.4140625 0.565625 0.4140625 0.4234375
0 0.4234375 0.1625 0.2640625 0.1625 0.2640625 0.3671875 0.4234375 0.3671875 0.4234375 0.1625
0 0.5921875 0.1796875 0.4734375 0.1796875 0.4734375 0.365625 0.5921875 0.365625 0.5921875 0.1796875
0 0.734375 0.0125 0.5328125 0.0125 0.5328125 0.2765625 0.734375 0.2765625 0.734375 0.0125
0 1.0 0.1703125 0.9453125 0.1703125 0.9453125 0.259375 1.0 0.259375 1.0 0.1703125
0 0.4859375 0.0015625 0.334375 0.0015625 0.334375 0.075 0.4859375 0.075 0.4859375 0.0015625
0 0.065625 0.8265625 0.0015625 0.8265625 0.0015625 0.91875 0.065625 0.91875 0.065625 0.8265625
0 0.09375 0.4578125 0.0015625 0.4578125 0.0015625 0.70625 0.09375 0.70625 0.09375 0.4578125
0 0.253125 0.2359375 0.103125 0.2359375 0.103125 0.5625 0.253125 0.5625 0.253125 0.2359375
0 0.0671875 0.1953125 0.0015625 0.1953125 0.0015625 0.378125 0.0671875 0.378125 0.0671875 0.1953125
0 0.18125 0.0015625 0.0015625 0.0015625 0.0015625 0.2203125 0.18125 0.2203125 0.18125 0.0015625
0 0.9921875 0.3234375 0.871875 0.3234375 0.871875 0.471875 0.9921875 0.471875 0.9921875 0.3234375
0 1.0 0.0359375 0.9875 0.0359375 0.9875 0.065625 1.0 0.065625 1.0 0.0359375
0 0.165625 0.6375 0.0015625 0.6375 0.0015625 0.790625 0.165625 0.790625 0.165625 0.6375
0 0.1171875 0.3671875 0.0015625 0.3671875 0.0015625 0.4546875 0.1171875 0.4546875 0.1171875 0.3671875
0 0.11875 0.21875 0.03125 0.21875 0.03125 0.3765625 0.11875 0.3765625 0.11875 0.21875
0 0.2703125 0.0015625 0.1515625 0.0015625 0.1515625 0.08125 0.2703125 0.08125 0.2703125 0.0015625
0 0.6390625 0.0015625 0.0015625 0.0015625 0.0015625 0.6546875 0.6390625 0.6546875 0.6390625 0.0015625
0 0.840625 0.2390625 0.0015625 0.2390625 0.0015625 1.0 0.840625 1.0 0.840625 0.2390625
0 0.56875 0.421875 0.2875 0.421875 0.2875 0.8 0.56875 0.8 0.56875 0.421875
0 0.66875 0.0640625 0.290625 0.0640625 0.290625 0.44375 0.66875 0.44375 0.66875 0.0640625
0 0.7421875 0.8046875 0.5796875 0.8046875 0.5796875 0.925 0.7421875 0.925 0.7421875 0.8046875
0 0.8375 0.6859375 0.7484375 0.6859375 0.7484375 0.796875 0.8375 0.796875 0.8375 0.6859375
0 0.6609375 0.540625 0.5453125 0.540625 0.5453125 0.7734375 0.6609375 0.7734375 0.6609375 0.540625
0 1.0 0.0015625 0.621875 0.0015625 0.621875 1.0 1.0 1.0 1.0 0.0015625
0 0.85625 0.034375 0.5859375 0.034375 0.5859375 0.3453125 0.85625 0.3453125 0.85625 0.034375
0 0.790625 0.0015625 0.6578125 0.0015625 0.6578125 0.084375 0.790625 0.084375 0.790625 0.0015625
