0 1.0 0.190625 0.95 0.190625 0.95 0.3640625 1.0 0.3640625 1.0 0.190625
0 0.7828125 0.1453125 0.69375 0.1453125 0.69375 0.278125 0.7828125 0.278125 0.7828125 0.1453125
0 0.7 0.7671875 0.44375 0.7671875 0.44375 1.0 0.7 1.0 0.7 0.7671875
0 0.446875 0.7640625 0.25 0.7640625 0.25 1.0 0.446875 1.0 0.446875 0.7640625
0 0.615625 0.6109375 0.4875 0.6109375 0.4875 0.715625 0.615625 0.715625 0.615625 0.6109375
0 0.63125 0.4421875 0.4359375 0.4421875 0.4359375 0.5796875 0.63125 0.5796875 0.63125 0.4421875
0 0.69375 0.3890625 0.5359375 0.3890625 0.5359375 0.528125 0.69375 0.528125 0.69375 0.3890625
0 0.9125 0.9546875 0.825 0.9546875 0.825 1.0 0.9125 1.0 0.9125 0.9546875
0 0.9765625 0.1015625 0.89375 0.1015625 0.89375 0.221875 0.9765625 0.221875 0.9765625 0.1015625
0 0.6203125 0.1375 0.5484375 0.1375 0.5484375 0.3078125 0.6203125 0.3078125 0.6203125 0.1375
0 0.0390625 0.89375 0.0015625 0.89375 0.0015625 1.0 0.0390625 1.0 0.0390625 0.89375
0 0.1953125 0.0015625 0.0015625 0.0015625 0.0015625 0.790625 0.1953125 0.790625 0.1953125 0.0015625
0 1.0 0.8296875 0.6625 0.8296875 0.6625 1.0 1.0 1.0 1.0 0.8296875
0 0.5484375 0.7734375 0.415625 0.7734375 0.415625 1.0 0.5484375 1.0 0.5484375 0.7734375
0 0.4546875 0.3 0.1296875 0.3 0.1296875 1.0 0.4546875 1.0 0.4546875 0.3
0 0.6453125 0.2875 0.5171875 0.2875 0.5171875 0.4265625 0.6453125 0.4265625 0.6453125 0.2875
0 0.840625 0.159375 0.7515625 0.159375 0.7515625 0.34375 0.840625 0.34375 0.840625 0.159375
0 0.9640625 0.1390625 0.875 0.1390625 0.875 0.3328125 0.9640625 0.3328125 0.9640625 0.1390625
0 0.1859375 0.9515625 0.075 0.9515625 0.075 1.0 0.1859375 1.0 0.1859375 0.9515625
0 0.3125 0.9859375 0.2953125 0.9859375 0.2953125 1.0 0.3125 1.0 0.3125 0.9859375
0 0.909375 0.525 0.4359375 0.525 0.4359375 0.9578125 0.909375 0.9578125 0.909375 0.525
0 0.5125 0.3578125 0.4046875 0.3578125 0.4046875 0.4921875 0.5125 0.4921875 0.5125 0.3578125
0 0.471875 0.4265625 0.3890625 0.4265625 0.3890625 0.625 0.471875 0.625 0.471875 0.4265625
0 0.8328125 0.303125 0.7109375 0.303125 0.7109375 0.4703125 0.8328125 0.4703125 0.8328125 0.303125
0 1.0 0.0015625 0.0015625 0.0015625 0.0015625 1.0 1.0 1.0 1.0 0.0015625
0 0.125 0.209375 0.021875 0.209375 0.021875 0.4734375 0.125 0.4734375 0.125 0.209375
