0 0.159375 0.7953125 0.0390625 0.7953125 0.0390625 0.915625 0.159375 0.915625 0.159375 0.7953125
0 1.0 0.8421875 0.91875 0.8421875 0.91875 1.0 1.0 1.0 1.0 0.8421875
0 0.1546875 0.9046875 0.075 0.9046875 0.075 1.0 0.1546875 1.0 0.1546875 0.9046875
0 0.0046875 0.7515625 0.0015625 0.7515625 0.0015625 0.8390625 0.0046875 0.8390625 0.0046875 0.7515625
0 0.440625 0.815625 0.3703125 0.815625 0.3703125 1.0 0.440625 1.0 0.440625 0.815625
0 0.5984375 0.209375 0.3796875 0.209375 0.3796875 0.6296875 0.5984375 0.6296875 0.5984375 0.209375
0 0.9203125 0.8421875 0.7875 0.8421875 0.7875 1.0 0.9203125 1.0 0.9203125 0.8421875
0 0.1953125 0.725 0.140625 0.725 0.140625 0.9 0.1953125 0.9 0.1953125 0.725
0 0.7609375 0.6765625 0.7078125 0.6765625 0.7078125 0.9359375 0.7609375 0.9359375 0.7609375 0.6765625
0 0.384375 0.553125 0.3296875 0.553125 0.3296875 0.8953125 0.384375 0.8953125 0.384375 0.553125
0 0.6953125 0.6609375 0.61875 0.6609375 0.61875 0.93125 0.6953125 0.93125 0.6953125 0.6609375
0 0.490625 0.6296875 0.390625 0.6296875 0.390625 0.815625 0.490625 0.815625 0.490625 0.6296875
0 0.5359375 0.278125 0.2875 0.278125 0.2875 0.7390625 0.5359375 0.7390625 0.5359375 0.278125
0 0.4078125 0.5109375 0.334375 0.5109375 0.334375 0.746875 0.4078125 0.746875 0.4078125 0.5109375
0 0.040625 0.9953125 0.0296875 0.9953125 0.0296875 1.0 0.040625 1.0 0.040625 0.9953125
0 0.5640625 0.2515625 0.0015625 0.2515625 0.0015625 1.0 0.5640625 1.0 0.5640625 0.2515625
0 1.0 0.6734375 0.665625 0.6734375 0.665625 1.0 1.0 1.0 1.0 0.6734375
0 0.509375 0.0015625 0.415625 0.0015625 0.415625 0.4125 0.509375 0.4125 0.509375 0.0015625
0 0.6875 0.5703125 0.55 0.5703125 0.55 0.846875 0.6875 0.846875 0.6875 0.5703125
0 1.0 0.0515625 0.5109375 0.0515625 0.5109375 0.7078125 1.0 0.7078125 1.0 0.0515625
0 0.934375 0.0015625 0.759375 0.0015625 0.759375 0.1515625 0.934375 0.1515625 0.934375 0.0015625
0 0.621875 0.0015625 0.534375 0.0015625 0.534375 0.075 0.621875 0.075 0.621875 0.0015625
