0 0.3484375 0.0859375 0.18125 0.0859375 0.18125 0.265625 0.3484375 0.265625 0.3484375 0.0859375
0 0.040625 0.1109375 0.0015625 0.1109375 0.0015625 0.2359375 0.040625 0.2359375 0.040625 0.1109375
0 0.4453125 0.0015625 0.3359375 0.0015625 0.3359375 0.1875 0.4453125 0.1875 0.4453125 0.0015625
0 0.11875 0.2234375 0.0015625 0.2234375 0.0015625 0.334375 0.11875 0.334375 0.11875 0.2234375
0 0.1625 0.0015625 0.0609375 0.0015625 0.0609375 0.1125 0.1625 0.1125 0.1625 0.0015625
0 0.8328125 0.065625 0.703125 0.065625 0.703125 0.2234375 0.8328125 0.2234375 0.8328125 0.065625
0 0.78125 0.0015625 0.6609375 0.0015625 0.6609375 0.103125 0.78125 0.103125 0.78125 0.0015625
0 0.83125 0.159375 0.75625 0.159375 0.75625 0.2671875 0.83125 0.2671875 0.83125 0.159375
0 1.0 0.0015625 0.853125 0.0015625 0.853125 0.115625 1.0 0.115625 1.0 0.0015625
0 0.028125 0.0015625 0.0015625 0.0015625 0.0015625 0.03125 0.028125 0.03125 0.028125 0.0015625
0 0.44375 0.25625 0.3265625 0.25625 0.3265625 0.3453125 0.44375 0.3453125 0.44375 0.25625
0 0.30625 0.028125 0.1859375 0.028125 0.1859375 0.1234375 0.30625 0.1234375 0.30625 0.028125
0 0.646875 0.2125 0.575 0.2125 0.575 0.35 0.646875 0.35 0.646875 0.2125
0 0.3671875 0.0015625 0.0671875 0.0015625 0.0671875 0.2609375 0.3671875 0.2609375 0.3671875 0.0015625
0 0.471875 0.0015625 0.3296875 0.0015625 0.3296875 0.2953125 0.471875 0.2953125 0.471875 0.0015625
0 1.0 0.04375 0.6625 0.04375 0.6625 0.421875 1.0 0.421875 1.0 0.04375
0 1.0 0.728125 0.934375 0.728125 0.934375 0.921875 1.0 0.921875 1.0 0.728125
0 0.3828125 0.5390625 0.1765625 0.5390625 0.1765625 0.6609375 0.3828125 0.6609375 0.3828125 0.5390625
0 0.1296875 0.025 0.0015625 0.025 0.0015625 0.165625 0.1296875 0.165625 0.1296875 0.025
0 0.1265625 0.121875 0.01875 0.121875 0.01875 0.265625 0.1265625 0.265625 0.1265625 0.121875
0 0.0546875 0.7203125 0.0015625 0.7203125 0.0015625 0.865625 0.0546875 0.865625 0.0546875 0.7203125
0 0.0875 0.5 0.0015625 0.5 0.0015625 0.665625 0.0875 0.665625 0.0875 0.5
0 0.7125 0.7734375 0.6203125 0.7734375 0.6203125 0.9375 0.7125 0.9375 0.7125 0.7734375
0 0.6984375 0.509375 0.459375 0.509375 0.459375 0.7671875 0.6984375 0.7671875 0.6984375 0.509375
0 0.1328125 0.7046875 0.0015625 0.7046875 0.0015625 1.0 0.1328125 1.0 0.1328125 0.7046875
0 0.5546875 0.6890625 0.428125 0.6890625 0.428125 0.93125 0.5546875 0.93125 0.5546875 0.6890625
0 1.0 0.5796875 0.8296875 0.5796875 0.8296875 0.7546875 1.0 0.7546875 1.0 0.5796875
0 0.575 0.353125 0.3765625 0.353125 0.3765625 0.4515625 0.575 0.4515625 0.575 0.353125
0 0.959375 0.63125 0.840625 0.63125 0.840625 0.7296875 0.959375 0.7296875 0.959375 0.63125
0 0.5234375 0.5734375 0.4046875 0.5734375 0.4046875 0.746875 0.5234375 0.746875 0.5234375 0.5734375
0 0.9578125 0.9625 0.903125 0.9625 0.903125 1.0 0.9578125 1.0 0.9578125 0.9625
0 0.9953125 0.0328125 0.8453125 0.0328125 0.8453125 0.15625 0.9953125 0.15625 0.9953125 0.0328125
0 0.459375 0.4203125 0.4109375 0.4203125 0.4109375 0.6 0.459375 0.6 0.459375 0.4203125
0 0.5421875 0.928125 0.396875 0.928125 0.396875 1.0 0.5421875 1.0 0.5421875 0.928125
0 0.0859375 0.76875 0.0015625 0.76875 0.0015625 0.9859375 0.0859375 0.9859375 0.0859375 0.76875
0 0.2296875 0.853125 0.1109375 0.853125 0.1109375 1.0 0.2296875 1.0 0.2296875 0.853125
0 0.3390625 0.8609375 0.215625 0.8609375 0.215625 1.0 0.3390625 1.0 0.3390625 0.8609375
0 0.75625 0.7734375 0.55625 0.7734375 0.55625 1.0 0.75625 1.0 0.75625 0.7734375
0 0.525 0.69375 0.3984375 0.69375 0.3984375 0.9375 0.525 0.9375 0.525 0.69375
0 0.6796875 0.6328125 0.515625 0.6328125 0.515625 0.81875 0.6796875 0.81875 0.6796875 0.6328125
0 0.4140625 0.4390625 0.21875 0.4390625 0.21875 0.734375 0.4140625 0.734375 0.4140625 0.4390625
0 0.221875 0.5859375 0.1328125 0.5859375 0.1328125 0.709375 0.221875 0.709375 0.221875 0.5859375
0 0.134375 0.525 0.0203125 0.525 0.0203125 0.6890625 0.134375 0.6890625 0.134375 0.525
0 0.0546875 0.39375 0.0015625 0.39375 0.0015625 0.5296875 0.0546875 0.5296875 0.0546875 0.39375
0 0.2234375 0.309375 0.103125 0.309375 0.103125 0.425 0.2234375 0.425 0.2234375 0.309375
0 0.9625 0.8421875 0.7640625 0.8421875 0.7640625 1.0 0.9625 1.0 0.9625 0.8421875
0 0.8546875 0.48125 0.5453125 0.48125 0.5453125 0.8 0.8546875 0.8 0.8546875 0.48125
0 0.2375 0.4640625 0.134375 0.4640625 0.134375 0.5671875 0.2375 0.5671875 0.2375 0.4640625
0 0.0953125 0.6765625 0.0015625 0.6765625 0.0015625 0.771875 0.0953125 0.771875 0.0953125 0.6765625
0 0.85625 0.7125 0.6796875 0.7125 0.6796875 0.9 0.85625 0.9 0.85625 0.7125
0 1.0 0.35625 0.540625 0.35625 0.540625 0.6609375 1.0 0.6609375 1.0 0.35625
0 0.665625 0.0015625 0.625 0.0015625 0.625 0.075 0.665625 0.075 0.665625 0.0015625
0 0.3515625 0.2234375 0.24375 0.2234375 0.24375 0.3890625 0.3515625 0.3890625 0.3515625 0.2234375
0 0.5203125 0.0015625 0.4265625 0.0015625 0.4265625 0.234375 0.5203125 0.234375 0.5203125 0.0015625
0 0.65 0.7421875 0.54375 0.7421875 0.54375 0.8765625 0.65 0.8765625 0.65 0.7421875
0 0.5734375 0.4640625 0.40625 0.4640625 0.40625 0.6484375 0.5734375 0.6484375 0.5734375 0.4640625
0 0.3 0.3609375 0.0796875 0.3609375 0.0796875 0.4765625 0.3 0.4765625 0.3 0.3609375
