0 0.70625 0.4125 0.621875 0.4125 0.621875 0.6078125 0.70625 0.6078125 0.70625 0.4125
0 0.78125 0.2296875 0.6890625 0.2296875 0.6890625 0.6015625 0.78125 0.6015625 0.78125 0.2296875
0 0.521875 0.784375 0.253125 0.784375 0.253125 0.9828125 0.521875 0.9828125 0.521875 0.784375
0 0.271875 0.66875 0.1546875 0.66875 0.1546875 0.86875 0.271875 0.86875 0.271875 0.66875
0 0.2828125 0.3203125 0.1546875 0.3203125 0.1546875 0.4640625 0.2828125 0.4640625 0.2828125 0.3203125
0 0.6078125 0.8953125 0.4984375 0.8953125 0.4984375 0.984375 0.6078125 0.984375 0.6078125 0.8953125
0 0.0609375 0.8765625 0.0015625 0.8765625 0.0015625 1.0 0.0609375 1.0 0.0609375 0.8765625
0 0.084375 0.6875 0.0015625 0.6875 0.0015625 0.9046875 0.084375 0.9046875 0.084375 0.6875
0 0.925 0.58125 0.853125 0.58125 0.853125 0.7640625 0.925 0.7640625 0.925 0.58125
0 0.353125 0.3921875 0.246875 0.3921875 0.246875 0.5 0.353125 0.5 0.353125 0.3921875
0 0.959375 0.1703125 0.8703125 0.1703125 0.8703125 0.3375 0.959375 0.3375 0.959375 0.1703125
0 0.6828125 0.0015625 0.6078125 0.0015625 0.6078125 0.1140625 0.6828125 0.1140625 0.6828125 0.0015625
0 0.425 0.2125 0.24375 0.2125 0.24375 0.3390625 0.425 0.3390625 0.425 0.2125
0 0.790625 0.0015625 0.74375 0.0015625 0.74375 0.1140625 0.790625 0.1140625 0.790625 0.0015625
0 0.721875 0.0015625 0.634375 0.0015625 0.634375 0.0984375 0.721875 0.0984375 0.721875 0.0015625
0 0.240625 0.4046875 0.1515625 0.4046875 0.1515625 0.671875 0.240625 0.671875 0.240625 0.4046875
0 0.6421875 0.090625 0.5953125 0.090625 0.5953125 0.2859375 0.6421875 0.2859375 0.6421875 0.090625
0 0.1703125 0.30625 0.0265625 0.30625 0.0265625 0.5 0.1703125 0.5 0.1703125 0.30625
0 1.0 0.2984375 0.953125 0.2984375 0.953125 0.434375 1.0 0.434375 1.0 0.2984375
0 0.478125 0.075 0.34375 0.075 0.34375 0.2421875 0.478125 0.2421875 0.478125 0.075
0 0.1890625 0.9703125 0.1125 0.9703125 0.1125 1.0 0.1890625 1.0 0.1890625 0.9703125
0 0.0703125 0.8328125 0.0015625 0.8328125 0.0015625 1.0 0.0703125 1.0 0.0703125 0.8328125
0 0.5546875 0.5234375 0.4609375 0.5234375 0.4609375 0.6953125 0.5546875 0.6953125 0.5546875 0.5234375
0 0.1265625 0.44375 0.0015625 0.44375 0.0015625 0.603125 0.1265625 0.603125 0.1265625 0.44375
0 0.503125 0.296875 0.3828125 0.296875 0.3828125 0.46875 0.503125 0.46875 0.503125 0.296875
0 1.0 0.5984375 0.984375 0.5984375 0.984375 0.69375 1.0 0.69375 1.0 0.5984375
0 0.7796875 0.0015625 0.6609375 0.0015625 0.6609375 0.146875 0.7796875 0.146875 0.7796875 0.0015625
0 0.8453125 0.60625 0.4515625 0.60625 0.4515625 1.0 0.8453125 1.0 0.8453125 0.60625
0 0.603125 0.878125 0.284375 0.878125 0.284375 1.0 0.603125 1.0 0.603125 0.878125
0 0.3890625 0.0015625 0.2921875 0.0015625 0.2921875 0.1453125 0.3890625 0.1453125 0.3890625 0.0015625
0 0.4703125 0.01875 0.3078125 0.01875 0.3078125 0.196875 0.4703125 0.196875 0.4703125 0.01875
0 0.5765625 0.0015625 0.471875 0.0015625 0.471875 0.15625 0.5765625 0.15625 0.5765625 0.0015625
0 0.290625 0.0015625 0.0015625 0.0015625 0.0015625 1.0 0.290625 1.0 0.290625 0.0015625
0 0.759375 0.0015625 0.1953125 0.0015625 0.1953125 0.30625 0.759375 0.30625 0.759375 0.0015625
0 0.815625 0.425 0.1765625 0.425 0.1765625 1.0 0.815625 1.0 0.815625 0.425
0 0.675 0.55 0.4984375 0.55 0.4984375 0.8203125 0.675 0.8203125 0.675 0.55
0 1.0 0.0015625 0.2984375 0.0015625 0.2984375 1.0 1.0 1.0 1.0 0.0015625
0 0.3640625 0.2828125 0.1703125 0.2828125 0.1703125 0.4375 0.3640625 0.4375 0.3640625 0.2828125
0 0.6765625 0.990625 0.646875 0.990625 0.646875 1.0 0.6765625 1.0 0.6765625 0.990625
0 0.059375 0.340625 0.0015625 0.340625 0.0015625 0.465625 0.059375 0.465625 0.059375 0.340625
0 0.4046875 0.24375 0.2171875 0.24375 0.2171875 0.4265625 0.4046875 0.4265625 0.4046875 0.24375
