0 0.08125 0.30625 0.0015625 0.30625 0.0015625 0.440625 0.08125 0.440625 0.08125 0.30625
0 0.19375 0.8875 0.0015625 0.8875 0.0015625 1.0 0.19375 1.0 0.19375 0.8875
0 0.940625 0.7421875 0.79375 0.7421875 0.79375 0.846875 0.940625 0.846875 0.940625 0.7421875
0 0.23125 0.2484375 0.1171875 0.2484375 0.1171875 0.471875 0.23125 0.471875 0.23125 0.2484375
0 0.578125 0.0015625 0.5484375 0.0015625 0.5484375 0.0265625 0.578125 0.0265625 0.578125 0.0015625
0 0.6296875 0.990625 0.621875 0.990625 0.621875 1.0 0.6296875 1.0 0.6296875 0.990625
0 1.0 0.9078125 0.953125 0.9078125 0.953125 0.9734375 1.0 0.9734375 1.0 0.9078125
0 0.2453125 0.540625 0.1203125 0.540625 0.1203125 0.7125 0.2453125 0.7125 0.2453125 0.540625
0 0.0921875 0.4921875 0.0171875 0.4921875 0.0171875 0.6421875 0.0921875 0.6421875 0.0921875 0.4921875
0 0.2 0.2015625 0.0265625 0.2015625 0.0265625 0.4125 0.2 0.4125 0.2 0.2015625
0 0.203125 0.0015625 0.0015625 0.0015625 0.0015625 0.1109375 0.203125 0.1109375 0.203125 0.0015625
0 1.0 0.365625 0.7390625 0.365625 0.7390625 0.7515625 1.0 0.7515625 1.0 0.365625
0 0.9609375 0.8078125 0.796875 0.8078125 0.796875 0.94375 0.9609375 0.94375 0.9609375 0.8078125
0 0.21875 0.7296875 0.0734375 0.7296875 0.0734375 0.925 0.21875 0.925 0.21875 0.7296875
0 0.8109375 0.6515625 0.7203125 0.6515625 0.7203125 0.759375 0.8109375 0.759375 0.8109375 0.6515625
0 0.996875 0.6125 0.8640625 0.6125 0.8640625 0.69375 0.996875 0.69375 0.996875 0.6125
0 1.0 0.5203125 0.928125 0.5203125 0.928125 0.6015625 1.0 0.6015625 1.0 0.5203125
0 0.6359375 0.0015625 0.5796875 0.0015625 0.5796875 0.03125 0.6359375 0.03125 0.6359375 0.0015625
0 1.0 0.6703125 0.8234375 0.6703125 0.8234375 0.934375 1.0 0.934375 1.0 0.6703125
0 1.0 0.365625 0.9640625 0.365625 0.9640625 0.5078125 1.0 0.5078125 1.0 0.365625
0 0.915625 0.95 0.753125 0.95 0.753125 1.0 0.915625 1.0 0.915625 0.95
0 0.3671875 0.6375 0.140625 0.6375 0.140625 0.9609375 0.3671875 0.9609375 0.3671875 0.6375
0 0.159375 0.4578125 0.0015625 0.4578125 0.0015625 0.7015625 0.159375 0.7015625 0.159375 0.4578125
0 0.4046875 0.5171875 0.24375 0.5171875 0.24375 0.6640625 0.4046875 0.6640625 0.4046875 0.5171875
0 0.2140625 0.0453125 0.0078125 0.0453125 0.0078125 0.1703125 0.2140625 0.1703125 0.2140625 0.0453125
0 0.9421875 0.6953125 0.8125 0.6953125 0.8125 0.7765625 0.9421875 0.7765625 0.9421875 0.6953125
0 0.965625 0.2875 0.828125 0.2875 0.828125 0.5890625 0.965625 0.5890625 0.965625 0.2875
0 0.3015625 0.0015625 0.009375 0.0015625 0.009375 0.0609375 0.3015625 0.0609375 0.3015625 0.0015625
0 0.9546875 0.5109375 0.1328125 0.5109375 0.1328125 1.0 0.9546875 1.0 0.9546875 0.5109375
0 0.2 0.5546875 0.0296875 0.5546875 0.0296875 1.0 0.2 1.0 0.2 0.5546875
0 0.53125 0.3640625 0.128125 0.3640625 0.128125 0.65 0.53125 0.65 0.53125 0.3640625
0 0.2140625 0.071875 0.0015625 0.071875 0.0015625 0.253125 0.2140625 0.253125 0.2140625 0.071875
0 1.0 0.834375 0.65625 0.834375 0.65625 1.0 1.0 1.0 1.0 0.834375
0 1.0 0.7609375 0.96875 0.7609375 0.96875 0.9046875 1.0 0.9046875 1.0 0.7609375
0 0.81875 0.7546875 0.7265625 0.7546875 0.7265625 0.8515625 0.81875 0.8515625 0.81875 0.7546875
0 1.0 0.54375 0.9609375 0.54375 0.9609375 0.60625 1.0 0.60625 1.0 0.54375
0 1.0 0.1203125 0.940625 0.1203125 0.940625 0.334375 1.0 0.334375 1.0 0.1203125
0 1.0 0.0015625 0.0015625 0.0015625 0.0015625 1.0 1.0 1.0 1.0 0.0015625
0 0.2 0.8453125 0.0875 0.8453125 0.0875 0.95625 0.2 0.95625 0.2 0.8453125
0 0.65625 0.9234375 0.55 0.9234375 0.55 1.0 0.65625 1.0 0.65625 0.9234375
0 0.609375 0.75 0.5171875 0.75 0.5171875 0.865625 0.609375 0.865625 0.609375 0.75
0 0.746875 0.809375 0.628125 0.809375 0.628125 0.9125 0.746875 0.9125 0.746875 0.809375
0 0.559375 0.759375 0.4375 0.759375 0.4375 0.9609375 0.559375 0.9609375 0.559375 0.759375
