0 0.2484375 0.7140625 0.153125 0.7140625 0.153125 0.8296875 0.2484375 0.8296875 0.2484375 0.7140625
0 0.484375 0.76875 0.296875 0.76875 0.296875 0.9296875 0.484375 0.9296875 0.484375 0.76875
0 0.9046875 0.2625 0.8109375 0.2625 0.8109375 0.4421875 0.9046875 0.4421875 0.9046875 0.2625
0 0.7765625 0.0453125 0.6671875 0.0453125 0.6671875 0.2203125 0.7765625 0.2203125 0.7765625 0.0453125
0 0.196875 0.6609375 0.0859375 0.6609375 0.0859375 0.8046875 0.196875 0.8046875 0.196875 0.6609375
0 0.45 0.1125 0.1109375 0.1125 0.1109375 0.5484375 0.45 0.5484375 0.45 0.1125
0 0.2015625 0.0078125 0.0140625 0.0078125 0.0140625 0.1140625 0.2015625 0.1140625 0.2015625 0.0078125
0 0.9671875 0.9109375 0.884375 0.9109375 0.884375 1.0 0.9671875 1.0 0.9671875 0.9109375
0 0.8546875 0.0015625 0.7390625 0.0015625 0.7390625 0.0984375 0.8546875 0.0984375 0.8546875 0.0015625
0 0.0296875 0.0015625 0.003125 0.0015625 0.003125 0.0265625 0.0296875 0.0265625 0.0296875 0.0015625
0 0.746875 0.9609375 0.715625 0.9609375 0.715625 1.0 0.746875 1.0 0.746875 0.9609375
0 0.8734375 0.9015625 0.7875 0.9015625 0.7875 1.0 0.8734375 1.0 0.8734375 0.9015625
0 0.9484375 0.39375 0.3859375 0.39375 0.3859375 0.8 0.9484375 0.8 0.9484375 0.39375
0 0.5421875 0.971875 0.5203125 0.971875 0.5203125 1.0 0.5421875 1.0 0.5421875 0.971875
0 0.675 0.9875 0.646875 0.9875 0.646875 1.0 0.675 1.0 0.675 0.9875
0 0.78125 0.8546875 0.528125 0.8546875 0.528125 1.0 0.78125 1.0 0.78125 0.8546875
0 0.50625 0.3359375 0.40625 0.3359375 0.40625 0.4265625 0.50625 0.4265625 0.50625 0.3359375
0 0.3046875 0.821875 0.153125 0.821875 0.153125 0.9296875 0.3046875 0.9296875 0.3046875 0.821875
0 0.284375 0.3453125 0.0390625 0.3453125 0.0390625 0.646875 0.284375 0.646875 0.284375 0.3453125
0 0.2734375 0.1875 0.184375 0.1875 0.184375 0.3359375 0.2734375 0.3359375 0.2734375 0.1875
0 0.23125 0.1515625 0.0875 0.1515625 0.0875 0.2921875 0.23125 0.2921875 0.23125 0.1515625
0 0.434375 0.0015625 0.340625 0.0015625 0.340625 0.078125 0.434375 0.078125 0.434375 0.0015625
0 0.9984375 0.9953125 0.9765625 0.9953125 0.9765625 1.0 0.9984375 1.0 0.9984375 0.9953125
0 0.98125 0.0015625 0.79375 0.0015625 0.79375 0.1421875 0.98125 0.1421875 0.98125 0.0015625
0 0.36875 0.7109375 0.240625 0.7109375 0.240625 0.825 0.36875 0.825 0.36875 0.7109375
0 1.0 0.0015625 0.0015625 0.0015625 0.0015625 1.0 1.0 1.0 1.0 0.0015625
0 1.0 0.8578125 0.6171875 0.8578125 0.6171875 1.0 1.0 1.0 1.0 0.8578125
0 0.803125 0.9140625 0.753125 0.9140625 0.753125 1.0 0.803125 1.0 0.803125 0.9140625
