0 1.0 0.0015625 0.9125 0.0015625 0.9125 0.29375 1.0 0.29375 1.0 0.0015625
0 0.875 0.4296875 0.790625 0.4296875 0.790625 0.5984375 0.875 0.5984375 0.875 0.4296875
0 0.7171875 0.275 0.509375 0.275 0.509375 0.471875 0.7171875 0.471875 0.7171875 0.275
0 0.603125 0.15 0.434375 0.15 0.434375 0.2765625 0.603125 0.2765625 0.603125 0.15
0 0.428125 0.9140625 0.240625 0.9140625 0.240625 1.0 0.428125 1.0 0.428125 0.9140625
0 0.453125 0.60625 0.334375 0.60625 0.334375 0.8015625 0.453125 0.8015625 0.453125 0.60625
0 1.0 0.4671875 0.990625 0.4671875 0.990625 0.484375 1.0 0.484375 1.0 0.4671875
0 0.865625 0.7375 0.696875 0.7375 0.696875 0.884375 0.865625 0.884375 0.865625 0.7375
0 1.0 0.5265625 0.8953125 0.5265625 0.8953125 0.73125 1.0 0.73125 1.0 0.5265625
0 1.0 0.0015625 0.0015625 0.0015625 0.0015625 1.0 1.0 1.0 1.0 0.0015625
0 0.99375 0.5375 0.8375 0.5375 0.8375 0.7984375 0.99375 0.7984375 0.99375 0.5375
0 1.0 0.25625 0.915625 0.25625 0.915625 0.41875 1.0 0.41875 1.0 0.25625
