0 0.275 0.478125 0.0640625 0.478125 0.0640625 0.6515625 0.275 0.6515625 0.275 0.478125
0 0.5015625 0.7671875 0.3359375 0.7671875 0.3359375 0.8625 0.5015625 0.8625 0.5015625 0.7671875
0 0.29375 0.553125 0.05 0.553125 0.05 0.8984375 0.29375 0.8984375 0.29375 0.553125
0 0.6359375 0.528125 0.5453125 0.528125 0.5453125 0.715625 0.6359375 0.715625 0.6359375 0.528125
0 0.5796875 0.3703125 0.3890625 0.3703125 0.3890625 0.446875 0.5796875 0.446875 0.5796875 0.3703125
0 0.1859375 0.259375 0.0015625 0.259375 0.0015625 0.4640625 0.1859375 0.4640625 0.1859375 0.259375
0 0.35 0.959375 0.296875 0.959375 0.296875 1.0 0.35 1.0 0.35 0.959375
0 0.525 0.6359375 0.3875 0.6359375 0.3875 0.8890625 0.525 0.8890625 0.525 0.6359375
0 0.66875 0.975 0.6296875 0.975 0.6296875 1.0 0.66875 1.0 0.66875 0.975
0 0.2109375 0.9296875 0.1234375 0.9296875 0.1234375 1.0 0.2109375 1.0 0.2109375 0.9296875
0 0.271875 0.8 0.1203125 0.8 0.1203125 0.9171875 0.271875 0.9171875 0.271875 0.8
0 0.3734375 0.3703125 0.28125 0.3703125 0.28125 0.509375 0.3734375 0.509375 0.3734375 0.3703125
0 0.6875 0.203125 0.5609375 0.203125 0.5609375 0.4109375 0.6875 0.4109375 0.6875 0.203125
0 1.0 0.878125 0.8296875 0.878125 0.8296875 0.940625 1.0 0.940625 1.0 0.878125
0 0.6859375 0.7828125 0.5890625 0.7828125 0.5890625 0.953125 0.6859375 0.953125 0.6859375 0.7828125
0 0.1328125 0.7234375 0.0015625 0.7234375 0.0015625 1.0 0.1328125 1.0 0.1328125 0.7234375
0 0.084375 0.55625 0.0015625 0.55625 0.0015625 0.6765625 0.084375 0.6765625 0.084375 0.55625
0 0.740625 0.8796875 0.5984375 0.8796875 0.5984375 1.0 0.740625 1.0 0.740625 0.8796875
0 0.790625 0.759375 0.6109375 0.759375 0.6109375 0.8703125 0.790625 0.8703125 0.790625 0.759375
0 0.2953125 0.4203125 0.1140625 0.4203125 0.1140625 0.5328125 0.2953125 0.5328125 0.2953125 0.4203125
0 0.4890625 0.0015625 0.4046875 0.0015625 0.4046875 0.121875 0.4890625 0.121875 0.4890625 0.0015625
0 0.24375 0.0015625 0.165625 0.0015625 0.165625 0.053125 0.24375 0.053125 0.24375 0.0015625
0 0.60625 0.8078125 0.4203125 0.8078125 0.4203125 0.940625 0.60625 0.940625 0.60625 0.8078125
0 0.0875 0.771875 0.0015625 0.771875 0.0015625 0.8921875 0.0875 0.8921875 0.0875 0.771875
0 0.6125 0.715625 0.5015625 0.715625 0.5015625 0.809375 0.6125 0.809375 0.6125 0.715625
0 0.3984375 0.5984375 0.2453125 0.5984375 0.2453125 0.80625 0.3984375 0.80625 0.3984375 0.5984375
0 0.2671875 0.91875 0.1609375 0.91875 0.1609375 1.0 0.2671875 1.0 0.2671875 0.91875
0 0.4890625 0.5765625 0.2234375 0.5765625 0.2234375 0.8890625 0.4890625 0.8890625 0.4890625 0.5765625
0 0.346875 0.6203125 0.153125 0.6203125 0.153125 0.8375 0.346875 0.8375 0.346875 0.6203125
0 0.0578125 0.6234375 0.0015625 0.6234375 0.0015625 0.759375 0.0578125 0.759375 0.0578125 0.6234375
0 0.6734375 0.3875 0.559375 0.3875 0.559375 0.6984375 0.6734375 0.6984375 0.6734375 0.3875
0 0.05625 0.4296875 0.0015625 0.4296875 0.0015625 0.5 0.05625 0.5 0.05625 0.4296875
0 0.1625 0.3109375 0.0484375 0.3109375 0.0484375 0.4453125 0.1625 0.4453125 0.1625 0.3109375
0 1.0 0.3078125 0.940625 0.3078125 0.940625 0.4078125 1.0 0.4078125 1.0 0.3078125
0 0.459375 0.0015625 0.303125 0.0015625 0.303125 0.1265625 0.459375 0.1265625 0.459375 0.0015625
0 0.225 0.5390625 0.0625 0.5390625 0.0625 0.765625 0.225 0.765625 0.225 0.5390625
0 0.0671875 0.4796875 0.0015625 0.4796875 0.0015625 0.5859375 0.0671875 0.5859375 0.0671875 0.4796875
0 0.1640625 0.4546875 0.0609375 0.4546875 0.0609375 0.5953125 0.1640625 0.5953125 0.1640625 0.4546875
0 0.01875 0.2859375 0.0015625 0.2859375 0.0015625 0.371875 0.01875 0.371875 0.01875 0.2859375
0 0.1453125 0.0015625 0.0015625 0.0015625 0.0015625 0.0890625 0.1453125 0.0890625 0.1453125 0.0015625
0 0.05625 0.0015625 0.0203125 0.0015625 0.0203125 0.0125 0.05625 0.0125 0.05625 0.0015625
0 0.303125 0.9375 0.2296875 0.9375 0.2296875 1.0 0.303125 1.0 0.303125 0.9375
0 0.653125 0.921875 0.35 0.921875 0.35 1.0 0.653125 1.0 0.653125 0.921875
0 0.4875 0.846875 0.3296875 0.846875 0.3296875 0.91875 0.4875 0.91875 0.4875 0.846875
0 0.3046875 0.6625 0.184375 0.6625 0.184375 0.778125 0.3046875 0.778125 0.3046875 0.6625
0 0.7859375 0.534375 0.6375 0.534375 0.6375 0.7953125 0.7859375 0.7953125 0.7859375 0.534375
0 0.61875 0.6328125 0.5078125 0.6328125 0.5078125 0.734375 0.61875 0.734375 0.61875 0.6328125
0 0.2703125 0.5453125 0.1375 0.5453125 0.1375 0.7203125 0.2703125 0.7203125 0.2703125 0.5453125
0 0.5734375 0.53125 0.2859375 0.53125 0.2859375 0.6953125 0.5734375 0.6953125 0.5734375 0.53125
0 0.509375 0.34375 0.3203125 0.34375 0.3203125 0.5359375 0.509375 0.5359375 0.509375 0.34375
0 0.2953125 0.3796875 0.1359375 0.3796875 0.1359375 0.48125 0.2953125 0.48125 0.2953125 0.3796875
0 0.63125 0.2640625 0.4046875 0.2640625 0.4046875 0.428125 0.63125 0.428125 0.63125 0.2640625
0 0.7109375 0.2171875 0.590625 0.2171875 0.590625 0.35625 0.7109375 0.35625 0.7109375 0.2171875
0 0.359375 0.153125 0.153125 0.153125 0.153125 0.2875 0.359375 0.2875 0.359375 0.153125
0 0.7171875 0.09375 0.5359375 0.09375 0.5359375 0.2484375 0.7171875 0.2484375 0.7171875 0.09375
0 0.3625 0.0015625 0.153125 0.0015625 0.153125 0.171875 0.3625 0.171875 0.3625 0.0015625
0 0.6796875 0.01875 0.5640625 0.01875 0.5640625 0.1375 0.6796875 0.1375 0.6796875 0.01875
0 0.60625 0.0015625 0.4296875 0.0015625 0.4296875 0.1140625 0.60625 0.1140625 0.60625 0.0015625
0 1.0 0.9171875 0.821875 0.9171875 0.821875 1.0 1.0 1.0 1.0 0.9171875
0 0.8140625 0.803125 0.6359375 0.803125 0.6359375 1.0 0.8140625 1.0 0.8140625 0.803125
0 1.0 0.7375 0.8 0.7375 0.8 0.8734375 1.0 0.8734375 1.0 0.7375
0 1.0 0.425 0.74375 0.425 0.74375 0.7515625 1.0 0.7515625 1.0 0.425
0 1.0 0.1640625 0.90625 0.1640625 0.90625 0.4359375 1.0 0.4359375 1.0 0.1640625
0 1.0 0.0015625 0.8953125 0.0015625 0.8953125 0.1734375 1.0 0.1734375 1.0 0.0015625
0 0.865625 0.0015625 0.746875 0.0015625 0.746875 0.1859375 0.865625 0.1859375 0.865625 0.0015625
0 0.23125 0.99375 0.184375 0.99375 0.184375 1.0 0.23125 1.0 0.23125 0.99375
0 0.48125 0.8765625 0.3140625 0.8765625 0.3140625 0.9984375 0.48125 0.9984375 0.48125 0.8765625
0 0.6765625 0.6953125 0.5625 0.6953125 0.5625 0.796875 0.6765625 0.796875 0.6765625 0.6953125
0 0.1640625 0.5953125 0.04375 0.5953125 0.04375 0.784375 0.1640625 0.784375 0.1640625 0.5953125
0 1.0 0.4375 1.0 0.4375 1.0 0.4375 1.0 0.4375 1.0 0.4375
0 0.8828125 0.18125 0.7703125 0.18125 0.7703125 0.3890625 0.8828125 0.3890625 0.8828125 0.18125
0 0.175 0.0015625 0.0015625 0.0015625 0.0015625 0.1046875 0.175 0.1046875 0.175 0.0015625
0 0.1484375 0.9375 0.0484375 0.9375 0.0484375 1.0 0.1484375 1.0 0.1484375 0.9375
0 0.015625 0.9265625 0.0015625 0.9265625 0.0015625 0.95625 0.015625 0.95625 0.015625 0.9265625
0 0.6375 0.86875 0.484375 0.86875 0.484375 0.95 0.6375 0.95 0.6375 0.86875
0 0.4109375 0.2109375 0.2203125 0.2109375 0.2203125 0.371875 0.4109375 0.371875 0.4109375 0.2109375
0 0.628125 0.14375 0.4453125 0.14375 0.4453125 0.3265625 0.628125 0.3265625 0.628125 0.14375
0 0.315625 0.1890625 0.2046875 0.1890625 0.2046875 0.26875 0.315625 0.26875 0.315625 0.1890625
0 1.0 0.0015625 0.528125 0.0015625 0.528125 1.0 1.0 1.0 1.0 0.0015625
0 0.7921875 0.51875 0.653125 0.51875 0.653125 0.79375 0.7921875 0.79375 0.7921875 0.51875
0 1.0 0.1265625 0.80625 0.1265625 0.80625 0.5375 1.0 0.5375 1.0 0.1265625
0 0.5609375 0.1484375 0.4203125 0.1484375 0.4203125 0.35625 0.5609375 0.35625 0.5609375 0.1484375
0 0.2984375 0.1046875 0.1234375 0.1046875 0.1234375 0.2640625 0.2984375 0.2640625 0.2984375 0.1046875
0 0.9125 0.0015625 0.83125 0.0015625 0.83125 0.221875 0.9125 0.221875 0.9125 0.0015625
0 0.6359375 0.0015625 0.4953125 0.0015625 0.4953125 0.115625 0.6359375 0.115625 0.6359375 0.0015625
0 0.4765625 0.103125 0.2859375 0.103125 0.2859375 0.1703125 0.4765625 0.1703125 0.4765625 0.103125
0 0.3390625 0.309375 0.209375 0.309375 0.209375 0.4125 0.3390625 0.4125 0.3390625 0.309375
