0 0.8234375 0.953125 0.7140625 0.953125 0.7140625 1.0 0.8234375 1.0 0.8234375 0.953125
0 0.8359375 0.3640625 0.6765625 0.3640625 0.6765625 0.540625 0.8359375 0.540625 0.8359375 0.3640625
0 0.69375 0.0015625 0.6640625 0.0015625 0.6640625 0.015625 0.69375 0.015625 0.69375 0.0015625
0 0.915625 0.0015625 0.89375 0.0015625 0.89375 0.0140625 0.915625 0.0140625 0.915625 0.0015625
0 0.20625 0.0296875 0.09375 0.0296875 0.09375 0.1859375 0.20625 0.1859375 0.20625 0.0296875
0 0.825 0.53125 0.525 0.53125 0.525 0.7046875 0.825 0.7046875 0.825 0.53125
0 0.496875 0.0421875 0.3109375 0.0421875 0.3109375 0.1859375 0.496875 0.1859375 0.496875 0.0421875
0 0.421875 0.0015625 0.36875 0.0015625 0.36875 0.0171875 0.421875 0.0171875 0.421875 0.0015625
0 0.8625 0.08125 0.734375 0.08125 0.734375 0.19375 0.8625 0.19375 0.8625 0.08125
0 0.346875 0.7578125 0.2015625 0.7578125 0.2015625 0.853125 0.346875 0.853125 0.346875 0.7578125
0 0.44375 0.24375 0.228125 0.24375 0.228125 0.396875 0.44375 0.396875 0.44375 0.24375
0 0.9171875 0.35625 0.7796875 0.35625 0.7796875 0.4625 0.9171875 0.4625 0.9171875 0.35625
0 0.715625 0.2140625 0.5234375 0.2140625 0.5234375 0.409375 0.715625 0.409375 0.715625 0.2140625
0 0.6453125 0.0015625 0.5453125 0.0015625 0.5453125 0.084375 0.6453125 0.084375 0.6453125 0.0015625
0 0.36875 0.0015625 0.340625 0.0015625 0.340625 0.0109375 0.36875 0.0109375 0.36875 0.0015625
0 0.465625 0.078125 0.296875 0.078125 0.296875 0.190625 0.465625 0.190625 0.465625 0.078125
0 1.0 0.0015625 0.95 0.0015625 0.95 0.03125 1.0 0.03125 1.0 0.0015625
0 0.7234375 0.984375 0.6875 0.984375 0.6875 1.0 0.7234375 1.0 0.7234375 0.984375
0 0.8703125 0.3421875 0.75 0.3421875 0.75 0.409375 0.8703125 0.409375 0.8703125 0.3421875
0 0.696875 0.0015625 0.6171875 0.0015625 0.6171875 0.0828125 0.696875 0.0828125 0.696875 0.0015625
0 1.0 0.0015625 0.8671875 0.0015625 0.8671875 0.1375 1.0 0.1375 1.0 0.0015625
0 0.54375 0.0359375 0.4265625 0.0359375 0.4265625 0.1890625 0.54375 0.1890625 0.54375 0.0359375
0 1.0 0.5875 0.8546875 0.5875 0.8546875 0.8046875 1.0 0.8046875 1.0 0.5875
0 0.9140625 0.0015625 0.0015625 0.0015625 0.0015625 1.0 0.9140625 1.0 0.9140625 0.0015625
0 1.0 0.4359375 0.696875 0.4359375 0.696875 1.0 1.0 1.0 1.0 0.4359375
0 1.0 0.0515625 0.7875 0.0515625 0.7875 0.5390625 1.0 0.5390625 1.0 0.0515625
0 0.0765625 0.35 0.0015625 0.35 0.0015625 0.51875 0.0765625 0.51875 0.0765625 0.35
