0 0.815625 0.8578125 0.7703125 0.8578125 0.7703125 1.0 0.815625 1.0 0.815625 0.8578125
0 0.5453125 0.93125 0.425 0.93125 0.425 1.0 0.5453125 1.0 0.5453125 0.93125
0 0.4765625 0.0375 0.2703125 0.0375 0.2703125 0.4390625 0.4765625 0.4390625 0.4765625 0.0375
0 0.946875 0.4625 0.609375 0.4625 0.609375 0.9921875 0.946875 0.9921875 0.946875 0.4625
0 1.0 0.4203125 0.8375 0.4203125 0.8375 0.7296875 1.0 0.7296875 1.0 0.4203125
0 0.9953125 0.2046875 0.6890625 0.2046875 0.6890625 0.4 0.9953125 0.4 0.9953125 0.2046875
0 0.9 0.0015625 0.7921875 0.0015625 0.7921875 0.16875 0.9 0.16875 0.9 0.0015625
0 0.0328125 0.0015625 0.0015625 0.0015625 0.0015625 0.0375 0.0328125 0.0375 0.0328125 0.0015625
0 0.359375 0.6390625 0.1671875 0.6390625 0.1671875 1.0 0.359375 1.0 0.359375 0.6390625
0 0.4234375 0.3328125 0.2828125 0.3328125 0.2828125 0.5078125 0.4234375 0.5078125 0.4234375 0.3328125
0 0.20625 0.128125 0.0921875 0.128125 0.0921875 0.446875 0.20625 0.446875 0.20625 0.128125
0 0.296875 0.259375 0.228125 0.259375 0.228125 0.446875 0.296875 0.446875 0.296875 0.259375
0 0.496875 0.0015625 0.35625 0.0015625 0.35625 0.0703125 0.496875 0.0703125 0.496875 0.0015625
0 0.9734375 0.7625 0.8046875 0.7625 0.8046875 1.0 0.9734375 1.0 0.9734375 0.7625
0 0.759375 0.703125 0.66875 0.703125 0.66875 0.846875 0.759375 0.846875 0.759375 0.703125
0 1.0 0.3078125 0.6484375 0.3078125 0.6484375 0.759375 1.0 0.759375 1.0 0.3078125
0 0.6734375 0.534375 0.53125 0.534375 0.53125 0.7109375 0.6734375 0.7109375 0.6734375 0.534375
0 1.0 0.20625 0.9125 0.20625 0.9125 0.340625 1.0 0.340625 1.0 0.20625
0 0.9609375 0.0015625 0.853125 0.0015625 0.853125 0.18125 0.9609375 0.18125 0.9609375 0.0015625
0 0.6734375 0.0015625 0.0015625 0.0015625 0.0015625 1.0 0.6734375 1.0 0.6734375 0.0015625
0 1.0 0.0015625 0.346875 0.0015625 0.346875 1.0 1.0 1.0 1.0 0.0015625
0 1.0 0.3328125 0.9671875 0.3328125 0.9671875 0.59375 1.0 0.59375 1.0 0.3328125
