0 0.3453125 0.1578125 0.2109375 0.1578125 0.2109375 0.3671875 0.3453125 0.3671875 0.3453125 0.1578125
0 0.3921875 0.36875 0.2515625 0.36875 0.2515625 0.609375 0.3921875 0.609375 0.3921875 0.36875
0 0.34375 0.03125 0.2703125 0.03125 0.2703125 0.1875 0.34375 0.1875 0.34375 0.03125
0 0.3921875 0.5953125 0.2875 0.5953125 0.2875 0.6734375 0.3921875 0.6734375 0.3921875 0.5953125
0 0.3875 0.621875 0.2578125 0.621875 0.2578125 0.875 0.3875 0.875 0.3875 0.621875
0 0.6078125 0.4359375 0.5640625 0.4359375 0.5640625 0.59375 0.6078125 0.59375 0.6078125 0.4359375
0 0.3359375 0.3078125 0.2515625 0.3078125 0.2515625 0.425 0.3359375 0.425 0.3359375 0.3078125
0 0.0421875 0.1984375 0.0015625 0.1984375 0.0015625 0.359375 0.0421875 0.359375 0.0421875 0.1984375
0 0.28125 0.209375 0.0671875 0.209375 0.0671875 0.715625 0.28125 0.715625 0.28125 0.209375
0 0.4078125 0.225 0.3328125 0.225 0.3328125 0.3859375 0.4078125 0.3859375 0.4078125 0.225
0 0.0625 0.13125 0.0015625 0.13125 0.0015625 0.271875 0.0625 0.271875 0.0625 0.13125
0 0.1328125 0.0015625 0.028125 0.0015625 0.028125 0.1 0.1328125 0.1 0.1328125 0.0015625
0 0.3609375 0.0015625 0.284375 0.0015625 0.284375 0.05625 0.3609375 0.05625 0.3609375 0.0015625
0 1.0 0.0015625 0.0015625 0.0015625 0.0015625 0.9625 1.0 0.9625 1.0 0.0015625
0 0.221875 0.7625 0.1046875 0.7625 0.1046875 0.9453125 0.221875 0.9453125 0.221875 0.7625
0 0.2953125 0.3125 0.125 0.3125 0.125 0.5328125 0.2953125 0.5328125 0.2953125 0.3125
0 0.55625 0.6765625 0.2015625 0.6765625 0.2015625 1.0 0.55625 1.0 0.55625 0.6765625
0 0.934375 0.7359375 0.784375 0.7359375 0.784375 0.9921875 0.934375 0.9921875 0.934375 0.7359375
0 0.6890625 0.0015625 0.61875 0.0015625 0.61875 0.1 0.6890625 0.1 0.6890625 0.0015625
0 0.1 0.984375 0.0015625 0.984375 0.0015625 1.0 0.1 1.0 0.1 0.984375
0 1.0 0.0015625 0.9859375 0.0015625 0.9859375 0.0046875 1.0 0.0046875 1.0 0.0015625
