0 0.015625 0.3421875 0.0015625 0.3421875 0.0015625 0.384375 0.015625 0.384375 0.015625 0.3421875
0 0.128125 0.43125 0.0015625 0.43125 0.0015625 0.6703125 0.128125 0.6703125 0.128125 0.43125
0 0.49375 0.40625 0.1703125 0.40625 0.1703125 0.7109375 0.49375 0.7109375 0.49375 0.40625
0 0.35 0.0015625 0.0109375 0.0015625 0.0109375 0.4078125 0.35 0.4078125 0.35 0.0015625
0 0.1 0.0015625 0.034375 0.0015625 0.034375 0.0671875 0.1 0.0671875 0.1 0.0015625
0 0.596875 0.35 0.396875 0.35 0.396875 0.7296875 0.596875 0.7296875 0.596875 0.35
0 1.0 0.521875 0.890625 0.521875 0.890625 0.634375 1.0 0.634375 1.0 0.521875
0 1.0 0.31875 0.959375 0.31875 0.959375 0.4078125 1.0 0.4078125 1.0 0.31875
0 0.3484375 0.0015625 0.3140625 0.0015625 0.3140625 0.059375 0.3484375 0.059375 0.3484375 0.0015625
0 0.7390625 0.8328125 0.61875 0.8328125 0.61875 1.0 0.7390625 1.0 0.7390625 0.8328125
0 0.5984375 0.7359375 0.4296875 0.7359375 0.4296875 0.984375 0.5984375 0.984375 0.5984375 0.7359375
0 1.0 0.459375 0.84375 0.459375 0.84375 0.76875 1.0 0.76875 1.0 0.459375
0 0.5546875 0.1609375 0.44375 0.1609375 0.44375 0.3171875 0.5546875 0.3171875 0.5546875 0.1609375
0 0.6234375 0.0015625 0.4421875 0.0015625 0.4421875 0.1296875 0.6234375 0.1296875 0.6234375 0.0015625
0 0.765625 0.0296875 0.6640625 0.0296875 0.6640625 0.1296875 0.765625 0.1296875 0.765625 0.0296875
0 0.734375 0.328125 0.4296875 0.328125 0.4296875 1.0 0.734375 1.0 0.734375 0.328125
0 0.8328125 0.0015625 0.5546875 0.0015625 0.5546875 0.11875 0.8328125 0.11875 0.8328125 0.0015625
0 0.553125 0.0015625 0.50625 0.0015625 0.50625 0.05 0.553125 0.05 0.553125 0.0015625
0 1.0 0.0015625 0.0015625 0.0015625 0.0015625 1.0 1.0 1.0 1.0 0.0015625
0 0.1703125 0.59375 0.0015625 0.59375 0.0015625 0.821875 0.1703125 0.821875 0.1703125 0.59375
0 0.203125 0.203125 0.0015625 0.203125 0.0015625 0.5265625 0.203125 0.5265625 0.203125 0.203125
0 0.1765625 0.0015625 0.0015625 0.0015625 0.0015625 0.21875 0.1765625 0.21875 0.1765625 0.0015625
0 0.3390625 0.1078125 0.1828125 0.1078125 0.1828125 0.190625 0.3390625 0.190625 0.3390625 0.1078125
0 0.3859375 0.0015625 0.3296875 0.0015625 0.3296875 0.0875 0.3859375 0.0875 0.3859375 0.0015625
0 0.2421875 0.0015625 0.2109375 0.0015625 0.2109375 0.01875 0.2421875 0.01875 0.2421875 0.0015625
0 0.3484375 0.784375 0.2765625 0.784375 0.2765625 1.0 0.3484375 1.0 0.3484375 0.784375
