0 0.7875 0.0265625 0.6921875 0.0265625 0.6921875 0.1515625 0.7875 0.1515625 0.7875 0.0265625
0 0.871875 0.5109375 0.7484375 0.5109375 0.7484375 0.634375 0.871875 0.634375 0.871875 0.5109375
0 1.0 0.040625 0.9140625 0.040625 0.9140625 0.16875 1.0 0.16875 1.0 0.040625
0 1.0 0.0015625 0.8875 0.0015625 0.8875 0.078125 1.0 0.078125 1.0 0.0015625
0 1.0 0.3046875 0.8984375 0.3046875 0.8984375 0.4859375 1.0 0.4859375 1.0 0.3046875
0 0.340625 0.2046875 0.096875 0.2046875 0.096875 0.325 0.340625 0.325 0.340625 0.2046875
0 0.353125 0.0015625 0.003125 0.0015625 0.003125 0.2109375 0.353125 0.2109375 0.353125 0.0015625
0 0.4609375 0.0015625 0.221875 0.0015625 0.221875 0.1171875 0.4609375 0.1171875 0.4609375 0.0015625
0 1.0 0.434375 0.946875 0.434375 0.946875 0.6390625 1.0 0.6390625 1.0 0.434375
0 0.8953125 0.4140625 0.7703125 0.4140625 0.7703125 0.5296875 0.8953125 0.5296875 0.8953125 0.4140625
0 0.4828125 0.8859375 0.4109375 0.8859375 0.4109375 1.0 0.4828125 1.0 0.4828125 0.8859375
0 0.378125 0.2515625 0.121875 0.2515625 0.121875 0.384375 0.378125 0.384375 0.378125 0.2515625
0 0.5375 0.0015625 0.43125 0.0015625 0.43125 0.06875 0.5375 0.06875 0.5375 0.0015625
0 0.95 0.8515625 0.828125 0.8515625 0.828125 1.0 0.95 1.0 0.95 0.8515625
0 0.24375 0.51875 0.0015625 0.51875 0.0015625 0.9203125 0.24375 0.9203125 0.24375 0.51875
0 0.1546875 0.190625 0.0015625 0.190625 0.0015625 0.30625 0.1546875 0.30625 0.1546875 0.190625
0 0.63125 0.5015625 0.4328125 0.5015625 0.4328125 0.6234375 0.63125 0.6234375 0.63125 0.5015625
0 0.190625 0.1234375 0.0015625 0.1234375 0.0015625 0.278125 0.190625 0.278125 0.190625 0.1234375
0 1.0 0.7890625 0.953125 0.7890625 0.953125 0.9859375 1.0 0.9859375 1.0 0.7890625
0 0.921875 0.4921875 0.7875 0.4921875 0.7875 0.621875 0.921875 0.621875 0.921875 0.4921875
0 0.3734375 0.0421875 0.0015625 0.0421875 0.0015625 0.3390625 0.3734375 0.3390625 0.3734375 0.0421875
0 0.8953125 0.475 0.2125 0.475 0.2125 0.8 0.8953125 0.8 0.8953125 0.475
0 0.725 0.05625 0.6390625 0.05625 0.6390625 0.2390625 0.725 0.2390625 0.725 0.05625
0 0.96875 0.0015625 0.8578125 0.0015625 0.8578125 0.046875 0.96875 0.046875 0.96875 0.0015625
0 0.2203125 0.3109375 0.0015625 0.3109375 0.0015625 0.5125 0.2203125 0.5125 0.2203125 0.3109375
0 0.0171875 0.1921875 0.0015625 0.1921875 0.0015625 0.2484375 0.0171875 0.2484375 0.0171875 0.1921875
0 0.01875 0.0015625 0.0015625 0.0015625 0.0015625 0.04375 0.01875 0.04375 0.01875 0.0015625
0 0.4140625 0.9703125 0.215625 0.9703125 0.215625 1.0 0.4140625 1.0 0.4140625 0.9703125
0 0.64375 0.646875 0.4703125 0.646875 0.4703125 0.76875 0.64375 0.76875 0.64375 0.646875
0 0.6765625 0.3453125 0.3578125 0.3453125 0.3578125 0.515625 0.6765625 0.515625 0.6765625 0.3453125
0 0.66875 0.2171875 0.5625 0.2171875 0.5625 0.3890625 0.66875 0.3890625 0.66875 0.2171875
0 0.5671875 0.1078125 0.3796875 0.1078125 0.3796875 0.3265625 0.5671875 0.3265625 0.5671875 0.1078125
0 0.7328125 0.0015625 0.634375 0.0015625 0.634375 0.078125 0.7328125 0.078125 0.7328125 0.0015625
0 1.0 0.6953125 0.934375 0.6953125 0.934375 1.0 1.0 1.0 1.0 0.6953125
0 0.978125 0.4421875 0.85 0.4421875 0.85 0.5625 0.978125 0.5625 0.978125 0.4421875
0 0.9109375 0.359375 0.74375 0.359375 0.74375 0.503125 0.9109375 0.503125 0.9109375 0.359375
0 1.0 0.1359375 0.8484375 0.1359375 0.8484375 0.2390625 1.0 0.2390625 1.0 0.1359375
0 0.24375 0.4046875 0.0015625 0.4046875 0.0015625 0.571875 0.24375 0.571875 0.24375 0.4046875
0 0.5578125 0.990625 0.44375 0.990625 0.44375 1.0 0.5578125 1.0 0.5578125 0.990625
0 0.90625 0.646875 0.565625 0.646875 0.565625 0.8671875 0.90625 0.8671875 0.90625 0.646875
0 0.5640625 0.5359375 0.23125 0.5359375 0.23125 0.74375 0.5640625 0.74375 0.5640625 0.5359375
0 0.4953125 0.4375 0.3859375 0.4375 0.3859375 0.5421875 0.4953125 0.5421875 0.4953125 0.4375
0 0.609375 0.2125 0.5 0.2125 0.5 0.41875 0.609375 0.41875 0.609375 0.2125
0 0.559375 0.0375 0.453125 0.0375 0.453125 0.14375 0.559375 0.14375 0.559375 0.0375
0 0.890625 0.0015625 0.6828125 0.0015625 0.6828125 0.18125 0.890625 0.18125 0.890625 0.0015625
0 1.0 0.5125 0.8359375 0.5125 0.8359375 0.6765625 1.0 0.6765625 1.0 0.5125
0 1.0 0.334375 0.946875 0.334375 0.946875 0.396875 1.0 0.396875 1.0 0.334375
0 1.0 0.0078125 0.9109375 0.0078125 0.9109375 0.128125 1.0 0.128125 1.0 0.0078125
0 0.065625 0.303125 0.0015625 0.303125 0.0015625 0.3921875 0.065625 0.3921875 0.065625 0.303125
0 0.328125 0.0015625 0.1953125 0.0015625 0.1953125 0.05 0.328125 0.05 0.328125 0.0015625
0 1.0 0.2703125 0.6125 0.2703125 0.6125 0.9078125 1.0 0.9078125 1.0 0.2703125
0 0.60625 0.3875 0.18125 0.3875 0.18125 0.571875 0.60625 0.571875 0.60625 0.3875
0 0.8546875 0.1859375 0.5390625 0.1859375 0.5390625 0.4796875 0.8546875 0.4796875 0.8546875 0.1859375
0 0.5890625 0.059375 0.3421875 0.059375 0.3421875 0.378125 0.5890625 0.378125 0.5890625 0.059375
0 0.965625 0.0015625 0.625 0.0015625 0.625 0.165625 0.965625 0.165625 0.965625 0.0015625
0 1.0 0.2359375 0.8953125 0.2359375 0.8953125 0.3671875 1.0 0.3671875 1.0 0.2359375
0 0.8875 0.140625 0.7 0.140625 0.7 0.2390625 0.8875 0.2390625 0.8875 0.140625
0 0.609375 0.05 0.534375 0.05 0.534375 0.2359375 0.609375 0.2359375 0.609375 0.05
