0 0.8734375 0.0015625 0.29375 0.0015625 0.29375 0.4875 0.8734375 0.4875 0.8734375 0.0015625
0 1.0 0.2609375 0.734375 0.2609375 0.734375 0.534375 1.0 0.534375 1.0 0.2609375
0 0.6484375 0.115625 0.0015625 0.115625 0.0015625 1.0 0.6484375 1.0 0.6484375 0.115625
0 0.525 0.46875 0.125 0.46875 0.125 0.725 0.525 0.725 0.525 0.46875
0 1.0 0.784375 0.9921875 0.784375 0.9921875 0.8234375 1.0 0.8234375 1.0 0.784375
0 0.990625 0.8671875 0.678125 0.8671875 0.678125 1.0 0.990625 1.0 0.990625 0.8671875
0 0.41875 0.6703125 0.028125 0.6703125 0.028125 0.940625 0.41875 0.940625 0.41875 0.6703125
0 0.46875 0.928125 0.4 0.928125 0.4 1.0 0.46875 1.0 0.46875 0.928125
0 0.1125 0.1609375 0.0015625 0.1609375 0.0015625 0.5546875 0.1125 0.5546875 0.1125 0.1609375
0 0.3015625 0.0015625 0.0015625 0.0015625 0.0015625 0.1921875 0.3015625 0.1921875 0.3015625 0.0015625
0 0.53125 0.9359375 0.4921875 0.9359375 0.4921875 1.0 0.53125 1.0 0.53125 0.9359375
0 1.0 0.25 0.671875 0.25 0.671875 0.940625 1.0 0.940625 1.0 0.25
0 0.665625 0.1359375 0.178125 0.1359375 0.178125 0.75 0.665625 0.75 0.665625 0.1359375
0 0.63125 0.0640625 0.5328125 0.0640625 0.5328125 0.171875 0.63125 0.171875 0.63125 0.0640625
0 1.0 0.9203125 0.96875 0.9203125 0.96875 1.0 1.0 1.0 1.0 0.9203125
0 0.3140625 0.415625 0.103125 0.415625 0.103125 0.63125 0.3140625 0.63125 0.3140625 0.415625
0 0.296875 0.1328125 0.0015625 0.1328125 0.0015625 0.4984375 0.296875 0.4984375 0.296875 0.1328125
