0 0.825 0.965625 0.7515625 0.965625 0.7515625 1.0 0.825 1.0 0.825 0.965625
0 0.621875 0.5640625 0.51875 0.5640625 0.51875 0.7546875 0.621875 0.7546875 0.621875 0.5640625
0 1.0 0.5015625 0.9796875 0.5015625 0.9796875 0.640625 1.0 0.640625 1.0 0.5015625
0 0.825 0.396875 0.575 0.396875 0.575 0.5265625 0.825 0.5265625 0.825 0.396875
0 0.44375 0.2953125 0.3328125 0.2953125 0.3328125 0.40625 0.44375 0.40625 0.44375 0.2953125
0 1.0 0.1296875 0.9921875 0.1296875 0.9921875 0.19375 1.0 0.19375 1.0 0.1296875
0 0.5453125 0.64375 0.30625 0.64375 0.30625 0.734375 0.5453125 0.734375 0.5453125 0.64375
0 0.325 0.79375 0.1015625 0.79375 0.1015625 0.9875 0.325 0.9875 0.325 0.79375
0 0.071875 0.44375 0.0015625 0.44375 0.0015625 0.5140625 0.071875 0.5140625 0.071875 0.44375
0 0.24375 0.9140625 0.1359375 0.9140625 0.1359375 1.0 0.24375 1.0 0.24375 0.9140625
0 0.5046875 0.8984375 0.321875 0.8984375 0.321875 1.0 0.5046875 1.0 0.5046875 0.8984375
0 0.60625 0.2546875 0.4375 0.2546875 0.4375 0.3546875 0.60625 0.3546875 0.60625 0.2546875
0 0.2125 0.45 0.0984375 0.45 0.0984375 0.584375 0.2125 0.584375 0.2125 0.45
0 0.565625 0.915625 0.50625 0.915625 0.50625 1.0 0.565625 1.0 0.565625 0.915625
0 0.571875 0.346875 0.3578125 0.346875 0.3578125 0.44375 0.571875 0.44375 0.571875 0.346875
0 0.7875 0.2890625 0.65625 0.2890625 0.65625 0.446875 0.7875 0.446875 0.7875 0.2890625
0 1.0 0.071875 0.8328125 0.071875 0.8328125 0.421875 1.0 0.421875 1.0 0.071875
0 0.31875 0.203125 0.2 0.203125 0.2 0.3375 0.31875 0.3375 0.31875 0.203125
0 0.1296875 0.6515625 0.0015625 0.6515625 0.0015625 0.8578125 0.1296875 0.8578125 0.1296875 0.6515625
0 0.496875 0.0015625 0.40625 0.0015625 0.40625 0.05625 0.496875 0.05625 0.496875 0.0015625
0 0.9546875 0.5890625 0.8375 0.5890625 0.8375 0.8203125 0.9546875 0.8203125 0.9546875 0.5890625
0 0.7375 0.475 0.6203125 0.475 0.6203125 0.6203125 0.7375 0.6203125 0.7375 0.475
0 0.903125 0.3328125 0.8359375 0.3328125 0.8359375 0.5046875 0.903125 0.5046875 0.903125 0.3328125
0 0.09375 0.1375 0.0015625 0.1375 0.0015625 0.2453125 0.09375 0.2453125 0.09375 0.1375
0 0.834375 0.0015625 0.5125 0.0015625 0.5125 0.1796875 0.834375 0.1796875 0.834375 0.0015625
0 0.0375 0.8578125 0.0015625 0.8578125 0.0015625 0.965625 0.0375 0.965625 0.0375 0.8578125
0 0.0703125 0.5640625 0.0015625 0.5640625 0.0015625 0.734375 0.0703125 0.734375 0.0703125 0.5640625
0 0.75 0.0734375 0.53125 0.0734375 0.53125 0.234375 0.75 0.234375 0.75 0.0734375
0 0.4671875 0.1171875 0.3359375 0.1171875 0.3359375 0.19375 0.4671875 0.19375 0.4671875 0.1171875
0 0.5453125 0.0125 0.4171875 0.0125 0.4171875 0.1203125 0.5453125 0.1203125 0.5453125 0.0125
0 0.70625 0.0015625 0.571875 0.0015625 0.571875 0.0921875 0.70625 0.0921875 0.70625 0.0015625
0 1.0 0.240625 0.5546875 0.240625 0.5546875 0.9015625 1.0 0.9015625 1.0 0.240625
0 0.365625 0.503125 0.2078125 0.503125 0.2078125 0.703125 0.365625 0.703125 0.365625 0.503125
0 0.5875 0.459375 0.3265625 0.459375 0.3265625 0.584375 0.5875 0.584375 0.5875 0.459375
0 0.7140625 0.1796875 0.475 0.1796875 0.475 0.45 0.7140625 0.45 0.7140625 0.1796875
0 0.1484375 0.9453125 0.0765625 0.9453125 0.0765625 1.0 0.1484375 1.0 0.1484375 0.9453125
0 0.0828125 0.4703125 0.0015625 0.4703125 0.0015625 0.7484375 0.0828125 0.7484375 0.0828125 0.4703125
0 0.21875 0.5421875 0.1109375 0.5421875 0.1109375 0.665625 0.21875 0.665625 0.21875 0.5421875
0 0.5859375 0.4078125 0.4 0.4078125 0.4 0.50625 0.5859375 0.50625 0.5859375 0.4078125
0 0.6578125 0.0015625 0.6171875 0.0015625 0.6171875 0.0046875 0.6578125 0.0046875 0.6578125 0.0015625
0 0.40625 0.4078125 0.2828125 0.4078125 0.2828125 0.540625 0.40625 0.540625 0.40625 0.4078125
0 0.221875 0.290625 0.1140625 0.290625 0.1140625 0.4484375 0.221875 0.4484375 0.221875 0.290625
0 1.0 0.3015625 0.9609375 0.3015625 0.9609375 0.3875 1.0 0.3875 1.0 0.3015625
0 0.0859375 0.2875 0.0125 0.2875 0.0125 0.40625 0.0859375 0.40625 0.0859375 0.2875
0 0.5421875 0.9296875 0.4546875 0.9296875 0.4546875 1.0 0.5421875 1.0 0.5421875 0.9296875
0 1.0 0.6296875 0.9296875 0.6296875 0.9296875 0.7890625 1.0 0.7890625 1.0 0.6296875
0 0.5078125 0.4890625 0.359375 0.4890625 0.359375 0.6484375 0.5078125 0.6484375 0.5078125 0.4890625
0 0.5578125 0.121875 0.4625 0.121875 0.4625 0.2171875 0.5578125 0.2171875 0.5578125 0.121875
0 0.5703125 0.0015625 0.0015625 0.0015625 0.0015625 0.596875 0.5703125 0.596875 0.5703125 0.0015625
0 1.0 0.4296875 0.0015625 0.4296875 0.0015625 1.0 1.0 1.0 1.0 0.4296875
0 0.178125 0.7640625 0.0046875 0.7640625 0.0046875 0.990625 0.178125 0.990625 0.178125 0.7640625
0 0.6515625 0.6125 0.1109375 0.6125 0.1109375 1.0 0.6515625 1.0 0.6515625 0.6125
0 0.015625 0.6421875 0.0015625 0.6421875 0.0015625 0.721875 0.015625 0.721875 0.015625 0.6421875
0 0.4828125 0.48125 0.2890625 0.48125 0.2890625 0.65625 0.4828125 0.65625 0.4828125 0.48125
0 0.590625 0.5 0.4796875 0.5 0.4796875 0.678125 0.590625 0.678125 0.590625 0.5
0 1.0 0.5046875 0.940625 0.5046875 0.940625 0.671875 1.0 0.671875 1.0 0.5046875
0 0.878125 0.3890625 0.803125 0.3890625 0.803125 0.584375 0.878125 0.584375 0.878125 0.3890625
0 1.0 0.221875 0.9375 0.221875 0.9375 0.3578125 1.0 0.3578125 1.0 0.221875
0 0.871875 0.065625 0.6734375 0.065625 0.6734375 0.290625 0.871875 0.290625 0.871875 0.065625
0 0.9984375 0.0484375 0.9125 0.0484375 0.9125 0.19375 0.9984375 0.19375 0.9984375 0.0484375
0 1.0 0.0015625 0.996875 0.0015625 0.996875 0.078125 1.0 0.078125 1.0 0.0015625
0 0.775 0.0015625 0.646875 0.0015625 0.646875 0.0359375 0.775 0.0359375 0.775 0.0015625
