0 0.9453125 0.0703125 0.88125 0.0703125 0.88125 0.2234375 0.9453125 0.2234375 0.9453125 0.0703125
0 0.0015625 0.753125 0.0015625 0.753125 0.0015625 0.7671875 0.0015625 0.7671875 0.0015625 0.753125
0 1.0 0.2234375 0.9828125 0.2234375 0.9828125 0.3546875 1.0 0.3546875 1.0 0.2234375
0 0.2328125 0.453125 0.146875 0.453125 0.146875 0.6625 0.2328125 0.6625 0.2328125 0.453125
0 0.971875 0.1265625 0.8796875 0.1265625 0.8796875 0.309375 0.971875 0.309375 0.971875 0.1265625
0 0.9203125 0.0015625 0.7359375 0.0015625 0.7359375 0.34375 0.9203125 0.34375 0.9203125 0.0015625
0 1.0 0.084375 0.965625 0.084375 0.965625 0.178125 1.0 0.178125 1.0 0.084375
0 1.0 0.0015625 0.0015625 0.0015625 0.0015625 1.0 1.0 1.0 1.0 0.0015625
0 0.671875 0.1046875 0.5609375 0.1046875 0.5609375 0.2890625 0.671875 0.2890625 0.671875 0.1046875
0 0.7359375 0.6421875 0.45 0.6421875 0.45 0.98125 0.7359375 0.98125 0.7359375 0.6421875
0 1.0 0.94375 0.9421875 0.94375 0.9421875 1.0 1.0 1.0 1.0 0.94375
0 0.7015625 0.165625 0.571875 0.165625 0.571875 0.3359375 0.7015625 0.3359375 0.7015625 0.165625
0 0.565625 0.0890625 0.4734375 0.0890625 0.4734375 0.340625 0.565625 0.340625 0.565625 0.0890625
