0 0.0671875 0.0015625 0.00625 0.0015625 0.00625 0.0203125 0.0671875 0.0203125 0.0671875 0.0015625
0 0.2953125 0.9640625 0.2453125 0.9640625 0.2453125 1.0 0.2953125 1.0 0.2953125 0.9640625
0 0.159375 0.8609375 0.090625 0.8609375 0.090625 1.0 0.159375 1.0 0.159375 0.8609375
0 0.434375 0.1203125 0.26875 0.1203125 0.26875 0.65625 0.434375 0.65625 0.434375 0.1203125
0 0.0890625 0.34375 0.0015625 0.34375 0.0015625 0.5796875 0.0890625 0.5796875 0.0890625 0.34375
0 0.55625 0.11875 0.40625 0.11875 0.40625 0.4671875 0.55625 0.4671875 0.55625 0.11875
0 0.4109375 0.0015625 0.196875 0.0015625 0.196875 0.0984375 0.4109375 0.0984375 0.4109375 0.0015625
0 0.5703125 0.9078125 0.446875 0.9078125 0.446875 1.0 0.5703125 1.0 0.5703125 0.9078125
0 1.0 0.5984375 0.8765625 0.5984375 0.8765625 0.85 1.0 0.85 1.0 0.5984375
0 0.7890625 0.6453125 0.69375 0.6453125 0.69375 0.83125 0.7890625 0.83125 0.7890625 0.6453125
0 0.546875 0.5859375 0.4953125 0.5859375 0.4953125 0.7921875 0.546875 0.7921875 0.546875 0.5859375
0 0.8421875 0.1578125 0.521875 0.1578125 0.521875 0.521875 0.8421875 0.521875 0.8421875 0.1578125
0 0.715625 0.0015625 0.6609375 0.0015625 0.6609375 0.05625 0.715625 0.05625 0.715625 0.0015625
0 0.0421875 0.946875 0.0015625 0.946875 0.0015625 1.0 0.0421875 1.0 0.0421875 0.946875
0 0.04375 0.0328125 0.0015625 0.0328125 0.0015625 0.1234375 0.04375 0.1234375 0.04375 0.0328125
0 0.515625 0.7171875 0.45 0.7171875 0.45 0.8828125 0.515625 0.8828125 0.515625 0.7171875
0 0.8953125 0.63125 0.7078125 0.63125 0.7078125 0.9515625 0.8953125 0.9515625 0.8953125 0.63125
0 0.8109375 0.525 0.7109375 0.525 0.7109375 0.6578125 0.8109375 0.6578125 0.8109375 0.525
0 1.0 0.3671875 0.9640625 0.3671875 0.9640625 0.490625 1.0 0.490625 1.0 0.3671875
0 0.784375 0.0015625 0.6390625 0.0015625 0.6390625 0.2125 0.784375 0.2125 0.784375 0.0015625
0 0.4390625 0.6328125 0.0015625 0.6328125 0.0015625 1.0 0.4390625 1.0 0.4390625 0.6328125
0 0.0921875 0.0015625 0.0015625 0.0015625 0.0015625 0.215625 0.0921875 0.215625 0.0921875 0.0015625
0 1.0 0.0015625 0.0375 0.0015625 0.0375 1.0 1.0 1.0 1.0 0.0015625
0 1.0 0.771875 0.840625 0.771875 0.840625 0.8828125 1.0 0.8828125 1.0 0.771875
0 0.9671875 0.0015625 0.8046875 0.0015625 0.8046875 0.4234375 0.9671875 0.4234375 0.9671875 0.0015625
