0 0.3796875 0.6921875 0.3359375 0.6921875 0.3359375 0.915625 0.3796875 0.915625 0.3796875 0.6921875
0 0.6171875 0.503125 0.0015625 0.503125 0.0015625 1.0 0.6171875 1.0 0.6171875 0.503125
0 0.20625 0.2703125 0.0015625 0.2703125 0.0015625 0.7421875 0.20625 0.7421875 0.20625 0.2703125
0 0.4453125 0.0015625 0.321875 0.0015625 0.321875 0.375 0.4453125 0.375 0.4453125 0.0015625
0 0.3390625 0.109375 0.1953125 0.109375 0.1953125 0.41875 0.3390625 0.41875 0.3390625 0.109375
0 0.078125 0.0015625 0.0015625 0.0015625 0.0015625 0.0578125 0.078125 0.0578125 0.078125 0.0015625
0 0.7890625 0.2484375 0.66875 0.2484375 0.66875 0.353125 0.7890625 0.353125 0.7890625 0.2484375
0 1.0 0.0015625 0.7828125 0.0015625 0.7828125 0.85 1.0 0.85 1.0 0.0015625
0 0.8046875 0.0796875 0.7171875 0.0796875 0.7171875 0.2359375 0.8046875 0.2359375 0.8046875 0.0796875
0 0.9296875 0.3875 0.88125 0.3875 0.88125 0.7 0.9296875 0.7 0.9296875 0.3875
