0 0.0140625 0.8171875 0.0015625 0.8171875 0.0015625 0.9 0.0140625 0.9 0.0140625 0.8171875
0 0.046875 0.2828125 0.0015625 0.2828125 0.0015625 0.365625 0.046875 0.365625 0.046875 0.2828125
0 0.625 0.0015625 0.365625 0.0015625 0.365625 0.128125 0.625 0.128125 0.625 0.0015625
0 0.4453125 0.8421875 0.3375 0.8421875 0.3375 1.0 0.4453125 1.0 0.4453125 0.8421875
0 0.8015625 0.584375 0.571875 0.584375 0.571875 0.9109375 0.8015625 0.9109375 0.8015625 0.584375
0 0.846875 0.1671875 0.7234375 0.1671875 0.7234375 0.328125 0.846875 0.328125 0.846875 0.1671875
0 0.75 0.275 0.5890625 0.275 0.5890625 0.39375 0.75 0.39375 0.75 0.275
0 0.071875 0.1328125 0.0015625 0.1328125 0.0015625 0.228125 0.071875 0.228125 0.071875 0.1328125
0 1.0 0.1890625 0.98125 0.1890625 0.98125 0.2546875 1.0 0.2546875 1.0 0.1890625
0 0.9609375 0.1171875 0.878125 0.1171875 0.878125 0.296875 0.9609375 0.296875 0.9609375 0.1171875
0 0.09375 0.9640625 0.065625 0.9640625 0.065625 1.0 0.09375 1.0 0.09375 0.9640625
0 0.31875 0.8265625 0.2 0.8265625 0.2 1.0 0.31875 1.0 0.31875 0.8265625
0 0.6484375 0.0015625 0.509375 0.0015625 0.509375 0.1453125 0.6484375 0.1453125 0.6484375 0.0015625
0 0.6390625 0.2578125 0.2734375 0.2578125 0.2734375 0.4109375 0.6390625 0.4109375 0.6390625 0.2578125
0 0.0703125 0.0625 0.0015625 0.0625 0.0015625 0.1328125 0.0703125 0.1328125 0.0703125 0.0625
0 1.0 0.509375 0.96875 0.509375 0.96875 0.571875 1.0 0.571875 1.0 0.509375
0 0.4140625 0.89375 0.2265625 0.89375 0.2265625 1.0 0.4140625 1.0 0.4140625 0.89375
0 0.7078125 0.815625 0.5921875 0.815625 0.5921875 1.0 0.7078125 1.0 0.7078125 0.815625
0 0.440625 0.5921875 0.2546875 0.5921875 0.2546875 0.7546875 0.440625 0.7546875 0.440625 0.5921875
0 0.659375 0.4640625 0.340625 0.4640625 0.340625 0.6875 0.659375 0.6875 0.659375 0.4640625
0 0.865625 0.35 0.4625 0.35 0.4625 0.5296875 0.865625 0.5296875 0.865625 0.35
0 0.625 0.1140625 0.31875 0.1140625 0.31875 0.3078125 0.625 0.3078125 0.625 0.1140625
0 0.740625 0.0078125 0.6078125 0.0078125 0.6078125 0.1484375 0.740625 0.1484375 0.740625 0.0078125
0 0.6234375 0.8296875 0.4484375 0.8296875 0.4484375 0.9859375 0.6234375 0.9859375 0.6234375 0.8296875
0 0.78125 0.6328125 0.5515625 0.6328125 0.5515625 0.8734375 0.78125 0.8734375 0.78125 0.6328125
0 0.49375 0.659375 0.365625 0.659375 0.365625 0.8265625 0.49375 0.8265625 0.49375 0.659375
0 0.8484375 0.51875 0.6828125 0.51875 0.6828125 0.69375 0.8484375 0.69375 0.8484375 0.51875
0 0.8484375 0.2734375 0.65 0.2734375 0.65 0.396875 0.8484375 0.396875 0.8484375 0.2734375
0 0.59375 0.190625 0.35625 0.190625 0.35625 0.29375 0.59375 0.29375 0.59375 0.190625
0 1.0 0.553125 0.8890625 0.553125 0.8890625 0.80625 1.0 0.80625 1.0 0.553125
0 0.6453125 0.6828125 0.5453125 0.6828125 0.5453125 0.8671875 0.6453125 0.8671875 0.6453125 0.6828125
0 1.0 0.865625 0.9671875 0.865625 0.9671875 0.9171875 1.0 0.9171875 1.0 0.865625
0 0.0796875 0.6796875 0.0046875 0.6796875 0.0046875 0.8703125 0.0796875 0.8703125 0.0796875 0.6796875
0 1.0 0.321875 0.96875 0.321875 0.96875 0.409375 1.0 0.409375 1.0 0.321875
0 0.00625 0.6796875 0.0015625 0.6796875 0.0015625 0.734375 0.00625 0.734375 0.00625 0.6796875
0 0.046875 0.484375 0.0015625 0.484375 0.0015625 0.5609375 0.046875 0.5609375 0.046875 0.484375
0 0.1796875 0.7609375 0.0703125 0.7609375 0.0703125 1.0 0.1796875 1.0 0.1796875 0.7609375
0 0.5515625 0.634375 0.43125 0.634375 0.43125 0.7796875 0.5515625 0.7796875 0.5515625 0.634375
0 0.678125 0.55 0.453125 0.55 0.453125 0.6890625 0.678125 0.6890625 0.678125 0.55
0 0.1890625 0.440625 0.053125 0.440625 0.053125 0.6265625 0.1890625 0.6265625 0.1890625 0.440625
0 0.7421875 0.3921875 0.3234375 0.3921875 0.3234375 0.59375 0.7421875 0.59375 0.7421875 0.3921875
0 0.55 0.215625 0.3796875 0.215625 0.3796875 0.2859375 0.55 0.2859375 0.55 0.215625
0 0.778125 0.8515625 0.6828125 0.8515625 0.6828125 0.959375 0.778125 0.959375 0.778125 0.8515625
0 1.0 0.0953125 0.9671875 0.0953125 0.9671875 0.2515625 1.0 0.2515625 1.0 0.0953125
0 1.0 0.35 0.946875 0.35 0.946875 0.4296875 1.0 0.4296875 1.0 0.35
0 0.0765625 0.7328125 0.0015625 0.7328125 0.0015625 1.0 0.0765625 1.0 0.0765625 0.7328125
0 0.8484375 0.6625 0.7796875 0.6625 0.7796875 0.8421875 0.8484375 0.8421875 0.8484375 0.6625
0 0.921875 0.2796875 0.8328125 0.2796875 0.8328125 0.484375 0.921875 0.484375 0.921875 0.2796875
0 0.1625 0.546875 0.0015625 0.546875 0.0015625 0.796875 0.1625 0.796875 0.1625 0.546875
0 0.7609375 0.8953125 0.6015625 0.8953125 0.6015625 1.0 0.7609375 1.0 0.7609375 0.8953125
0 0.9 0.3734375 0.759375 0.3734375 0.759375 0.4953125 0.9 0.4953125 0.9 0.3734375
0 0.8984375 0.4953125 0.7421875 0.4953125 0.7421875 0.7671875 0.8984375 0.7671875 0.8984375 0.4953125
0 1.0 0.403125 0.91875 0.403125 0.91875 0.66875 1.0 0.66875 1.0 0.403125
0 0.940625 0.0015625 0.8390625 0.0015625 0.8390625 0.353125 0.940625 0.353125 0.940625 0.0015625
0 0.753125 0.071875 0.5875 0.071875 0.5875 0.2046875 0.753125 0.2046875 0.753125 0.071875
0 0.584375 0.7546875 0.478125 0.7546875 0.478125 0.8984375 0.584375 0.8984375 0.584375 0.7546875
0 0.4359375 0.121875 0.2609375 0.121875 0.2609375 0.253125 0.4359375 0.253125 0.4359375 0.121875
0 0.046875 0.2625 0.0015625 0.2625 0.0015625 0.4921875 0.046875 0.4921875 0.046875 0.2625
0 0.978125 0.909375 0.8109375 0.909375 0.8109375 1.0 0.978125 1.0 0.978125 0.909375
0 1.0 0.8265625 0.921875 0.8265625 0.921875 0.9609375 1.0 0.9609375 1.0 0.8265625
0 0.74375 0.703125 0.5859375 0.703125 0.5859375 0.9125 0.74375 0.9125 0.74375 0.703125
0 0.7375 0.1703125 0.5953125 0.1703125 0.5953125 0.2953125 0.7375 0.2953125 0.7375 0.1703125
0 0.8734375 0.0015625 0.8140625 0.0015625 0.8140625 0.16875 0.8734375 0.16875 0.8734375 0.0015625
0 1.0 0.25 0.9515625 0.25 0.9515625 0.353125 1.0 0.353125 1.0 0.25
0 0.4375 0.021875 0.3203125 0.021875 0.3203125 0.109375 0.4375 0.109375 0.4375 0.021875
0 0.3953125 0.0015625 0.271875 0.0015625 0.271875 0.0609375 0.3953125 0.0609375 0.3953125 0.0015625
0 0.278125 0.003125 0.0421875 0.003125 0.0421875 0.3328125 0.278125 0.3328125 0.278125 0.003125
0 0.796875 0.446875 0.646875 0.446875 0.646875 0.63125 0.796875 0.63125 0.796875 0.446875
0 0.8390625 0.2109375 0.6984375 0.2109375 0.6984375 0.334375 0.8390625 0.334375 0.8390625 0.2109375
0 0.8484375 0.0015625 0.625 0.0015625 0.625 0.2671875 0.8484375 0.2671875 0.8484375 0.0015625
0 0.64375 0.05625 0.4375 0.05625 0.4375 0.209375 0.64375 0.209375 0.64375 0.05625
0 1.0 0.9328125 0.965625 0.9328125 0.965625 1.0 1.0 1.0 1.0 0.9328125
0 0.9546875 0.6765625 0.8109375 0.6765625 0.8109375 1.0 0.9546875 1.0 0.9546875 0.6765625
0 0.9796875 0.0015625 0.8828125 0.0015625 0.8828125 0.1171875 0.9796875 0.1171875 0.9796875 0.0015625
