0 0.2984375 0.9765625 0.1953125 0.9765625 0.1953125 1.0 0.2984375 1.0 0.2984375 0.9765625
0 0.9109375 0.7984375 0.7578125 0.7984375 0.7578125 1.0 0.9109375 1.0 0.9109375 0.7984375
0 0.4265625 0.640625 0.3125 0.640625 0.3125 0.734375 0.4265625 0.734375 0.4265625 0.640625
0 0.375 0.315625 0.25 0.315625 0.25 0.5015625 0.375 0.5015625 0.375 0.315625
0 0.725 0.0015625 0.5625 0.0015625 0.5625 0.05 0.725 0.05 0.725 0.0015625
0 0.3484375 0.0015625 0.325 0.0015625 0.325 0.028125 0.3484375 0.028125 0.3484375 0.0015625
0 1.0 0.1921875 0.953125 0.1921875 0.953125 0.3515625 1.0 0.3515625 1.0 0.1921875
0 0.178125 0.8078125 0.0515625 0.8078125 0.0515625 0.9671875 0.178125 0.9671875 0.178125 0.8078125
0 0.1609375 0.8984375 0.0015625 0.8984375 0.0015625 1.0 0.1609375 1.0 0.1609375 0.8984375
0 0.928125 0.0015625 0.1875 0.0015625 0.1875 1.0 0.928125 1.0 0.928125 0.0015625
0 0.0796875 0.5734375 0.0015625 0.5734375 0.0015625 0.775 0.0796875 0.775 0.0796875 0.5734375
0 0.23125 0.3453125 0.046875 0.3453125 0.046875 0.7359375 0.23125 0.7359375 0.23125 0.3453125
0 0.0875 0.2609375 0.0015625 0.2609375 0.0015625 0.45 0.0875 0.45 0.0875 0.2609375
0 1.0 0.3171875 0.86875 0.3171875 0.86875 1.0 1.0 1.0 1.0 0.3171875
0 0.9234375 0.678125 0.671875 0.678125 0.671875 1.0 0.9234375 1.0 0.9234375 0.678125
0 0.6734375 0.6328125 0.4734375 0.6328125 0.4734375 1.0 0.6734375 1.0 0.6734375 0.6328125
0 0.8796875 0.3140625 0.76875 0.3140625 0.76875 0.428125 0.8796875 0.428125 0.8796875 0.3140625
0 0.959375 0.0015625 0.684375 0.0015625 0.684375 0.11875 0.959375 0.11875 0.959375 0.0015625
0 1.0 0.6578125 0.9796875 0.6578125 0.9796875 0.740625 1.0 0.740625 1.0 0.6578125
0 0.7765625 0.0015625 0.0015625 0.0015625 0.0015625 1.0 0.7765625 1.0 0.7765625 0.0015625
0 0.20625 0.8578125 0.1359375 0.8578125 0.1359375 1.0 0.20625 1.0 0.20625 0.8578125
0 0.4390625 0.4203125 0.2875 0.4203125 0.2875 0.6015625 0.4390625 0.6015625 0.4390625 0.4203125
0 0.428125 0.0015625 0.3296875 0.0015625 0.3296875 0.13125 0.428125 0.13125 0.428125 0.0015625
0 0.434375 0.803125 0.34375 0.803125 0.34375 0.8875 0.434375 0.8875 0.434375 0.803125
0 0.946875 0.325 0.609375 0.325 0.609375 0.8796875 0.946875 0.8796875 0.946875 0.325
0 0.609375 0.478125 0.4671875 0.478125 0.4671875 0.6203125 0.609375 0.6203125 0.609375 0.478125
0 0.6109375 0.1109375 0.503125 0.1109375 0.503125 0.2578125 0.6109375 0.2578125 0.6109375 0.1109375
0 0.91875 0.0015625 0.478125 0.0015625 0.478125 0.1859375 0.91875 0.1859375 0.91875 0.0015625
0 0.971875 0.6203125 0.86875 0.6203125 0.86875 0.8421875 0.971875 0.8421875 0.971875 0.6203125
0 1.0 0.071875 0.7828125 0.071875 0.7828125 0.353125 1.0 0.353125 1.0 0.071875
