0 0.521875 0.4796875 0.2734375 0.4796875 0.2734375 0.8375 0.521875 0.8375 0.521875 0.4796875
0 0.1671875 0.6484375 0.003125 0.6484375 0.003125 0.7484375 0.1671875 0.7484375 0.1671875 0.6484375
0 0.696875 0.540625 0.6203125 0.540625 0.6203125 0.8484375 0.696875 0.8484375 0.696875 0.540625
0 0.2296875 0.2234375 0.0078125 0.2234375 0.0078125 0.4234375 0.2296875 0.4234375 0.2296875 0.2234375
0 0.296875 0.0015625 0.13125 0.0015625 0.13125 0.146875 0.296875 0.146875 0.296875 0.0015625
0 0.6875 0.0015625 0.0015625 0.0015625 0.0015625 1.0 0.6875 1.0 0.6875 0.0015625
0 0.215625 0.1796875 0.0015625 0.1796875 0.0015625 0.4015625 0.215625 0.4015625 0.215625 0.1796875
0 0.1390625 0.5515625 0.0296875 0.5515625 0.0296875 0.6734375 0.1390625 0.6734375 0.1390625 0.5515625
0 0.5296875 0.8140625 0.1984375 0.8140625 0.1984375 1.0 0.5296875 1.0 0.5296875 0.8140625
0 0.309375 0.16875 0.1421875 0.16875 0.1421875 0.2703125 0.309375 0.2703125 0.309375 0.16875
