0 0.259375 0.628125 0.1171875 0.628125 0.1171875 0.878125 0.259375 0.878125 0.259375 0.628125
0 0.0421875 0.0015625 0.0015625 0.0015625 0.0015625 0.0640625 0.0421875 0.0640625 0.0421875 0.0015625
0 0.3796875 0.0015625 0.2765625 0.0015625 0.2765625 0.01875 0.3796875 0.01875 0.3796875 0.0015625
0 0.509375 0.6703125 0.4015625 0.6703125 0.4015625 0.8203125 0.509375 0.8203125 0.509375 0.6703125
0 0.503125 0.0015625 0.31875 0.0015625 0.31875 0.1265625 0.503125 0.1265625 0.503125 0.0015625
0 0.2546875 0.99375 0.23125 0.99375 0.23125 1.0 0.2546875 1.0 0.2546875 0.99375
0 0.2390625 0.596875 0.0015625 0.596875 0.0015625 0.8703125 0.2390625 0.8703125 0.2390625 0.596875
0 0.5421875 0.0015625 0.4890625 0.0015625 0.4890625 0.1 0.5421875 0.1 0.5421875 0.0015625
0 0.29375 0.7671875 0.096875 0.7671875 0.096875 0.975 0.29375 0.975 0.29375 0.7671875
0 0.1828125 0.0015625 0.0359375 0.0015625 0.0359375 0.0234375 0.1828125 0.0234375 0.1828125 0.0015625
0 0.771875 0.0015625 0.6078125 0.0015625 0.6078125 0.2421875 0.771875 0.2421875 0.771875 0.0015625
0 0.0734375 0.2984375 0.0015625 0.2984375 0.0015625 0.4171875 0.0734375 0.4171875 0.0734375 0.2984375
0 0.6890625 0.015625 0.6015625 0.015625 0.6015625 0.1625 0.6890625 0.1625 0.6890625 0.015625
0 0.04375 0.7203125 0.0015625 0.7203125 0.0015625 0.840625 0.04375 0.840625 0.04375 0.7203125
0 0.403125 0.0015625 0.20625 0.0015625 0.20625 0.19375 0.403125 0.19375 0.403125 0.0015625
0 1.0 0.0015625 0.45625 0.0015625 0.45625 0.321875 1.0 0.321875 1.0 0.0015625
0 1.0 0.7421875 0.9296875 0.7421875 0.9296875 1.0 1.0 1.0 1.0 0.7421875
0 0.909375 0.715625 0.7359375 0.715625 0.7359375 1.0 0.909375 1.0 0.909375 0.715625
0 0.8046875 0.5703125 0.665625 0.5703125 0.665625 0.7578125 0.8046875 0.7578125 0.8046875 0.5703125
0 0.0140625 0.0171875 0.0015625 0.0171875 0.0015625 0.0390625 0.0140625 0.0390625 0.0140625 0.0171875
