0 0.1546875 0.521875 0.0078125 0.521875 0.0078125 0.64375 0.1546875 0.64375 0.1546875 0.521875
0 0.0796875 0.0015625 0.0109375 0.0015625 0.0109375 0.0328125 0.0796875 0.0328125 0.0796875 0.0015625
0 0.221875 0.0015625 0.1375 0.0015625 0.1375 0.115625 0.221875 0.115625 0.221875 0.0015625
0 0.2203125 0.66875 0.0421875 0.66875 0.0421875 0.8234375 0.2203125 0.8234375 0.2203125 0.66875
0 0.00625 0.4015625 0.0015625 0.4015625 0.0015625 0.41875 0.00625 0.41875 0.00625 0.4015625
0 0.053125 0.071875 0.0015625 0.071875 0.0015625 0.0984375 0.053125 0.0984375 0.053125 0.071875
0 0.54375 0.6453125 0.409375 0.6453125 0.409375 0.75625 0.54375 0.75625 0.54375 0.6453125
0 0.84375 0.2453125 0.6953125 0.2453125 0.6953125 0.3625 0.84375 0.3625 0.84375 0.2453125
0 0.7421875 0.0625 0.6234375 0.0625 0.6234375 0.2296875 0.7421875 0.2296875 0.7421875 0.0625
0 0.3359375 0.8296875 0.221875 0.8296875 0.221875 1.0 0.3359375 1.0 0.3359375 0.8296875
0 0.38125 0.546875 0.2484375 0.546875 0.2484375 0.659375 0.38125 0.659375 0.38125 0.546875
0 0.4140625 0.390625 0.1734375 0.390625 0.1734375 0.578125 0.4140625 0.578125 0.4140625 0.390625
0 0.2 0.228125 0.0984375 0.228125 0.0984375 0.365625 0.2 0.365625 0.2 0.228125
0 0.7046875 0.8859375 0.5515625 0.8859375 0.5515625 0.996875 0.7046875 0.996875 0.7046875 0.8859375
0 0.8828125 0.6734375 0.73125 0.6734375 0.73125 0.8515625 0.8828125 0.8515625 0.8828125 0.6734375
0 0.878125 0.2109375 0.740625 0.2109375 0.740625 0.2796875 0.878125 0.2796875 0.878125 0.2109375
0 1.0 0.0015625 0.9375 0.0015625 0.9375 0.1 1.0 0.1 1.0 0.0015625
0 0.528125 0.959375 0.4453125 0.959375 0.4453125 1.0 0.528125 1.0 0.528125 0.959375
0 0.6171875 0.9859375 0.5390625 0.9859375 0.5390625 1.0 0.6171875 1.0 0.6171875 0.9859375
0 0.6109375 0.8515625 0.478125 0.8515625 0.478125 0.978125 0.6109375 0.978125 0.6109375 0.8515625
0 0.909375 0.696875 0.8078125 0.696875 0.8078125 0.853125 0.909375 0.853125 0.909375 0.696875
0 1.0 0.3296875 0.91875 0.3296875 0.91875 0.675 1.0 0.675 1.0 0.3296875
0 0.0921875 0.853125 0.0015625 0.853125 0.0015625 1.0 0.0921875 1.0 0.0921875 0.853125
0 0.1078125 0.7703125 0.0265625 0.7703125 0.0265625 0.86875 0.1078125 0.86875 0.1078125 0.7703125
0 0.2109375 0.709375 0.11875 0.709375 0.11875 0.9203125 0.2109375 0.9203125 0.2109375 0.709375
0 0.2203125 0.5859375 0.0140625 0.5859375 0.0140625 0.7703125 0.2203125 0.7703125 0.2203125 0.5859375
0 0.1921875 0.3765625 0.0015625 0.3765625 0.0015625 0.7078125 0.1921875 0.7078125 0.1921875 0.3765625
0 0.025 0.690625 0.0015625 0.690625 0.0015625 0.8609375 0.025 0.8609375 0.025 0.690625
0 0.3765625 0.14375 0.2078125 0.14375 0.2078125 0.3359375 0.3765625 0.3359375 0.3765625 0.14375
0 0.0125 0.1984375 0.0015625 0.1984375 0.0015625 0.215625 0.0125 0.215625 0.0125 0.1984375
0 0.2375 0.0015625 0.0015625 0.0015625 0.0015625 0.271875 0.2375 0.271875 0.2375 0.0015625
0 0.265625 0.0015625 0.19375 0.0015625 0.19375 0.1171875 0.265625 0.1171875 0.265625 0.0015625
0 1.0 0.5046875 0.9296875 0.5046875 0.9296875 0.7234375 1.0 0.7234375 1.0 0.5046875
0 1.0 0.340625 0.9703125 0.340625 0.9703125 0.4796875 1.0 0.4796875 1.0 0.340625
0 0.19375 0.453125 0.0203125 0.453125 0.0203125 0.6015625 0.19375 0.6015625 0.19375 0.453125
0 1.0 0.0015625 0.115625 0.0015625 0.115625 1.0 1.0 1.0 1.0 0.0015625
0 0.09375 0.7296875 0.0015625 0.7296875 0.0015625 0.984375 0.09375 0.984375 0.09375 0.7296875
0 1.0 0.7171875 0.93125 0.7171875 0.93125 0.8703125 1.0 0.8703125 1.0 0.7171875
0 0.896875 0.85 0.8109375 0.85 0.8109375 0.9484375 0.896875 0.9484375 0.896875 0.85
0 0.0484375 0.678125 0.0015625 0.678125 0.0015625 0.7171875 0.0484375 0.7171875 0.0484375 0.678125
0 0.034375 0.165625 0.0015625 0.165625 0.0015625 0.23125 0.034375 0.23125 0.034375 0.165625
