0 1.0 0.5484375 0.934375 0.5484375 0.934375 0.66875 1.0 0.66875 1.0 0.5484375
0 0.3421875 0.034375 0.1484375 0.034375 0.1484375 0.2046875 0.3421875 0.2046875 0.3421875 0.034375
0 0.10625 0.7421875 0.0015625 0.7421875 0.0015625 0.8203125 0.10625 0.8203125 0.10625 0.7421875
0 0.009375 0.646875 0.0015625 0.646875 0.0015625 0.6796875 0.009375 0.6796875 0.009375 0.646875
0 0.5296875 0.996875 0.490625 0.996875 0.490625 1.0 0.5296875 1.0 0.5296875 0.996875
0 0.578125 0.8140625 0.4140625 0.8140625 0.4140625 0.9625 0.578125 0.9625 0.578125 0.8140625
0 0.4953125 0.6484375 0.20625 0.6484375 0.20625 0.959375 0.4953125 0.959375 0.4953125 0.6484375
0 0.5375 0.3640625 0.2671875 0.3640625 0.2671875 0.6859375 0.5375 0.6859375 0.5375 0.3640625
0 0.4453125 0.1671875 0.1015625 0.1671875 0.1015625 0.7109375 0.4453125 0.7109375 0.4453125 0.1671875
0 0.7 0.1765625 0.5125 0.1765625 0.5125 0.2828125 0.7 0.2828125 0.7 0.1765625
0 0.403125 0.0375 0.325 0.0375 0.325 0.159375 0.403125 0.159375 0.403125 0.0375
0 0.040625 0.578125 0.0015625 0.578125 0.0015625 0.7703125 0.040625 0.7703125 0.040625 0.578125
0 0.3296875 0.0734375 0.071875 0.0734375 0.071875 0.278125 0.3296875 0.278125 0.3296875 0.0734375
0 0.5453125 0.221875 0.2890625 0.221875 0.2890625 0.3625 0.5453125 0.3625 0.5453125 0.221875
0 0.340625 0.8609375 0.1953125 0.8609375 0.1953125 1.0 0.340625 1.0 0.340625 0.8609375
0 0.590625 0.7 0.3796875 0.7 0.3796875 0.88125 0.590625 0.88125 0.590625 0.7
0 0.378125 0.3390625 0.178125 0.3390625 0.178125 0.715625 0.378125 0.715625 0.378125 0.3390625
0 0.06875 0.3078125 0.0015625 0.3078125 0.0015625 0.5046875 0.06875 0.5046875 0.06875 0.3078125
0 0.70625 0.203125 0.509375 0.203125 0.509375 0.328125 0.70625 0.328125 0.70625 0.203125
0 0.49375 0.0640625 0.403125 0.0640625 0.403125 0.2015625 0.49375 0.2015625 0.49375 0.0640625
0 0.4109375 0.0015625 0.1640625 0.0015625 0.1640625 0.0875 0.4109375 0.0875 0.4109375 0.0015625
0 1.0 0.125 0.703125 0.125 0.703125 0.321875 1.0 0.321875 1.0 0.125
0 0.0875 0.81875 0.0015625 0.81875 0.0015625 0.9015625 0.0875 0.9015625 0.0875 0.81875
0 1.0 0.8328125 0.9828125 0.8328125 0.9828125 0.9171875 1.0 0.9171875 1.0 0.8328125
0 0.9484375 0.0015625 0.4859375 0.0015625 0.4859375 0.1984375 0.9484375 0.1984375 0.9484375 0.0015625
0 0.6328125 0.0140625 0.446875 0.0140625 0.446875 0.1703125 0.6328125 0.1703125 0.6328125 0.0140625
0 0.8140625 0.8671875 0.7 0.8671875 0.7 0.9515625 0.8140625 0.9515625 0.8140625 0.8671875
0 1.0 0.609375 0.9453125 0.609375 0.9453125 0.7078125 1.0 0.7078125 1.0 0.609375
0 1.0 0.1953125 0.9875 0.1953125 0.9875 0.2859375 1.0 0.2859375 1.0 0.1953125
0 1.0 0.040625 0.9390625 0.040625 0.9390625 0.1265625 1.0 0.1265625 1.0 0.040625
0 0.33125 0.15625 0.0015625 0.15625 0.0015625 1.0 0.33125 1.0 0.33125 0.15625
0 0.3828125 0.490625 0.290625 0.490625 0.290625 0.6015625 0.3828125 0.6015625 0.3828125 0.490625
0 0.6234375 0.01875 0.2109375 0.01875 0.2109375 0.284375 0.6234375 0.284375 0.6234375 0.01875
0 1.0 0.0015625 0.0015625 0.0015625 0.0015625 1.0 1.0 1.0 1.0 0.0015625
0 0.9671875 0.996875 0.9234375 0.996875 0.9234375 1.0 0.9671875 1.0 0.9671875 0.996875
0 0.78125 0.003125 0.48125 0.003125 0.48125 0.1234375 0.78125 0.1234375 0.78125 0.003125
