0 0.2890625 0.665625 0.1390625 0.665625 0.1390625 0.89375 0.2890625 0.89375 0.2890625 0.665625
0 0.3578125 1.0 0.3515625 1.0 0.3515625 1.0 0.3578125 1.0 0.3578125 1.0
0 0.771875 0.69375 0.5953125 0.69375 0.5953125 0.8578125 0.771875 0.8578125 0.771875 0.69375
0 0.8265625 0.4890625 0.696875 0.4890625 0.696875 0.621875 0.8265625 0.621875 0.8265625 0.4890625
0 0.1046875 0.0015625 0.0015625 0.0015625 0.0015625 0.2046875 0.1046875 0.2046875 0.1046875 0.0015625
0 0.16875 0.0015625 0.0953125 0.0015625 0.0953125 0.1703125 0.16875 0.1703125 0.16875 0.0015625
0 0.88125 0.45 0.7765625 0.45 0.7765625 0.6359375 0.88125 0.6359375 0.88125 0.45
0 0.171875 0.653125 0.0859375 0.653125 0.0859375 0.8875 0.171875 0.8875 0.171875 0.653125
0 0.2984375 0.9296875 0.15625 0.9296875 0.15625 1.0 0.2984375 1.0 0.2984375 0.9296875
0 0.3671875 0.0015625 0.3171875 0.0015625 0.3171875 0.01875 0.3671875 0.01875 0.3671875 0.0015625
0 0.68125 0.5796875 0.440625 0.5796875 0.440625 0.728125 0.68125 0.728125 0.68125 0.5796875
0 0.646875 0.278125 0.4984375 0.278125 0.4984375 0.4296875 0.646875 0.4296875 0.646875 0.278125
0 0.00625 0.2546875 0.0015625 0.2546875 0.0015625 0.2640625 0.00625 0.2640625 0.00625 0.2546875
0 0.4484375 0.9234375 0.3546875 0.9234375 0.3546875 1.0 0.4484375 1.0 0.4484375 0.9234375
0 1.0 0.6578125 0.9453125 0.6578125 0.9453125 0.7609375 1.0 0.7609375 1.0 0.6578125
0 0.8125 0.8171875 0.65625 0.8171875 0.65625 0.9296875 0.8125 0.9296875 0.8125 0.8171875
0 0.625 0.7375 0.4609375 0.7375 0.4609375 0.8953125 0.625 0.8953125 0.625 0.7375
0 1.0 0.7078125 0.959375 0.7078125 0.959375 0.8234375 1.0 0.8234375 1.0 0.7078125
0 1.0 0.815625 0.8859375 0.815625 0.8859375 0.909375 1.0 0.909375 1.0 0.815625
0 0.478125 0.69375 0.221875 0.69375 0.221875 0.8890625 0.478125 0.8890625 0.478125 0.69375
0 0.5578125 0.665625 0.4765625 0.665625 0.4765625 0.8109375 0.5578125 0.8109375 0.5578125 0.665625
0 0.4390625 0.2375 0.2859375 0.2375 0.2859375 0.353125 0.4390625 0.353125 0.4390625 0.2375
0 0.490625 0.603125 0.3734375 0.603125 0.3734375 0.8375 0.490625 0.8375 0.490625 0.603125
0 0.2546875 0.5734375 0.1171875 0.5734375 0.1171875 0.6703125 0.2546875 0.6703125 0.2546875 0.5734375
0 0.2125 0.03125 0.0875 0.03125 0.0875 0.2234375 0.2125 0.2234375 0.2125 0.03125
0 0.509375 0.925 0.4046875 0.925 0.4046875 1.0 0.509375 1.0 0.509375 0.925
0 0.609375 0.69375 0.5078125 0.69375 0.5078125 0.840625 0.609375 0.840625 0.609375 0.69375
0 0.384375 0.696875 0.2734375 0.696875 0.2734375 0.7765625 0.384375 0.7765625 0.384375 0.696875
0 0.5265625 0.6328125 0.4171875 0.6328125 0.4171875 0.809375 0.5265625 0.809375 0.5265625 0.6328125
0 0.7234375 0.4453125 0.5046875 0.4453125 0.5046875 0.6421875 0.7234375 0.6421875 0.7234375 0.4453125
0 0.5 0.465625 0.396875 0.465625 0.396875 0.5921875 0.5 0.5921875 0.5 0.465625
0 0.175 0.2203125 0.0453125 0.2203125 0.0453125 0.459375 0.175 0.459375 0.175 0.2203125
0 0.375 0.1625 0.2453125 0.1625 0.2453125 0.2640625 0.375 0.2640625 0.375 0.1625
0 0.9515625 0.6515625 0.84375 0.6515625 0.84375 0.790625 0.9515625 0.790625 0.9515625 0.6515625
0 0.9421875 0.4015625 0.8453125 0.4015625 0.8453125 0.615625 0.9421875 0.615625 0.9421875 0.4015625
0 0.7 0.3796875 0.6078125 0.3796875 0.6078125 0.490625 0.7 0.490625 0.7 0.3796875
0 0.9296875 0.2984375 0.8046875 0.2984375 0.8046875 0.4078125 0.9296875 0.4078125 0.9296875 0.2984375
0 0.903125 0.0015625 0.6421875 0.0015625 0.6421875 0.315625 0.903125 0.315625 0.903125 0.0015625
0 1.0 0.05625 0.9953125 0.05625 0.9953125 0.0796875 1.0 0.0796875 1.0 0.05625
0 0.7140625 0.0015625 0.55625 0.0015625 0.55625 0.1125 0.7140625 0.1125 0.7140625 0.0015625
0 0.4421875 0.3921875 0.30625 0.3921875 0.30625 0.590625 0.4421875 0.590625 0.4421875 0.3921875
0 0.115625 0.79375 0.0015625 0.79375 0.0015625 1.0 0.115625 1.0 0.115625 0.79375
0 0.5140625 0.0015625 0.4125 0.0015625 0.4125 0.115625 0.5140625 0.115625 0.5140625 0.0015625
0 1.0 0.9171875 0.9453125 0.9171875 0.9453125 1.0 1.0 1.0 1.0 0.9171875
0 0.840625 0.9140625 0.740625 0.9140625 0.740625 1.0 0.840625 1.0 0.840625 0.9140625
0 0.440625 0.7953125 0.090625 0.7953125 0.090625 1.0 0.440625 1.0 0.440625 0.7953125
0 0.1421875 0.421875 0.040625 0.421875 0.040625 0.659375 0.1421875 0.659375 0.1421875 0.421875
0 0.0765625 0.175 0.0015625 0.175 0.0015625 0.253125 0.0765625 0.253125 0.0765625 0.175
0 0.8984375 0.65625 0.696875 0.65625 0.696875 0.875 0.8984375 0.875 0.8984375 0.65625
0 0.3203125 0.578125 0.1546875 0.578125 0.1546875 0.8015625 0.3203125 0.8015625 0.3203125 0.578125
0 0.90625 0.465625 0.7890625 0.465625 0.7890625 0.65 0.90625 0.65 0.90625 0.465625
0 0.6375 0.2671875 0.353125 0.2671875 0.353125 0.628125 0.6375 0.628125 0.6375 0.2671875
0 0.346875 0.3 0.203125 0.3 0.203125 0.5671875 0.346875 0.5671875 0.346875 0.3
0 0.8578125 0.2734375 0.6109375 0.2734375 0.6109375 0.478125 0.8578125 0.478125 0.8578125 0.2734375
0 0.61875 0.0390625 0.390625 0.0390625 0.390625 0.1890625 0.61875 0.1890625 0.61875 0.0390625
0 1.0 0.0015625 0.85625 0.0015625 0.85625 0.190625 1.0 0.190625 1.0 0.0015625
0 0.478125 0.0015625 0.271875 0.0015625 0.271875 0.1515625 0.478125 0.1515625 0.478125 0.0015625
0 0.5703125 0.0015625 0.528125 0.0015625 0.528125 0.0140625 0.5703125 0.0140625 0.5703125 0.0015625
0 0.665625 0.0015625 0.6515625 0.0015625 0.6515625 0.0109375 0.665625 0.0109375 0.665625 0.0015625
0 0.103125 0.7 0.0015625 0.7 0.0015625 0.9125 0.103125 0.9125 0.103125 0.7
0 0.309375 0.4515625 0.2015625 0.4515625 0.2015625 0.621875 0.309375 0.621875 0.309375 0.4515625
0 0.41875 0.2953125 0.2703125 0.2953125 0.2703125 0.428125 0.41875 0.428125 0.41875 0.2953125
0 0.3140625 0.1515625 0.1140625 0.1515625 0.1140625 0.346875 0.3140625 0.346875 0.3140625 0.1515625
0 0.63125 0.1484375 0.50625 0.1484375 0.50625 0.3015625 0.63125 0.3015625 0.63125 0.1484375
0 0.7671875 0.159375 0.6640625 0.159375 0.6640625 0.284375 0.7671875 0.284375 0.7671875 0.159375
0 0.8734375 0.9359375 0.6875 0.9359375 0.6875 1.0 0.8734375 1.0 0.8734375 0.9359375
0 0.053125 0.953125 0.0015625 0.953125 0.0015625 1.0 0.053125 1.0 0.053125 0.953125
0 1.0 0.46875 0.909375 0.46875 0.909375 0.59375 1.0 0.59375 1.0 0.46875
0 0.39375 0.53125 0.24375 0.53125 0.24375 0.7046875 0.39375 0.7046875 0.39375 0.53125
0 0.7171875 0.578125 0.5609375 0.578125 0.5609375 0.6921875 0.7171875 0.6921875 0.7171875 0.578125
0 0.9875 0.2484375 0.8578125 0.2484375 0.8578125 0.4359375 0.9875 0.4359375 0.9875 0.2484375
0 0.7734375 0.040625 0.621875 0.040625 0.621875 0.2234375 0.7734375 0.2234375 0.7734375 0.040625
0 0.0515625 0.5328125 0.0015625 0.5328125 0.0015625 0.7234375 0.0515625 0.7234375 0.0515625 0.5328125
0 0.440625 0.6625 0.3296875 0.6625 0.3296875 0.8203125 0.440625 0.8203125 0.440625 0.6625
0 1.0 0.41875 0.946875 0.41875 0.946875 0.4984375 1.0 0.4984375 1.0 0.41875
0 0.80625 0.0015625 0.6421875 0.0015625 0.6421875 0.0875 0.80625 0.0875 0.80625 0.0015625
0 0.0765625 0.2484375 0.0015625 0.2484375 0.0015625 0.3203125 0.0765625 0.3203125 0.0765625 0.2484375
0 0.778125 0.4265625 0.596875 0.4265625 0.596875 0.584375 0.778125 0.584375 0.778125 0.4265625
0 0.784375 0.0953125 0.5125 0.0953125 0.5125 0.365625 0.784375 0.365625 0.784375 0.0953125
0 0.91875 0.1765625 0.815625 0.1765625 0.815625 0.346875 0.91875 0.346875 0.91875 0.1765625
0 0.559375 0.9875 0.546875 0.9875 0.546875 1.0 0.559375 1.0 0.559375 0.9875
0 0.6875 0.8953125 0.559375 0.8953125 0.559375 1.0 0.6875 1.0 0.6875 0.8953125
0 0.821875 0.90625 0.7125 0.90625 0.7125 1.0 0.821875 1.0 0.821875 0.90625
0 1.0 0.509375 0.834375 0.509375 0.834375 0.7453125 1.0 0.7453125 1.0 0.509375
0 0.0171875 0.515625 0.0015625 0.515625 0.0015625 0.5609375 0.0171875 0.5609375 0.0171875 0.515625
0 0.1703125 0.396875 0.0953125 0.396875 0.0953125 0.5875 0.1703125 0.5875 0.1703125 0.396875
0 0.55625 0.175 0.3421875 0.175 0.3421875 0.396875 0.55625 0.396875 0.55625 0.175
0 0.33125 0.2359375 0.209375 0.2359375 0.209375 0.36875 0.33125 0.36875 0.33125 0.2359375
0 1.0 0.159375 0.8671875 0.159375 0.8671875 0.290625 1.0 0.290625 1.0 0.159375
0 0.65 0.0015625 0.6171875 0.0015625 0.6171875 0.0328125 0.65 0.0328125 0.65 0.0015625
0 0.13125 0.696875 0.0453125 0.696875 0.0453125 0.8953125 0.13125 0.8953125 0.13125 0.696875
0 0.953125 0.5921875 0.7140625 0.5921875 0.7140625 0.70625 0.953125 0.70625 0.953125 0.5921875
0 0.2296875 0.3546875 0.146875 0.3546875 0.146875 0.5609375 0.2296875 0.5609375 0.2296875 0.3546875
0 0.4046875 0.3828125 0.2609375 0.3828125 0.2609375 0.5015625 0.4046875 0.5015625 0.4046875 0.3828125
0 0.9296875 0.0546875 0.7515625 0.0546875 0.7515625 0.378125 0.9296875 0.378125 0.9296875 0.0546875
0 0.24375 0.0015625 0.2015625 0.0015625 0.2015625 0.01875 0.24375 0.01875 0.24375 0.0015625
0 0.525 0.9640625 0.503125 0.9640625 0.503125 1.0 0.525 1.0 0.525 0.9640625
0 0.99375 0.7203125 0.8640625 0.7203125 0.8640625 0.8609375 0.99375 0.8609375 0.99375 0.7203125
0 0.85 0.765625 0.703125 0.765625 0.703125 0.865625 0.85 0.865625 0.85 0.765625
0 1.0 0.840625 0.978125 0.840625 0.978125 1.0 1.0 1.0 1.0 0.840625
