0 0.578125 0.35 0.4546875 0.35 0.4546875 0.490625 0.578125 0.490625 0.578125 0.35
0 0.7953125 0.30625 0.6875 0.30625 0.6875 0.41875 0.7953125 0.41875 0.7953125 0.30625
0 0.7671875 0.3890625 0.6109375 0.3890625 0.6109375 0.4921875 0.7671875 0.4921875 0.7671875 0.3890625
0 1.0 0.3984375 0.9453125 0.3984375 0.9453125 0.4390625 1.0 0.4390625 1.0 0.3984375
0 0.9140625 0.346875 0.75625 0.346875 0.75625 0.45625 0.9140625 0.45625 0.9140625 0.346875
0 0.521875 0.296875 0.3953125 0.296875 0.3953125 0.5125 0.521875 0.5125 0.521875 0.296875
0 0.7 0.1859375 0.5203125 0.1859375 0.5203125 0.2578125 0.7 0.2578125 0.7 0.1859375
0 0.378125 0.028125 0.0546875 0.028125 0.0546875 0.9625 0.378125 0.9625 0.378125 0.028125
0 0.5453125 0.665625 0.4015625 0.665625 0.4015625 0.86875 0.5453125 0.86875 0.5453125 0.665625
0 0.9078125 0.9671875 0.815625 0.9671875 0.815625 1.0 0.9078125 1.0 0.9078125 0.9671875
0 0.884375 0.6578125 0.8 0.6578125 0.8 0.7796875 0.884375 0.7796875 0.884375 0.6578125
0 1.0 0.6140625 0.9109375 0.6140625 0.9109375 0.7109375 1.0 0.7109375 1.0 0.6140625
0 0.88125 0.5890625 0.3015625 0.5890625 0.3015625 1.0 0.88125 1.0 0.88125 0.5890625
0 0.384375 0.2234375 0.171875 0.2234375 0.171875 0.471875 0.384375 0.471875 0.384375 0.2234375
0 0.2625 0.05625 0.171875 0.05625 0.171875 0.19375 0.2625 0.19375 0.2625 0.05625
0 1.0 0.26875 0.909375 0.26875 0.909375 0.390625 1.0 0.390625 1.0 0.26875
0 0.91875 0.20625 0.8046875 0.20625 0.8046875 0.30625 0.91875 0.30625 0.91875 0.20625
0 1.0 0.13125 0.9671875 0.13125 0.9671875 0.259375 1.0 0.259375 1.0 0.13125
0 0.3671875 0.0015625 0.2390625 0.0015625 0.2390625 0.0765625 0.3671875 0.0765625 0.3671875 0.0015625
0 0.60625 0.4171875 0.5125 0.4171875 0.5125 0.540625 0.60625 0.540625 0.60625 0.4171875
0 1.0 0.3484375 0.9296875 0.3484375 0.9296875 0.4625 1.0 0.4625 1.0 0.3484375
0 0.875 0.259375 0.6703125 0.259375 0.6703125 0.3640625 0.875 0.3640625 0.875 0.259375
0 0.64375 0.2375 0.4734375 0.2375 0.4734375 0.3328125 0.64375 0.3328125 0.64375 0.2375
0 0.478125 0.196875 0.3921875 0.196875 0.3921875 0.328125 0.478125 0.328125 0.478125 0.196875
0 0.771875 0.0015625 0.6203125 0.0015625 0.6203125 0.1078125 0.771875 0.1078125 0.771875 0.0015625
0 0.9796875 0.0015625 0.8875 0.0015625 0.8875 0.0765625 0.9796875 0.0765625 0.9796875 0.0015625
0 0.7875 0.384375 0.5390625 0.384375 0.5390625 0.6125 0.7875 0.6125 0.7875 0.384375
0 0.6984375 0.0609375 0.5390625 0.0609375 0.5390625 0.2234375 0.6984375 0.2234375 0.6984375 0.0609375
0 1.0 0.8421875 0.8328125 0.8421875 0.8328125 0.9375 1.0 0.9375 1.0 0.8421875
