0 0.4390625 0.834375 0.390625 0.834375 0.390625 1.0 0.4390625 1.0 0.4390625 0.834375
0 0.4515625 0.03125 0.353125 0.03125 0.353125 0.284375 0.4515625 0.284375 0.4515625 0.03125
0 1.0 0.7078125 0.971875 0.7078125 0.971875 0.7953125 1.0 0.7953125 1.0 0.7078125
0 1.0 0.4015625 0.9734375 0.4015625 0.9734375 0.4828125 1.0 0.4828125 1.0 0.4015625
0 0.0484375 0.634375 0.0015625 0.634375 0.0015625 0.984375 0.0484375 0.984375 0.0484375 0.634375
0 0.5515625 0.7640625 0.4125 0.7640625 0.4125 1.0 0.5515625 1.0 0.5515625 0.7640625
0 0.578125 0.3515625 0.4390625 0.3515625 0.4390625 0.6328125 0.578125 0.6328125 0.578125 0.3515625
0 0.371875 0.0015625 0.3109375 0.0015625 0.3109375 0.2640625 0.371875 0.2640625 0.371875 0.0015625
0 0.184375 0.0015625 0.06875 0.0015625 0.06875 0.18125 0.184375 0.18125 0.184375 0.0015625
0 0.6390625 0.0015625 0.5359375 0.0015625 0.5359375 0.2484375 0.6390625 0.2484375 0.6390625 0.0015625
0 1.0 0.565625 0.653125 0.565625 0.653125 0.925 1.0 0.925 1.0 0.565625
0 0.696875 0.7046875 0.584375 0.7046875 0.584375 0.8265625 0.696875 0.8265625 0.696875 0.7046875
0 1.0 0.6203125 0.996875 0.6203125 0.996875 0.6265625 1.0 0.6265625 1.0 0.6203125
0 0.9765625 0.4140625 0.7234375 0.4140625 0.7234375 0.6265625 0.9765625 0.6265625 0.9765625 0.4140625
0 1.0 0.128125 0.7125 0.128125 0.7125 0.44375 1.0 0.44375 1.0 0.128125
0 0.053125 0.840625 0.0015625 0.840625 0.0015625 1.0 0.053125 1.0 0.053125 0.840625
0 0.084375 0.0015625 0.0015625 0.0015625 0.0015625 0.10625 0.084375 0.10625 0.084375 0.0015625
0 0.125 0.3625 0.0015625 0.3625 0.0015625 0.58125 0.125 0.58125 0.125 0.3625
0 0.2625 0.1171875 0.1765625 0.1171875 0.1765625 0.2765625 0.2625 0.2765625 0.2625 0.1171875
0 0.2953125 0.0015625 0.2828125 0.0015625 0.2828125 0.00625 0.2953125 0.00625 0.2953125 0.0015625
0 1.0 0.88125 0.9703125 0.88125 0.9703125 1.0 1.0 1.0 1.0 0.88125
0 0.928125 0.8484375 0.74375 0.8484375 0.74375 1.0 0.928125 1.0 0.928125 0.8484375
0 0.921875 0.2609375 0.7296875 0.2609375 0.7296875 0.3953125 0.921875 0.3953125 0.921875 0.2609375
0 1.0 0.0015625 0.8359375 0.0015625 0.8359375 0.1421875 1.0 0.1421875 1.0 0.0015625
0 0.89375 0.0015625 0.7296875 0.0015625 0.7296875 0.1296875 0.89375 0.1296875 0.89375 0.0015625
0 1.0 0.0015625 0.0015625 0.0015625 0.0015625 1.0 1.0 1.0 1.0 0.0015625
