0 0.403125 0.0015625 0.153125 0.0015625 0.153125 0.30625 0.403125 0.30625 0.403125 0.0015625
0 0.4609375 0.946875 0.4015625 0.946875 0.4015625 1.0 0.4609375 1.0 0.4609375 0.946875
0 0.19375 0.184375 0.0015625 0.184375 0.0015625 0.3015625 0.19375 0.3015625 0.19375 0.184375
0 0.240625 0.9640625 0.1390625 0.9640625 0.1390625 1.0 0.240625 1.0 0.240625 0.9640625
0 0.071875 0.1859375 0.0015625 0.1859375 0.0015625 0.275 0.071875 0.275 0.071875 0.1859375
0 0.4125 0.9484375 0.290625 0.9484375 0.290625 1.0 0.4125 1.0 0.4125 0.9484375
0 1.0 0.571875 0.85625 0.571875 0.85625 0.6875 1.0 0.6875 1.0 0.571875
0 0.4046875 0.153125 0.078125 0.153125 0.078125 0.65625 0.4046875 0.65625 0.4046875 0.153125
0 0.7484375 0.3 0.66875 0.3 0.66875 0.453125 0.7484375 0.453125 0.7484375 0.3
0 0.5328125 0.9671875 0.446875 0.9671875 0.446875 1.0 0.5328125 1.0 0.5328125 0.9671875
0 0.240625 0.45625 0.1125 0.45625 0.1125 0.5609375 0.240625 0.5609375 0.240625 0.45625
0 0.3375 0.1578125 0.0015625 0.1578125 0.0015625 0.475 0.3375 0.475 0.3375 0.1578125
0 0.421875 0.3578125 0.284375 0.3578125 0.284375 0.4859375 0.421875 0.4859375 0.421875 0.3578125
0 1.0 0.875 0.7828125 0.875 0.7828125 1.0 1.0 1.0 1.0 0.875
0 0.8609375 0.44375 0.696875 0.44375 0.696875 0.7359375 0.8609375 0.7359375 0.8609375 0.44375
0 0.6640625 0.4796875 0.49375 0.4796875 0.49375 0.5875 0.6640625 0.5875 0.6640625 0.4796875
0 1.0 0.1578125 0.7546875 0.1578125 0.7546875 0.4296875 1.0 0.4296875 1.0 0.1578125
0 1.0 0.0015625 0.6296875 0.0015625 0.6296875 0.2609375 1.0 0.2609375 1.0 0.0015625
0 0.5421875 0.0015625 0.3484375 0.0015625 0.3484375 0.1546875 0.5421875 0.1546875 0.5421875 0.0015625
0 0.896875 0.1515625 0.7875 0.1515625 0.7875 0.30625 0.896875 0.30625 0.896875 0.1515625
0 1.0 0.0015625 0.0015625 0.0015625 0.0015625 1.0 1.0 1.0 1.0 0.0015625
0 1.0 0.1265625 0.7890625 0.1265625 0.7890625 0.684375 1.0 0.684375 1.0 0.1265625
