0 0.09375 0.0015625 0.0015625 0.0015625 0.0015625 1.0 0.09375 1.0 0.09375 0.0015625
0 1.0 0.0015625 0.0015625 0.0015625 0.0015625 1.0 1.0 1.0 1.0 0.0015625
0 0.9421875 0.959375 0.79375 0.959375 0.79375 1.0 0.9421875 1.0 0.9421875 0.959375
0 0.23125 0.7515625 0.128125 0.7515625 0.128125 1.0 0.23125 1.0 0.23125 0.7515625
0 0.99375 0.3203125 0.8234375 0.3203125 0.8234375 0.384375 0.99375 0.384375 0.99375 0.3203125
0 0.9625 0.0921875 0.5875 0.0921875 0.5875 0.284375 0.9625 0.284375 0.9625 0.0921875
0 0.940625 0.1921875 0.0015625 0.1921875 0.0015625 1.0 0.940625 1.0 0.940625 0.1921875
0 0.1578125 0.0015625 0.0171875 0.0015625 0.0171875 0.2609375 0.1578125 0.2609375 0.1578125 0.0015625
0 0.821875 0.28125 0.3875 0.28125 0.3875 0.6515625 0.821875 0.6515625 0.821875 0.28125
0 1.0 0.1765625 0.8859375 0.1765625 0.8859375 0.528125 1.0 0.528125 1.0 0.1765625
0 0.609375 0.0015625 0.5515625 0.0015625 0.5515625 0.0296875 0.609375 0.0296875 0.609375 0.0015625
