0 0.8390625 0.284375 0.7234375 0.284375 0.7234375 0.415625 0.8390625 0.415625 0.8390625 0.284375
0 0.2546875 0.859375 0.1484375 0.859375 0.1484375 1.0 0.2546875 1.0 0.2546875 0.859375
0 0.7984375 0.6390625 0.74375 0.6390625 0.74375 0.8390625 0.7984375 0.8390625 0.7984375 0.6390625
0 0.96875 0.290625 0.7890625 0.290625 0.7890625 0.734375 0.96875 0.734375 0.96875 0.290625
0 1.0 0.6140625 0.9828125 0.6140625 0.9828125 0.6734375 1.0 0.6734375 1.0 0.6140625
0 0.8671875 0.1078125 0.6 0.1078125 0.6 0.2890625 0.8671875 0.2890625 0.8671875 0.1078125
0 1.0 0.16875 0.959375 0.16875 0.959375 0.209375 1.0 0.209375 1.0 0.16875
0 0.0734375 0.9765625 0.0234375 0.9765625 0.0234375 1.0 0.0734375 1.0 0.0734375 0.9765625
0 0.696875 0.0015625 0.5328125 0.0015625 0.5328125 0.1296875 0.696875 0.1296875 0.696875 0.0015625
0 0.553125 0.815625 0.446875 0.815625 0.446875 0.9953125 0.553125 0.9953125 0.553125 0.815625
0 0.7 0.440625 0.534375 0.440625 0.534375 0.71875 0.7 0.71875 0.7 0.440625
0 0.8125 0.2453125 0.5578125 0.2453125 0.5578125 0.43125 0.8125 0.43125 0.8125 0.2453125
0 0.91875 0.0015625 0.646875 0.0015625 0.646875 0.21875 0.91875 0.21875 0.91875 0.0015625
0 1.0 0.7078125 0.8703125 0.7078125 0.8703125 0.853125 1.0 0.853125 1.0 0.7078125
0 0.715625 0.6296875 0.65 0.6296875 0.65 0.775 0.715625 0.775 0.715625 0.6296875
0 1.0 0.271875 0.878125 0.271875 0.878125 0.540625 1.0 0.540625 1.0 0.271875
0 0.99375 0.19375 0.8375 0.19375 0.8375 0.3078125 0.99375 0.3078125 0.99375 0.19375
0 0.996875 0.828125 0.9359375 0.828125 0.9359375 1.0 0.996875 1.0 0.996875 0.828125
0 0.7328125 0.0015625 0.66875 0.0015625 0.66875 0.059375 0.7328125 0.059375 0.7328125 0.0015625
0 0.96875 0.153125 0.0015625 0.153125 0.0015625 1.0 0.96875 1.0 0.96875 0.153125
0 0.90625 0.1046875 0.7796875 0.1046875 0.7796875 0.3109375 0.90625 0.3109375 0.90625 0.1046875
0 1.0 0.309375 0.88125 0.309375 0.88125 0.7984375 1.0 0.7984375 1.0 0.309375
0 1.0 0.209375 0.9 0.209375 0.9 0.3109375 1.0 0.3109375 1.0 0.209375
