0 0.49375 0.4546875 0.378125 0.4546875 0.378125 0.5953125 0.49375 0.5953125 0.49375 0.4546875
0 0.4234375 0.4109375 0.3171875 0.4109375 0.3171875 0.515625 0.4234375 0.515625 0.4234375 0.4109375
0 0.3046875 0.0015625 0.1765625 0.0015625 0.1765625 0.43125 0.3046875 0.43125 0.3046875 0.0015625
0 0.109375 0.075 0.0109375 0.075 0.0109375 0.20625 0.109375 0.20625 0.109375 0.075
0 0.60625 0.5375 0.4046875 0.5375 0.4046875 0.68125 0.60625 0.68125 0.60625 0.5375
0 0.596875 0.0703125 0.534375 0.0703125 0.534375 0.2828125 0.596875 0.2828125 0.596875 0.0703125
0 0.934375 0.0015625 0.7640625 0.0015625 0.7640625 0.15 0.934375 0.15 0.934375 0.0015625
0 0.50625 0.0015625 0.4890625 0.0015625 0.4890625 0.01875 0.50625 0.01875 0.50625 0.0015625
0 0.1140625 0.1921875 0.0375 0.1921875 0.0375 0.578125 0.1140625 0.578125 0.1140625 0.1921875
0 0.6140625 0.1953125 0.5140625 0.1953125 0.5140625 0.36875 0.6140625 0.36875 0.6140625 0.1953125
0 1.0 0.0078125 0.7828125 0.0078125 0.7828125 0.6015625 1.0 0.6015625 1.0 0.0078125
0 0.6171875 0.30625 0.5 0.30625 0.5 0.5046875 0.6171875 0.5046875 0.6171875 0.30625
0 0.65 0.0765625 0.575 0.0765625 0.575 0.2703125 0.65 0.2703125 0.65 0.0765625
0 0.2125 0.0015625 0.0875 0.0015625 0.0875 0.1484375 0.2125 0.1484375 0.2125 0.0015625
0 0.5484375 0.0015625 0.4984375 0.0015625 0.4984375 0.0546875 0.5484375 0.0546875 0.5484375 0.0015625
0 0.825 0.0015625 0.7546875 0.0015625 0.7546875 0.04375 0.825 0.04375 0.825 0.0015625
0 0.675 0.125 0.571875 0.125 0.571875 0.3921875 0.675 0.3921875 0.675 0.125
0 1.0 0.375 0.9578125 0.375 0.9578125 0.5453125 1.0 0.5453125 1.0 0.375
0 0.7609375 0.0390625 0.671875 0.0390625 0.671875 0.2578125 0.7609375 0.2578125 0.7609375 0.0390625
0 0.1171875 0.56875 0.0015625 0.56875 0.0015625 0.6484375 0.1171875 0.6484375 0.1171875 0.56875
0 0.03125 0.0015625 0.0015625 0.0015625 0.0015625 0.221875 0.03125 0.221875 0.03125 0.0015625
0 0.8234375 0.65 0.728125 0.65 0.728125 0.8140625 0.8234375 0.8140625 0.8234375 0.65
0 1.0 0.1390625 0.7203125 0.1390625 0.7203125 0.7640625 1.0 0.7640625 1.0 0.1390625
0 0.6484375 0.0015625 0.2109375 0.0015625 0.2109375 0.54375 0.6484375 0.54375 0.6484375 0.0015625
0 0.08125 0.2984375 0.0015625 0.2984375 0.0015625 0.5390625 0.08125 0.5390625 0.08125 0.2984375
0 0.5515625 0.0578125 0.4171875 0.0578125 0.4171875 0.38125 0.5515625 0.38125 0.5515625 0.0578125
0 0.2296875 0.1265625 0.13125 0.1265625 0.13125 0.446875 0.2296875 0.446875 0.2296875 0.1265625
0 0.7703125 0.0015625 0.6265625 0.0015625 0.6265625 0.215625 0.7703125 0.215625 0.7703125 0.0015625
0 0.6109375 0.00625 0.5046875 0.00625 0.5046875 0.20625 0.6109375 0.20625 0.6109375 0.00625
0 0.16875 0.0015625 0.1359375 0.0015625 0.1359375 0.0390625 0.16875 0.0390625 0.16875 0.0015625
0 1.0 0.0015625 0.934375 0.0015625 0.934375 0.13125 1.0 0.13125 1.0 0.0015625
0 0.13125 0.6921875 0.0015625 0.6921875 0.0015625 0.984375 0.13125 0.984375 0.13125 0.6921875
0 0.3140625 0.4875 0.1078125 0.4875 0.1078125 1.0 0.3140625 1.0 0.3140625 0.4875
0 0.05 0.6390625 0.0015625 0.6390625 0.0015625 0.7703125 0.05 0.7703125 0.05 0.6390625
0 0.2 0.153125 0.0890625 0.153125 0.0890625 0.4484375 0.2 0.4484375 0.2 0.153125
0 0.015625 0.2296875 0.0015625 0.2296875 0.0015625 0.353125 0.015625 0.353125 0.015625 0.2296875
0 0.4921875 0.0015625 0.1359375 0.0015625 0.1359375 0.19375 0.4921875 0.19375 0.4921875 0.0015625
0 0.0890625 0.0015625 0.0078125 0.0015625 0.0078125 0.1109375 0.0890625 0.1109375 0.0890625 0.0015625
0 0.7140625 0.775 0.6390625 0.775 0.6390625 1.0 0.7140625 1.0 0.7140625 0.775
0 0.6765625 0.5703125 0.321875 0.5703125 0.321875 1.0 0.6765625 1.0 0.6765625 0.5703125
0 0.4640625 0.5421875 0.2828125 0.5421875 0.2828125 0.7609375 0.4640625 0.7609375 0.4640625 0.5421875
0 0.8984375 0.2921875 0.6 0.2921875 0.6 0.69375 0.8984375 0.69375 0.8984375 0.2921875
0 0.5359375 0.259375 0.3359375 0.259375 0.3359375 0.4359375 0.5359375 0.4359375 0.5359375 0.259375
0 0.3984375 0.18125 0.2578125 0.18125 0.2578125 0.3171875 0.3984375 0.3171875 0.3984375 0.18125
0 0.81875 0.028125 0.7078125 0.028125 0.7078125 0.2234375 0.81875 0.2234375 0.81875 0.028125
0 0.64375 0.0015625 0.5875 0.0015625 0.5875 0.06875 0.64375 0.06875 0.64375 0.0015625
0 0.9875 0.875 0.8859375 0.875 0.8859375 1.0 0.9875 1.0 0.9875 0.875
0 1.0 0.703125 0.9703125 0.703125 0.9703125 0.8765625 1.0 0.8765625 1.0 0.703125
0 0.9796875 0.034375 0.9265625 0.034375 0.9265625 0.2390625 0.9796875 0.2390625 0.9796875 0.034375
0 1.0 0.725 0.0625 0.725 0.0625 1.0 1.0 1.0 1.0 0.725
0 0.0515625 0.9625 0.0015625 0.9625 0.0015625 1.0 0.0515625 1.0 0.0515625 0.9625
0 0.3390625 0.690625 0.2765625 0.690625 0.2765625 0.878125 0.3390625 0.878125 0.3390625 0.690625
0 0.415625 0.68125 0.328125 0.68125 0.328125 0.8109375 0.415625 0.8109375 0.415625 0.68125
0 0.3609375 0.4328125 0.2578125 0.4328125 0.2578125 0.6796875 0.3609375 0.6796875 0.3609375 0.4328125
0 0.0578125 0.45625 0.0015625 0.45625 0.0015625 0.5875 0.0578125 0.5875 0.0578125 0.45625
0 0.2390625 0.4140625 0.096875 0.4140625 0.096875 0.584375 0.2390625 0.584375 0.2390625 0.4140625
0 0.140625 0.2 0.0875 0.2 0.0875 0.38125 0.140625 0.38125 0.140625 0.2
0 0.4984375 0.08125 0.3140625 0.08125 0.3140625 0.321875 0.4984375 0.321875 0.4984375 0.08125
0 0.071875 0.1296875 0.0015625 0.1296875 0.0015625 0.265625 0.071875 0.265625 0.071875 0.1296875
0 0.9859375 0.659375 0.7765625 0.659375 0.7765625 0.878125 0.9859375 0.878125 0.9859375 0.659375
0 0.8203125 0.5796875 0.71875 0.5796875 0.71875 0.721875 0.8203125 0.721875 0.8203125 0.5796875
0 0.68125 0.0015625 0.6671875 0.0015625 0.6671875 0.0125 0.68125 0.0125 0.68125 0.0015625
0 0.3515625 0.4921875 0.2125 0.4921875 0.2125 1.0 0.3515625 1.0 0.3515625 0.4921875
0 0.7296875 0.55625 0.66875 0.55625 0.66875 0.775 0.7296875 0.775 0.7296875 0.55625
