0 0.8984375 0.9875 0.871875 0.9875 0.871875 1.0 0.8984375 1.0 0.8984375 0.9875
0 0.5625 0.7625 0.421875 0.7625 0.421875 0.8765625 0.5625 0.8765625 0.5625 0.7625
0 0.69375 0.509375 0.5921875 0.509375 0.5921875 0.625 0.69375 0.625 0.69375 0.509375
0 0.7 0.58125 0.54375 0.58125 0.54375 0.7578125 0.7 0.7578125 0.7 0.58125
0 1.0 0.328125 0.89375 0.328125 0.89375 0.5890625 1.0 0.5890625 1.0 0.328125
0 0.0375 0.675 0.0015625 0.675 0.0015625 0.8734375 0.0375 0.8734375 0.0375 0.675
0 0.040625 0.0890625 0.0015625 0.0890625 0.0015625 0.11875 0.040625 0.11875 0.040625 0.0890625
0 0.7890625 0.315625 0.6546875 0.315625 0.6546875 0.425 0.7890625 0.425 0.7890625 0.315625
0 1.0 0.240625 0.865625 0.240625 0.865625 0.3828125 1.0 0.3828125 1.0 0.240625
0 0.7515625 0.0015625 0.7234375 0.0015625 0.7234375 0.0140625 0.7515625 0.0140625 0.7515625 0.0015625
0 0.6078125 0.890625 0.50625 0.890625 0.50625 1.0 0.6078125 1.0 0.6078125 0.890625
0 0.9421875 0.0015625 0.8234375 0.0015625 0.8234375 0.0765625 0.9421875 0.0765625 0.9421875 0.0015625
0 0.14375 0.3421875 0.0015625 0.3421875 0.0015625 0.684375 0.14375 0.684375 0.14375 0.3421875
0 0.5109375 0.0015625 0.0015625 0.0015625 0.0015625 0.4046875 0.5109375 0.4046875 0.5109375 0.0015625
0 0.9359375 0.6984375 0.4546875 0.6984375 0.4546875 1.0 0.9359375 1.0 0.9359375 0.6984375
0 0.6296875 0.4421875 0.3 0.4421875 0.3 1.0 0.6296875 1.0 0.6296875 0.4421875
0 0.2953125 0.884375 0.10625 0.884375 0.10625 1.0 0.2953125 1.0 0.2953125 0.884375
0 0.109375 0.6734375 0.0015625 0.6734375 0.0015625 0.940625 0.109375 0.940625 0.109375 0.6734375
0 0.403125 0.421875 0.10625 0.421875 0.10625 0.828125 0.403125 0.828125 0.403125 0.421875
0 0.621875 0.6296875 0.434375 0.6296875 0.434375 0.79375 0.621875 0.79375 0.621875 0.6296875
0 0.903125 0.4375 0.7515625 0.4375 0.7515625 0.5890625 0.903125 0.5890625 0.903125 0.4375
0 1.0 0.0015625 0.521875 0.0015625 0.521875 0.5328125 1.0 0.5328125 1.0 0.0015625
0 0.715625 0.2125 0.6390625 0.2125 0.6390625 0.340625 0.715625 0.340625 0.715625 0.2125
0 1.0 0.290625 0.9921875 0.290625 0.9921875 0.440625 1.0 0.440625 1.0 0.290625
0 0.8484375 0.7578125 0.759375 0.7578125 0.759375 0.86875 0.8484375 0.86875 0.8484375 0.7578125
0 1.0 0.040625 0.0015625 0.040625 0.0015625 1.0 1.0 1.0 1.0 0.040625
0 0.0546875 0.7890625 0.0015625 0.7890625 0.0015625 1.0 0.0546875 1.0 0.0546875 0.7890625
0 0.0734375 0.096875 0.0015625 0.096875 0.0015625 0.334375 0.0734375 0.334375 0.0734375 0.096875
0 0.040625 0.0015625 0.0015625 0.0015625 0.0015625 0.075 0.040625 0.075 0.040625 0.0015625
0 0.4671875 0.5578125 0.225 0.5578125 0.225 0.79375 0.4671875 0.79375 0.4671875 0.5578125
0 0.2765625 0.4625 0.0328125 0.4625 0.0328125 0.7265625 0.2765625 0.7265625 0.2765625 0.4625
0 0.621875 0.525 0.3765625 0.525 0.3765625 1.0 0.621875 1.0 0.621875 0.525
0 0.8125 0.0015625 0.5546875 0.0015625 0.5546875 0.0921875 0.8125 0.0921875 0.8125 0.0015625
0 0.740625 0.9109375 0.63125 0.9109375 0.63125 0.9953125 0.740625 0.9953125 0.740625 0.9109375
0 0.9125 0.1546875 0.80625 0.1546875 0.80625 0.275 0.9125 0.275 0.9125 0.1546875
0 0.928125 0.0859375 0.7625 0.0859375 0.7625 0.1765625 0.928125 0.1765625 0.928125 0.0859375
0 1.0 0.0296875 0.9484375 0.0296875 0.9484375 0.2421875 1.0 0.2421875 1.0 0.0296875
