0 0.6734375 0.4828125 0.4828125 0.4828125 0.4828125 0.7328125 0.6734375 0.7328125 0.6734375 0.4828125
0 0.8984375 0.959375 0.84375 0.959375 0.84375 1.0 0.8984375 1.0 0.8984375 0.959375
0 0.78125 0.959375 0.70625 0.959375 0.70625 1.0 0.78125 1.0 0.78125 0.959375
0 0.65625 0.91875 0.56875 0.91875 0.56875 1.0 0.65625 1.0 0.65625 0.91875
0 0.66875 0.7390625 0.521875 0.7390625 0.521875 0.9328125 0.66875 0.9328125 0.66875 0.7390625
0 0.8140625 0.7578125 0.7 0.7578125 0.7 0.8671875 0.8140625 0.8671875 0.8140625 0.7578125
0 0.53125 0.40625 0.4015625 0.40625 0.4015625 0.5796875 0.53125 0.5796875 0.53125 0.40625
0 0.7265625 0.39375 0.603125 0.39375 0.603125 0.484375 0.7265625 0.484375 0.7265625 0.39375
0 0.0734375 0.3296875 0.0015625 0.3296875 0.0015625 0.4265625 0.0734375 0.4265625 0.0734375 0.3296875
0 0.15 0.9390625 0.0015625 0.9390625 0.0015625 1.0 0.15 1.0 0.15 0.9390625
0 0.7953125 0.45 0.3671875 0.45 0.3671875 0.85625 0.7953125 0.85625 0.7953125 0.45
0 1.0 0.0265625 0.0015625 0.0265625 0.0015625 1.0 1.0 1.0 1.0 0.0265625
0 0.825 0.365625 0.7140625 0.365625 0.7140625 0.4609375 0.825 0.4609375 0.825 0.365625
