0 0.1234375 0.8296875 0.0265625 0.8296875 0.0265625 1.0 0.1234375 1.0 0.1234375 0.8296875
0 0.40625 0.740625 0.3125 0.740625 0.3125 0.853125 0.40625 0.853125 0.40625 0.740625
0 1.0 0.528125 0.8859375 0.528125 0.8859375 0.70625 1.0 0.70625 1.0 0.528125
0 0.1984375 0.071875 0.09375 0.071875 0.09375 0.2171875 0.1984375 0.2171875 0.1984375 0.071875
0 0.025 0.2046875 0.0015625 0.2046875 0.0015625 0.2640625 0.025 0.2640625 0.025 0.2046875
0 0.49375 0.3859375 0.3453125 0.3859375 0.3453125 0.6328125 0.49375 0.6328125 0.49375 0.3859375
0 1.0 0.14375 0.9953125 0.14375 0.9953125 0.203125 1.0 0.203125 1.0 0.14375
0 0.94375 0.090625 0.8390625 0.090625 0.8390625 0.2109375 0.94375 0.2109375 0.94375 0.090625
0 1.0 0.0015625 0.940625 0.0015625 0.940625 0.121875 1.0 0.121875 1.0 0.0015625
0 0.471875 0.0015625 0.415625 0.0015625 0.415625 0.0453125 0.471875 0.0453125 0.471875 0.0015625
0 0.871875 0.0015625 0.8359375 0.0015625 0.8359375 0.0265625 0.871875 0.0265625 0.871875 0.0015625
0 0.35625 0.75 0.23125 0.75 0.23125 1.0 0.35625 1.0 0.35625 0.75
0 0.8921875 0.5734375 0.7765625 0.5734375 0.7765625 0.7734375 0.8921875 0.7734375 0.8921875 0.5734375
0 0.9453125 0.0015625 0.8765625 0.0015625 0.8765625 0.153125 0.9453125 0.153125 0.9453125 0.0015625
0 0.2046875 0.034375 0.121875 0.034375 0.121875 0.1421875 0.2046875 0.1421875 0.2046875 0.034375
0 0.1640625 0.0015625 0.1046875 0.0015625 0.1046875 0.015625 0.1640625 0.015625 0.1640625 0.0015625
0 0.3375 0.0015625 0.175 0.0015625 0.175 0.0484375 0.3375 0.0484375 0.3375 0.0015625
0 0.471875 0.0015625 0.45 0.0015625 0.45 0.0078125 0.471875 0.0078125 0.471875 0.0015625
0 1.0 0.609375 0.9765625 0.609375 0.9765625 0.66875 1.0 0.66875 1.0 0.609375
0 1.0 0.11875 0.934375 0.11875 0.934375 0.265625 1.0 0.265625 1.0 0.11875
0 1.0 0.4859375 0.94375 0.4859375 0.94375 0.584375 1.0 0.584375 1.0 0.4859375
0 0.8140625 0.2453125 0.6703125 0.2453125 0.6703125 0.3671875 0.8140625 0.3671875 0.8140625 0.2453125
0 1.0 0.0015625 0.996875 0.0015625 0.996875 0.0140625 1.0 0.0140625 1.0 0.0015625
0 0.565625 0.0015625 0.5421875 0.0015625 0.5421875 0.0203125 0.565625 0.0203125 0.565625 0.0015625
0 0.0984375 0.6953125 0.0109375 0.6953125 0.0109375 0.8875 0.0984375 0.8875 0.0984375 0.6953125
0 0.9171875 0.465625 0.8234375 0.465625 0.8234375 0.61875 0.9171875 0.61875 0.9171875 0.465625
0 1.0 0.0015625 0.0015625 0.0015625 0.0015625 1.0 1.0 1.0 1.0 0.0015625
0 0.7953125 0.0015625 0.665625 0.0015625 0.665625 0.296875 0.7953125 0.296875 0.7953125 0.0015625
0 1.0 0.0015625 0.921875 0.0015625 0.921875 0.2109375 1.0 0.2109375 1.0 0.0015625
0 0.909375 0.3703125 0.80625 0.3703125 0.80625 0.53125 0.909375 0.53125 0.909375 0.3703125
0 1.0 0.296875 0.8640625 0.296875 0.8640625 0.4453125 1.0 0.4453125 1.0 0.296875
0 1.0 0.0265625 0.7671875 0.0265625 0.7671875 0.3203125 1.0 0.3203125 1.0 0.0265625
0 0.06875 0.175 0.0015625 0.175 0.0015625 0.2375 0.06875 0.2375 0.06875 0.175
0 0.08125 0.0140625 0.0015625 0.0140625 0.0015625 0.1078125 0.08125 0.1078125 0.08125 0.0140625
