0 0.35625 0.3375 0.175 0.3375 0.175 0.55 0.35625 0.55 0.35625 0.3375
0 0.6859375 0.0015625 0.5859375 0.0015625 0.5859375 0.0515625 0.6859375 0.0515625 0.6859375 0.0015625
0 0.0046875 0.3890625 0.0015625 0.3890625 0.0015625 0.459375 0.0046875 0.459375 0.0046875 0.3890625
0 0.5421875 0.88125 0.334375 0.88125 0.334375 0.9984375 0.5421875 0.9984375 0.5421875 0.88125
0 0.0046875 0.2453125 0.0015625 0.2453125 0.0015625 0.3265625 0.0046875 0.3265625 0.0046875 0.2453125
0 1.0 0.9 0.9546875 0.9 0.9546875 1.0 1.0 1.0 1.0 0.9
0 0.921875 0.8828125 0.83125 0.8828125 0.83125 1.0 0.921875 1.0 0.921875 0.8828125
0 0.675 0.5765625 0.546875 0.5765625 0.546875 0.8265625 0.675 0.8265625 0.675 0.5765625
0 0.55625 0.0015625 0.4375 0.0015625 0.4375 0.0671875 0.55625 0.0671875 0.55625 0.0015625
0 0.4953125 0.6125 0.3359375 0.6125 0.3359375 0.7484375 0.4953125 0.7484375 0.4953125 0.6125
0 0.471875 0.8140625 0.3234375 0.8140625 0.3234375 0.903125 0.471875 0.903125 0.471875 0.8140625
0 0.2015625 0.3890625 0.1328125 0.3890625 0.1328125 0.5453125 0.2015625 0.5453125 0.2015625 0.3890625
0 0.396875 0.0015625 0.0015625 0.0015625 0.0015625 0.2953125 0.396875 0.2953125 0.396875 0.0015625
0 0.96875 0.0015625 0.121875 0.0015625 0.121875 1.0 0.96875 1.0 0.96875 0.0015625
0 0.0828125 0.2375 0.0015625 0.2375 0.0015625 0.4375 0.0828125 0.4375 0.0828125 0.2375
0 0.7640625 0.6140625 0.66875 0.6140625 0.66875 0.7984375 0.7640625 0.7984375 0.7640625 0.6140625
0 0.6734375 0.2046875 0.534375 0.2046875 0.534375 0.31875 0.6734375 0.31875 0.6734375 0.2046875
0 0.0640625 0.4640625 0.0015625 0.4640625 0.0015625 1.0 0.0640625 1.0 0.0640625 0.4640625
0 0.625 0.0203125 0.0015625 0.0203125 0.0015625 1.0 0.625 1.0 0.625 0.0203125
0 0.7640625 0.9671875 0.68125 0.9671875 0.68125 1.0 0.7640625 1.0 0.7640625 0.9671875
0 0.7765625 0.6546875 0.628125 0.6546875 0.628125 0.978125 0.7765625 0.978125 0.7765625 0.6546875
0 0.475 0.75 0.3234375 0.75 0.3234375 0.8703125 0.475 0.8703125 0.475 0.75
0 0.809375 0.521875 0.6546875 0.521875 0.6546875 0.6203125 0.809375 0.6203125 0.809375 0.521875
0 0.9171875 0.0015625 0.6890625 0.0015625 0.6890625 0.375 0.9171875 0.375 0.9171875 0.0015625
0 0.5796875 0.0015625 0.4828125 0.0015625 0.4828125 0.1734375 0.5796875 0.1734375 0.5796875 0.0015625
0 1.0 0.6453125 0.878125 0.6453125 0.878125 0.828125 1.0 0.828125 1.0 0.6453125
