0 0.4359375 0.0203125 0.3078125 0.0203125 0.3078125 0.2546875 0.4359375 0.2546875 0.4359375 0.0203125
0 0.4015625 0.6484375 0.2765625 0.6484375 0.2765625 0.815625 0.4015625 0.815625 0.4015625 0.6484375
0 1.0 0.1640625 0.925 0.1640625 0.925 0.571875 1.0 0.571875 1.0 0.1640625
0 0.2015625 0.31875 0.065625 0.31875 0.065625 0.48125 0.2015625 0.48125 0.2015625 0.31875
0 0.153125 0.0015625 0.0015625 0.0015625 0.0015625 0.38125 0.153125 0.38125 0.153125 0.0015625
0 0.171875 0.0015625 0.0734375 0.0015625 0.0734375 0.2625 0.171875 0.2625 0.171875 0.0015625
0 0.4109375 0.7953125 0.3421875 0.7953125 0.3421875 0.946875 0.4109375 0.946875 0.4109375 0.7953125
0 0.0984375 0.6921875 0.0015625 0.6921875 0.0015625 0.8984375 0.0984375 0.8984375 0.0984375 0.6921875
0 0.2375 0.390625 0.1734375 0.390625 0.1734375 0.6 0.2375 0.6 0.2375 0.390625
0 1.0 0.0015625 0.0015625 0.0015625 0.0015625 1.0 1.0 1.0 1.0 0.0015625
0 0.8203125 0.828125 0.646875 0.828125 0.646875 0.971875 0.8203125 0.971875 0.8203125 0.828125
0 0.8953125 0.725 0.76875 0.725 0.76875 1.0 0.8953125 1.0 0.8953125 0.725
0 0.528125 0.33125 0.2578125 0.33125 0.2578125 0.7703125 0.528125 0.7703125 0.528125 0.33125
