0 0.8234375 0.3890625 0.721875 0.3890625 0.721875 0.50625 0.8234375 0.50625 0.8234375 0.3890625
0 0.065625 0.05 0.0015625 0.05 0.0015625 0.2078125 0.065625 0.2078125 0.065625 0.05
0 0.8984375 0.3734375 0.7703125 0.3734375 0.7703125 0.446875 0.8984375 0.446875 0.8984375 0.3734375
0 1.0 0.5671875 0.896875 0.5671875 0.896875 0.721875 1.0 0.721875 1.0 0.5671875
0 1.0 0.71875 0.85625 0.71875 0.85625 0.8375 1.0 0.8375 1.0 0.71875
0 0.815625 0.5140625 0.753125 0.5140625 0.753125 0.6734375 0.815625 0.6734375 0.815625 0.5140625
0 1.0 0.4796875 0.825 0.4796875 0.825 0.64375 1.0 0.64375 1.0 0.4796875
0 1.0 0.290625 0.971875 0.290625 0.971875 0.3328125 1.0 0.3328125 1.0 0.290625
0 1.0 0.0625 0.925 0.0625 0.925 0.2234375 1.0 0.2234375 1.0 0.0625
0 0.0203125 0.2765625 0.0015625 0.2765625 0.0015625 0.3859375 0.0203125 0.3859375 0.0203125 0.2765625
0 1.0 0.415625 0.6375 0.415625 0.6375 0.8796875 1.0 0.8796875 1.0 0.415625
0 1.0 0.7375 0.9359375 0.7375 0.9359375 0.8546875 1.0 0.8546875 1.0 0.7375
0 0.9640625 0.09375 0.7125 0.09375 0.7125 0.3875 0.9640625 0.3875 0.9640625 0.09375
0 1.0 0.1859375 0.984375 0.1859375 0.984375 0.234375 1.0 0.234375 1.0 0.1859375
0 0.884375 0.6703125 0.7484375 0.6703125 0.7484375 0.9015625 0.884375 0.9015625 0.884375 0.6703125
0 0.2203125 0.0015625 0.0015625 0.0015625 0.0015625 0.2734375 0.2203125 0.2734375 0.2203125 0.0015625
0 0.8796875 0.7125 0.7625 0.7125 0.7625 0.8765625 0.8796875 0.8765625 0.8796875 0.7125
0 1.0 0.0015625 0.8640625 0.0015625 0.8640625 0.653125 1.0 0.653125 1.0 0.0015625
0 0.8546875 0.196875 0.725 0.196875 0.725 0.309375 0.8546875 0.309375 0.8546875 0.196875
0 0.775 0.0015625 0.6953125 0.0015625 0.6953125 0.0359375 0.775 0.0359375 0.775 0.0015625
0 0.9453125 0.76875 0.7859375 0.76875 0.7859375 0.9421875 0.9453125 0.9421875 0.9453125 0.76875
0 0.9796875 0.640625 0.8796875 0.640625 0.8796875 0.7515625 0.9796875 0.7515625 0.9796875 0.640625
