0 0.1609375 0.246875 0.0015625 0.246875 0.0015625 0.784375 0.1609375 0.784375 0.1609375 0.246875
0 0.009375 0.8921875 0.0015625 0.8921875 0.0015625 0.940625 0.009375 0.940625 0.009375 0.8921875
0 0.1078125 0.16875 0.0015625 0.16875 0.0015625 0.2484375 0.1078125 0.2484375 0.1078125 0.16875
0 1.0 0.3328125 0.9640625 0.3328125 0.9640625 0.5 1.0 0.5 1.0 0.3328125
0 1.0 0.084375 0.8796875 0.084375 0.8796875 0.365625 1.0 0.365625 1.0 0.084375
0 0.9484375 0.034375 0.803125 0.034375 0.803125 0.15625 0.9484375 0.15625 0.9484375 0.034375
0 1.0 0.0015625 0.2125 0.0015625 0.2125 1.0 1.0 1.0 1.0 0.0015625
0 0.228125 0.534375 0.0015625 0.534375 0.0015625 0.953125 0.228125 0.953125 0.228125 0.534375
0 0.1234375 0.325 0.046875 0.325 0.046875 0.4390625 0.1234375 0.4390625 0.1234375 0.325
0 0.0109375 0.2234375 0.0015625 0.2234375 0.0015625 0.259375 0.0109375 0.259375 0.0109375 0.2234375
0 0.1140625 0.0015625 0.0015625 0.0015625 0.0015625 0.1984375 0.1140625 0.1984375 0.1140625 0.0015625
0 0.225 0.009375 0.1140625 0.009375 0.1140625 0.2984375 0.225 0.2984375 0.225 0.009375
