0 1.0 0.9375 0.975 0.9375 0.975 0.965625 1.0 0.965625 1.0 0.9375
0 0.08125 0.7203125 0.0015625 0.7203125 0.0015625 0.903125 0.08125 0.903125 0.08125 0.7203125
0 0.4828125 0.684375 0.378125 0.684375 0.378125 0.778125 0.4828125 0.778125 0.4828125 0.684375
0 0.4375 0.1484375 0.321875 0.1484375 0.321875 0.3328125 0.4375 0.3328125 0.4375 0.1484375
0 0.1546875 0.0140625 0.01875 0.0140625 0.01875 0.215625 0.1546875 0.215625 0.1546875 0.0140625
0 0.4265625 0.0015625 0.221875 0.0015625 0.221875 0.1734375 0.4265625 0.1734375 0.4265625 0.0015625
0 0.7375 0.0015625 0.4921875 0.0015625 0.4921875 0.109375 0.7375 0.109375 0.7375 0.0015625
0 1.0 0.328125 0.93125 0.328125 0.93125 0.49375 1.0 0.49375 1.0 0.328125
0 0.96875 0.296875 0.840625 0.296875 0.840625 0.3890625 0.96875 0.3890625 0.96875 0.296875
0 1.0 0.3234375 0.7734375 0.3234375 0.7734375 0.4484375 1.0 0.4484375 1.0 0.3234375
0 0.2984375 0.0015625 0.0671875 0.0015625 0.0671875 0.31875 0.2984375 0.31875 0.2984375 0.0015625
0 0.0421875 0.165625 0.0015625 0.165625 0.0015625 0.3703125 0.0421875 0.3703125 0.0421875 0.165625
0 0.5046875 0.0015625 0.3953125 0.0015625 0.3953125 0.1234375 0.5046875 0.1234375 0.5046875 0.0015625
0 0.95625 0.0015625 0.9203125 0.0015625 0.9203125 0.04375 0.95625 0.04375 0.95625 0.0015625
0 0.7546875 0.0015625 0.7375 0.0015625 0.7375 0.0078125 0.7546875 0.0078125 0.7546875 0.0015625
0 1.0 0.565625 0.96875 0.565625 0.96875 0.7875 1.0 0.7875 1.0 0.565625
0 1.0 0.2515625 0.971875 0.2515625 0.971875 0.3390625 1.0 0.3390625 1.0 0.2515625
0 0.6484375 0.7640625 0.4921875 0.7640625 0.4921875 1.0 0.6484375 1.0 0.6484375 0.7640625
0 0.08125 0.86875 0.0015625 0.86875 0.0015625 0.990625 0.08125 0.990625 0.08125 0.86875
0 0.3875 0.665625 0.2421875 0.665625 0.2421875 0.965625 0.3875 0.965625 0.3875 0.665625
0 0.703125 0.3234375 0.4671875 0.3234375 0.4671875 0.671875 0.703125 0.671875 0.703125 0.3234375
0 0.509375 0.421875 0.334375 0.421875 0.334375 0.5515625 0.509375 0.5515625 0.509375 0.421875
0 0.5734375 0.20625 0.4234375 0.20625 0.4234375 0.3171875 0.5734375 0.3171875 0.5734375 0.20625
0 0.125 0.0015625 0.0015625 0.0015625 0.0015625 0.3515625 0.125 0.3515625 0.125 0.0015625
0 0.6203125 0.0015625 0.4796875 0.0015625 0.4796875 0.0671875 0.6203125 0.0671875 0.6203125 0.0015625
0 0.253125 0.0015625 0.0453125 0.0015625 0.0453125 0.1203125 0.253125 0.1203125 0.253125 0.0015625
0 1.0 0.8140625 0.978125 0.8140625 0.978125 0.940625 1.0 0.940625 1.0 0.8140625
0 1.0 0.44375 0.8140625 0.44375 0.8140625 0.628125 1.0 0.628125 1.0 0.44375
0 0.9765625 0.1046875 0.8234375 0.1046875 0.8234375 0.3078125 0.9765625 0.3078125 0.9765625 0.1046875
0 1.0 0.0015625 0.9609375 0.0015625 0.9609375 0.2515625 1.0 0.2515625 1.0 0.0015625
0 1.0 0.0015625 0.0015625 0.0015625 0.0015625 1.0 1.0 1.0 1.0 0.0015625
0 0.6109375 0.046875 0.321875 0.046875 0.321875 0.315625 0.6109375 0.315625 0.6109375 0.046875
0 0.4765625 0.0015625 0.45 0.0015625 0.45 0.015625 0.4765625 0.015625 0.4765625 0.0015625
