0 0.175 0.528125 0.0234375 0.528125 0.0234375 0.7375 0.175 0.7375 0.175 0.528125
0 0.4578125 0.4953125 0.3421875 0.4953125 0.3421875 0.7078125 0.4578125 0.7078125 0.4578125 0.4953125
0 0.734375 0.3875 0.553125 0.3875 0.553125 0.553125 0.734375 0.553125 0.734375 0.3875
0 1.0 0.2109375 0.8875 0.2109375 0.8875 0.4796875 1.0 0.4796875 1.0 0.2109375
0 0.6484375 0.0921875 0.484375 0.0921875 0.484375 0.1625 0.6484375 0.1625 0.6484375 0.0921875
0 0.975 0.0015625 0.703125 0.0015625 0.703125 0.125 0.975 0.125 0.975 0.0015625
0 0.571875 0.0015625 0.4578125 0.0015625 0.4578125 0.109375 0.571875 0.109375 0.571875 0.0015625
0 0.19375 0.0015625 0.1796875 0.0015625 0.1796875 0.0046875 0.19375 0.0046875 0.19375 0.0015625
0 1.0 0.9390625 0.953125 0.9390625 0.953125 0.953125 1.0 0.953125 1.0 0.9390625
0 0.259375 0.6 0.10625 0.6 0.10625 0.740625 0.259375 0.740625 0.259375 0.6
0 0.4453125 0.3875 0.203125 0.3875 0.203125 0.54375 0.4453125 0.54375 0.4453125 0.3875
0 0.2859375 0.9 0.0015625 0.9 0.0015625 1.0 0.2859375 1.0 0.2859375 0.9
0 0.0625 0.7375 0.0015625 0.7375 0.0015625 0.8015625 0.0625 0.8015625 0.0625 0.7375
0 0.034375 0.25 0.0015625 0.25 0.0015625 0.3734375 0.034375 0.3734375 0.034375 0.25
0 0.303125 0.7859375 0.1234375 0.7859375 0.1234375 0.9328125 0.303125 0.9328125 0.303125 0.7859375
0 0.528125 0.4328125 0.35625 0.4328125 0.35625 0.8734375 0.528125 0.8734375 0.528125 0.4328125
0 0.3140625 0.475 0.0734375 0.475 0.0734375 0.61875 0.3140625 0.61875 0.3140625 0.475
0 0.225 0.0015625 0.0015625 0.0015625 0.0015625 0.36875 0.225 0.36875 0.225 0.0015625
0 0.6234375 0.1234375 0.4640625 0.1234375 0.4640625 0.2203125 0.6234375 0.2203125 0.6234375 0.1234375
0 1.0 0.9671875 0.9859375 0.9671875 0.9859375 0.99375 1.0 0.99375 1.0 0.9671875
0 0.959375 0.80625 0.8046875 0.80625 0.8046875 1.0 0.959375 1.0 0.959375 0.80625
0 1.0 0.821875 0.9421875 0.821875 0.9421875 0.9140625 1.0 0.9140625 1.0 0.821875
0 1.0 0.2765625 0.9796875 0.2765625 0.9796875 0.4390625 1.0 0.4390625 1.0 0.2765625
0 1.0 0.196875 0.9890625 0.196875 0.9890625 0.23125 1.0 0.23125 1.0 0.196875
0 0.9234375 0.2359375 0.8109375 0.2359375 0.8109375 0.3609375 0.9234375 0.3609375 0.9234375 0.2359375
0 1.0 0.0015625 0.890625 0.0015625 0.890625 0.1015625 1.0 0.1015625 1.0 0.0015625
0 0.0625 0.484375 0.0015625 0.484375 0.0015625 0.6046875 0.0625 0.6046875 0.0625 0.484375
0 1.0 0.0015625 0.0015625 0.0015625 0.0015625 1.0 1.0 1.0 1.0 0.0015625
0 0.2671875 0.9765625 0.1109375 0.9765625 0.1109375 1.0 0.2671875 1.0 0.2671875 0.9765625
0 0.2828125 0.83125 0.1515625 0.83125 0.1515625 0.9640625 0.2828125 0.9640625 0.2828125 0.83125
0 0.23125 0.603125 0.0765625 0.603125 0.0765625 0.69375 0.23125 0.69375 0.23125 0.603125
0 0.35625 0.996875 0.340625 0.996875 0.340625 1.0 0.35625 1.0 0.35625 0.996875
0 1.0 0.7953125 0.9015625 0.7953125 0.9015625 1.0 1.0 1.0 1.0 0.7953125
0 0.88125 0.828125 0.753125 0.828125 0.753125 1.0 0.88125 1.0 0.88125 0.828125
