0 0.984375 0.0953125 0.8484375 0.0953125 0.8484375 0.4140625 0.984375 0.4140625 0.984375 0.0953125
0 0.2359375 0.0015625 0.2171875 0.0015625 0.2171875 0.003125 0.2359375 0.003125 0.2359375 0.0015625
0 0.41875 0.0015625 0.3765625 0.0015625 0.3765625 0.0171875 0.41875 0.0171875 0.41875 0.0015625
0 0.1109375 0.259375 0.0234375 0.259375 0.0234375 0.465625 0.1109375 0.465625 0.1109375 0.259375
0 0.225 0.0015625 0.0015625 0.0015625 0.0015625 0.09375 0.225 0.09375 0.225 0.0015625
0 0.49375 0.0015625 0.3765625 0.0015625 0.3765625 0.171875 0.49375 0.171875 0.49375 0.0015625
0 0.0734375 0.26875 0.0015625 0.26875 0.0015625 0.45625 0.0734375 0.45625 0.0734375 0.26875
0 0.8046875 0.9734375 0.7734375 0.9734375 0.7734375 1.0 0.8046875 1.0 0.8046875 0.9734375
0 0.2234375 0.0015625 0.0015625 0.0015625 0.0015625 0.3078125 0.2234375 0.3078125 0.2234375 0.0015625
0 1.0 0.0015625 0.04375 0.0015625 0.04375 1.0 1.0 1.0 1.0 0.0015625
0 0.0078125 0.0015625 0.0015625 0.0015625 0.0015625 0.0078125 0.0078125 0.0078125 0.0078125 0.0015625
0 0.4109375 0.746875 0.2859375 0.746875 0.2859375 0.871875 0.4109375 0.871875 0.4109375 0.746875
0 0.5390625 0.0015625 0.4359375 0.0015625 0.4359375 0.0703125 0.5390625 0.0703125 0.5390625 0.0015625
0 0.9296875 0.91875 0.85625 0.91875 0.85625 1.0 0.9296875 1.0 0.9296875 0.91875
