0 0.16875 0.2859375 0.0578125 0.2859375 0.0578125 0.5140625 0.16875 0.5140625 0.16875 0.2859375
0 0.1015625 0.509375 0.0015625 0.509375 0.0015625 0.6078125 0.1015625 0.6078125 0.1015625 0.509375
0 0.0921875 0.259375 0.0015625 0.259375 0.0015625 0.3390625 0.0921875 0.3390625 0.0921875 0.259375
0 0.053125 0.3609375 0.0015625 0.3609375 0.0015625 0.4765625 0.053125 0.4765625 0.053125 0.3609375
0 0.2359375 0.0015625 0.03125 0.0015625 0.03125 0.5015625 0.2359375 0.5015625 0.2359375 0.0015625
0 0.1484375 0.0328125 0.0015625 0.0328125 0.0015625 0.1515625 0.1484375 0.1515625 0.1484375 0.0328125
0 0.1328125 0.28125 0.0015625 0.28125 0.0015625 0.6484375 0.1328125 0.6484375 0.1328125 0.28125
0 0.184375 0.0984375 0.11875 0.0984375 0.11875 0.3 0.184375 0.3 0.184375 0.0984375
0 0.0921875 0.0015625 0.009375 0.0015625 0.009375 0.059375 0.0921875 0.059375 0.0921875 0.0015625
0 0.215625 0.0015625 0.178125 0.0015625 0.178125 0.053125 0.215625 0.053125 0.215625 0.0015625
0 0.01875 0.6484375 0.0015625 0.6484375 0.0015625 0.69375 0.01875 0.69375 0.01875 0.6484375
0 0.3859375 0.321875 0.25 0.321875 0.25 0.484375 0.3859375 0.484375 0.3859375 0.321875
0 0.465625 0.0984375 0.3375 0.0984375 0.3375 0.2140625 0.465625 0.2140625 0.465625 0.0984375
0 0.040625 0.3015625 0.0015625 0.3015625 0.0015625 0.3484375 0.040625 0.3484375 0.040625 0.3015625
0 0.5734375 0.0015625 0.540625 0.0015625 0.540625 0.03125 0.5734375 0.03125 0.5734375 0.0015625
0 0.5765625 0.13125 0.4 0.13125 0.4 0.4734375 0.5765625 0.4734375 0.5765625 0.13125
0 0.434375 0.1765625 0.2859375 0.1765625 0.2859375 0.3578125 0.434375 0.3578125 0.434375 0.1765625
0 0.1109375 0.0765625 0.0015625 0.0765625 0.0015625 0.1796875 0.1109375 0.1796875 0.1109375 0.0765625
0 0.5703125 0.0015625 0.371875 0.0015625 0.371875 0.1234375 0.5703125 0.1234375 0.5703125 0.0015625
0 0.4578125 0.225 0.3046875 0.225 0.3046875 0.390625 0.4578125 0.390625 0.4578125 0.225
0 0.5734375 0.059375 0.4515625 0.059375 0.4515625 0.209375 0.5734375 0.209375 0.5734375 0.059375
0 0.1359375 0.6765625 0.0015625 0.6765625 0.0015625 0.8484375 0.1359375 0.8484375 0.1359375 0.6765625
0 0.5609375 0.26875 0.25 0.26875 0.25 0.553125 0.5609375 0.553125 0.5609375 0.26875
0 0.053125 0.3390625 0.0015625 0.3390625 0.0015625 0.3703125 0.053125 0.3703125 0.053125 0.3390625
0 0.1375 0.0828125 0.0234375 0.0828125 0.0234375 0.2859375 0.1375 0.2859375 0.1375 0.0828125
0 0.2921875 0.0015625 0.190625 0.0015625 0.190625 0.3546875 0.2921875 0.3546875 0.2921875 0.0015625
0 0.3390625 0.25 0.184375 0.25 0.184375 0.48125 0.3390625 0.48125 0.3390625 0.25
0 0.53125 0.0890625 0.4234375 0.0890625 0.4234375 0.234375 0.53125 0.234375 0.53125 0.0890625
0 0.384375 0.0015625 0.2984375 0.0015625 0.2984375 0.09375 0.384375 0.09375 0.384375 0.0015625
0 0.3296875 0.4703125 0.125 0.4703125 0.125 0.640625 0.3296875 0.640625 0.3296875 0.4703125
0 0.0734375 0.165625 0.0015625 0.165625 0.0015625 0.275 0.0734375 0.275 0.0734375 0.165625
0 0.5578125 0.0015625 0.4515625 0.0015625 0.4515625 0.09375 0.5578125 0.09375 0.5578125 0.0015625
0 0.2328125 0.490625 0.0328125 0.490625 0.0328125 0.6859375 0.2328125 0.6859375 0.2328125 0.490625
0 0.4296875 0.5 0.23125 0.5 0.23125 0.6640625 0.4296875 0.6640625 0.4296875 0.5
0 0.425 0.0015625 0.340625 0.0015625 0.340625 0.1546875 0.425 0.1546875 0.425 0.0015625
0 0.3203125 0.0015625 0.25 0.0015625 0.25 0.0828125 0.3203125 0.0828125 0.3203125 0.0015625
0 0.0984375 0.6015625 0.0015625 0.6015625 0.0015625 0.7578125 0.0984375 0.7578125 0.0984375 0.6015625
0 0.2375 0.53125 0.08125 0.53125 0.08125 0.703125 0.2375 0.703125 0.2375 0.53125
0 0.3640625 0.0515625 0.2515625 0.0515625 0.2515625 0.3171875 0.3640625 0.3171875 0.3640625 0.0515625
