0 0.9296875 0.9484375 0.809375 0.9484375 0.809375 1.0 0.9296875 1.0 0.9296875 0.9484375
0 0.603125 0.228125 0.3015625 0.228125 0.3015625 0.4734375 0.603125 0.4734375 0.603125 0.228125
0 0.803125 0.284375 0.63125 0.284375 0.63125 0.3828125 0.803125 0.3828125 0.803125 0.284375
0 0.640625 0.0015625 0.578125 0.0015625 0.578125 0.2109375 0.640625 0.2109375 0.640625 0.0015625
0 0.990625 0.865625 0.83125 0.865625 0.83125 1.0 0.990625 1.0 0.990625 0.865625
0 0.6328125 0.4234375 0.4984375 0.4234375 0.4984375 0.5671875 0.6328125 0.5671875 0.6328125 0.4234375
0 0.671875 0.984375 0.640625 0.984375 0.640625 1.0 0.671875 1.0 0.671875 0.984375
0 0.596875 0.0015625 0.478125 0.0015625 0.478125 0.121875 0.596875 0.121875 0.596875 0.0015625
0 1.0 0.009375 0.89375 0.009375 0.89375 0.1671875 1.0 0.1671875 1.0 0.009375
0 0.93125 1.0 0.878125 1.0 0.878125 1.0 0.93125 1.0 0.93125 1.0
0 0.49375 0.596875 0.3453125 0.596875 0.3453125 0.7875 0.49375 0.7875 0.49375 0.596875
0 0.28125 0.190625 0.1875 0.190625 0.1875 0.3671875 0.28125 0.3671875 0.28125 0.190625
0 0.6046875 0.1578125 0.421875 0.1578125 0.421875 0.2515625 0.6046875 0.2515625 0.6046875 0.1578125
0 0.5890625 0.7421875 0.109375 0.7421875 0.109375 1.0 0.5890625 1.0 0.5890625 0.7421875
0 0.9046875 0.734375 0.715625 0.734375 0.715625 0.8765625 0.9046875 0.8765625 0.9046875 0.734375
0 0.35625 0.484375 0.178125 0.484375 0.178125 0.7234375 0.35625 0.7234375 0.35625 0.484375
0 0.9203125 0.4734375 0.8140625 0.4734375 0.8140625 0.584375 0.9203125 0.584375 0.9203125 0.4734375
0 0.51875 0.4390625 0.346875 0.4390625 0.346875 0.5859375 0.51875 0.5859375 0.51875 0.4390625
0 0.48125 0.95 0.1375 0.95 0.1375 1.0 0.48125 1.0 0.48125 0.95
0 1.0 0.43125 0.290625 0.43125 0.290625 1.0 1.0 1.0 1.0 0.43125
0 0.425 0.7125 0.3203125 0.7125 0.3203125 0.8453125 0.425 0.8453125 0.425 0.7125
0 0.6140625 0.05625 0.3640625 0.05625 0.3640625 0.253125 0.6140625 0.253125 0.6140625 0.05625
0 0.9015625 0.0921875 0.790625 0.0921875 0.790625 0.1875 0.9015625 0.1875 0.9015625 0.0921875
0 0.046875 0.953125 0.0015625 0.953125 0.0015625 1.0 0.046875 1.0 0.046875 0.953125
0 0.225 0.396875 0.0859375 0.396875 0.0859375 0.46875 0.225 0.46875 0.225 0.396875
0 0.646875 0.9453125 0.48125 0.9453125 0.48125 1.0 0.646875 1.0 0.646875 0.9453125
0 0.68125 0.7125 0.584375 0.7125 0.584375 0.8484375 0.68125 0.8484375 0.68125 0.7125
0 0.58125 0.6375 0.465625 0.6375 0.465625 0.790625 0.58125 0.790625 0.58125 0.6375
0 0.3078125 0.5734375 0.2140625 0.5734375 0.2140625 0.69375 0.3078125 0.69375 0.3078125 0.5734375
0 0.3484375 0.3984375 0.2328125 0.3984375 0.2328125 0.509375 0.3484375 0.509375 0.3484375 0.3984375
0 0.725 0.296875 0.5921875 0.296875 0.5921875 0.534375 0.725 0.534375 0.725 0.296875
0 0.1015625 0.1328125 0.0015625 0.1328125 0.0015625 0.303125 0.1015625 0.303125 0.1015625 0.1328125
0 0.3578125 0.1453125 0.1640625 0.1453125 0.1640625 0.34375 0.3578125 0.34375 0.3578125 0.1453125
0 0.6015625 0.0015625 0.4484375 0.0015625 0.4484375 0.059375 0.6015625 0.059375 0.6015625 0.0015625
0 0.7921875 0.9 0.7078125 0.9 0.7078125 1.0 0.7921875 1.0 0.7921875 0.9
0 1.0 0.9390625 0.946875 0.9390625 0.946875 1.0 1.0 1.0 1.0 0.9390625
0 1.0 0.2328125 0.928125 0.2328125 0.928125 0.309375 1.0 0.309375 1.0 0.2328125
0 0.015625 0.875 0.0015625 0.875 0.0015625 0.9765625 0.015625 0.9765625 0.015625 0.875
0 0.1046875 0.028125 0.0015625 0.028125 0.0015625 0.2625 0.1046875 0.2625 0.1046875 0.028125
0 0.5265625 0.7625 0.0328125 0.7625 0.0328125 0.9625 0.5265625 0.9625 0.5265625 0.7625
0 0.5328125 0.60625 0.41875 0.60625 0.41875 0.815625 0.5328125 0.815625 0.5328125 0.60625
0 0.25 0.4578125 0.140625 0.4578125 0.140625 0.6546875 0.25 0.6546875 0.25 0.4578125
0 0.603125 0.3046875 0.4453125 0.3046875 0.4453125 0.4265625 0.603125 0.4265625 0.603125 0.3046875
0 0.3328125 0.2453125 0.2296875 0.2453125 0.2296875 0.3375 0.3328125 0.3375 0.3328125 0.2453125
0 0.4890625 0.1921875 0.3796875 0.1921875 0.3796875 0.3359375 0.4890625 0.3359375 0.4890625 0.1921875
0 0.3546875 0.0765625 0.1875 0.0765625 0.1875 0.25 0.3546875 0.25 0.3546875 0.0765625
0 0.2109375 0.0015625 0.084375 0.0015625 0.084375 0.121875 0.2109375 0.121875 0.2109375 0.0015625
0 0.421875 0.0015625 0.24375 0.0015625 0.24375 0.103125 0.421875 0.103125 0.421875 0.0015625
0 1.0 0.6703125 0.8625 0.6703125 0.8625 0.7828125 1.0 0.7828125 1.0 0.6703125
0 0.8296875 0.36875 0.7359375 0.36875 0.7359375 0.4546875 0.8296875 0.4546875 0.8296875 0.36875
0 0.6984375 0.165625 0.6390625 0.165625 0.6390625 0.3234375 0.6984375 0.3234375 0.6984375 0.165625
0 1.0 0.0296875 0.7796875 0.0296875 0.7796875 0.2546875 1.0 0.2546875 1.0 0.0296875
0 0.9046875 0.0015625 0.7921875 0.0015625 0.7921875 0.025 0.9046875 0.025 0.9046875 0.0015625
0 0.125 0.740625 0.0015625 0.740625 0.0015625 0.828125 0.125 0.828125 0.125 0.740625
0 0.4515625 0.3703125 0.34375 0.3703125 0.34375 0.4953125 0.4515625 0.4953125 0.4515625 0.3703125
0 0.3421875 0.315625 0.109375 0.315625 0.109375 0.4203125 0.3421875 0.4203125 0.3421875 0.315625
0 0.73125 0.1953125 0.628125 0.1953125 0.628125 0.34375 0.73125 0.34375 0.73125 0.1953125
0 0.715625 0.5015625 0.596875 0.5015625 0.596875 0.628125 0.715625 0.628125 0.715625 0.5015625
0 1.0 0.0015625 0.0015625 0.0015625 0.0015625 1.0 1.0 1.0 1.0 0.0015625
0 0.6953125 0.8953125 0.5296875 0.8953125 0.5296875 1.0 0.6953125 1.0 0.6953125 0.8953125
0 0.7015625 0.653125 0.6125 0.653125 0.6125 0.7953125 0.7015625 0.7953125 0.7015625 0.653125
0 0.953125 0.5609375 0.83125 0.5609375 0.83125 0.665625 0.953125 0.665625 0.953125 0.5609375
0 0.0609375 0.821875 0.0015625 0.821875 0.0015625 1.0 0.0609375 1.0 0.0609375 0.821875
0 0.35 0.6203125 0.196875 0.6203125 0.196875 0.746875 0.35 0.746875 0.35 0.6203125
0 0.1984375 0.4828125 0.0625 0.4828125 0.0625 0.7203125 0.1984375 0.7203125 0.1984375 0.4828125
0 1.0 0.4859375 0.903125 0.4859375 0.903125 0.665625 1.0 0.665625 1.0 0.4859375
0 0.8875 0.359375 0.675 0.359375 0.675 0.5453125 0.8875 0.5453125 0.8875 0.359375
0 0.4546875 0.153125 0.321875 0.153125 0.321875 0.275 0.4546875 0.275 0.4546875 0.153125
0 0.5078125 0.0265625 0.3453125 0.0265625 0.3453125 0.1671875 0.5078125 0.1671875 0.5078125 0.0265625
