0 0.90625 0.540625 0.7828125 0.540625 0.7828125 0.6859375 0.90625 0.6859375 0.90625 0.540625
0 0.4328125 0.7921875 0.3078125 0.7921875 0.3078125 0.8921875 0.4328125 0.8921875 0.4328125 0.7921875
0 1.0 0.3546875 0.9015625 0.3546875 0.9015625 0.5140625 1.0 0.5140625 1.0 0.3546875
0 0.9625 0.9421875 0.84375 0.9421875 0.84375 1.0 0.9625 1.0 0.9625 0.9421875
0 1.0 0.5671875 0.9265625 0.5671875 0.9265625 0.6703125 1.0 0.6703125 1.0 0.5671875
0 1.0 0.3453125 1.0 0.3453125 1.0 0.3453125 1.0 0.3453125 1.0 0.3453125
0 0.396875 0.246875 0.278125 0.246875 0.278125 0.384375 0.396875 0.384375 0.396875 0.246875
0 0.9 0.8859375 0.803125 0.8859375 0.803125 1.0 0.9 1.0 0.9 0.8859375
0 0.546875 0.0015625 0.4328125 0.0015625 0.4328125 0.1515625 0.546875 0.1515625 0.546875 0.0015625
0 0.8 0.4859375 0.6859375 0.4859375 0.6859375 0.603125 0.8 0.603125 0.8 0.4859375
0 0.890625 0.1078125 0.74375 0.1078125 0.74375 0.3140625 0.890625 0.3140625 0.890625 0.1078125
0 0.503125 0.496875 0.265625 0.496875 0.265625 0.8125 0.503125 0.8125 0.503125 0.496875
0 0.8375 0.575 0.7265625 0.575 0.7265625 0.7171875 0.8375 0.7171875 0.8375 0.575
0 0.9546875 0.459375 0.8 0.459375 0.8 0.609375 0.9546875 0.609375 0.9546875 0.459375
0 0.9984375 0.3109375 0.8828125 0.3109375 0.8828125 0.4015625 0.9984375 0.4015625 0.9984375 0.3109375
0 0.7296875 0.034375 0.6578125 0.034375 0.6578125 0.1703125 0.7296875 0.1703125 0.7296875 0.034375
0 0.8375 0.0015625 0.7609375 0.0015625 0.7609375 0.1171875 0.8375 0.1171875 0.8375 0.0015625
0 0.7390625 0.0015625 0.7234375 0.0015625 0.7234375 0.0234375 0.7390625 0.0234375 0.7390625 0.0015625
0 0.821875 0.6515625 0.7390625 0.6515625 0.7390625 0.759375 0.821875 0.759375 0.821875 0.6515625
0 0.6859375 0.965625 0.5328125 0.965625 0.5328125 1.0 0.6859375 1.0 0.6859375 0.965625
0 1.0 0.8625 0.85 0.8625 0.85 0.9953125 1.0 0.9953125 1.0 0.8625
0 0.871875 0.3765625 0.7 0.3765625 0.7 0.559375 0.871875 0.559375 0.871875 0.3765625
0 0.0671875 0.9375 0.0015625 0.9375 0.0015625 1.0 0.0671875 1.0 0.0671875 0.9375
0 0.1734375 0.7640625 0.0515625 0.7640625 0.0515625 0.9140625 0.1734375 0.9140625 0.1734375 0.7640625
0 0.334375 0.984375 0.2859375 0.984375 0.2859375 1.0 0.334375 1.0 0.334375 0.984375
0 0.509375 0.9609375 0.4640625 0.9609375 0.4640625 1.0 0.509375 1.0 0.509375 0.9609375
0 0.6140625 0.75625 0.4421875 0.75625 0.4421875 0.925 0.6140625 0.925 0.6140625 0.75625
0 0.5546875 0.621875 0.4265625 0.621875 0.4265625 0.81875 0.5546875 0.81875 0.5546875 0.621875
0 0.4578125 0.4421875 0.253125 0.4421875 0.253125 0.7734375 0.4578125 0.7734375 0.4578125 0.4421875
0 0.7484375 0.4890625 0.565625 0.4890625 0.565625 0.6875 0.7484375 0.6875 0.7484375 0.4890625
0 1.0 0.1625 0.7296875 0.1625 0.7296875 0.3859375 1.0 0.3859375 1.0 0.1625
0 0.4890625 0.1953125 0.3859375 0.1953125 0.3859375 0.2984375 0.4890625 0.2984375 0.4890625 0.1953125
0 0.0328125 0.4625 0.0015625 0.4625 0.0015625 0.496875 0.0328125 0.496875 0.0328125 0.4625
0 0.203125 0.0625 0.0046875 0.0625 0.0046875 0.20625 0.203125 0.20625 0.203125 0.0625
0 0.1078125 0.0015625 0.0015625 0.0015625 0.0015625 0.1015625 0.1078125 0.1015625 0.1078125 0.0015625
0 1.0 0.9609375 0.95625 0.9609375 0.95625 1.0 1.0 1.0 1.0 0.9609375
0 0.334375 0.915625 0.225 0.915625 0.225 1.0 0.334375 1.0 0.334375 0.915625
0 0.021875 0.65 0.0015625 0.65 0.0015625 0.7171875 0.021875 0.7171875 0.021875 0.65
0 0.909375 0.39375 0.7796875 0.39375 0.7796875 0.5046875 0.909375 0.5046875 0.909375 0.39375
0 0.2796875 0.1359375 0.15 0.1359375 0.15 0.2484375 0.2796875 0.2484375 0.2796875 0.1359375
0 0.6109375 0.0015625 0.50625 0.0015625 0.50625 0.190625 0.6109375 0.190625 0.6109375 0.0015625
0 0.240625 0.2234375 0.075 0.2234375 0.075 0.3578125 0.240625 0.3578125 0.240625 0.2234375
0 0.46875 0.0359375 0.253125 0.0359375 0.253125 0.25625 0.46875 0.25625 0.46875 0.0359375
0 0.1984375 0.009375 0.0015625 0.009375 0.0015625 0.1328125 0.1984375 0.1328125 0.1984375 0.009375
0 0.8265625 0.13125 0.7015625 0.13125 0.7015625 0.3125 0.8265625 0.3125 0.8265625 0.13125
0 1.0 0.8046875 0.9671875 0.8046875 0.9671875 0.8734375 1.0 0.8734375 1.0 0.8046875
0 0.0671875 0.4828125 0.0015625 0.4828125 0.0015625 0.5609375 0.0671875 0.5609375 0.0671875 0.4828125
0 0.134375 0.109375 0.0015625 0.109375 0.0015625 0.246875 0.134375 0.246875 0.134375 0.109375
0 0.175 0.025 0.0328125 0.025 0.0328125 0.1921875 0.175 0.1921875 0.175 0.025
0 1.0 0.425 0.978125 0.425 0.978125 0.5234375 1.0 0.5234375 1.0 0.425
0 1.0 0.2109375 0.8671875 0.2109375 0.8671875 0.4125 1.0 0.4125 1.0 0.2109375
0 0.965625 0.0796875 0.8734375 0.0796875 0.8734375 0.2046875 0.965625 0.2046875 0.965625 0.0796875
0 0.4265625 0.8453125 0.290625 0.8453125 0.290625 0.934375 0.4265625 0.934375 0.4265625 0.8453125
0 1.0 0.9625 0.984375 0.9625 0.984375 0.990625 1.0 0.990625 1.0 0.9625
0 0.7328125 0.6546875 0.5046875 0.6546875 0.5046875 1.0 0.7328125 1.0 0.7328125 0.6546875
0 0.1203125 0.94375 0.0625 0.94375 0.0625 1.0 0.1203125 1.0 0.1203125 0.94375
0 0.246875 0.8921875 0.1625 0.8921875 0.1625 1.0 0.246875 1.0 0.246875 0.8921875
0 0.525 0.6484375 0.3484375 0.6484375 0.3484375 0.821875 0.525 0.821875 0.525 0.6484375
0 0.675 0.3640625 0.5109375 0.3640625 0.5109375 0.6375 0.675 0.6375 0.675 0.3640625
0 0.0265625 0.0359375 0.0015625 0.0359375 0.0015625 0.0828125 0.0265625 0.0828125 0.0265625 0.0359375
0 0.1921875 0.875 0.1234375 0.875 0.1234375 1.0 0.1921875 1.0 0.1921875 0.875
0 0.96875 0.64375 0.7796875 0.64375 0.7796875 0.79375 0.96875 0.79375 0.96875 0.64375
0 0.2765625 0.471875 0.084375 0.471875 0.084375 0.7921875 0.2765625 0.7921875 0.2765625 0.471875
0 0.428125 0.40625 0.2328125 0.40625 0.2328125 0.7421875 0.428125 0.7421875 0.428125 0.40625
0 0.253125 0.3328125 0.0390625 0.3328125 0.0390625 0.6375 0.253125 0.6375 0.253125 0.3328125
0 0.984375 0.19375 0.6453125 0.19375 0.6453125 0.534375 0.984375 0.534375 0.984375 0.19375
0 0.646875 0.3296875 0.459375 0.3296875 0.459375 0.5140625 0.646875 0.5140625 0.646875 0.3296875
0 0.475 0.25 0.3609375 0.25 0.3609375 0.3890625 0.475 0.3890625 0.475 0.25
0 1.0 0.0015625 0.4484375 0.0015625 0.4484375 0.3421875 1.0 0.3421875 1.0 0.0015625
0 0.234375 0.165625 0.0328125 0.165625 0.0328125 0.309375 0.234375 0.309375 0.234375 0.165625
0 0.275 0.0015625 0.1796875 0.0015625 0.1796875 0.053125 0.275 0.053125 0.275 0.0015625
0 0.4140625 0.0015625 0.4125 0.0015625 0.4125 0.0015625 0.4140625 0.0015625 0.4140625 0.0015625
0 0.94375 0.759375 0.878125 0.759375 0.878125 0.871875 0.94375 0.871875 0.94375 0.759375
0 0.5484375 0.8234375 0.4703125 0.8234375 0.4703125 0.9703125 0.5484375 0.9703125 0.5484375 0.8234375
0 0.321875 0.7875 0.1890625 0.7875 0.1890625 0.9359375 0.321875 0.9359375 0.321875 0.7875
0 0.053125 0.6609375 0.0015625 0.6609375 0.0015625 0.80625 0.053125 0.80625 0.053125 0.6609375
0 0.1921875 0.2015625 0.0015625 0.2015625 0.0015625 0.5953125 0.1921875 0.5953125 0.1921875 0.2015625
0 0.784375 0.14375 0.146875 0.14375 0.146875 0.590625 0.784375 0.590625 0.784375 0.14375
0 0.69375 0.6171875 0.321875 0.6171875 0.321875 1.0 0.69375 1.0 0.69375 0.6171875
0 0.4953125 0.0015625 0.41875 0.0015625 0.41875 0.1484375 0.4953125 0.1484375 0.4953125 0.0015625
0 0.396875 0.0015625 0.290625 0.0015625 0.290625 0.0265625 0.396875 0.0265625 0.396875 0.0015625
0 0.709375 0.825 0.546875 0.825 0.546875 1.0 0.709375 1.0 0.709375 0.825
0 0.9453125 0.721875 0.7171875 0.721875 0.7171875 0.8828125 0.9453125 0.8828125 0.9453125 0.721875
0 1.0 0.3890625 0.871875 0.3890625 0.871875 0.7 1.0 0.7 1.0 0.3890625
0 0.921875 0.0015625 0.8828125 0.0015625 0.8828125 0.0390625 0.921875 0.0390625 0.921875 0.0015625
0 1.0 0.0015625 0.9140625 0.0015625 0.9140625 0.071875 1.0 0.071875 1.0 0.0015625
