0 0.03125 0.3375 0.0015625 0.3375 0.0015625 0.51875 0.03125 0.51875 0.03125 0.3375
0 0.10625 0.1296875 0.034375 0.1296875 0.034375 0.4046875 0.10625 0.4046875 0.10625 0.1296875
0 1.0 0.9671875 0.93125 0.9671875 0.93125 1.0 1.0 1.0 1.0 0.9671875
0 0.89375 0.7625 0.8109375 0.7625 0.8109375 1.0 0.89375 1.0 0.89375 0.7625
0 0.80625 0.5171875 0.7390625 0.5171875 0.7390625 0.6625 0.80625 0.6625 0.80625 0.5171875
0 0.5453125 0.221875 0.446875 0.221875 0.446875 0.4046875 0.5453125 0.4046875 0.5453125 0.221875
0 1.0 0.20625 0.98125 0.20625 0.98125 0.25 1.0 0.25 1.0 0.20625
0 0.365625 0.0109375 0.25 0.0109375 0.25 0.1875 0.365625 0.1875 0.365625 0.0109375
0 0.95 0.0015625 0.8734375 0.0015625 0.8734375 0.1453125 0.95 0.1453125 0.95 0.0015625
0 1.0 0.875 0.9453125 0.875 0.9453125 0.9921875 1.0 0.9921875 1.0 0.875
0 1.0 0.415625 0.8828125 0.415625 0.8828125 0.6796875 1.0 0.6796875 1.0 0.415625
0 0.265625 0.1703125 0.1296875 0.1703125 0.1296875 0.346875 0.265625 0.346875 0.265625 0.1703125
0 0.1328125 0.0015625 0.0546875 0.0015625 0.0546875 0.2578125 0.1328125 0.2578125 0.1328125 0.0015625
0 0.484375 0.0015625 0.3875 0.0015625 0.3875 0.1484375 0.484375 0.1484375 0.484375 0.0015625
0 0.246875 0.0015625 0.18125 0.0015625 0.18125 0.0125 0.246875 0.0125 0.246875 0.0015625
0 0.034375 0.853125 0.0015625 0.853125 0.0015625 0.9703125 0.034375 0.9703125 0.034375 0.853125
0 0.625 0.778125 0.5421875 0.778125 0.5421875 1.0 0.625 1.0 0.625 0.778125
0 0.6484375 0.503125 0.540625 0.503125 0.540625 0.6890625 0.6484375 0.6890625 0.6484375 0.503125
0 0.7828125 0.35625 0.6484375 0.35625 0.6484375 1.0 0.7828125 1.0 0.7828125 0.35625
0 0.3796875 0.0546875 0.2734375 0.0546875 0.2734375 0.19375 0.3796875 0.19375 0.3796875 0.0546875
0 0.246875 0.0015625 0.175 0.0015625 0.175 0.1640625 0.246875 0.1640625 0.246875 0.0015625
0 0.45625 0.0015625 0.33125 0.0015625 0.33125 0.078125 0.45625 0.078125 0.45625 0.0015625
0 0.8578125 0.0015625 0.625 0.0015625 0.625 0.459375 0.8578125 0.459375 0.8578125 0.0015625
0 0.9140625 0.275 0.790625 0.275 0.790625 1.0 0.9140625 1.0 0.9140625 0.275
0 0.9765625 0.0015625 0.865625 0.0015625 0.865625 0.1921875 0.9765625 0.1921875 0.9765625 0.0015625
0 1.0 0.0015625 0.9859375 0.0015625 0.9859375 0.0203125 1.0 0.0203125 1.0 0.0015625
0 0.1703125 0.328125 0.078125 0.328125 0.078125 0.51875 0.1703125 0.51875 0.1703125 0.328125
0 0.79375 0.0015625 0.0015625 0.0015625 0.0015625 1.0 0.79375 1.0 0.79375 0.0015625
0 0.203125 0.0015625 0.0859375 0.0015625 0.0859375 0.4359375 0.203125 0.4359375 0.203125 0.0015625
0 0.6984375 0.7359375 0.353125 0.7359375 0.353125 1.0 0.6984375 1.0 0.6984375 0.7359375
0 0.95 0.665625 0.840625 0.665625 0.840625 1.0 0.95 1.0 0.95 0.665625
0 0.60625 0.5453125 0.5171875 0.5453125 0.5171875 0.7984375 0.60625 0.7984375 0.60625 0.5453125
0 0.4828125 0.4875 0.3765625 0.4875 0.3765625 0.7375 0.4828125 0.7375 0.4828125 0.4875
0 0.990625 0.0265625 0.81875 0.0265625 0.81875 0.5953125 0.990625 0.5953125 0.990625 0.0265625
0 0.975 0.0015625 0.9171875 0.0015625 0.9171875 0.134375 0.975 0.134375 0.975 0.0015625
0 1.0 0.0015625 0.9421875 0.0015625 0.9421875 0.365625 1.0 0.365625 1.0 0.0015625
0 1.0 0.36875 0.934375 0.36875 0.934375 0.559375 1.0 0.559375 1.0 0.36875
0 1.0 0.065625 0.9703125 0.065625 0.9703125 0.09375 1.0 0.09375 1.0 0.065625
