0 0.43125 0.678125 0.2859375 0.678125 0.2859375 0.9515625 0.43125 0.9515625 0.43125 0.678125
0 0.5015625 0.5140625 0.3984375 0.5140625 0.3984375 0.7375 0.5015625 0.7375 0.5015625 0.5140625
0 0.83125 0.5671875 0.6609375 0.5671875 0.6609375 0.671875 0.83125 0.671875 0.83125 0.5671875
0 0.7984375 0.296875 0.6875 0.296875 0.6875 0.4046875 0.7984375 0.4046875 0.7984375 0.296875
0 0.3171875 0.265625 0.1703125 0.265625 0.1703125 0.4234375 0.3171875 0.4234375 0.3171875 0.265625
0 0.3171875 0.96875 0.2375 0.96875 0.2375 1.0 0.3171875 1.0 0.3171875 0.96875
0 0.86875 0.95625 0.7921875 0.95625 0.7921875 1.0 0.86875 1.0 0.86875 0.95625
0 0.3125 0.5078125 0.1375 0.5078125 0.1375 0.7984375 0.3125 0.7984375 0.3125 0.5078125
0 1.0 0.3140625 0.93125 0.3140625 0.93125 0.503125 1.0 0.503125 1.0 0.3140625
0 0.5421875 0.275 0.484375 0.275 0.484375 0.4671875 0.5421875 0.4671875 0.5421875 0.275
0 1.0 0.38125 0.9703125 0.38125 0.9703125 0.553125 1.0 0.553125 1.0 0.38125
0 0.375 0.6421875 0.3015625 0.6421875 0.3015625 0.7796875 0.375 0.7796875 0.375 0.6421875
0 0.721875 0.853125 0.6171875 0.853125 0.6171875 0.978125 0.721875 0.978125 0.721875 0.853125
0 0.840625 0.74375 0.7171875 0.74375 0.7171875 0.9859375 0.840625 0.9859375 0.840625 0.74375
0 0.59375 0.0015625 0.3625 0.0015625 0.3625 0.2765625 0.59375 0.2765625 0.59375 0.0015625
0 0.78125 0.93125 0.7109375 0.93125 0.7109375 1.0 0.78125 1.0 0.78125 0.93125
0 0.765625 0.5046875 0.5859375 0.5046875 0.5859375 0.6609375 0.765625 0.6609375 0.765625 0.5046875
0 0.4296875 0.3671875 0.3359375 0.3671875 0.3359375 0.49375 0.4296875 0.49375 0.4296875 0.3671875
0 1.0 0.8265625 0.990625 0.8265625 0.990625 0.8609375 1.0 0.8609375 1.0 0.8265625
0 0.375 0.696875 0.2140625 0.696875 0.2140625 1.0 0.375 1.0 0.375 0.696875
0 0.7453125 0.6921875 0.6578125 0.6921875 0.6578125 0.90625 0.7453125 0.90625 0.7453125 0.6921875
0 0.475 0.6109375 0.3109375 0.6109375 0.3109375 0.7875 0.475 0.7875 0.475 0.6109375
0 0.140625 0.56875 0.0015625 0.56875 0.0015625 0.8546875 0.140625 0.8546875 0.140625 0.56875
0 1.0 0.8609375 0.921875 0.8609375 0.921875 1.0 1.0 1.0 1.0 0.8609375
0 0.6390625 0.271875 0.4703125 0.271875 0.4703125 0.628125 0.6390625 0.628125 0.6390625 0.271875
0 0.6984375 0.93125 0.6234375 0.93125 0.6234375 1.0 0.6984375 1.0 0.6984375 0.93125
0 0.8921875 0.4734375 0.7640625 0.4734375 0.7640625 0.7421875 0.8921875 0.7421875 0.8921875 0.4734375
0 0.1296875 0.4578125 0.0015625 0.4578125 0.0015625 0.640625 0.1296875 0.640625 0.1296875 0.4578125
0 0.6046875 0.0015625 0.3265625 0.0015625 0.3265625 0.2046875 0.6046875 0.2046875 0.6046875 0.0015625
0 0.934375 0.0015625 0.7265625 0.0015625 0.7265625 0.1046875 0.934375 0.1046875 0.934375 0.0015625
0 1.0 0.9671875 0.9515625 0.9671875 0.9515625 1.0 1.0 1.0 1.0 0.9671875
0 0.3 0.94375 0.1921875 0.94375 0.1921875 1.0 0.3 1.0 0.3 0.94375
0 0.2484375 0.7421875 0.075 0.7421875 0.075 0.86875 0.2484375 0.86875 0.2484375 0.7421875
0 0.1109375 0.5609375 0.0046875 0.5609375 0.0046875 0.7078125 0.1109375 0.7078125 0.1109375 0.5609375
0 0.2046875 0.325 0.125 0.325 0.125 0.5640625 0.2046875 0.5640625 0.2046875 0.325
0 0.121875 0.253125 0.0015625 0.253125 0.0015625 0.4875 0.121875 0.4875 0.121875 0.253125
0 0.1375 0.1296875 0.0015625 0.1296875 0.0015625 0.23125 0.1375 0.23125 0.1375 0.1296875
0 0.04375 0.0015625 0.0015625 0.0015625 0.0015625 0.121875 0.04375 0.121875 0.04375 0.0015625
0 0.115625 0.0015625 0.00625 0.0015625 0.00625 0.046875 0.115625 0.046875 0.115625 0.0015625
0 0.2703125 0.0015625 0.2 0.0015625 0.2 0.0484375 0.2703125 0.0484375 0.2703125 0.0015625
0 0.3984375 0.975 0.3609375 0.975 0.3609375 1.0 0.3984375 1.0 0.3984375 0.975
0 0.4921875 0.8125 0.415625 0.8125 0.415625 1.0 0.4921875 1.0 0.4921875 0.8125
0 0.646875 0.853125 0.490625 0.853125 0.490625 1.0 0.646875 1.0 0.646875 0.853125
0 0.821875 0.6421875 0.703125 0.6421875 0.703125 0.8046875 0.821875 0.8046875 0.821875 0.6421875
0 1.0 0.271875 0.7703125 0.271875 0.7703125 0.815625 1.0 0.815625 1.0 0.271875
0 0.4984375 0.2734375 0.2984375 0.2734375 0.2984375 0.6671875 0.4984375 0.6671875 0.4984375 0.2734375
0 0.7703125 0.3578125 0.571875 0.3578125 0.571875 0.53125 0.7703125 0.53125 0.7703125 0.3578125
0 0.765625 0.0609375 0.5875 0.0609375 0.5875 0.2 0.765625 0.2 0.765625 0.0609375
0 1.0 0.903125 0.9859375 0.903125 0.9859375 0.9453125 1.0 0.9453125 1.0 0.903125
0 1.0 0.23125 0.9640625 0.23125 0.9640625 0.340625 1.0 0.340625 1.0 0.23125
0 0.659375 0.8203125 0.5078125 0.8203125 0.5078125 0.94375 0.659375 0.94375 0.659375 0.8203125
0 0.515625 0.5296875 0.4375 0.5296875 0.4375 0.7859375 0.515625 0.7859375 0.515625 0.5296875
0 0.6828125 0.296875 0.5171875 0.296875 0.5171875 0.5421875 0.6828125 0.5421875 0.6828125 0.296875
0 0.8078125 0.3390625 0.63125 0.3390625 0.63125 0.4671875 0.8078125 0.4671875 0.8078125 0.3390625
0 0.4046875 0.2734375 0.3171875 0.2734375 0.3171875 0.4453125 0.4046875 0.4453125 0.4046875 0.2734375
0 0.3125 0.0328125 0.1984375 0.0328125 0.1984375 0.2328125 0.3125 0.2328125 0.3125 0.0328125
0 0.16875 0.003125 0.0015625 0.003125 0.0015625 0.1703125 0.16875 0.1703125 0.16875 0.003125
0 0.453125 0.784375 0.39375 0.784375 0.39375 1.0 0.453125 1.0 0.453125 0.784375
0 0.8984375 0.0015625 0.0015625 0.0015625 0.0015625 1.0 0.8984375 1.0 0.8984375 0.0015625
0 0.2546875 0.4125 0.0796875 0.4125 0.0796875 0.75625 0.2546875 0.75625 0.2546875 0.4125
0 0.4640625 0.0015625 0.2671875 0.0015625 0.2671875 0.2875 0.4640625 0.2875 0.4640625 0.0015625
0 0.5203125 0.8625 0.4671875 0.8625 0.4671875 1.0 0.5203125 1.0 0.5203125 0.8625
0 1.0 0.55625 0.78125 0.55625 0.78125 0.9125 1.0 0.9125 1.0 0.55625
0 0.659375 0.4671875 0.490625 0.4671875 0.490625 0.5953125 0.659375 0.5953125 0.659375 0.4671875
0 1.0 0.725 0.978125 0.725 0.978125 0.74375 1.0 0.74375 1.0 0.725
0 0.4 0.871875 0.3046875 0.871875 0.3046875 0.9953125 0.4 0.9953125 0.4 0.871875
0 0.609375 0.78125 0.446875 0.78125 0.446875 1.0 0.609375 1.0 0.609375 0.78125
0 0.2671875 0.8 0.1609375 0.8 0.1609375 0.8953125 0.2671875 0.8953125 0.2671875 0.8
0 0.696875 0.60625 0.5046875 0.60625 0.5046875 0.9078125 0.696875 0.9078125 0.696875 0.60625
0 0.825 0.45625 0.7015625 0.45625 0.7015625 0.5390625 0.825 0.5390625 0.825 0.45625
0 0.1734375 0.15 0.00625 0.15 0.00625 0.434375 0.1734375 0.434375 0.1734375 0.15
0 0.34375 0.2640625 0.246875 0.2640625 0.246875 0.45 0.34375 0.45 0.34375 0.2640625
0 0.29375 0.0015625 0.153125 0.0015625 0.153125 0.234375 0.29375 0.234375 0.29375 0.0015625
