0 0.065625 0.30625 0.0015625 0.30625 0.0015625 0.428125 0.065625 0.428125 0.065625 0.30625
0 0.053125 0.49375 0.0015625 0.49375 0.0015625 0.665625 0.053125 0.665625 0.053125 0.49375
0 0.3484375 0.7046875 0.2671875 0.7046875 0.2671875 0.79375 0.3484375 0.79375 0.3484375 0.7046875
0 0.40625 0.0015625 0.259375 0.0015625 0.259375 0.2859375 0.40625 0.2859375 0.40625 0.0015625
0 0.3734375 0.79375 0.284375 0.79375 0.284375 1.0 0.3734375 1.0 0.3734375 0.79375
0 0.553125 0.503125 0.2765625 0.503125 0.2765625 0.7203125 0.553125 0.7203125 0.553125 0.503125
0 0.353125 0.3140625 0.259375 0.3140625 0.259375 0.48125 0.353125 0.48125 0.353125 0.3140625
0 0.94375 0.0015625 0.909375 0.0015625 0.909375 0.0609375 0.94375 0.0609375 0.94375 0.0015625
0 0.8625 0.1 0.75625 0.1 0.75625 0.303125 0.8625 0.303125 0.8625 0.1
0 0.1171875 0.346875 0.009375 0.346875 0.009375 0.5421875 0.1171875 0.5421875 0.1171875 0.346875
0 0.028125 0.41875 0.0015625 0.41875 0.0015625 0.5015625 0.028125 0.5015625 0.028125 0.41875
0 0.1265625 0.9328125 0.0421875 0.9328125 0.0421875 1.0 0.1265625 1.0 0.1265625 0.9328125
0 0.0671875 0.6890625 0.0015625 0.6890625 0.0015625 0.9015625 0.0671875 0.9015625 0.0671875 0.6890625
0 0.178125 0.6953125 0.0765625 0.6953125 0.0765625 0.865625 0.178125 0.865625 0.178125 0.6953125
0 0.165625 0.459375 0.0375 0.459375 0.0375 0.6671875 0.165625 0.6671875 0.165625 0.459375
0 0.01875 0.3953125 0.0015625 0.3953125 0.0015625 0.425 0.01875 0.425 0.01875 0.3953125
0 0.178125 0.0078125 0.025 0.0078125 0.025 0.1921875 0.178125 0.1921875 0.178125 0.0078125
0 0.725 0.9375 0.65 0.9375 0.65 1.0 0.725 1.0 0.725 0.9375
0 0.2015625 0.9796875 0.1484375 0.9796875 0.1484375 1.0 0.2015625 1.0 0.2015625 0.9796875
0 0.3078125 0.746875 0.240625 0.746875 0.240625 0.915625 0.3078125 0.915625 0.3078125 0.746875
0 0.2265625 0.7265625 0.146875 0.7265625 0.146875 0.9703125 0.2265625 0.9703125 0.2265625 0.7265625
0 0.4171875 0.5625 0.33125 0.5625 0.33125 0.6609375 0.4171875 0.6609375 0.4171875 0.5625
0 0.2828125 0.4890625 0.1515625 0.4890625 0.1515625 0.709375 0.2828125 0.709375 0.2828125 0.4890625
0 0.7625 0.225 0.6109375 0.225 0.6109375 0.4640625 0.7625 0.4640625 0.7625 0.225
0 0.58125 0.19375 0.4890625 0.19375 0.4890625 0.3359375 0.58125 0.3359375 0.58125 0.19375
0 0.496875 0.0015625 0.3046875 0.0015625 0.3046875 0.2328125 0.496875 0.2328125 0.496875 0.0015625
0 0.771875 0.0765625 0.6390625 0.0765625 0.6390625 0.2203125 0.771875 0.2203125 0.771875 0.0765625
0 0.6125 0.0015625 0.5125 0.0015625 0.5125 0.1859375 0.6125 0.1859375 0.6125 0.0015625
0 0.79375 0.0015625 0.6390625 0.0015625 0.6390625 0.09375 0.79375 0.09375 0.79375 0.0015625
0 0.390625 0.0015625 0.3671875 0.0015625 0.3671875 0.015625 0.390625 0.015625 0.390625 0.0015625
0 1.0 0.6796875 0.91875 0.6796875 0.91875 1.0 1.0 1.0 1.0 0.6796875
0 0.9203125 0.646875 0.7453125 0.646875 0.7453125 1.0 0.9203125 1.0 0.9203125 0.646875
0 0.9828125 0.309375 0.7796875 0.309375 0.7796875 0.628125 0.9828125 0.628125 0.9828125 0.309375
0 0.84375 0.1640625 0.7640625 0.1640625 0.7640625 0.371875 0.84375 0.371875 0.84375 0.1640625
0 1.0 0.1578125 0.984375 0.1578125 0.984375 0.19375 1.0 0.19375 1.0 0.1578125
0 0.3265625 0.775 0.221875 0.775 0.221875 0.9640625 0.3265625 0.9640625 0.3265625 0.775
0 0.03125 0.6328125 0.0015625 0.6328125 0.0015625 0.6953125 0.03125 0.6953125 0.03125 0.6328125
0 0.4125 0.3984375 0.3328125 0.3984375 0.3328125 0.6015625 0.4125 0.6015625 0.4125 0.3984375
0 0.8046875 0.1390625 0.54375 0.1390625 0.54375 0.4203125 0.8046875 0.4203125 0.8046875 0.1390625
0 0.646875 0.0015625 0.55625 0.0015625 0.55625 0.159375 0.646875 0.159375 0.646875 0.0015625
0 0.753125 0.0015625 0.7078125 0.0015625 0.7078125 0.0109375 0.753125 0.0109375 0.753125 0.0015625
0 1.0 0.3953125 0.96875 0.3953125 0.96875 0.53125 1.0 0.53125 1.0 0.3953125
0 0.271875 0.271875 0.025 0.271875 0.025 1.0 0.271875 1.0 0.271875 0.271875
0 1.0 0.0015625 0.0015625 0.0015625 0.0015625 1.0 1.0 1.0 1.0 0.0015625
0 0.01875 0.0015625 0.0015625 0.0015625 0.0015625 0.0171875 0.01875 0.0171875 0.01875 0.0015625
0 0.5796875 0.1703125 0.2921875 0.1703125 0.2921875 0.6484375 0.5796875 0.6484375 0.5796875 0.1703125
0 1.0 0.3171875 0.878125 0.3171875 0.878125 0.5921875 1.0 0.5921875 1.0 0.3171875
