0 0.1109375 0.771875 0.0015625 0.771875 0.0015625 0.984375 0.1109375 0.984375 0.1109375 0.771875
0 0.221875 0.4828125 0.04375 0.4828125 0.04375 0.7265625 0.221875 0.7265625 0.221875 0.4828125
0 0.5484375 0.178125 0.365625 0.178125 0.365625 0.4671875 0.5484375 0.4671875 0.5484375 0.178125
0 0.353125 0.0953125 0.2671875 0.0953125 0.2671875 0.33125 0.353125 0.33125 0.353125 0.0953125
0 0.971875 0.8484375 0.784375 0.8484375 0.784375 1.0 0.971875 1.0 0.971875 0.8484375
0 0.9015625 0.5921875 0.73125 0.5921875 0.73125 0.821875 0.9015625 0.821875 0.9015625 0.5921875
0 0.6609375 0.6546875 0.55625 0.6546875 0.55625 0.8234375 0.6609375 0.8234375 0.6609375 0.6546875
0 0.7765625 0.4265625 0.615625 0.4265625 0.615625 0.6234375 0.7765625 0.6234375 0.7765625 0.4265625
0 1.0 0.496875 0.965625 0.496875 0.965625 0.553125 1.0 0.553125 1.0 0.496875
0 0.9640625 0.2078125 0.86875 0.2078125 0.86875 0.3109375 0.9640625 0.3109375 0.9640625 0.2078125
0 0.5625 0.0015625 0.4734375 0.0015625 0.4734375 0.0484375 0.5625 0.0484375 0.5625 0.0015625
0 0.5 0.3640625 0.246875 0.3640625 0.246875 0.63125 0.5 0.63125 0.5 0.3640625
0 0.0578125 0.809375 0.0015625 0.809375 0.0015625 1.0 0.0578125 1.0 0.0578125 0.809375
0 0.21875 0.609375 0.0203125 0.609375 0.0203125 0.9296875 0.21875 0.9296875 0.21875 0.609375
0 0.065625 0.2015625 0.0015625 0.2015625 0.0015625 0.3609375 0.065625 0.3609375 0.065625 0.2015625
0 0.2046875 0.103125 0.05625 0.103125 0.05625 0.665625 0.2046875 0.665625 0.2046875 0.103125
0 0.03125 0.053125 0.0015625 0.053125 0.0015625 0.14375 0.03125 0.14375 0.03125 0.053125
0 0.04375 0.0015625 0.0015625 0.0015625 0.0015625 0.0625 0.04375 0.0625 0.04375 0.0015625
0 0.9703125 1.0 0.95 1.0 0.95 1.0 0.9703125 1.0 0.9703125 1.0
0 0.9171875 0.903125 0.796875 0.903125 0.796875 1.0 0.9171875 1.0 0.9171875 0.903125
0 1.0 0.8765625 0.9515625 0.8765625 0.9515625 0.9515625 1.0 0.9515625 1.0 0.8765625
0 1.0 0.6890625 0.675 0.6890625 0.675 0.90625 1.0 0.90625 1.0 0.6890625
0 0.559375 0.7578125 0.46875 0.7578125 0.46875 0.909375 0.559375 0.909375 0.559375 0.7578125
0 0.73125 0.6390625 0.6390625 0.6390625 0.6390625 0.78125 0.73125 0.78125 0.73125 0.6390625
0 0.65625 0.5140625 0.4609375 0.5140625 0.4609375 0.75625 0.65625 0.75625 0.65625 0.5140625
0 0.9765625 0.575 0.8796875 0.575 0.8796875 0.7265625 0.9765625 0.7265625 0.9765625 0.575
0 0.453125 0.296875 0.2 0.296875 0.2 0.6703125 0.453125 0.6703125 0.453125 0.296875
0 1.0 0.3953125 0.978125 0.3953125 0.978125 0.5140625 1.0 0.5140625 1.0 0.3953125
0 0.6046875 0.2828125 0.4859375 0.2828125 0.4859375 0.484375 0.6046875 0.484375 0.6046875 0.2828125
0 0.896875 0.26875 0.7359375 0.26875 0.7359375 0.48125 0.896875 0.48125 0.896875 0.26875
0 1.0 0.1015625 0.9328125 0.1015625 0.9328125 0.2296875 1.0 0.2296875 1.0 0.1015625
0 0.5296875 0.0375 0.384375 0.0375 0.384375 0.234375 0.5296875 0.234375 0.5296875 0.0375
0 0.9421875 0.0015625 0.75625 0.0015625 0.75625 0.246875 0.9421875 0.246875 0.9421875 0.0015625
0 0.79375 0.0015625 0.6265625 0.0015625 0.6265625 0.1703125 0.79375 0.1703125 0.79375 0.0015625
0 0.35625 0.0015625 0.1140625 0.0015625 0.1140625 0.3890625 0.35625 0.3890625 0.35625 0.0015625
0 1.0 0.2828125 0.8484375 0.2828125 0.8484375 0.61875 1.0 0.61875 1.0 0.2828125
0 0.9859375 0.03125 0.734375 0.03125 0.734375 0.3734375 0.9859375 0.3734375 0.9859375 0.03125
0 0.790625 0.05625 0.6140625 0.05625 0.6140625 0.415625 0.790625 0.415625 0.790625 0.05625
0 0.86875 0.0015625 0.8109375 0.0015625 0.8109375 0.0296875 0.86875 0.0296875 0.86875 0.0015625
0 1.0 0.2078125 0.9375 0.2078125 0.9375 0.2828125 1.0 0.2828125 1.0 0.2078125
0 0.4984375 0.175 0.403125 0.175 0.403125 0.3015625 0.4984375 0.3015625 0.4984375 0.175
0 1.0 0.0015625 0.0015625 0.0015625 0.0015625 0.64375 1.0 0.64375 1.0 0.0015625
0 0.925 0.4046875 0.040625 0.4046875 0.040625 1.0 0.925 1.0 0.925 0.4046875
0 0.009375 0.20625 0.0015625 0.20625 0.0015625 0.2296875 0.009375 0.2296875 0.009375 0.20625
0 0.096875 0.7625 0.0015625 0.7625 0.0015625 0.8609375 0.096875 0.8609375 0.096875 0.7625
0 0.646875 0.0015625 0.45 0.0015625 0.45 0.415625 0.646875 0.415625 0.646875 0.0015625
0 1.0 0.9046875 0.9671875 0.9046875 0.9671875 1.0 1.0 1.0 1.0 0.9046875
0 1.0 0.45 0.815625 0.45 0.815625 0.90625 1.0 0.90625 1.0 0.45
