0 0.1671875 0.2546875 0.0015625 0.2546875 0.0015625 0.571875 0.1671875 0.571875 0.1671875 0.2546875
0 0.3140625 0.00625 0.1875 0.00625 0.1875 0.18125 0.3140625 0.18125 0.3140625 0.00625
0 0.3828125 0.0015625 0.2828125 0.0015625 0.2828125 0.1140625 0.3828125 0.1140625 0.3828125 0.0015625
0 0.2671875 0.746875 0.1609375 0.746875 0.1609375 0.83125 0.2671875 0.83125 0.2671875 0.746875
0 0.665625 0.2796875 0.565625 0.2796875 0.565625 0.4359375 0.665625 0.4359375 0.665625 0.2796875
0 0.69375 0.0875 0.4984375 0.0875 0.4984375 0.2984375 0.69375 0.2984375 0.69375 0.0875
0 0.0453125 0.5515625 0.0015625 0.5515625 0.0015625 0.65625 0.0453125 0.65625 0.0453125 0.5515625
0 0.2546875 0.2203125 0.1171875 0.2203125 0.1171875 0.4203125 0.2546875 0.4203125 0.2546875 0.2203125
0 0.51875 0.2125 0.246875 0.2125 0.246875 0.31875 0.51875 0.31875 0.51875 0.2125
0 0.790625 0.2953125 0.6546875 0.2953125 0.6546875 0.446875 0.790625 0.446875 0.790625 0.2953125
0 0.275 0.9375 0.2125 0.9375 0.2125 1.0 0.275 1.0 0.275 0.9375
0 0.7109375 0.9859375 0.6671875 0.9859375 0.6671875 1.0 0.7109375 1.0 0.7109375 0.9859375
0 0.4984375 0.2625 0.25 0.2625 0.25 0.4890625 0.4984375 0.4890625 0.4984375 0.2625
0 0.4296875 0.16875 0.3015625 0.16875 0.3015625 0.2578125 0.4296875 0.2578125 0.4296875 0.16875
0 0.5046875 0.825 0.2421875 0.825 0.2421875 0.940625 0.5046875 0.940625 0.5046875 0.825
0 0.75 0.515625 0.4890625 0.515625 0.4890625 0.6921875 0.75 0.6921875 0.75 0.515625
0 0.1359375 0.6109375 0.0015625 0.6109375 0.0015625 0.8046875 0.1359375 0.8046875 0.1359375 0.6109375
0 0.4125 0.5078125 0.2296875 0.5078125 0.2296875 0.8015625 0.4125 0.8015625 0.4125 0.5078125
0 0.925 0.85625 0.7921875 0.85625 0.7921875 1.0 0.925 1.0 0.925 0.85625
0 0.45625 0.103125 0.34375 0.103125 0.34375 0.1875 0.45625 0.1875 0.45625 0.103125
0 0.4734375 0.0015625 0.4109375 0.0015625 0.4109375 0.0390625 0.4734375 0.0390625 0.4734375 0.0015625
0 0.928125 0.9578125 0.840625 0.9578125 0.840625 1.0 0.928125 1.0 0.928125 0.9578125
0 0.8828125 0.840625 0.70625 0.840625 0.70625 0.975 0.8828125 0.975 0.8828125 0.840625
0 0.96875 0.0015625 0.7984375 0.0015625 0.7984375 0.09375 0.96875 0.09375 0.96875 0.0015625
0 0.8671875 0.871875 0.7125 0.871875 0.7125 1.0 0.8671875 1.0 0.8671875 0.871875
0 1.0 0.778125 0.8953125 0.778125 0.8953125 1.0 1.0 1.0 1.0 0.778125
0 1.0 0.7609375 0.9859375 0.7609375 0.9859375 0.8171875 1.0 0.8171875 1.0 0.7609375
0 0.0265625 0.49375 0.0015625 0.49375 0.0015625 0.615625 0.0265625 0.615625 0.0265625 0.49375
0 0.2046875 0.365625 0.0171875 0.365625 0.0171875 0.5234375 0.2046875 0.5234375 0.2046875 0.365625
0 0.1953125 0.3 0.0640625 0.3 0.0640625 0.39375 0.1953125 0.39375 0.1953125 0.3
0 0.9859375 0.0125 0.771875 0.0125 0.771875 0.2578125 0.9859375 0.2578125 0.9859375 0.0125
0 0.078125 0.78125 0.0015625 0.78125 0.0015625 0.8796875 0.078125 0.8796875 0.078125 0.78125
0 0.05 0.6859375 0.0015625 0.6859375 0.0015625 0.796875 0.05 0.796875 0.05 0.6859375
0 1.0 0.671875 0.83125 0.671875 0.83125 0.8078125 1.0 0.8078125 1.0 0.671875
0 1.0 0.7515625 0.640625 0.7515625 0.640625 1.0 1.0 1.0 1.0 0.7515625
