0 0.0625 0.0015625 0.0015625 0.0015625 0.0015625 0.15 0.0625 0.15 0.0625 0.0015625
0 0.603125 0.0828125 0.5421875 0.0828125 0.5421875 0.2734375 0.603125 0.2734375 0.603125 0.0828125
0 0.309375 0.0984375 0.190625 0.0984375 0.190625 0.334375 0.309375 0.334375 0.309375 0.0984375
0 0.6421875 0.0546875 0.5609375 0.0546875 0.5609375 0.2921875 0.6421875 0.2921875 0.6421875 0.0546875
0 0.24375 0.0015625 0.165625 0.0015625 0.165625 0.0359375 0.24375 0.0359375 0.24375 0.0015625
0 1.0 0.0015625 0.0015625 0.0015625 0.0015625 1.0 1.0 1.0 1.0 0.0015625
0 0.3328125 0.60625 0.084375 0.60625 0.084375 0.815625 0.3328125 0.815625 0.3328125 0.60625
0 0.1109375 0.2890625 0.0015625 0.2890625 0.0015625 0.6484375 0.1109375 0.6484375 0.1109375 0.2890625
0 0.56875 0.5734375 0.4453125 0.5734375 0.4453125 0.796875 0.56875 0.796875 0.56875 0.5734375
0 1.0 0.309375 0.7765625 0.309375 0.7765625 0.66875 1.0 0.66875 1.0 0.309375
0 1.0 0.7109375 0.86875 0.7109375 0.86875 0.8640625 1.0 0.8640625 1.0 0.7109375
0 1.0 0.234375 0.95625 0.234375 0.95625 0.2859375 1.0 0.2859375 1.0 0.234375
