0 0.0015625 0.58125 0.0015625 0.58125 0.0015625 0.596875 0.0015625 0.596875 0.0015625 0.58125
0 0.2140625 0.928125 0.071875 0.928125 0.071875 1.0 0.2140625 1.0 0.2140625 0.928125
0 0.7125 0.796875 0.546875 0.796875 0.546875 0.9671875 0.7125 0.9671875 0.7125 0.796875
0 0.8515625 0.55625 0.40625 0.55625 0.40625 0.8875 0.8515625 0.8875 0.8515625 0.55625
0 0.046875 0.6546875 0.0015625 0.6546875 0.0015625 0.8171875 0.046875 0.8171875 0.046875 0.6546875
0 0.1734375 0.309375 0.0015625 0.309375 0.0015625 0.68125 0.1734375 0.68125 0.1734375 0.309375
0 0.534375 0.4328125 0.3109375 0.4328125 0.3109375 0.5546875 0.534375 0.5546875 0.534375 0.4328125
0 0.6359375 0.3359375 0.365625 0.3359375 0.365625 0.4265625 0.6359375 0.4265625 0.6359375 0.3359375
0 0.409375 0.1203125 0.125 0.1203125 0.125 0.3984375 0.409375 0.3984375 0.409375 0.1203125
0 0.5390625 0.0015625 0.4046875 0.0015625 0.4046875 0.05625 0.5390625 0.05625 0.5390625 0.0015625
