0 0.0328125 0.109375 0.0015625 0.109375 0.0015625 0.171875 0.0328125 0.171875 0.0328125 0.109375
0 0.11875 0.0015625 0.0015625 0.0015625 0.0015625 0.0984375 0.11875 0.0984375 0.11875 0.0015625
0 0.175 0.0015625 0.1734375 0.0015625 0.1734375 0.003125 0.175 0.003125 0.175 0.0015625
0 0.984375 0.0015625 0.9765625 0.0015625 0.9765625 0.0046875 0.984375 0.0046875 0.984375 0.0015625
0 0.0484375 0.7 0.0015625 0.7 0.0015625 0.7546875 0.0484375 0.7546875 0.0484375 0.7
0 0.4703125 0.6078125 0.203125 0.6078125 0.203125 0.81875 0.4703125 0.81875 0.4703125 0.6078125
0 0.8015625 0.525 0.725 0.525 0.725 0.65625 0.8015625 0.65625 0.8015625 0.525
0 0.31875 0.4875 0.2234375 0.4875 0.2234375 0.6015625 0.31875 0.6015625 0.31875 0.4875
0 0.75625 0.0015625 0.7375 0.0015625 0.7375 0.0140625 0.75625 0.0140625 0.75625 0.0015625
0 0.5703125 0.9609375 0.4828125 0.9609375 0.4828125 1.0 0.5703125 1.0 0.5703125 0.9609375
0 0.109375 0.36875 0.0015625 0.36875 0.0015625 0.5921875 0.109375 0.5921875 0.109375 0.36875
0 0.0828125 0.428125 0.0015625 0.428125 0.0015625 0.5796875 0.0828125 0.5796875 0.0828125 0.428125
0 0.0609375 0.1703125 0.0015625 0.1703125 0.0015625 0.25625 0.0609375 0.25625 0.0609375 0.1703125
0 0.146875 0.0015625 0.025 0.0015625 0.025 0.1609375 0.146875 0.1609375 0.146875 0.0015625
0 0.125 0.7640625 0.0015625 0.7640625 0.0015625 0.9734375 0.125 0.9734375 0.125 0.7640625
0 0.2375 0.475 0.1421875 0.475 0.1421875 0.68125 0.2375 0.68125 0.2375 0.475
0 0.2765625 0.1890625 0.1625 0.1890625 0.1625 0.375 0.2765625 0.375 0.2765625 0.1890625
0 0.2734375 0.0125 0.178125 0.0125 0.178125 0.153125 0.2734375 0.153125 0.2734375 0.0125
0 0.6609375 0.6828125 0.521875 0.6828125 0.521875 0.8765625 0.6609375 0.8765625 0.6609375 0.6828125
0 0.9234375 0.428125 0.775 0.428125 0.775 0.7203125 0.9234375 0.7203125 0.9234375 0.428125
0 0.3234375 0.0015625 0.2734375 0.0015625 0.2734375 0.053125 0.3234375 0.053125 0.3234375 0.0015625
0 1.0 0.7234375 0.9984375 0.7234375 0.9984375 0.7328125 1.0 0.7328125 1.0 0.7234375
0 0.4359375 0.0015625 0.0015625 0.0015625 0.0015625 1.0 0.4359375 1.0 0.4359375 0.0015625
0 1.0 0.325 0.446875 0.325 0.446875 1.0 1.0 1.0 1.0 0.325
0 0.2703125 0.9421875 0.196875 0.9421875 0.196875 1.0 0.2703125 1.0 0.2703125 0.9421875
0 0.546875 0.5765625 0.4265625 0.5765625 0.4265625 0.90625 0.546875 0.90625 0.546875 0.5765625
0 0.825 0.2296875 0.7203125 0.2296875 0.7203125 0.33125 0.825 0.33125 0.825 0.2296875
0 1.0 0.0015625 0.503125 0.0015625 0.503125 0.203125 1.0 0.203125 1.0 0.0015625
