0 1.0 0.6171875 0.95 0.6171875 0.95 0.7734375 1.0 0.7734375 1.0 0.6171875
0 0.953125 0.7640625 0.796875 0.7640625 0.796875 0.8640625 0.953125 0.8640625 0.953125 0.7640625
0 0.9703125 0.971875 0.884375 0.971875 0.884375 1.0 0.9703125 1.0 0.9703125 0.971875
0 0.9515625 0.84375 0.78125 0.84375 0.78125 0.9609375 0.9515625 0.9609375 0.9515625 0.84375
0 1.0 0.7875 0.975 0.7875 0.975 0.9171875 1.0 0.9171875 1.0 0.7875
0 1.0 0.6328125 0.9828125 0.6328125 0.9828125 0.71875 1.0 0.71875 1.0 0.6328125
0 1.0 0.95 0.9703125 0.95 0.9703125 1.0 1.0 1.0 1.0 0.95
0 1.0 0.078125 0.903125 0.078125 0.903125 0.4171875 1.0 0.4171875 1.0 0.078125
0 0.896875 0.86875 0.7515625 0.86875 0.7515625 1.0 0.896875 1.0 0.896875 0.86875
0 1.0 0.4625 0.9671875 0.4625 0.9671875 1.0 1.0 1.0 1.0 0.4625
