0 0.4234375 0.915625 0.2515625 0.915625 0.2515625 0.99375 0.4234375 0.99375 0.4234375 0.915625
0 0.075 0.703125 0.0015625 0.703125 0.0015625 0.8875 0.075 0.8875 0.075 0.703125
0 0.6953125 0.4796875 0.45625 0.4796875 0.45625 0.65625 0.6953125 0.65625 0.6953125 0.4796875
0 0.9875 0.490625 0.909375 0.490625 0.909375 0.625 0.9875 0.625 0.9875 0.490625
0 0.86875 0.3078125 0.7109375 0.3078125 0.7109375 0.421875 0.86875 0.421875 0.86875 0.3078125
0 0.190625 0.83125 0.0203125 0.83125 0.0203125 1.0 0.190625 1.0 0.190625 0.83125
0 0.7015625 0.3609375 0.6 0.3609375 0.6 0.4875 0.7015625 0.4875 0.7015625 0.3609375
0 1.0 0.1203125 0.9359375 0.1203125 0.9359375 0.3796875 1.0 0.3796875 1.0 0.1203125
0 0.9296875 0.0015625 0.8125 0.0015625 0.8125 0.1125 0.9296875 0.1125 0.9296875 0.0015625
0 0.6171875 0.9453125 0.459375 0.9453125 0.459375 1.0 0.6171875 1.0 0.6171875 0.9453125
0 0.3109375 0.721875 0.0375 0.721875 0.0375 1.0 0.3109375 1.0 0.3109375 0.721875
0 0.6265625 0.8125 0.490625 0.8125 0.490625 0.940625 0.6265625 0.940625 0.6265625 0.8125
0 0.4875 0.703125 0.30625 0.703125 0.30625 0.88125 0.4875 0.88125 0.4875 0.703125
0 0.6796875 0.60625 0.5546875 0.60625 0.5546875 0.78125 0.6796875 0.78125 0.6796875 0.60625
0 0.0375 0.5546875 0.0015625 0.5546875 0.0015625 0.609375 0.0375 0.609375 0.0375 0.5546875
0 0.4765625 0.25 0.2984375 0.25 0.2984375 0.5203125 0.4765625 0.5203125 0.4765625 0.25
0 0.1171875 0.0015625 0.0015625 0.0015625 0.0015625 0.4453125 0.1171875 0.4453125 0.1171875 0.0015625
0 0.2359375 0.0015625 0.13125 0.0015625 0.13125 0.3109375 0.2359375 0.3109375 0.2359375 0.0015625
0 0.6 0.0609375 0.3859375 0.0609375 0.3859375 0.303125 0.6 0.303125 0.6 0.0609375
0 0.3203125 0.059375 0.240625 0.059375 0.240625 0.2015625 0.3203125 0.2015625 0.3203125 0.059375
0 0.625 0.0015625 0.4828125 0.0015625 0.4828125 0.05625 0.625 0.05625 0.625 0.0015625
0 1.0 0.2734375 0.7625 0.2734375 0.7625 0.5984375 1.0 0.5984375 1.0 0.2734375
0 0.78125 0.4203125 0.603125 0.4203125 0.603125 0.528125 0.78125 0.528125 0.78125 0.4203125
0 0.784375 0.265625 0.65 0.265625 0.65 0.3625 0.784375 0.3625 0.784375 0.265625
0 0.7515625 0.0015625 0.7421875 0.0015625 0.7421875 0.003125 0.7515625 0.003125 0.7515625 0.0015625
0 0.034375 0.903125 0.0015625 0.903125 0.0015625 0.9578125 0.034375 0.9578125 0.034375 0.903125
0 0.1109375 0.946875 0.0015625 0.946875 0.0015625 1.0 0.1109375 1.0 0.1109375 0.946875
0 0.1125 0.9984375 0.096875 0.9984375 0.096875 1.0 0.1125 1.0 0.1125 0.9984375
0 0.2 0.984375 0.1484375 0.984375 0.1484375 1.0 0.2 1.0 0.2 0.984375
0 0.8953125 0.0015625 0.790625 0.0015625 0.790625 0.0359375 0.8953125 0.0359375 0.8953125 0.0015625
0 1.0 0.0015625 0.0015625 0.0015625 0.0015625 1.0 1.0 1.0 1.0 0.0015625
0 0.6078125 0.5625 0.5140625 0.5625 0.5140625 0.75 0.6078125 0.75 0.6078125 0.5625
