0 1.0 0.1546875 1.0 0.1546875 1.0 0.1546875 1.0 0.1546875 1.0 0.1546875
0 0.4640625 0.0015625 0.3640625 0.0015625 0.3640625 0.0984375 0.4640625 0.0984375 0.4640625 0.0015625
0 0.85 0.2734375 0.76875 0.2734375 0.76875 0.396875 0.85 0.396875 0.85 0.2734375
0 0.6625 0.9234375 0.6015625 0.9234375 0.6015625 1.0 0.6625 1.0 0.6625 0.9234375
0 1.0 0.571875 0.8796875 0.571875 0.8796875 0.684375 1.0 0.684375 1.0 0.571875
0 0.84375 0.9015625 0.7734375 0.9015625 0.7734375 1.0 0.84375 1.0 0.84375 0.9015625
0 0.865625 0.628125 0.58125 0.628125 0.58125 0.8921875 0.865625 0.8921875 0.865625 0.628125
0 0.55 0.0015625 0.4234375 0.0015625 0.4234375 0.090625 0.55 0.090625 0.55 0.0015625
0 0.9671875 0.203125 0.871875 0.203125 0.871875 0.340625 0.9671875 0.340625 0.9671875 0.203125
0 0.7109375 0.5140625 0.596875 0.5140625 0.596875 0.690625 0.7109375 0.690625 0.7109375 0.5140625
0 0.5265625 0.0765625 0.409375 0.0765625 0.409375 0.2515625 0.5265625 0.2515625 0.5265625 0.0765625
0 0.73125 0.0015625 0.4765625 0.0015625 0.4765625 0.153125 0.73125 0.153125 0.73125 0.0015625
0 1.0 0.484375 0.896875 0.484375 0.896875 0.5875 1.0 0.5875 1.0 0.484375
0 0.9265625 0.05 0.8296875 0.05 0.8296875 0.190625 0.9265625 0.190625 0.9265625 0.05
0 0.6015625 0.7140625 0.3921875 0.7140625 0.3921875 0.99375 0.6015625 0.99375 0.6015625 0.7140625
0 0.309375 0.8375 0.2359375 0.8375 0.2359375 0.95625 0.309375 0.95625 0.309375 0.8375
0 0.340625 0.6140625 0.165625 0.6140625 0.165625 0.734375 0.340625 0.734375 0.340625 0.6140625
0 0.3953125 0.3171875 0.25625 0.3171875 0.25625 0.5671875 0.3953125 0.5671875 0.3953125 0.3171875
0 0.984375 0.1015625 0.7453125 0.1015625 0.7453125 0.2125 0.984375 0.2125 0.984375 0.1015625
0 0.875 0.703125 0.6859375 0.703125 0.6859375 0.9484375 0.875 0.9484375 0.875 0.703125
0 0.9453125 0.2375 0.70625 0.2375 0.70625 0.5 0.9453125 0.5 0.9453125 0.2375
0 0.696875 0.0609375 0.325 0.0609375 0.325 0.6046875 0.696875 0.6046875 0.696875 0.0609375
0 0.6421875 0.3125 0.5421875 0.3125 0.5421875 0.44375 0.6421875 0.44375 0.6421875 0.3125
0 0.7953125 0.175 0.70625 0.175 0.70625 0.2921875 0.7953125 0.2921875 0.7953125 0.175
0 0.4390625 0.0578125 0.3296875 0.0578125 0.3296875 0.2375 0.4390625 0.2375 0.4390625 0.0578125
0 0.7171875 0.0015625 0.6765625 0.0015625 0.6765625 0.0359375 0.7171875 0.0359375 0.7171875 0.0015625
0 1.0 0.5328125 0.9671875 0.5328125 0.9671875 0.5953125 1.0 0.5953125 1.0 0.5328125
0 1.0 0.15625 0.9109375 0.15625 0.9109375 0.2703125 1.0 0.2703125 1.0 0.15625
0 0.6046875 0.0015625 0.5984375 0.0015625 0.5984375 0.003125 0.6046875 0.003125 0.6046875 0.0015625
0 0.059375 0.6390625 0.0015625 0.6390625 0.0015625 0.76875 0.059375 0.76875 0.059375 0.6390625
0 0.3921875 0.053125 0.28125 0.053125 0.28125 0.184375 0.3921875 0.184375 0.3921875 0.053125
0 0.6171875 0.878125 0.5125 0.878125 0.5125 1.0 0.6171875 1.0 0.6171875 0.878125
0 0.446875 0.809375 0.321875 0.809375 0.321875 1.0 0.446875 1.0 0.446875 0.809375
0 0.48125 0.6546875 0.2890625 0.6546875 0.2890625 0.7671875 0.48125 0.7671875 0.48125 0.6546875
0 0.05625 0.5203125 0.0015625 0.5203125 0.0015625 0.6328125 0.05625 0.6328125 0.05625 0.5203125
0 1.0 0.9109375 0.95 0.9109375 0.95 1.0 1.0 1.0 1.0 0.9109375
0 0.4109375 0.73125 0.265625 0.73125 0.265625 0.8921875 0.4109375 0.8921875 0.4109375 0.73125
0 0.265625 0.48125 0.0953125 0.48125 0.0953125 0.6078125 0.265625 0.6078125 0.265625 0.48125
0 0.0046875 0.425 0.0015625 0.425 0.0015625 0.4828125 0.0046875 0.4828125 0.0046875 0.425
0 0.4578125 0.1703125 0.2453125 0.1703125 0.2453125 0.421875 0.4578125 0.421875 0.4578125 0.1703125
0 0.3609375 0.0015625 0.2890625 0.0015625 0.2890625 0.0890625 0.3609375 0.0890625 0.3609375 0.0015625
0 0.9640625 0.49375 0.7890625 0.49375 0.7890625 0.6546875 0.9640625 0.6546875 0.9640625 0.49375
0 0.690625 0.440625 0.5015625 0.440625 0.5015625 0.65625 0.690625 0.65625 0.690625 0.440625
0 0.86875 0.0015625 0.709375 0.0015625 0.709375 0.1359375 0.86875 0.1359375 0.86875 0.0015625
0 0.7984375 0.0015625 0.7265625 0.0015625 0.7265625 0.046875 0.7984375 0.046875 0.7984375 0.0015625
0 0.765625 0.8171875 0.5828125 0.8171875 0.5828125 1.0 0.765625 1.0 0.765625 0.8171875
0 0.378125 0.5453125 0.159375 0.5453125 0.159375 0.6671875 0.378125 0.6671875 0.378125 0.5453125
0 1.0 0.0015625 0.0015625 0.0015625 0.0015625 0.8171875 1.0 0.8171875 1.0 0.0015625
0 0.5875 0.8234375 0.0578125 0.8234375 0.0578125 1.0 0.5875 1.0 0.5875 0.8234375
0 0.4203125 0.0015625 0.1609375 0.0015625 0.1609375 0.0984375 0.4203125 0.0984375 0.4203125 0.0015625
0 1.0 0.65 0.796875 0.65 0.796875 1.0 1.0 1.0 1.0 0.65
0 0.8140625 0.90625 0.7421875 0.90625 0.7421875 1.0 0.8140625 1.0 0.8140625 0.90625
0 1.0 0.0015625 0.828125 0.0015625 0.828125 0.19375 1.0 0.19375 1.0 0.0015625
0 0.7421875 0.0015625 0.73125 0.0015625 0.73125 0.0046875 0.7421875 0.0046875 0.7421875 0.0015625
