0 0.9015625 0.0015625 0.78125 0.0015625 0.78125 0.1125 0.9015625 0.1125 0.9015625 0.0015625
0 0.2671875 0.6375 0.0625 0.6375 0.0625 0.7265625 0.2671875 0.7265625 0.2671875 0.6375
0 0.215625 0.0015625 0.18125 0.0015625 0.18125 0.0078125 0.215625 0.0078125 0.215625 0.0015625
0 1.0 0.940625 0.8984375 0.940625 0.8984375 1.0 1.0 1.0 1.0 0.940625
0 0.6734375 0.5828125 0.58125 0.5828125 0.58125 0.7609375 0.6734375 0.7609375 0.6734375 0.5828125
0 1.0 0.3578125 0.834375 0.3578125 0.834375 0.6359375 1.0 0.6359375 1.0 0.3578125
0 0.2546875 0.315625 0.1453125 0.315625 0.1453125 0.4 0.2546875 0.4 0.2546875 0.315625
0 0.1734375 0.0015625 0.0015625 0.0015625 0.0015625 0.3421875 0.1734375 0.3421875 0.1734375 0.0015625
0 0.6234375 0.91875 0.559375 0.91875 0.559375 1.0 0.6234375 1.0 0.6234375 0.91875
0 0.540625 0.90625 0.4703125 0.90625 0.4703125 1.0 0.540625 1.0 0.540625 0.90625
0 0.5921875 0.759375 0.484375 0.759375 0.484375 0.8765625 0.5921875 0.8765625 0.5921875 0.759375
0 0.325 0.6484375 0.20625 0.6484375 0.20625 0.7875 0.325 0.7875 0.325 0.6484375
0 0.6515625 0.4375 0.571875 0.4375 0.571875 0.6109375 0.6515625 0.6109375 0.6515625 0.4375
0 1.0 0.2328125 0.9921875 0.2328125 0.9921875 0.271875 1.0 0.271875 1.0 0.2328125
0 0.0390625 0.8828125 0.0015625 0.8828125 0.0015625 1.0 0.0390625 1.0 0.0390625 0.8828125
0 0.403125 0.8078125 0.2609375 0.8078125 0.2609375 1.0 0.403125 1.0 0.403125 0.8078125
0 0.5453125 0.8140625 0.3921875 0.8140625 0.3921875 1.0 0.5453125 1.0 0.5453125 0.8140625
0 0.234375 0.715625 0.0015625 0.715625 0.0015625 0.94375 0.234375 0.94375 0.234375 0.715625
0 0.3796875 0.7046875 0.259375 0.7046875 0.259375 0.8640625 0.3796875 0.8640625 0.3796875 0.7046875
0 0.5390625 0.534375 0.3078125 0.534375 0.3078125 0.7609375 0.5390625 0.7609375 0.5390625 0.534375
0 0.3140625 0.4484375 0.1640625 0.4484375 0.1640625 0.6140625 0.3140625 0.6140625 0.3140625 0.4484375
0 0.265625 0.340625 0.13125 0.340625 0.13125 0.540625 0.265625 0.540625 0.265625 0.340625
0 0.4171875 0.190625 0.275 0.190625 0.275 0.4203125 0.4171875 0.4203125 0.4171875 0.190625
0 0.0578125 0.2671875 0.0015625 0.2671875 0.0015625 0.41875 0.0578125 0.41875 0.0578125 0.2671875
0 0.1328125 0.1171875 0.0015625 0.1171875 0.0015625 0.2890625 0.1328125 0.2890625 0.1328125 0.1171875
0 0.2921875 0.0015625 0.0484375 0.0015625 0.0484375 0.175 0.2921875 0.175 0.2921875 0.0015625
0 0.771875 0.95 0.709375 0.95 0.709375 1.0 0.771875 1.0 0.771875 0.95
0 0.99375 0.6515625 0.778125 0.6515625 0.778125 1.0 0.99375 1.0 0.99375 0.6515625
0 0.5921875 0.8859375 0.515625 0.8859375 0.515625 1.0 0.5921875 1.0 0.5921875 0.8859375
0 1.0 0.7046875 0.9765625 0.7046875 0.9765625 0.9453125 1.0 0.9453125 1.0 0.7046875
0 0.646875 0.5 0.515625 0.5 0.515625 0.86875 0.646875 0.86875 0.646875 0.5
0 0.9328125 0.4265625 0.8125 0.4265625 0.8125 0.634375 0.9328125 0.634375 0.9328125 0.4265625
0 0.5828125 0.20625 0.4359375 0.20625 0.4359375 0.4234375 0.5828125 0.4234375 0.5828125 0.20625
0 0.5875 0.0015625 0.3953125 0.0015625 0.3953125 0.1765625 0.5875 0.1765625 0.5875 0.0015625
0 1.0 0.0015625 0.9015625 0.0015625 0.9015625 0.215625 1.0 0.215625 1.0 0.0015625
0 0.3828125 0.0015625 0.2765625 0.0015625 0.2765625 0.1296875 0.3828125 0.1296875 0.3828125 0.0015625
0 0.8703125 0.0015625 0.0015625 0.0015625 0.0015625 1.0 0.8703125 1.0 0.8703125 0.0015625
0 0.071875 0.0921875 0.0015625 0.0921875 0.0015625 0.209375 0.071875 0.209375 0.071875 0.0921875
0 0.8578125 0.0015625 0.45625 0.0015625 0.45625 0.740625 0.8578125 0.740625 0.8578125 0.0015625
0 1.0 0.9921875 0.990625 0.9921875 0.990625 1.0 1.0 1.0 1.0 0.9921875
0 0.6890625 0.871875 0.5546875 0.871875 0.5546875 1.0 0.6890625 1.0 0.6890625 0.871875
0 0.684375 0.7125 0.625 0.7125 0.625 0.9359375 0.684375 0.9359375 0.684375 0.7125
0 0.9953125 0.2234375 0.8390625 0.2234375 0.8390625 0.4515625 0.9953125 0.4515625 0.9953125 0.2234375
0 1.0 0.19375 0.7921875 0.19375 0.7921875 0.3671875 1.0 0.3671875 1.0 0.19375
0 0.6296875 0.0015625 0.5609375 0.0015625 0.5609375 0.1390625 0.6296875 0.1390625 0.6296875 0.0015625
