0 0.0078125 0.7671875 0.0015625 0.7671875 0.0015625 0.8125 0.0078125 0.8125 0.0078125 0.7671875
0 1.0 0.0015625 0.978125 0.0015625 0.978125 0.00625 1.0 0.00625 1.0 0.0015625
0 0.4328125 0.834375 0.2078125 0.834375 0.2078125 1.0 0.4328125 1.0 0.4328125 0.834375
0 0.03125 0.703125 0.0015625 0.703125 0.0015625 0.80625 0.03125 0.80625 0.03125 0.703125
0 0.196875 0.2984375 0.0015625 0.2984375 0.0015625 0.7484375 0.196875 0.7484375 0.196875 0.2984375
0 0.2171875 0.2078125 0.1546875 0.2078125 0.1546875 0.4171875 0.2171875 0.4171875 0.2171875 0.2078125
0 0.146875 0.0015625 0.00625 0.0015625 0.00625 0.2671875 0.146875 0.2671875 0.146875 0.0015625
0 0.3484375 0.0015625 0.1328125 0.0015625 0.1328125 0.090625 0.3484375 0.090625 0.3484375 0.0015625
0 0.4125 0.0015625 0.365625 0.0015625 0.365625 0.0453125 0.4125 0.0453125 0.4125 0.0015625
0 0.9390625 0.6859375 0.590625 0.6859375 0.590625 1.0 0.9390625 1.0 0.9390625 0.6859375
0 0.33125 0.628125 0.2109375 0.628125 0.2109375 0.8546875 0.33125 0.8546875 0.33125 0.628125
0 0.484375 0.16875 0.2859375 0.16875 0.2859375 0.753125 0.484375 0.753125 0.484375 0.16875
0 0.8421875 0.1140625 0.440625 0.1140625 0.440625 0.415625 0.8421875 0.415625 0.8421875 0.1140625
0 1.0 0.0640625 0.959375 0.0640625 0.959375 0.2 1.0 0.2 1.0 0.0640625
0 1.0 0.0015625 0.8234375 0.0015625 0.8234375 0.2125 1.0 0.2125 1.0 0.0015625
0 0.5046875 0.0171875 0.378125 0.0171875 0.378125 0.1421875 0.5046875 0.1421875 0.5046875 0.0171875
0 0.134375 0.8859375 0.015625 0.8859375 0.015625 1.0 0.134375 1.0 0.134375 0.8859375
0 0.19375 0.0078125 0.0015625 0.0078125 0.0015625 0.321875 0.19375 0.321875 0.19375 0.0078125
0 0.0015625 0.0296875 0.0015625 0.0296875 0.0015625 0.0515625 0.0015625 0.0515625 0.0015625 0.0296875
0 0.3125 0.0015625 0.10625 0.0015625 0.10625 0.2625 0.3125 0.2625 0.3125 0.0015625
0 0.6953125 0.9921875 0.6296875 0.9921875 0.6296875 1.0 0.6953125 1.0 0.6953125 0.9921875
0 0.5296875 0.934375 0.4109375 0.934375 0.4109375 1.0 0.5296875 1.0 0.5296875 0.934375
0 0.6234375 0.9609375 0.553125 0.9609375 0.553125 1.0 0.6234375 1.0 0.6234375 0.9609375
0 0.2265625 0.83125 0.1625 0.83125 0.1625 1.0 0.2265625 1.0 0.2265625 0.83125
0 0.78125 0.7953125 0.5953125 0.7953125 0.5953125 0.971875 0.78125 0.971875 0.78125 0.7953125
0 0.671875 0.4625 0.478125 0.4625 0.478125 0.8703125 0.671875 0.8703125 0.671875 0.4625
0 0.421875 0.46875 0.3328125 0.46875 0.3328125 0.7375 0.421875 0.7375 0.421875 0.46875
0 0.5640625 0.3890625 0.4203125 0.3890625 0.4203125 0.6078125 0.5640625 0.6078125 0.5640625 0.3890625
0 0.8296875 0.203125 0.5375 0.203125 0.5375 0.43125 0.8296875 0.43125 0.8296875 0.203125
0 0.5765625 0.1453125 0.465625 0.1453125 0.465625 0.2765625 0.5765625 0.2765625 0.5765625 0.1453125
0 0.7234375 0.0015625 0.4515625 0.0015625 0.4515625 0.175 0.7234375 0.175 0.7234375 0.0015625
0 1.0 0.725 0.93125 0.725 0.93125 0.9609375 1.0 0.9609375 1.0 0.725
0 0.9234375 0.63125 0.6984375 0.63125 0.6984375 0.8359375 0.9234375 0.8359375 0.9234375 0.63125
0 0.859375 0.4390625 0.63125 0.4390625 0.63125 0.64375 0.859375 0.64375 0.859375 0.4390625
0 1.0 0.2203125 0.828125 0.2203125 0.828125 0.5890625 1.0 0.5890625 1.0 0.2203125
0 0.9375 0.053125 0.7390625 0.053125 0.7390625 0.246875 0.9375 0.246875 0.9375 0.053125
0 1.0 0.0375 0.9421875 0.0375 0.9421875 0.0703125 1.0 0.0703125 1.0 0.0375
0 0.8671875 0.0015625 0.7078125 0.0015625 0.7078125 0.0515625 0.8671875 0.0515625 0.8671875 0.0015625
0 1.0 0.003125 0.0015625 0.003125 0.0015625 1.0 1.0 1.0 1.0 0.003125
0 0.01875 0.0015625 0.0015625 0.0015625 0.0015625 0.0328125 0.01875 0.0328125 0.01875 0.0015625
0 0.5734375 0.85 0.465625 0.85 0.465625 1.0 0.5734375 1.0 0.5734375 0.85
0 0.9015625 0.7859375 0.80625 0.7859375 0.80625 0.921875 0.9015625 0.921875 0.9015625 0.7859375
0 0.7078125 0.0015625 0.534375 0.0015625 0.534375 0.05 0.7078125 0.05 0.7078125 0.0015625
