0 0.778125 0.0171875 0.65625 0.0171875 0.65625 0.1078125 0.778125 0.1078125 0.778125 0.0171875
0 0.925 0.7875 0.8453125 0.7875 0.8453125 1.0 0.925 1.0 0.925 0.7875
0 1.0 0.1078125 0.9875 0.1078125 0.9875 0.1296875 1.0 0.1296875 1.0 0.1078125
0 0.475 0.1453125 0.3625 0.1453125 0.3625 0.3453125 0.475 0.3453125 0.475 0.1453125
0 0.7453125 0.9046875 0.6171875 0.9046875 0.6171875 1.0 0.7453125 1.0 0.7453125 0.9046875
0 0.9390625 0.8609375 0.8796875 0.8609375 0.8796875 1.0 0.9390625 1.0 0.9390625 0.8609375
0 1.0 0.0125 0.8625 0.0125 0.8625 0.1125 1.0 0.1125 1.0 0.0125
0 0.9203125 0.1984375 0.715625 0.1984375 0.715625 0.36875 0.9203125 0.36875 0.9203125 0.1984375
0 1.0 0.028125 0.9890625 0.028125 0.9890625 0.1078125 1.0 0.1078125 1.0 0.028125
0 0.515625 0.7359375 0.4171875 0.7359375 0.4171875 0.8828125 0.515625 0.8828125 0.515625 0.7359375
0 0.5234375 0.1640625 0.4515625 0.1640625 0.4515625 0.2984375 0.5234375 0.2984375 0.5234375 0.1640625
0 0.7390625 0.0375 0.6109375 0.0375 0.6109375 0.15625 0.7390625 0.15625 0.7390625 0.0375
0 0.8625 0.621875 0.75 0.621875 0.75 0.81875 0.8625 0.81875 0.8625 0.621875
0 1.0 0.425 0.9734375 0.425 0.9734375 0.728125 1.0 0.728125 1.0 0.425
0 0.8890625 0.0296875 0.771875 0.0296875 0.771875 0.1171875 0.8890625 0.1171875 0.8890625 0.0296875
0 0.2875 0.94375 0.125 0.94375 0.125 1.0 0.2875 1.0 0.2875 0.94375
0 0.10625 0.925 0.0546875 0.925 0.0546875 1.0 0.10625 1.0 0.10625 0.925
0 0.134375 0.6734375 0.04375 0.6734375 0.04375 0.8671875 0.134375 0.8671875 0.134375 0.6734375
0 0.7921875 0.6015625 0.646875 0.6015625 0.646875 0.7140625 0.7921875 0.7140625 0.7921875 0.6015625
0 0.515625 0.5546875 0.375 0.5546875 0.375 0.7484375 0.515625 0.7484375 0.515625 0.5546875
0 0.9640625 0.4078125 0.83125 0.4078125 0.83125 0.553125 0.9640625 0.553125 0.9640625 0.4078125
0 1.0 0.8234375 0.9828125 0.8234375 0.9828125 0.871875 1.0 0.871875 1.0 0.8234375
0 0.3421875 0.175 0.234375 0.175 0.234375 0.4 0.3421875 0.4 0.3421875 0.175
0 0.540625 0.0015625 0.4796875 0.0015625 0.4796875 0.2203125 0.540625 0.2203125 0.540625 0.0015625
0 0.478125 0.9296875 0.4015625 0.9296875 0.4015625 1.0 0.478125 1.0 0.478125 0.9296875
0 0.1515625 0.884375 0.0796875 0.884375 0.0796875 1.0 0.1515625 1.0 0.1515625 0.884375
0 0.546875 0.846875 0.4453125 0.846875 0.4453125 0.9765625 0.546875 0.9765625 0.546875 0.846875
0 0.5296875 0.634375 0.4359375 0.634375 0.4359375 0.7796875 0.5296875 0.7796875 0.5296875 0.634375
0 0.5046875 0.5203125 0.4015625 0.5203125 0.4015625 0.628125 0.5046875 0.628125 0.5046875 0.5203125
0 0.3390625 0.10625 0.19375 0.10625 0.19375 0.28125 0.3390625 0.28125 0.3390625 0.10625
0 1.0 0.68125 0.796875 0.68125 0.796875 1.0 1.0 1.0 1.0 0.68125
0 0.9546875 0.98125 0.921875 0.98125 0.921875 1.0 0.9546875 1.0 0.9546875 0.98125
0 0.7453125 0.8265625 0.553125 0.8265625 0.553125 0.971875 0.7453125 0.971875 0.7453125 0.8265625
0 0.8125 0.58125 0.6859375 0.58125 0.6859375 0.690625 0.8125 0.690625 0.8125 0.58125
0 0.9796875 0.3734375 0.8125 0.3734375 0.8125 0.5203125 0.9796875 0.5203125 0.9796875 0.3734375
0 0.9140625 0.1625 0.65625 0.1625 0.65625 0.3234375 0.9140625 0.3234375 0.9140625 0.1625
0 0.471875 0.0078125 0.3515625 0.0078125 0.3515625 0.2046875 0.471875 0.2046875 0.471875 0.0078125
0 1.0 0.0015625 0.0015625 0.0015625 0.0015625 1.0 1.0 1.0 1.0 0.0015625
0 1.0 0.7546875 0.9015625 0.7546875 0.9015625 1.0 1.0 1.0 1.0 0.7546875
0 0.2703125 0.5125 0.13125 0.5125 0.13125 0.846875 0.2703125 0.846875 0.2703125 0.5125
0 0.403125 0.4109375 0.215625 0.4109375 0.215625 0.6140625 0.403125 0.6140625 0.403125 0.4109375
0 0.3609375 0.9875 0.2875 0.9875 0.2875 1.0 0.3609375 1.0 0.3609375 0.9875
0 0.353125 0.8390625 0.259375 0.8390625 0.259375 0.99375 0.353125 0.99375 0.353125 0.8390625
0 0.2671875 0.525 0.1625 0.525 0.1625 0.65625 0.2671875 0.65625 0.2671875 0.525
0 0.1328125 0.16875 0.0578125 0.16875 0.0578125 0.421875 0.1328125 0.421875 0.1328125 0.16875
