0 0.259375 0.1125 0.0015625 0.1125 0.0015625 0.5984375 0.259375 0.5984375 0.259375 0.1125
0 0.8125 0.803125 0.5625 0.803125 0.5625 1.0 0.8125 1.0 0.8125 0.803125
0 0.84375 0.5109375 0.6609375 0.5109375 0.6609375 0.80625 0.84375 0.80625 0.84375 0.5109375
0 1.0 0.65625 0.9203125 0.65625 0.9203125 0.8078125 1.0 0.8078125 1.0 0.65625
0 1.0 0.5453125 0.9484375 0.5453125 0.9484375 0.603125 1.0 0.603125 1.0 0.5453125
0 0.584375 0.471875 0.490625 0.471875 0.490625 0.5734375 0.584375 0.5734375 0.584375 0.471875
0 0.2703125 0.321875 0.2078125 0.321875 0.2078125 0.5234375 0.2703125 0.5234375 0.2703125 0.321875
0 1.0 0.3484375 0.784375 0.3484375 0.784375 0.4796875 1.0 0.4796875 1.0 0.3484375
0 1.0 0.2234375 0.9671875 0.2234375 0.9671875 0.3125 1.0 0.3125 1.0 0.2234375
0 0.95625 0.065625 0.71875 0.065625 0.71875 0.303125 0.95625 0.303125 0.95625 0.065625
0 0.0484375 0.9625 0.0234375 0.9625 0.0234375 1.0 0.0484375 1.0 0.0484375 0.9625
0 0.0203125 0.596875 0.0015625 0.596875 0.0015625 0.6140625 0.0203125 0.6140625 0.0203125 0.596875
0 0.1015625 0.1734375 0.0109375 0.1734375 0.0109375 0.3203125 0.1015625 0.3203125 0.1015625 0.1734375
0 0.5890625 0.453125 0.384375 0.453125 0.384375 0.5921875 0.5890625 0.5921875 0.5890625 0.453125
0 0.2 0.0671875 0.05 0.0671875 0.05 0.4203125 0.2 0.4203125 0.2 0.0671875
0 0.790625 0.1625 0.5609375 0.1625 0.5609375 0.3859375 0.790625 0.3859375 0.790625 0.1625
0 0.9453125 0.0015625 0.7671875 0.0015625 0.7671875 0.1234375 0.9453125 0.1234375 0.9453125 0.0015625
0 0.1671875 0.0015625 0.065625 0.0015625 0.065625 0.053125 0.1671875 0.053125 0.1671875 0.0015625
0 0.2484375 0.0015625 0.215625 0.0015625 0.215625 0.0515625 0.2484375 0.0515625 0.2484375 0.0015625
0 0.134375 0.10625 0.0015625 0.10625 0.0015625 0.6921875 0.134375 0.6921875 0.134375 0.10625
0 0.446875 0.1984375 0.31875 0.1984375 0.31875 0.7359375 0.446875 0.7359375 0.446875 0.1984375
0 0.2234375 0.0015625 0.1328125 0.0015625 0.1328125 0.0796875 0.2234375 0.0796875 0.2234375 0.0015625
0 0.5828125 0.278125 0.421875 0.278125 0.421875 0.45625 0.5828125 0.45625 0.5828125 0.278125
0 0.7375 0.209375 0.5953125 0.209375 0.5953125 0.36875 0.7375 0.36875 0.7375 0.209375
0 0.4921875 0.0015625 0.3609375 0.0015625 0.3609375 0.1375 0.4921875 0.1375 0.4921875 0.0015625
0 0.7234375 0.0015625 0.625 0.0015625 0.625 0.0828125 0.7234375 0.0828125 0.7234375 0.0015625
0 0.0140625 0.8234375 0.0015625 0.8234375 0.0015625 0.8734375 0.0140625 0.8734375 0.0140625 0.8234375
0 1.0 0.79375 0.8953125 0.79375 0.8953125 0.9609375 1.0 0.9609375 1.0 0.79375
0 0.7796875 0.6171875 0.609375 0.6171875 0.609375 0.8328125 0.7796875 0.8328125 0.7796875 0.6171875
0 0.896875 0.3625 0.7015625 0.3625 0.7015625 0.490625 0.896875 0.490625 0.896875 0.3625
0 1.0 0.303125 0.95625 0.303125 0.95625 0.3578125 1.0 0.3578125 1.0 0.303125
0 0.4484375 0.0984375 0.296875 0.0984375 0.296875 0.4890625 0.4484375 0.4890625 0.4484375 0.0984375
0 0.696875 0.1890625 0.4875 0.1890625 0.4875 0.284375 0.696875 0.284375 0.696875 0.1890625
0 0.0984375 0.0015625 0.0015625 0.0015625 0.0015625 0.15 0.0984375 0.15 0.0984375 0.0015625
0 0.3609375 0.0015625 0.33125 0.0015625 0.33125 0.0390625 0.3609375 0.0390625 0.3609375 0.0015625
0 1.0 0.925 0.890625 0.925 0.890625 1.0 1.0 1.0 1.0 0.925
0 1.0 0.5875 0.946875 0.5875 0.946875 0.615625 1.0 0.615625 1.0 0.5875
0 0.0328125 0.93125 0.0015625 0.93125 0.0015625 1.0 0.0328125 1.0 0.0328125 0.93125
0 0.2828125 0.440625 0.0015625 0.440625 0.0015625 0.7171875 0.2828125 0.7171875 0.2828125 0.440625
0 0.54375 0.5921875 0.3421875 0.5921875 0.3421875 1.0 0.54375 1.0 0.54375 0.5921875
0 0.875 0.759375 0.753125 0.759375 0.753125 0.865625 0.875 0.865625 0.875 0.759375
0 1.0 0.4921875 0.9171875 0.4921875 0.9171875 0.578125 1.0 0.578125 1.0 0.4921875
0 0.559375 0.3953125 0.44375 0.3953125 0.44375 0.5578125 0.559375 0.5578125 0.559375 0.3953125
0 0.71875 0.290625 0.584375 0.290625 0.584375 0.5875 0.71875 0.5875 0.71875 0.290625
0 1.0 0.325 0.971875 0.325 0.971875 0.40625 1.0 0.40625 1.0 0.325
0 0.9734375 0.075 0.7953125 0.075 0.7953125 0.3375 0.9734375 0.3375 0.9734375 0.075
0 1.0 0.165625 0.9828125 0.165625 0.9828125 0.225 1.0 0.225 1.0 0.165625
0 0.8703125 0.0015625 0.3578125 0.0015625 0.3578125 0.128125 0.8703125 0.128125 0.8703125 0.0015625
0 1.0 0.0546875 0.9796875 0.0546875 0.9796875 0.084375 1.0 0.084375 1.0 0.0546875
0 0.0046875 0.8203125 0.0015625 0.8203125 0.0015625 0.8234375 0.0046875 0.8234375 0.0046875 0.8203125
0 0.53125 0.56875 0.3703125 0.56875 0.3703125 0.7484375 0.53125 0.7484375 0.53125 0.56875
0 0.6453125 0.2359375 0.346875 0.2359375 0.346875 0.54375 0.6453125 0.54375 0.6453125 0.2359375
0 0.60625 0.3265625 0.490625 0.3265625 0.490625 0.48125 0.60625 0.48125 0.60625 0.3265625
0 0.634375 0.19375 0.425 0.19375 0.425 0.2984375 0.634375 0.2984375 0.634375 0.19375
0 0.065625 0.0015625 0.0015625 0.0015625 0.0015625 0.146875 0.065625 0.146875 0.065625 0.0015625
0 1.0 0.06875 0.2625 0.06875 0.2625 1.0 1.0 1.0 1.0 0.06875
0 0.234375 0.6421875 0.09375 0.6421875 0.09375 0.759375 0.234375 0.759375 0.234375 0.6421875
0 0.14375 0.034375 0.0015625 0.034375 0.0015625 0.4203125 0.14375 0.4203125 0.14375 0.034375
0 0.9265625 0.821875 0.759375 0.821875 0.759375 1.0 0.9265625 1.0 0.9265625 0.821875
0 0.659375 0.2390625 0.571875 0.2390625 0.571875 0.371875 0.659375 0.371875 0.659375 0.2390625
0 1.0 0.696875 0.990625 0.696875 0.990625 0.7078125 1.0 0.7078125 1.0 0.696875
