0 0.7015625 0.409375 0.5796875 0.409375 0.5796875 0.5328125 0.7015625 0.5328125 0.7015625 0.409375
0 0.9671875 0.1734375 0.8 0.1734375 0.8 0.5046875 0.9671875 0.5046875 0.9671875 0.1734375
0 0.0328125 0.8609375 0.0015625 0.8609375 0.0015625 0.9859375 0.0328125 0.9859375 0.0328125 0.8609375
0 0.00625 0.6546875 0.0015625 0.6546875 0.0015625 0.6625 0.00625 0.6625 0.00625 0.6546875
0 0.19375 0.440625 0.0015625 0.440625 0.0015625 0.534375 0.19375 0.534375 0.19375 0.440625
0 0.25625 0.1546875 0.0328125 0.1546875 0.0328125 0.321875 0.25625 0.321875 0.25625 0.1546875
0 0.3296875 0.0015625 0.2140625 0.0015625 0.2140625 0.1609375 0.3296875 0.1609375 0.3296875 0.0015625
0 0.646875 0.6359375 0.49375 0.6359375 0.49375 0.771875 0.646875 0.771875 0.646875 0.6359375
0 0.890625 0.4390625 0.5734375 0.4390625 0.5734375 0.6640625 0.890625 0.6640625 0.890625 0.4390625
0 0.3796875 0.225 0.26875 0.225 0.26875 0.3421875 0.3796875 0.3421875 0.3796875 0.225
0 0.1375 0.690625 0.0078125 0.690625 0.0078125 0.821875 0.1375 0.821875 0.1375 0.690625
0 0.1671875 0.009375 0.0015625 0.009375 0.0015625 0.275 0.1671875 0.275 0.1671875 0.009375
0 0.0875 0.0015625 0.078125 0.0015625 0.078125 0.0015625 0.0875 0.0015625 0.0875 0.0015625
0 0.8046875 0.7578125 0.571875 0.7578125 0.571875 0.8359375 0.8046875 0.8359375 0.8046875 0.7578125
0 0.7375 0.6203125 0.5078125 0.6203125 0.5078125 0.746875 0.7375 0.746875 0.7375 0.6203125
0 0.59375 0.4671875 0.484375 0.4671875 0.484375 0.6 0.59375 0.6 0.59375 0.4671875
0 0.290625 0.3328125 0.1796875 0.3328125 0.1796875 0.4375 0.290625 0.4375 0.290625 0.3328125
0 0.709375 0.2046875 0.5859375 0.2046875 0.5859375 0.309375 0.709375 0.309375 0.709375 0.2046875
0 0.2765625 0.0015625 0.175 0.0015625 0.175 0.1921875 0.2765625 0.1921875 0.2765625 0.0015625
0 0.5421875 0.0015625 0.3515625 0.0015625 0.3515625 0.1328125 0.5421875 0.1328125 0.5421875 0.0015625
0 0.16875 0.0015625 0.146875 0.0015625 0.146875 0.0296875 0.16875 0.0296875 0.16875 0.0015625
0 0.59375 0.8140625 0.2421875 0.8140625 0.2421875 1.0 0.59375 1.0 0.59375 0.8140625
0 1.0 0.5859375 0.725 0.5859375 0.725 0.8015625 1.0 0.8015625 1.0 0.5859375
0 0.4390625 0.48125 0.0015625 0.48125 0.0015625 0.7828125 0.4390625 0.7828125 0.4390625 0.48125
0 0.609375 0.4125 0.4625 0.4125 0.4625 0.4984375 0.609375 0.4984375 0.609375 0.4125
0 0.41875 0.321875 0.290625 0.321875 0.290625 0.5484375 0.41875 0.5484375 0.41875 0.321875
0 0.83125 0.2625 0.7125 0.2625 0.7125 0.4296875 0.83125 0.4296875 0.83125 0.2625
0 0.88125 0.0015625 0.4890625 0.0015625 0.4890625 0.2328125 0.88125 0.2328125 0.88125 0.0015625
0 0.34375 0.0015625 0.28125 0.0015625 0.28125 0.01875 0.34375 0.01875 0.34375 0.0015625
0 1.0 0.271875 0.984375 0.271875 0.984375 0.415625 1.0 0.415625 1.0 0.271875
0 0.84375 0.1640625 0.7421875 0.1640625 0.7421875 0.359375 0.84375 0.359375 0.84375 0.1640625
0 0.1859375 0.0015625 0.0375 0.0015625 0.0375 0.2234375 0.1859375 0.2234375 0.1859375 0.0015625
0 0.875 0.578125 0.4578125 0.578125 0.4578125 0.675 0.875 0.675 0.875 0.578125
0 0.9078125 0.3234375 0.71875 0.3234375 0.71875 0.50625 0.9078125 0.50625 0.9078125 0.3234375
0 0.7828125 0.09375 0.4578125 0.09375 0.4578125 0.3921875 0.7828125 0.3921875 0.7828125 0.09375
0 0.6625 0.0015625 0.5984375 0.0015625 0.5984375 0.0609375 0.6625 0.0609375 0.6625 0.0015625
0 0.1 0.6296875 0.0015625 0.6296875 0.0015625 0.6859375 0.1 0.6859375 0.1 0.6296875
0 1.0 0.0984375 0.984375 0.0984375 0.984375 0.18125 1.0 0.18125 1.0 0.0984375
0 0.2265625 0.415625 0.0015625 0.415625 0.0015625 0.4765625 0.2265625 0.4765625 0.2265625 0.415625
0 0.134375 0.0015625 0.1078125 0.0015625 0.1078125 0.0125 0.134375 0.0125 0.134375 0.0015625
0 0.9578125 0.0015625 0.90625 0.0015625 0.90625 0.190625 0.9578125 0.190625 0.9578125 0.0015625
0 1.0 0.0015625 1.0 0.0015625 1.0 0.003125 1.0 0.003125 1.0 0.0015625
0 0.15625 0.99375 0.13125 0.99375 0.13125 1.0 0.15625 1.0 0.15625 0.99375
0 0.8484375 0.5 0.7484375 0.5 0.7484375 0.6015625 0.8484375 0.6015625 0.8484375 0.5
0 0.2484375 0.4453125 0.084375 0.4453125 0.084375 0.559375 0.2484375 0.559375 0.2484375 0.4453125
0 0.1234375 0.7515625 0.0015625 0.7515625 0.0015625 0.9171875 0.1234375 0.9171875 0.1234375 0.7515625
0 0.2296875 0.65 0.0015625 0.65 0.0015625 1.0 0.2296875 1.0 0.2296875 0.65
0 0.0375 0.053125 0.0015625 0.053125 0.0015625 0.1734375 0.0375 0.1734375 0.0375 0.053125
0 0.028125 0.271875 0.0015625 0.271875 0.0015625 0.3640625 0.028125 0.3640625 0.028125 0.271875
0 0.3640625 0.975 0.2234375 0.975 0.2234375 1.0 0.3640625 1.0 0.3640625 0.975
0 0.3953125 0.759375 0.24375 0.759375 0.24375 0.9078125 0.3953125 0.9078125 0.3953125 0.759375
0 0.44375 0.2421875 0.2125 0.2421875 0.2125 0.65625 0.44375 0.65625 0.44375 0.2421875
0 0.875 0.653125 0.646875 0.653125 0.646875 0.7453125 0.875 0.7453125 0.875 0.653125
0 1.0 0.128125 0.9453125 0.128125 0.9453125 0.490625 1.0 0.490625 1.0 0.128125
0 0.98125 0.1625 0.90625 0.1625 0.90625 0.4109375 0.98125 0.4109375 0.98125 0.1625
0 0.925 0.0015625 0.778125 0.0015625 0.778125 0.2328125 0.925 0.2328125 0.925 0.0015625
0 0.1140625 0.553125 0.0015625 0.553125 0.0015625 0.65625 0.1140625 0.65625 0.1140625 0.553125
0 0.39375 0.20625 0.146875 0.20625 0.146875 0.44375 0.39375 0.44375 0.39375 0.20625
0 0.134375 0.3296875 0.0015625 0.3296875 0.0015625 0.409375 0.134375 0.409375 0.134375 0.3296875
0 0.4796875 0.9203125 0.15625 0.9203125 0.15625 1.0 0.4796875 1.0 0.4796875 0.9203125
0 0.59375 0.6578125 0.2890625 0.6578125 0.2890625 0.9921875 0.59375 0.9921875 0.59375 0.6578125
0 0.8890625 0.63125 0.4578125 0.63125 0.4578125 0.85625 0.8890625 0.85625 0.8890625 0.63125
0 0.4546875 0.325 0.390625 0.325 0.390625 0.603125 0.4546875 0.603125 0.4546875 0.325
0 0.6953125 0.1890625 0.434375 0.1890625 0.434375 0.6078125 0.6953125 0.6078125 0.6953125 0.1890625
0 0.4765625 0.00625 0.259375 0.00625 0.259375 0.1921875 0.4765625 0.1921875 0.4765625 0.00625
0 0.9078125 0.88125 0.565625 0.88125 0.565625 1.0 0.9078125 1.0 0.9078125 0.88125
0 0.990625 0.43125 0.6890625 0.43125 0.6890625 0.6125 0.990625 0.6125 0.990625 0.43125
0 0.8421875 0.0015625 0.8265625 0.0015625 0.8265625 0.00625 0.8421875 0.00625 0.8421875 0.0015625
0 1.0 0.0015625 0.95625 0.0015625 0.95625 0.040625 1.0 0.040625 1.0 0.0015625
0 1.0 0.215625 0.925 0.215625 0.925 0.4921875 1.0 0.4921875 1.0 0.215625
0 0.25 0.7828125 0.0015625 0.7828125 0.0015625 1.0 0.25 1.0 0.25 0.7828125
