0 0.8109375 0.0625 0.6234375 0.0625 0.6234375 0.4015625 0.8109375 0.4015625 0.8109375 0.0625
0 0.171875 0.80625 0.0125 0.80625 0.0125 0.98125 0.171875 0.98125 0.171875 0.80625
0 0.190625 0.790625 0.00625 0.790625 0.00625 0.990625 0.190625 0.990625 0.190625 0.790625
0 0.0796875 0.3734375 0.0015625 0.3734375 0.0015625 0.4984375 0.0796875 0.4984375 0.0796875 0.3734375
0 0.0625 0.3 0.0015625 0.3 0.0015625 0.3921875 0.0625 0.3921875 0.0625 0.3
0 0.2484375 0.0015625 0.0640625 0.0015625 0.0640625 0.303125 0.2484375 0.303125 0.2484375 0.0015625
0 0.0984375 0.0015625 0.003125 0.0015625 0.003125 0.2203125 0.0984375 0.2203125 0.0984375 0.0015625
0 0.521875 0.909375 0.35 0.909375 0.35 1.0 0.521875 1.0 0.521875 0.909375
0 0.3328125 0.84375 0.2234375 0.84375 0.2234375 1.0 0.3328125 1.0 0.3328125 0.84375
0 0.3390625 0.7890625 0.2 0.7890625 0.2 0.9078125 0.3390625 0.9078125 0.3390625 0.7890625
0 0.3640625 0.5515625 0.1703125 0.5515625 0.1703125 0.69375 0.3640625 0.69375 0.3640625 0.5515625
0 1.0 0.7203125 0.9671875 0.7203125 0.9671875 0.925 1.0 0.925 1.0 0.7203125
0 0.0859375 0.440625 0.0015625 0.440625 0.0015625 0.5109375 0.0859375 0.5109375 0.0859375 0.440625
0 0.1953125 0.76875 0.0015625 0.76875 0.0015625 0.9890625 0.1953125 0.9890625 0.1953125 0.76875
0 0.521875 0.734375 0.45 0.734375 0.45 0.940625 0.521875 0.940625 0.521875 0.734375
0 0.2171875 0.7390625 0.1375 0.7390625 0.1375 0.9265625 0.2171875 0.9265625 0.2171875 0.7390625
0 0.14375 0.65 0.0015625 0.65 0.0015625 0.796875 0.14375 0.796875 0.14375 0.65
0 0.021875 0.60625 0.0015625 0.60625 0.0015625 0.65 0.021875 0.65 0.021875 0.60625
0 0.5390625 0.33125 0.4109375 0.33125 0.4109375 0.4578125 0.5390625 0.4578125 0.5390625 0.33125
0 0.6328125 0.29375 0.528125 0.29375 0.528125 0.4609375 0.6328125 0.4609375 0.6328125 0.29375
0 0.8140625 0.165625 0.7078125 0.165625 0.7078125 0.3796875 0.8140625 0.3796875 0.8140625 0.165625
0 1.0 0.071875 0.978125 0.071875 0.978125 0.1265625 1.0 0.1265625 1.0 0.071875
0 1.0 0.0015625 0.9859375 0.0015625 0.9859375 0.059375 1.0 0.059375 1.0 0.0015625
0 0.084375 0.9359375 0.0015625 0.9359375 0.0015625 1.0 0.084375 1.0 0.084375 0.9359375
0 0.8 0.9140625 0.7125 0.9140625 0.7125 1.0 0.8 1.0 0.8 0.9140625
0 0.9109375 0.6421875 0.78125 0.6421875 0.78125 0.8796875 0.9109375 0.8796875 0.9109375 0.6421875
0 0.365625 0.0015625 0.2171875 0.0015625 0.2171875 0.14375 0.365625 0.14375 0.365625 0.0015625
0 0.6390625 0.64375 0.553125 0.64375 0.553125 0.9609375 0.6390625 0.9609375 0.6390625 0.64375
0 0.4546875 0.0015625 0.396875 0.0015625 0.396875 0.1328125 0.4546875 0.1328125 0.4546875 0.0015625
0 0.6078125 0.0015625 0.584375 0.0015625 0.584375 0.009375 0.6078125 0.009375 0.6078125 0.0015625
0 0.5140625 0.5375 0.1609375 0.5375 0.1609375 0.8078125 0.5140625 0.8078125 0.5140625 0.5375
0 0.09375 0.6234375 0.0015625 0.6234375 0.0015625 0.728125 0.09375 0.728125 0.09375 0.6234375
0 0.4234375 0.4359375 0.2828125 0.4359375 0.2828125 0.5640625 0.4234375 0.5640625 0.4234375 0.4359375
0 0.1109375 0.1125 0.0015625 0.1125 0.0015625 0.3578125 0.1109375 0.3578125 0.1109375 0.1125
0 0.640625 0.821875 0.48125 0.821875 0.48125 1.0 0.640625 1.0 0.640625 0.821875
0 0.60625 0.509375 0.540625 0.509375 0.540625 0.6671875 0.60625 0.6671875 0.60625 0.509375
0 0.7875 0.3828125 0.6015625 0.3828125 0.6015625 0.54375 0.7875 0.54375 0.7875 0.3828125
0 0.8046875 0.0421875 0.6078125 0.0421875 0.6078125 0.2234375 0.8046875 0.2234375 0.8046875 0.0421875
0 0.5875 0.0015625 0.5125 0.0015625 0.5125 0.059375 0.5875 0.059375 0.5875 0.0015625
0 0.2265625 0.4625 0.0015625 0.4625 0.0015625 0.6875 0.2265625 0.6875 0.2265625 0.4625
0 0.4421875 0.5984375 0.25625 0.5984375 0.25625 0.778125 0.4421875 0.778125 0.4421875 0.5984375
0 0.609375 0.125 0.4609375 0.125 0.4609375 0.58125 0.609375 0.58125 0.609375 0.125
0 0.696875 0.7578125 0.609375 0.7578125 0.609375 0.9703125 0.696875 0.9703125 0.696875 0.7578125
0 0.665625 0.1828125 0.6 0.1828125 0.6 0.496875 0.665625 0.496875 0.665625 0.1828125
0 1.0 0.9171875 0.85 0.9171875 0.85 1.0 1.0 1.0 1.0 0.9171875
0 0.8515625 0.8421875 0.7359375 0.8421875 0.7359375 0.9828125 0.8515625 0.9828125 0.8515625 0.8421875
0 0.0078125 0.915625 0.0015625 0.915625 0.0015625 0.928125 0.0078125 0.928125 0.0078125 0.915625
0 0.584375 0.6484375 0.4921875 0.6484375 0.4921875 0.9140625 0.584375 0.9140625 0.584375 0.6484375
0 0.1421875 0.9046875 0.0140625 0.9046875 0.0140625 1.0 0.1421875 1.0 0.1421875 0.9046875
0 0.0359375 0.0015625 0.0015625 0.0015625 0.0015625 0.04375 0.0359375 0.04375 0.0359375 0.0015625
0 0.759375 0.7703125 0.665625 0.7703125 0.665625 0.953125 0.759375 0.953125 0.759375 0.7703125
0 1.0 0.0015625 0.1953125 0.0015625 0.1953125 1.0 1.0 1.0 1.0 0.0015625
0 0.196875 0.965625 0.134375 0.965625 0.134375 1.0 0.196875 1.0 0.196875 0.965625
0 0.128125 0.415625 0.0015625 0.415625 0.0015625 0.58125 0.128125 0.58125 0.128125 0.415625
0 0.4828125 0.759375 0.340625 0.759375 0.340625 0.9046875 0.4828125 0.9046875 0.4828125 0.759375
0 1.0 0.0015625 0.584375 0.0015625 0.584375 0.94375 1.0 0.94375 1.0 0.0015625
0 0.3515625 0.0875 0.2703125 0.0875 0.2703125 0.4640625 0.3515625 0.4640625 0.3515625 0.0875
0 0.6015625 0.0015625 0.4671875 0.0015625 0.4671875 0.1890625 0.6015625 0.1890625 0.6015625 0.0015625
0 0.403125 0.0015625 0.3140625 0.0015625 0.3140625 0.1515625 0.403125 0.1515625 0.403125 0.0015625
0 0.865625 0.909375 0.7875 0.909375 0.7875 1.0 0.865625 1.0 0.865625 0.909375
0 1.0 0.321875 0.940625 0.321875 0.940625 0.5390625 1.0 0.5390625 1.0 0.321875
0 0.4171875 0.321875 0.3375 0.321875 0.3375 0.4890625 0.4171875 0.4890625 0.4171875 0.321875
0 0.8796875 0.5125 0.6828125 0.5125 0.6828125 0.5953125 0.8796875 0.5953125 0.8796875 0.5125
0 0.3609375 0.15625 0.3078125 0.15625 0.3078125 0.3265625 0.3609375 0.3265625 0.3609375 0.15625
0 0.43125 0.0015625 0.36875 0.0015625 0.36875 0.1484375 0.43125 0.1484375 0.43125 0.0015625
