0 0.2921875 0.5203125 0.10625 0.5203125 0.10625 0.6875 0.2921875 0.6875 0.2921875 0.5203125
0 0.096875 0.275 0.0015625 0.275 0.0015625 0.4296875 0.096875 0.4296875 0.096875 0.275
0 0.1625 0.2203125 0.071875 0.2203125 0.071875 0.40625 0.1625 0.40625 0.1625 0.2203125
0 0.665625 0.0578125 0.58125 0.0578125 0.58125 0.2375 0.665625 0.2375 0.665625 0.0578125
0 0.06875 0.0328125 0.0015625 0.0328125 0.0015625 0.1015625 0.06875 0.1015625 0.06875 0.0328125
0 0.6171875 0.00625 0.4625 0.00625 0.4625 0.1359375 0.6171875 0.1359375 0.6171875 0.00625
0 1.0 0.875 0.9125 0.875 0.9125 0.959375 1.0 0.959375 1.0 0.875
0 0.84375 0.7796875 0.5375 0.7796875 0.5375 1.0 0.84375 1.0 0.84375 0.7796875
0 0.9328125 0.140625 0.771875 0.140625 0.771875 0.5234375 0.9328125 0.5234375 0.9328125 0.140625
0 0.7546875 0.0265625 0.6453125 0.0265625 0.6453125 0.321875 0.7546875 0.321875 0.7546875 0.0265625
0 0.56875 0.2296875 0.4875 0.2296875 0.4875 0.4390625 0.56875 0.4390625 0.56875 0.2296875
0 0.584375 0.834375 0.4625 0.834375 0.4625 1.0 0.584375 1.0 0.584375 0.834375
0 0.6296875 0.1265625 0.4546875 0.1265625 0.4546875 0.546875 0.6296875 0.546875 0.6296875 0.1265625
0 0.4890625 0.1453125 0.365625 0.1453125 0.365625 0.45 0.4890625 0.45 0.4890625 0.1453125
0 0.7046875 0.6140625 0.565625 0.6140625 0.565625 0.8046875 0.7046875 0.8046875 0.7046875 0.6140625
0 0.4046875 0.496875 0.1671875 0.496875 0.1671875 0.7953125 0.4046875 0.7953125 0.4046875 0.496875
0 0.871875 0.4015625 0.7546875 0.4015625 0.7546875 0.58125 0.871875 0.58125 0.871875 0.4015625
0 0.4703125 0.0015625 0.3296875 0.0015625 0.3296875 0.096875 0.4703125 0.096875 0.4703125 0.0015625
0 0.4390625 0.465625 0.3015625 0.465625 0.3015625 0.69375 0.4390625 0.69375 0.4390625 0.465625
0 0.3 0.3140625 0.1578125 0.3140625 0.1578125 0.571875 0.3 0.571875 0.3 0.3140625
0 0.125 0.23125 0.034375 0.23125 0.034375 0.3875 0.125 0.3875 0.125 0.23125
0 0.40625 0.3890625 0.2515625 0.3890625 0.2515625 0.6046875 0.40625 0.6046875 0.40625 0.3890625
0 0.1875 0.1265625 0.0015625 0.1265625 0.0015625 0.234375 0.1875 0.234375 0.1875 0.1265625
0 0.1734375 0.5609375 0.0140625 0.5609375 0.0140625 0.69375 0.1734375 0.69375 0.1734375 0.5609375
0 0.0328125 0.459375 0.0015625 0.459375 0.0015625 0.55625 0.0328125 0.55625 0.0328125 0.459375
0 0.221875 0.384375 0.065625 0.384375 0.065625 0.6015625 0.221875 0.6015625 0.221875 0.384375
0 0.503125 0.0640625 0.25 0.0640625 0.25 0.496875 0.503125 0.496875 0.503125 0.0640625
0 0.965625 0.0015625 0.8921875 0.0015625 0.8921875 0.0359375 0.965625 0.0359375 0.965625 0.0015625
0 1.0 0.0015625 0.990625 0.0015625 0.990625 0.00625 1.0 0.00625 1.0 0.0015625
0 0.44375 0.7921875 0.3546875 0.7921875 0.3546875 0.975 0.44375 0.975 0.44375 0.7921875
0 0.0265625 0.553125 0.0015625 0.553125 0.0015625 0.5921875 0.0265625 0.5921875 0.0265625 0.553125
0 0.2578125 0.153125 0.140625 0.153125 0.140625 0.35 0.2578125 0.35 0.2578125 0.153125
0 0.8875 0.3125 0.74375 0.3125 0.74375 0.4703125 0.8875 0.4703125 0.8875 0.3125
0 0.584375 0.1109375 0.4546875 0.1109375 0.4546875 0.2265625 0.584375 0.2265625 0.584375 0.1109375
0 0.6703125 0.0015625 0.528125 0.0015625 0.528125 0.0625 0.6703125 0.0625 0.6703125 0.0015625
0 0.4453125 0.6625 0.2609375 0.6625 0.2609375 0.828125 0.4453125 0.828125 0.4453125 0.6625
0 0.528125 0.853125 0.4203125 0.853125 0.4203125 0.9859375 0.528125 0.9859375 0.528125 0.853125
0 0.0359375 0.2375 0.0015625 0.2375 0.0015625 0.2859375 0.0359375 0.2859375 0.0359375 0.2375
0 0.103125 0.40625 0.0015625 0.40625 0.0015625 0.5390625 0.103125 0.5390625 0.103125 0.40625
0 0.2171875 0.3453125 0.1265625 0.3453125 0.1265625 0.475 0.2171875 0.475 0.2171875 0.3453125
0 0.1984375 0.1796875 0.08125 0.1796875 0.08125 0.3265625 0.1984375 0.3265625 0.1984375 0.1796875
0 0.5421875 0.0015625 0.525 0.0015625 0.525 0.0125 0.5421875 0.0125 0.5421875 0.0015625
0 0.9921875 0.7609375 0.9015625 0.7609375 0.9015625 0.8375 0.9921875 0.8375 0.9921875 0.7609375
0 0.8140625 0.9578125 0.7515625 0.9578125 0.7515625 1.0 0.8140625 1.0 0.8140625 0.9578125
0 1.0 0.8890625 0.8046875 0.8890625 0.8046875 1.0 1.0 1.0 1.0 0.8890625
0 1.0 0.575 0.853125 0.575 0.853125 0.721875 1.0 0.721875 1.0 0.575
0 0.2984375 0.0015625 0.1203125 0.0015625 0.1203125 0.13125 0.2984375 0.13125 0.2984375 0.0015625
0 0.13125 0.0015625 0.0453125 0.0015625 0.0453125 0.053125 0.13125 0.053125 0.13125 0.0015625
0 1.0 0.38125 0.9671875 0.38125 0.9671875 0.5203125 1.0 0.5203125 1.0 0.38125
0 0.7234375 0.9484375 0.5921875 0.9484375 0.5921875 1.0 0.7234375 1.0 0.7234375 0.9484375
0 1.0 0.1984375 0.95 0.1984375 0.95 0.3625 1.0 0.3625 1.0 0.1984375
0 1.0 0.0015625 0.9984375 0.0015625 0.9984375 0.0046875 1.0 0.0046875 1.0 0.0015625
0 0.19375 0.0015625 0.040625 0.0015625 0.040625 0.15 0.19375 0.15 0.19375 0.0015625
0 0.9734375 0.7703125 0.7625 0.7703125 0.7625 0.940625 0.9734375 0.940625 0.9734375 0.7703125
0 0.265625 0.6515625 0.1109375 0.6515625 0.1109375 0.7671875 0.265625 0.7671875 0.265625 0.6515625
0 0.46875 0.696875 0.3640625 0.696875 0.3640625 0.8046875 0.46875 0.8046875 0.46875 0.696875
0 1.0 0.5015625 0.984375 0.5015625 0.984375 0.578125 1.0 0.578125 1.0 0.5015625
0 0.8515625 0.13125 0.6421875 0.13125 0.6421875 0.4625 0.8515625 0.4625 0.8515625 0.13125
0 0.5484375 0.19375 0.4265625 0.19375 0.4265625 0.346875 0.5484375 0.346875 0.5484375 0.19375
0 0.4046875 0.0453125 0.165625 0.0453125 0.165625 0.225 0.4046875 0.225 0.4046875 0.0453125
0 0.540625 0.0015625 0.403125 0.0015625 0.403125 0.1046875 0.540625 0.1046875 0.540625 0.0015625
0 0.109375 0.5890625 0.0015625 0.5890625 0.0015625 0.7125 0.109375 0.7125 0.109375 0.5890625
0 0.0328125 0.0015625 0.0125 0.0015625 0.0125 0.01875 0.0328125 0.01875 0.0328125 0.0015625
0 0.8828125 0.571875 0.4703125 0.571875 0.4703125 0.8765625 0.8828125 0.8765625 0.8828125 0.571875
0 0.540625 0.3109375 0.384375 0.3109375 0.384375 0.7484375 0.540625 0.7484375 0.540625 0.3109375
0 1.0 0.0015625 0.5703125 0.0015625 0.5703125 0.75 1.0 0.75 1.0 0.0015625
0 0.3796875 0.2140625 0.2734375 0.2140625 0.2734375 0.3859375 0.3796875 0.3859375 0.3796875 0.2140625
0 0.9015625 0.88125 0.6671875 0.88125 0.6671875 1.0 0.9015625 1.0 0.9015625 0.88125
0 1.0 0.8328125 0.9296875 0.8328125 0.9296875 0.8765625 1.0 0.8765625 1.0 0.8328125
0 1.0 0.128125 0.984375 0.128125 0.984375 0.228125 1.0 0.228125 1.0 0.128125
0 0.915625 0.9875 0.815625 0.9875 0.815625 1.0 0.915625 1.0 0.915625 0.9875
0 1.0 0.6703125 0.9296875 0.6703125 0.9296875 0.771875 1.0 0.771875 1.0 0.6703125
0 1.0 0.2734375 0.9984375 0.2734375 0.9984375 0.284375 1.0 0.284375 1.0 0.2734375
