0 0.4796875 0.2265625 0.2703125 0.2265625 0.2703125 0.33125 0.4796875 0.33125 0.4796875 0.2265625
0 0.1828125 0.046875 0.015625 0.046875 0.015625 0.146875 0.1828125 0.146875 0.1828125 0.046875
0 0.0171875 0.0015625 0.0015625 0.0015625 0.0015625 0.009375 0.0171875 0.009375 0.0171875 0.0015625
0 0.1234375 0.075 0.0015625 0.075 0.0015625 0.246875 0.1234375 0.246875 0.1234375 0.075
0 0.55625 0.4140625 0.490625 0.4140625 0.490625 0.5796875 0.55625 0.5796875 0.55625 0.4140625
0 0.5765625 0.321875 0.4859375 0.321875 0.4859375 0.4734375 0.5765625 0.4734375 0.5765625 0.321875
0 0.4578125 0.3 0.2171875 0.3 0.2171875 0.4203125 0.4578125 0.4203125 0.4578125 0.3
0 0.340625 0.0015625 0.2015625 0.0015625 0.2015625 0.125 0.340625 0.125 0.340625 0.0015625
0 0.0328125 0.065625 0.0015625 0.065625 0.0015625 0.15625 0.0328125 0.15625 0.0328125 0.065625
0 0.0609375 0.2515625 0.0015625 0.2515625 0.0015625 0.4796875 0.0609375 0.4796875 0.0609375 0.2515625
0 0.6765625 0.0015625 0.45 0.0015625 0.45 0.4046875 0.6765625 0.4046875 0.6765625 0.0015625
0 0.7609375 0.0015625 0.684375 0.0015625 0.684375 0.0671875 0.7609375 0.0671875 0.7609375 0.0015625
0 0.5453125 0.290625 0.0015625 0.290625 0.0015625 0.7546875 0.5453125 0.7546875 0.5453125 0.290625
0 0.1671875 0.1421875 0.0015625 0.1421875 0.0015625 0.4609375 0.1671875 0.4609375 0.1671875 0.1421875
0 0.496875 0.228125 0.35 0.228125 0.35 0.3546875 0.496875 0.3546875 0.496875 0.228125
0 0.3703125 0.0015625 0.0015625 0.0015625 0.0015625 0.3015625 0.3703125 0.3015625 0.3703125 0.0015625
0 0.5328125 0.1046875 0.3953125 0.1046875 0.3953125 0.2515625 0.5328125 0.2515625 0.5328125 0.1046875
0 0.3140625 0.0015625 0.1875 0.0015625 0.1875 0.1046875 0.3140625 0.1046875 0.3140625 0.0015625
0 0.5015625 0.0015625 0.25 0.0015625 0.25 0.1421875 0.5015625 0.1421875 0.5015625 0.0015625
0 0.7390625 0.0015625 0.5421875 0.0015625 0.5421875 0.375 0.7390625 0.375 0.7390625 0.0015625
0 1.0 0.0015625 0.9484375 0.0015625 0.9484375 0.0125 1.0 0.0125 1.0 0.0015625
0 0.2328125 0.0015625 0.1921875 0.0015625 0.1921875 0.0140625 0.2328125 0.0140625 0.2328125 0.0015625
0 0.040625 0.5859375 0.0015625 0.5859375 0.0015625 0.6640625 0.040625 0.6640625 0.040625 0.5859375
0 0.171875 0.2859375 0.0015625 0.2859375 0.0015625 0.4625 0.171875 0.4625 0.171875 0.2859375
0 0.303125 0.44375 0.128125 0.44375 0.128125 0.6546875 0.303125 0.6546875 0.303125 0.44375
0 0.03125 0.425 0.0015625 0.425 0.0015625 0.5484375 0.03125 0.5484375 0.03125 0.425
0 0.275 0.1125 0.1421875 0.1125 0.1421875 0.2609375 0.275 0.2609375 0.275 0.1125
