0 0.1609375 0.490625 0.0078125 0.490625 0.0078125 0.640625 0.1609375 0.640625 0.1609375 0.490625
0 0.05625 0.9859375 0.034375 0.9859375 0.034375 1.0 0.05625 1.0 0.05625 0.9859375
0 0.021875 0.94375 0.0015625 0.94375 0.0015625 0.9765625 0.021875 0.9765625 0.021875 0.94375
0 0.534375 0.0015625 0.29375 0.0015625 0.29375 0.2453125 0.534375 0.2453125 0.534375 0.0015625
0 0.025 0.971875 0.0015625 0.971875 0.0015625 1.0 0.025 1.0 0.025 0.971875
0 1.0 0.075 0.9140625 0.075 0.9140625 0.1328125 1.0 0.1328125 1.0 0.075
0 0.9140625 0.0015625 0.859375 0.0015625 0.859375 0.0359375 0.9140625 0.0359375 0.9140625 0.0015625
0 1.0 0.0015625 0.984375 0.0015625 0.984375 0.0078125 1.0 0.0078125 1.0 0.0015625
0 0.859375 0.4796875 0.4921875 0.4796875 0.4921875 0.6671875 0.859375 0.6671875 0.859375 0.4796875
0 0.5375 0.0015625 0.478125 0.0015625 0.478125 0.09375 0.5375 0.09375 0.5375 0.0015625
0 0.33125 0.984375 0.2234375 0.984375 0.2234375 1.0 0.33125 1.0 0.33125 0.984375
0 0.2484375 0.9078125 0.0296875 0.9078125 0.0296875 1.0 0.2484375 1.0 0.2484375 0.9078125
0 0.6046875 0.6828125 0.353125 0.6828125 0.353125 0.96875 0.6046875 0.96875 0.6046875 0.6828125
0 0.1859375 0.4359375 0.053125 0.4359375 0.053125 0.634375 0.1859375 0.634375 0.1859375 0.4359375
0 0.48125 0.153125 0.3703125 0.153125 0.3703125 0.5515625 0.48125 0.5515625 0.48125 0.153125
0 0.2375 0.2625 0.1453125 0.2625 0.1453125 0.465625 0.2375 0.465625 0.2375 0.2625
0 0.403125 0.040625 0.2390625 0.040625 0.2390625 0.3125 0.403125 0.3125 0.403125 0.040625
0 0.1171875 0.0015625 0.0015625 0.0015625 0.0015625 0.359375 0.1171875 0.359375 0.1171875 0.0015625
0 0.4984375 0.0015625 0.3484375 0.0015625 0.3484375 0.1015625 0.4984375 0.1015625 0.4984375 0.0015625
0 0.265625 0.0015625 0.203125 0.0015625 0.203125 0.0296875 0.265625 0.0296875 0.265625 0.0015625
0 0.8109375 0.925 0.7234375 0.925 0.7234375 1.0 0.8109375 1.0 0.8109375 0.925
0 1.0 0.7734375 0.765625 0.7734375 0.765625 0.925 1.0 0.925 1.0 0.7734375
0 0.746875 0.746875 0.6453125 0.746875 0.6453125 0.8703125 0.746875 0.8703125 0.746875 0.746875
0 0.8578125 0.703125 0.7625 0.703125 0.7625 0.80625 0.8578125 0.80625 0.8578125 0.703125
0 0.928125 0.50625 0.7671875 0.50625 0.7671875 0.684375 0.928125 0.684375 0.928125 0.50625
0 1.0 0.5484375 0.953125 0.5484375 0.953125 0.6234375 1.0 0.6234375 1.0 0.5484375
0 0.7125 0.38125 0.5 0.38125 0.5 0.5515625 0.7125 0.5515625 0.7125 0.38125
0 1.0 0.34375 0.9453125 0.34375 0.9453125 0.5640625 1.0 0.5640625 1.0 0.34375
0 1.0 0.2484375 0.95 0.2484375 0.95 0.3296875 1.0 0.3296875 1.0 0.2484375
0 0.5296875 0.0796875 0.4125 0.0796875 0.4125 0.221875 0.5296875 0.221875 0.5296875 0.0796875
0 0.91875 0.05625 0.859375 0.05625 0.859375 0.1890625 0.91875 0.1890625 0.91875 0.05625
0 1.0 0.05625 0.984375 0.05625 0.984375 0.103125 1.0 0.103125 1.0 0.05625
0 0.7421875 0.0015625 0.509375 0.0015625 0.509375 0.0890625 0.7421875 0.0890625 0.7421875 0.0015625
0 0.94375 0.0015625 0.9125 0.0015625 0.9125 0.0359375 0.94375 0.0359375 0.94375 0.0015625
0 0.403125 0.421875 0.2390625 0.421875 0.2390625 0.625 0.403125 0.625 0.403125 0.421875
0 0.3 0.0375 0.178125 0.0375 0.178125 0.2609375 0.3 0.2609375 0.3 0.0375
0 1.0 0.9640625 0.9640625 0.9640625 0.9640625 1.0 1.0 1.0 1.0 0.9640625
0 0.915625 0.24375 0.7671875 0.24375 0.7671875 0.375 0.915625 0.375 0.915625 0.24375
0 0.78125 0.134375 0.5734375 0.134375 0.5734375 0.2890625 0.78125 0.2890625 0.78125 0.134375
0 1.0 0.6140625 0.9578125 0.6140625 0.9578125 0.69375 1.0 0.69375 1.0 0.6140625
0 0.9703125 0.0015625 0.7765625 0.0015625 0.7765625 0.0875 0.9703125 0.0875 0.9703125 0.0015625
0 0.3234375 0.884375 0.196875 0.884375 0.196875 1.0 0.3234375 1.0 0.3234375 0.884375
0 0.040625 0.8265625 0.0015625 0.8265625 0.0015625 1.0 0.040625 1.0 0.040625 0.8265625
0 1.0 0.0015625 0.0015625 0.0015625 0.0015625 0.85625 1.0 0.85625 1.0 0.0015625
0 0.11875 0.0015625 0.0015625 0.0015625 0.0015625 0.0046875 0.11875 0.0046875 0.11875 0.0015625
0 0.6484375 0.9390625 0.3265625 0.9390625 0.3265625 1.0 0.6484375 1.0 0.6484375 0.9390625
0 0.6140625 0.0296875 0.515625 0.0296875 0.515625 0.246875 0.6140625 0.246875 0.6140625 0.0296875
0 0.2734375 0.0015625 0.0828125 0.0015625 0.0828125 0.3046875 0.2734375 0.3046875 0.2734375 0.0015625
0 0.9390625 0.8515625 0.6625 0.8515625 0.6625 1.0 0.9390625 1.0 0.9390625 0.8515625
0 0.8484375 0.425 0.6796875 0.425 0.6796875 0.5859375 0.8484375 0.5859375 0.8484375 0.425
0 0.925 0.021875 0.703125 0.021875 0.703125 0.25625 0.925 0.25625 0.925 0.021875
