0 0.7484375 0.9125 0.615625 0.9125 0.615625 1.0 0.7484375 1.0 0.7484375 0.9125
0 0.6796875 0.7375 0.5453125 0.7375 0.5453125 0.9328125 0.6796875 0.9328125 0.6796875 0.7375
0 0.628125 0.7875 0.509375 0.7875 0.509375 0.9265625 0.628125 0.9265625 0.628125 0.7875
0 0.696875 0.296875 0.571875 0.296875 0.571875 0.546875 0.696875 0.546875 0.696875 0.296875
0 0.765625 0.240625 0.703125 0.240625 0.703125 0.4734375 0.765625 0.4734375 0.765625 0.240625
0 0.8625 0.340625 0.790625 0.340625 0.790625 0.459375 0.8625 0.459375 0.8625 0.340625
0 0.9046875 0.134375 0.7875 0.134375 0.7875 0.3453125 0.9046875 0.3453125 0.9046875 0.134375
0 0.58125 0.0015625 0.4390625 0.0015625 0.4390625 0.08125 0.58125 0.08125 0.58125 0.0015625
0 0.590625 0.0015625 0.546875 0.0015625 0.546875 0.0171875 0.590625 0.0171875 0.590625 0.0015625
0 1.0 0.746875 0.9625 0.746875 0.9625 0.8671875 1.0 0.8671875 1.0 0.746875
0 1.0 0.55625 0.9515625 0.55625 0.9515625 0.70625 1.0 0.70625 1.0 0.55625
0 0.9625 0.4375 0.853125 0.4375 0.853125 0.5796875 0.9625 0.5796875 0.9625 0.4375
0 1.0 0.4375 0.959375 0.4375 0.959375 0.5015625 1.0 0.5015625 1.0 0.4375
0 1.0 0.8375 0.9625 0.8375 0.9625 0.9515625 1.0 0.9515625 1.0 0.8375
0 1.0 0.69375 0.9359375 0.69375 0.9359375 0.7734375 1.0 0.7734375 1.0 0.69375
0 0.396875 0.809375 0.2796875 0.809375 0.2796875 0.9421875 0.396875 0.9421875 0.396875 0.809375
0 0.653125 0.928125 0.484375 0.928125 0.484375 1.0 0.653125 1.0 0.653125 0.928125
0 0.425 0.9203125 0.19375 0.9203125 0.19375 1.0 0.425 1.0 0.425 0.9203125
0 0.8109375 0.9796875 0.7734375 0.9796875 0.7734375 1.0 0.8109375 1.0 0.8109375 0.9796875
0 0.5375 0.8359375 0.38125 0.8359375 0.38125 0.996875 0.5375 0.996875 0.5375 0.8359375
0 0.9625 0.0015625 0.8203125 0.0015625 0.8203125 0.1265625 0.9625 0.1265625 0.9625 0.0015625
0 0.859375 0.621875 0.7234375 0.621875 0.7234375 0.6984375 0.859375 0.6984375 0.859375 0.621875
0 0.615625 0.5046875 0.4984375 0.5046875 0.4984375 0.628125 0.615625 0.628125 0.615625 0.5046875
0 0.7203125 0.2140625 0.628125 0.2140625 0.628125 0.4265625 0.7203125 0.4265625 0.7203125 0.2140625
0 0.971875 0.7015625 0.915625 0.7015625 0.915625 0.9375 0.971875 0.9375 0.971875 0.7015625
0 0.95 0.0015625 0.8453125 0.0015625 0.8453125 0.075 0.95 0.075 0.95 0.0015625
0 0.5171875 0.0703125 0.4015625 0.0703125 0.4015625 0.240625 0.5171875 0.240625 0.5171875 0.0703125
0 0.4125 0.0015625 0.296875 0.0015625 0.296875 0.1703125 0.4125 0.1703125 0.4125 0.0015625
0 0.1453125 0.9640625 0.0296875 0.9640625 0.0296875 1.0 0.1453125 1.0 0.1453125 0.9640625
0 0.5109375 0.55 0.425 0.55 0.425 0.840625 0.5109375 0.840625 0.5109375 0.55
0 0.8796875 0.6796875 0.7140625 0.6796875 0.7140625 0.8859375 0.8796875 0.8859375 0.8796875 0.6796875
0 0.553125 0.603125 0.4703125 0.603125 0.4703125 0.7765625 0.553125 0.7765625 0.553125 0.603125
0 0.8390625 0.4734375 0.7640625 0.4734375 0.7640625 0.615625 0.8390625 0.615625 0.8390625 0.4734375
0 0.7078125 0.46875 0.51875 0.46875 0.51875 0.6171875 0.7078125 0.6171875 0.7078125 0.46875
0 0.96875 0.559375 0.878125 0.559375 0.878125 0.6921875 0.96875 0.6921875 0.96875 0.559375
0 0.871875 0.6953125 0.8 0.6953125 0.8 0.8578125 0.871875 0.8578125 0.871875 0.6953125
0 1.0 0.6625 0.975 0.6625 0.975 0.71875 1.0 0.71875 1.0 0.6625
0 0.8375 0.015625 0.6625 0.015625 0.6625 0.25625 0.8375 0.25625 0.8375 0.015625
0 0.790625 0.0015625 0.0015625 0.0015625 0.0015625 1.0 0.790625 1.0 0.790625 0.0015625
0 0.328125 0.9859375 0.309375 0.9859375 0.309375 1.0 0.328125 1.0 0.328125 0.9859375
0 1.0 0.121875 0.6109375 0.121875 0.6109375 1.0 1.0 1.0 1.0 0.121875
0 0.7984375 0.478125 0.696875 0.478125 0.696875 0.61875 0.7984375 0.61875 0.7984375 0.478125
0 0.7578125 0.0015625 0.65 0.0015625 0.65 0.05625 0.7578125 0.05625 0.7578125 0.0015625
0 0.6515625 0.640625 0.496875 0.640625 0.496875 0.8375 0.6515625 0.8375 0.6515625 0.640625
0 0.8421875 0.0015625 0.75625 0.0015625 0.75625 0.059375 0.8421875 0.059375 0.8421875 0.0015625
