0 0.221875 0.1265625 0.06875 0.1265625 0.06875 0.259375 0.221875 0.259375 0.221875 0.1265625
0 0.4828125 0.05625 0.3359375 0.05625 0.3359375 0.1921875 0.4828125 0.1921875 0.4828125 0.05625
0 0.621875 0.99375 0.53125 0.99375 0.53125 1.0 0.621875 1.0 0.621875 0.99375
0 0.9328125 0.634375 0.8171875 0.634375 0.8171875 0.759375 0.9328125 0.759375 0.9328125 0.634375
0 1.0 0.4234375 0.896875 0.4234375 0.896875 0.5375 1.0 0.5375 1.0 0.4234375
0 0.46875 0.9875 0.4546875 0.9875 0.4546875 1.0 0.46875 1.0 0.46875 0.9875
0 0.0125 0.965625 0.0015625 0.965625 0.0015625 1.0 0.0125 1.0 0.0125 0.965625
0 0.5640625 0.759375 0.43125 0.759375 0.43125 0.965625 0.5640625 0.965625 0.5640625 0.759375
0 0.071875 0.846875 0.0015625 0.846875 0.0015625 0.978125 0.071875 0.978125 0.071875 0.846875
0 0.4078125 0.7828125 0.2953125 0.7828125 0.2953125 0.9109375 0.4078125 0.9109375 0.4078125 0.7828125
0 0.60625 0.3109375 0.459375 0.3109375 0.459375 0.45 0.60625 0.45 0.60625 0.3109375
0 0.8609375 0.15 0.6796875 0.15 0.6796875 0.2671875 0.8609375 0.2671875 0.8609375 0.15
0 0.7515625 0.0015625 0.7375 0.0015625 0.7375 0.0078125 0.7515625 0.0078125 0.7515625 0.0015625
0 1.0 0.4171875 0.9875 0.4171875 0.9875 0.4890625 1.0 0.4890625 1.0 0.4171875
0 1.0 0.0015625 0.9546875 0.0015625 0.9546875 0.065625 1.0 0.065625 1.0 0.0015625
0 0.2953125 0.4203125 0.1890625 0.4203125 0.1890625 0.65 0.2953125 0.65 0.2953125 0.4203125
0 0.9328125 0.034375 0.7109375 0.034375 0.7109375 0.1734375 0.9328125 0.1734375 0.9328125 0.034375
0 1.0 0.728125 0.915625 0.728125 0.915625 0.803125 1.0 0.803125 1.0 0.728125
0 0.1140625 0.75625 0.0015625 0.75625 0.0015625 0.8578125 0.1140625 0.8578125 0.1140625 0.75625
0 0.4953125 0.2328125 0.371875 0.2328125 0.371875 0.4171875 0.4953125 0.4171875 0.4953125 0.2328125
0 0.1453125 0.0015625 0.0015625 0.0015625 0.0015625 0.159375 0.1453125 0.159375 0.1453125 0.0015625
0 0.9609375 0.5671875 0.78125 0.5671875 0.78125 0.6515625 0.9609375 0.6515625 0.9609375 0.5671875
0 0.475 0.94375 0.409375 0.94375 0.409375 1.0 0.475 1.0 0.475 0.94375
0 0.3953125 0.9890625 0.3765625 0.9890625 0.3765625 1.0 0.3953125 1.0 0.3953125 0.9890625
0 0.14375 0.88125 0.0015625 0.88125 0.0015625 1.0 0.14375 1.0 0.14375 0.88125
0 0.534375 0.6171875 0.4546875 0.6171875 0.4546875 0.7453125 0.534375 0.7453125 0.534375 0.6171875
0 0.4703125 0.4140625 0.3953125 0.4140625 0.3953125 0.5640625 0.4703125 0.5640625 0.4703125 0.4140625
0 0.39375 0.6953125 0.128125 0.6953125 0.128125 1.0 0.39375 1.0 0.39375 0.6953125
0 1.0 0.7390625 0.9453125 0.7390625 0.9453125 0.9078125 1.0 0.9078125 1.0 0.7390625
0 1.0 0.240625 0.584375 0.240625 0.584375 0.5875 1.0 0.5875 1.0 0.240625
0 0.5453125 0.0015625 0.0015625 0.0015625 0.0015625 0.709375 0.5453125 0.709375 0.5453125 0.0015625
0 0.040625 0.0015625 0.0015625 0.0015625 0.0015625 0.0546875 0.040625 0.0546875 0.040625 0.0015625
0 0.7375 0.0015625 0.5296875 0.0015625 0.5296875 0.128125 0.7375 0.128125 0.7375 0.0015625
0 0.8703125 0.0015625 0.7578125 0.0015625 0.7578125 0.0734375 0.8703125 0.0734375 0.8703125 0.0015625
0 0.9890625 0.0015625 0.896875 0.0015625 0.896875 0.0515625 0.9890625 0.0515625 0.9890625 0.0015625
0 1.0 0.0015625 0.0015625 0.0015625 0.0015625 1.0 1.0 1.0 1.0 0.0015625
0 0.0984375 0.5875 0.0015625 0.5875 0.0015625 0.671875 0.0984375 0.671875 0.0984375 0.5875
0 0.1203125 0.0015625 0.0015625 0.0015625 0.0015625 0.0734375 0.1203125 0.0734375 0.1203125 0.0015625
0 1.0 0.471875 0.7671875 0.471875 0.7671875 0.734375 1.0 0.734375 1.0 0.471875
0 1.0 0.0609375 0.8109375 0.0609375 0.8109375 0.29375 1.0 0.29375 1.0 0.0609375
