0 0.325 0.7828125 0.2375 0.7828125 0.2375 0.9203125 0.325 0.9203125 0.325 0.7828125
0 0.5390625 0.6515625 0.4421875 0.6515625 0.4421875 0.8796875 0.5390625 0.8796875 0.5390625 0.6515625
0 0.503125 0.5359375 0.33125 0.5359375 0.33125 0.665625 0.503125 0.665625 0.503125 0.5359375
0 0.903125 0.6921875 0.7171875 0.6921875 0.7171875 0.7984375 0.903125 0.7984375 0.903125 0.6921875
0 1.0 0.446875 0.8359375 0.446875 0.8359375 0.565625 1.0 0.565625 1.0 0.446875
0 0.29375 0.3765625 0.15625 0.3765625 0.15625 0.6015625 0.29375 0.6015625 0.29375 0.3765625
0 0.8484375 0.365625 0.7453125 0.365625 0.7453125 0.509375 0.8484375 0.509375 0.8484375 0.365625
0 0.6046875 0.190625 0.4375 0.190625 0.4375 0.4859375 0.6046875 0.4859375 0.6046875 0.190625
0 0.43125 0.0875 0.29375 0.0875 0.29375 0.340625 0.43125 0.340625 0.43125 0.0875
0 0.634375 0.0015625 0.303125 0.0015625 0.303125 0.04375 0.634375 0.04375 0.634375 0.0015625
0 0.503125 0.9140625 0.41875 0.9140625 0.41875 1.0 0.503125 1.0 0.503125 0.9140625
0 1.0 0.8203125 0.9515625 0.8203125 0.9515625 0.965625 1.0 0.965625 1.0 0.8203125
0 0.6203125 0.0796875 0.5328125 0.0796875 0.5328125 0.29375 0.6203125 0.29375 0.6203125 0.0796875
0 1.0 0.8953125 0.884375 0.8953125 0.884375 1.0 1.0 1.0 1.0 0.8953125
0 0.284375 0.7703125 0.1953125 0.7703125 0.1953125 0.909375 0.284375 0.909375 0.284375 0.7703125
0 0.4609375 0.6796875 0.3375 0.6796875 0.3375 0.90625 0.4609375 0.90625 0.4609375 0.6796875
0 0.928125 0.6078125 0.7328125 0.6078125 0.7328125 0.8296875 0.928125 0.8296875 0.928125 0.6078125
0 0.64375 0.646875 0.50625 0.646875 0.50625 0.9078125 0.64375 0.9078125 0.64375 0.646875
0 1.0 0.521875 0.9828125 0.521875 0.9828125 0.5453125 1.0 0.5453125 1.0 0.521875
0 0.696875 0.2765625 0.5078125 0.2765625 0.5078125 0.5921875 0.696875 0.5921875 0.696875 0.2765625
0 0.91875 0.46875 0.8296875 0.46875 0.8296875 0.5734375 0.91875 0.5734375 0.91875 0.46875
0 0.446875 0.409375 0.24375 0.409375 0.24375 0.5765625 0.446875 0.5765625 0.446875 0.409375
0 0.5203125 0.2390625 0.375 0.2390625 0.375 0.4734375 0.5203125 0.4734375 0.5203125 0.2390625
0 0.915625 0.059375 0.7203125 0.059375 0.7203125 0.28125 0.915625 0.28125 0.915625 0.059375
0 0.528125 0.0015625 0.4390625 0.0015625 0.4390625 0.1609375 0.528125 0.1609375 0.528125 0.0015625
0 0.425 0.0015625 0.325 0.0015625 0.325 0.0859375 0.425 0.0859375 0.425 0.0015625
0 0.93125 0.0015625 0.9171875 0.0015625 0.9171875 0.0109375 0.93125 0.0109375 0.93125 0.0015625
0 0.58125 0.6921875 0.2625 0.6921875 0.2625 1.0 0.58125 1.0 0.58125 0.6921875
0 0.9703125 0.8890625 0.7875 0.8890625 0.7875 1.0 0.9703125 1.0 0.9703125 0.8890625
0 0.3671875 0.7890625 0.29375 0.7890625 0.29375 1.0 0.3671875 1.0 0.3671875 0.7890625
0 0.7671875 0.625 0.6625 0.625 0.6625 0.9078125 0.7671875 0.9078125 0.7671875 0.625
0 1.0 0.521875 0.884375 0.521875 0.884375 0.89375 1.0 0.89375 1.0 0.521875
0 0.8390625 0.084375 0.2671875 0.084375 0.2671875 0.903125 0.8390625 0.903125 0.8390625 0.084375
0 0.984375 0.584375 0.8484375 0.584375 0.8484375 0.928125 0.984375 0.928125 0.984375 0.584375
0 1.0 0.2453125 0.8265625 0.2453125 0.8265625 0.5390625 1.0 0.5390625 1.0 0.2453125
0 0.5984375 0.0015625 0.5078125 0.0015625 0.5078125 0.1296875 0.5984375 0.1296875 0.5984375 0.0015625
0 0.7671875 0.084375 0.6890625 0.084375 0.6890625 0.3140625 0.7671875 0.3140625 0.7671875 0.084375
0 1.0 0.0890625 0.9828125 0.0890625 0.9828125 0.1328125 1.0 0.1328125 1.0 0.0890625
0 0.3140625 0.89375 0.23125 0.89375 0.23125 1.0 0.3140625 1.0 0.3140625 0.89375
0 0.45 0.8953125 0.35625 0.8953125 0.35625 1.0 0.45 1.0 0.45 0.8953125
0 0.0625 0.0015625 0.0015625 0.0015625 0.0015625 0.115625 0.0625 0.115625 0.0625 0.0015625
0 0.1546875 0.625 0.071875 0.625 0.071875 0.7828125 0.1546875 0.7828125 0.1546875 0.625
0 0.196875 0.553125 0.1078125 0.553125 0.1078125 0.7046875 0.196875 0.7046875 0.196875 0.553125
0 1.0 0.1484375 0.8453125 0.1484375 0.8453125 0.29375 1.0 0.29375 1.0 0.1484375
0 0.7875 0.0015625 0.5953125 0.0015625 0.5953125 0.0859375 0.7875 0.0859375 0.7875 0.0015625
0 0.0140625 0.4015625 0.0015625 0.4015625 0.0015625 0.459375 0.0140625 0.459375 0.0140625 0.4015625
0 0.0875 0.0015625 0.0015625 0.0015625 0.0015625 0.2984375 0.0875 0.2984375 0.0875 0.0015625
0 0.2609375 0.9234375 0.1765625 0.9234375 0.1765625 1.0 0.2609375 1.0 0.2609375 0.9234375
0 0.1421875 0.425 0.0515625 0.425 0.0515625 0.7765625 0.1421875 0.7765625 0.1421875 0.425
0 0.11875 0.465625 0.0515625 0.465625 0.0515625 0.7546875 0.11875 0.7546875 0.11875 0.465625
0 0.190625 0.0015625 0.165625 0.0015625 0.165625 0.046875 0.190625 0.046875 0.190625 0.0015625
0 0.9234375 0.0015625 0.7140625 0.0015625 0.7140625 0.109375 0.9234375 0.109375 0.9234375 0.0015625
0 0.196875 0.953125 0.109375 0.953125 0.109375 1.0 0.196875 1.0 0.196875 0.953125
0 0.565625 0.5921875 0.259375 0.5921875 0.259375 0.8546875 0.565625 0.8546875 0.565625 0.5921875
0 0.85625 0.6 0.709375 0.6 0.709375 0.6953125 0.85625 0.6953125 0.85625 0.6
0 0.3625 0.3328125 0.246875 0.3328125 0.246875 0.471875 0.3625 0.471875 0.3625 0.3328125
0 0.3609375 0.0015625 0.2171875 0.0015625 0.2171875 0.3484375 0.3609375 0.3484375 0.3609375 0.0015625
0 0.5375 0.128125 0.4078125 0.128125 0.4078125 0.2890625 0.5375 0.2890625 0.5375 0.128125
0 0.084375 0.1953125 0.0015625 0.1953125 0.0015625 0.7875 0.084375 0.7875 0.084375 0.1953125
0 0.2703125 0.703125 0.1359375 0.703125 0.1359375 0.9109375 0.2703125 0.9109375 0.2703125 0.703125
0 0.3421875 0.45 0.203125 0.45 0.203125 0.734375 0.3421875 0.734375 0.3421875 0.45
0 0.5453125 0.434375 0.3234375 0.434375 0.3234375 0.528125 0.5453125 0.528125 0.5453125 0.434375
0 0.184375 0.0015625 0.146875 0.0015625 0.146875 0.121875 0.184375 0.121875 0.184375 0.0015625
0 0.9671875 0.0015625 0.9078125 0.0015625 0.9078125 0.0328125 0.9671875 0.0328125 0.9671875 0.0015625
0 1.0 0.2296875 0.9890625 0.2296875 0.9890625 0.2453125 1.0 0.2453125 1.0 0.2296875
0 0.16875 0.0015625 0.040625 0.0015625 0.040625 0.4375 0.16875 0.4375 0.16875 0.0015625
0 0.1 0.0015625 0.0078125 0.0015625 0.0078125 0.1171875 0.1 0.1171875 0.1 0.0015625
0 0.2421875 0.490625 0.1703125 0.490625 0.1703125 0.675 0.2421875 0.675 0.2421875 0.490625
0 0.2640625 0.0015625 0.1234375 0.0015625 0.1234375 0.5984375 0.2640625 0.5984375 0.2640625 0.0015625
0 0.4703125 0.175 0.2546875 0.175 0.2546875 0.3984375 0.4703125 0.3984375 0.4703125 0.175
0 1.0 0.0015625 0.8421875 0.0015625 0.8421875 0.20625 1.0 0.20625 1.0 0.0015625
0 0.66875 0.0015625 0.2890625 0.0015625 0.2890625 0.171875 0.66875 0.171875 0.66875 0.0015625
0 0.2453125 0.0015625 0.225 0.0015625 0.225 0.046875 0.2453125 0.046875 0.2453125 0.0015625
0 0.0875 0.9203125 0.0015625 0.9203125 0.0015625 1.0 0.0875 1.0 0.0875 0.9203125
0 0.134375 0.775 0.0328125 0.775 0.0328125 0.9546875 0.134375 0.9546875 0.134375 0.775
0 0.7640625 0.021875 0.5546875 0.021875 0.5546875 0.2875 0.7640625 0.2875 0.7640625 0.021875
