0 0.3140625 0.7359375 0.1765625 0.7359375 0.1765625 0.9578125 0.3140625 0.9578125 0.3140625 0.7359375
0 0.7140625 0.7984375 0.54375 0.7984375 0.54375 1.0 0.7140625 1.0 0.7140625 0.7984375
0 0.3875 0.853125 0.2578125 0.853125 0.2578125 0.95625 0.3875 0.95625 0.3875 0.853125
0 0.14375 0.771875 0.0015625 0.771875 0.0015625 0.8625 0.14375 0.8625 0.14375 0.771875
0 0.3125 0.8140625 0.0015625 0.8140625 0.0015625 1.0 0.3125 1.0 0.3125 0.8140625
0 0.4765625 0.8625 0.4109375 0.8625 0.4109375 1.0 0.4765625 1.0 0.4765625 0.8625
0 0.175 0.4578125 0.0015625 0.4578125 0.0015625 0.7296875 0.175 0.7296875 0.175 0.4578125
0 0.45625 0.5828125 0.215625 0.5828125 0.215625 0.9390625 0.45625 0.9390625 0.45625 0.5828125
0 0.159375 0.7296875 0.0703125 0.7296875 0.0703125 0.8265625 0.159375 0.8265625 0.159375 0.7296875
0 0.221875 0.665625 0.09375 0.665625 0.09375 0.8703125 0.221875 0.8703125 0.221875 0.665625
0 0.3875 0.7484375 0.265625 0.7484375 0.265625 0.859375 0.3875 0.859375 0.3875 0.7484375
0 0.6953125 0.56875 0.58125 0.56875 0.58125 0.7625 0.6953125 0.7625 0.6953125 0.56875
0 0.0421875 0.33125 0.0015625 0.33125 0.0015625 0.4484375 0.0421875 0.4484375 0.0421875 0.33125
0 0.809375 0.734375 0.7 0.734375 0.7 0.8859375 0.809375 0.8859375 0.809375 0.734375
0 0.771875 0.0015625 0.6484375 0.0015625 0.6484375 0.2625 0.771875 0.2625 0.771875 0.0015625
0 0.90625 0.70625 0.8328125 0.70625 0.8328125 0.8125 0.90625 0.8125 0.90625 0.70625
0 0.3234375 0.96875 0.153125 0.96875 0.153125 1.0 0.3234375 1.0 0.3234375 0.96875
0 0.6828125 0.69375 0.603125 0.69375 0.603125 0.8125 0.6828125 0.8125 0.6828125 0.69375
0 0.89375 0.0015625 0.8375 0.0015625 0.8375 0.203125 0.89375 0.203125 0.89375 0.0015625
0 0.1078125 0.9078125 0.0015625 0.9078125 0.0015625 1.0 0.1078125 1.0 0.1078125 0.9078125
0 0.365625 0.7984375 0.2328125 0.7984375 0.2328125 0.9015625 0.365625 0.9015625 0.365625 0.7984375
0 0.246875 0.3296875 0.0671875 0.3296875 0.0671875 0.4703125 0.246875 0.4703125 0.246875 0.3296875
0 0.371875 0.140625 0.184375 0.140625 0.184375 0.26875 0.371875 0.26875 0.371875 0.140625
0 0.6203125 0.8828125 0.4578125 0.8828125 0.4578125 0.96875 0.6203125 0.96875 0.6203125 0.8828125
0 0.7265625 0.796875 0.625 0.796875 0.625 0.9234375 0.7265625 0.9234375 0.7265625 0.796875
0 1.0 0.609375 0.96875 0.609375 0.96875 0.721875 1.0 0.721875 1.0 0.609375
0 0.653125 0.9015625 0.48125 0.9015625 0.48125 1.0 0.653125 1.0 0.653125 0.9015625
0 0.590625 0.940625 0.4671875 0.940625 0.4671875 1.0 0.590625 1.0 0.590625 0.940625
0 0.425 0.6046875 0.2796875 0.6046875 0.2796875 0.7421875 0.425 0.7421875 0.425 0.6046875
0 1.0 0.6453125 0.9125 0.6453125 0.9125 1.0 1.0 1.0 1.0 0.6453125
0 0.8421875 0.8515625 0.7890625 0.8515625 0.7890625 1.0 0.8421875 1.0 0.8421875 0.8515625
0 0.81875 0.5078125 0.64375 0.5078125 0.64375 1.0 0.81875 1.0 0.81875 0.5078125
0 0.671875 0.3359375 0.453125 0.3359375 0.453125 0.565625 0.671875 0.565625 0.671875 0.3359375
0 0.690625 0.0015625 0.44375 0.0015625 0.44375 0.3609375 0.690625 0.3609375 0.690625 0.0015625
0 0.8171875 0.2140625 0.746875 0.2140625 0.746875 0.3625 0.8171875 0.3625 0.8171875 0.2140625
0 1.0 0.51875 0.971875 0.51875 0.971875 0.5984375 1.0 0.5984375 1.0 0.51875
0 1.0 0.3 0.978125 0.3 0.978125 0.471875 1.0 0.471875 1.0 0.3
0 0.45625 0.61875 0.359375 0.61875 0.359375 0.7609375 0.45625 0.7609375 0.45625 0.61875
0 0.9703125 0.846875 0.8921875 0.846875 0.8921875 1.0 0.9703125 1.0 0.9703125 0.846875
0 1.0 0.734375 0.953125 0.734375 0.953125 0.903125 1.0 0.903125 1.0 0.734375
0 0.85625 0.5125 0.71875 0.5125 0.71875 0.70625 0.85625 0.70625 0.85625 0.5125
0 0.8359375 0.38125 0.7703125 0.38125 0.7703125 0.5 0.8359375 0.5 0.8359375 0.38125
0 0.690625 0.0296875 0.578125 0.0296875 0.578125 0.1390625 0.690625 0.1390625 0.690625 0.0296875
0 0.9453125 0.7921875 0.7890625 0.7921875 0.7890625 1.0 0.9453125 1.0 0.9453125 0.7921875
0 1.0 0.3796875 0.8609375 0.3796875 0.8609375 0.7453125 1.0 0.7453125 1.0 0.3796875
0 0.8765625 0.39375 0.7046875 0.39375 0.7046875 0.5875 0.8765625 0.5875 0.8765625 0.39375
