0 0.05625 0.0015625 0.0015625 0.0015625 0.0015625 0.1359375 0.05625 0.1359375 0.05625 0.0015625
0 0.3578125 0.25625 0.28125 0.25625 0.28125 0.3875 0.3578125 0.3875 0.3578125 0.25625
0 0.4578125 0.0625 0.3203125 0.0625 0.3203125 0.265625 0.4578125 0.265625 0.4578125 0.0625
0 0.6671875 0.0015625 0.575 0.0015625 0.575 0.15625 0.6671875 0.15625 0.6671875 0.0015625
0 0.4828125 0.5453125 0.4 0.5453125 0.4 0.6609375 0.4828125 0.6609375 0.4828125 0.5453125
0 0.4015625 0.9671875 0.325 0.9671875 0.325 1.0 0.4015625 1.0 0.4015625 0.9671875
0 0.453125 0.6390625 0.225 0.6390625 0.225 0.9234375 0.453125 0.9234375 0.453125 0.6390625
0 0.9921875 0.696875 0.840625 0.696875 0.840625 0.909375 0.9921875 0.909375 0.9921875 0.696875
0 0.125 0.4453125 0.0015625 0.4453125 0.0015625 0.8484375 0.125 0.8484375 0.125 0.4453125
0 0.5265625 0.640625 0.4234375 0.640625 0.4234375 0.746875 0.5265625 0.746875 0.5265625 0.640625
0 1.0 0.484375 0.896875 0.484375 0.896875 0.740625 1.0 0.740625 1.0 0.484375
0 0.5890625 0.2796875 0.4609375 0.2796875 0.4609375 0.5046875 0.5890625 0.5046875 0.5890625 0.2796875
0 0.2609375 0.253125 0.1765625 0.253125 0.1765625 0.3828125 0.2609375 0.3828125 0.2609375 0.253125
0 0.61875 0.1421875 0.4765625 0.1421875 0.4765625 0.24375 0.61875 0.24375 0.61875 0.1421875
0 0.315625 0.4296875 0.234375 0.4296875 0.234375 0.5921875 0.315625 0.5921875 0.315625 0.4296875
0 0.515625 0.6890625 0.415625 0.6890625 0.415625 0.909375 0.515625 0.909375 0.515625 0.6890625
0 1.0 0.2703125 0.9046875 0.2703125 0.9046875 0.496875 1.0 0.496875 1.0 0.2703125
0 0.56875 0.1953125 0.4375 0.1953125 0.4375 0.390625 0.56875 0.390625 0.56875 0.1953125
0 1.0 0.16875 0.9234375 0.16875 0.9234375 0.3078125 1.0 0.3078125 1.0 0.16875
0 0.7421875 0.0015625 0.64375 0.0015625 0.64375 0.1296875 0.7421875 0.1296875 0.7421875 0.0015625
0 0.2375 0.38125 0.0765625 0.38125 0.0765625 0.6390625 0.2375 0.6390625 0.2375 0.38125
0 0.4703125 0.871875 0.284375 0.871875 0.284375 0.99375 0.4703125 0.99375 0.4703125 0.871875
0 0.8734375 0.7203125 0.7578125 0.7203125 0.7578125 0.9015625 0.8734375 0.9015625 0.8734375 0.7203125
0 0.946875 0.496875 0.859375 0.496875 0.859375 0.665625 0.946875 0.665625 0.946875 0.496875
0 0.684375 0.36875 0.5921875 0.36875 0.5921875 0.5546875 0.684375 0.5546875 0.684375 0.36875
0 1.0 0.903125 0.978125 0.903125 0.978125 0.9671875 1.0 0.9671875 1.0 0.903125
0 1.0 0.0015625 0.0015625 0.0015625 0.0015625 1.0 1.0 1.0 1.0 0.0015625
0 0.06875 0.1546875 0.0015625 0.1546875 0.0015625 0.3375 0.06875 0.3375 0.06875 0.1546875
0 1.0 0.2140625 0.9375 0.2140625 0.9375 0.396875 1.0 0.396875 1.0 0.2140625
0 1.0 0.4140625 0.9984375 0.4140625 0.9984375 0.65 1.0 0.65 1.0 0.4140625
