0 0.634375 0.4703125 0.43125 0.4703125 0.43125 0.6875 0.634375 0.6875 0.634375 0.4703125
0 1.0 0.0015625 0.0015625 0.0015625 0.0015625 1.0 1.0 1.0 1.0 0.0015625
0 0.321875 0.0015625 0.1875 0.0015625 0.1875 0.15625 0.321875 0.15625 0.321875 0.0015625
0 0.73125 0.94375 0.6578125 0.94375 0.6578125 1.0 0.73125 1.0 0.73125 0.94375
0 0.6125 0.5921875 0.4734375 0.5921875 0.4734375 0.9984375 0.6125 0.9984375 0.6125 0.5921875
0 0.1296875 0.4 0.0015625 0.4 0.0015625 0.65 0.1296875 0.65 0.1296875 0.4
0 0.8140625 0.3125 0.6046875 0.3125 0.6046875 0.4375 0.8140625 0.4375 0.8140625 0.3125
0 0.2390625 0.1765625 0.1265625 0.1765625 0.1265625 0.346875 0.2390625 0.346875 0.2390625 0.1765625
0 0.953125 0.0875 0.8546875 0.0875 0.8546875 0.25 0.953125 0.25 0.953125 0.0875
0 0.6484375 0.0140625 0.503125 0.0140625 0.503125 0.30625 0.6484375 0.30625 0.6484375 0.0140625
0 0.2296875 0.0015625 0.090625 0.0015625 0.090625 0.0640625 0.2296875 0.0640625 0.2296875 0.0015625
0 0.525 0.0015625 0.284375 0.0015625 0.284375 0.784375 0.525 0.784375 0.525 0.0015625
0 0.2234375 0.021875 0.0859375 0.021875 0.0859375 0.1484375 0.2234375 0.1484375 0.2234375 0.021875
0 1.0 0.8234375 0.9171875 0.8234375 0.9171875 1.0 1.0 1.0 1.0 0.8234375
0 0.65625 0.03125 0.55 0.03125 0.55 0.18125 0.65625 0.18125 0.65625 0.03125
0 0.48125 0.0015625 0.378125 0.0015625 0.378125 0.0984375 0.48125 0.0984375 0.48125 0.0015625
