0 0.034375 0.628125 0.0015625 0.628125 0.0015625 0.7453125 0.034375 0.7453125 0.034375 0.628125
0 0.175 0.25 0.0625 0.25 0.0625 0.390625 0.175 0.390625 0.175 0.25
0 0.971875 0.24375 0.84375 0.24375 0.84375 0.3390625 0.971875 0.3390625 0.971875 0.24375
0 0.9015625 0.103125 0.8296875 0.103125 0.8296875 0.2265625 0.9015625 0.2265625 0.9015625 0.103125
0 0.8203125 0.146875 0.7421875 0.146875 0.7421875 0.2390625 0.8203125 0.2390625 0.8203125 0.146875
0 0.2234375 0.48125 0.146875 0.48125 0.146875 0.621875 0.2234375 0.621875 0.2234375 0.48125
0 0.1125 0.234375 0.0015625 0.234375 0.0015625 0.453125 0.1125 0.453125 0.1125 0.234375
0 0.2625 0.08125 0.1328125 0.08125 0.1328125 0.234375 0.2625 0.234375 0.2625 0.08125
0 0.646875 0.9734375 0.6390625 0.9734375 0.6390625 1.0 0.646875 1.0 0.646875 0.9734375
0 1.0 0.490625 0.909375 0.490625 0.909375 0.6578125 1.0 0.6578125 1.0 0.490625
0 0.975 0.5046875 0.828125 0.5046875 0.828125 0.6296875 0.975 0.6296875 0.975 0.5046875
0 0.8671875 0.4390625 0.775 0.4390625 0.775 0.5484375 0.8671875 0.5484375 0.8671875 0.4390625
0 0.93125 0.28125 0.8015625 0.28125 0.8015625 0.434375 0.93125 0.434375 0.93125 0.28125
0 0.9875 0.165625 0.83125 0.165625 0.83125 0.278125 0.9875 0.278125 0.9875 0.165625
0 0.771875 0.834375 0.6453125 0.834375 0.6453125 0.975 0.771875 0.975 0.771875 0.834375
0 1.0 0.740625 0.9109375 0.740625 0.9109375 1.0 1.0 1.0 1.0 0.740625
0 1.0 0.0640625 0.975 0.0640625 0.975 0.1421875 1.0 0.1421875 1.0 0.0640625
0 1.0 0.0015625 0.0015625 0.0015625 0.0015625 1.0 1.0 1.0 1.0 0.0015625
0 0.565625 0.4796875 0.4125 0.4796875 0.4125 0.684375 0.565625 0.684375 0.565625 0.4796875
