0 0.1234375 0.4328125 0.0015625 0.4328125 0.0015625 0.5671875 0.1234375 0.5671875 0.1234375 0.4328125
0 0.36875 0.3390625 0.165625 0.3390625 0.165625 0.46875 0.36875 0.46875 0.36875 0.3390625
0 0.721875 0.0515625 0.4171875 0.0515625 0.4171875 0.225 0.721875 0.225 0.721875 0.0515625
0 1.0 0.59375 0.96875 0.59375 0.96875 0.6421875 1.0 0.6421875 1.0 0.59375
0 0.08125 0.91875 0.0015625 0.91875 0.0015625 1.0 0.08125 1.0 0.08125 0.91875
0 0.3296875 0.3734375 0.0015625 0.3734375 0.0015625 0.6984375 0.3296875 0.6984375 0.3296875 0.3734375
0 0.440625 0.259375 0.196875 0.259375 0.196875 0.378125 0.440625 0.378125 0.440625 0.259375
0 0.728125 0.9 0.6515625 0.9 0.6515625 1.0 0.728125 1.0 0.728125 0.9
0 0.553125 0.8828125 0.3859375 0.8828125 0.3859375 1.0 0.553125 1.0 0.553125 0.8828125
0 1.0 0.6375 0.9328125 0.6375 0.9328125 0.675 1.0 0.675 1.0 0.6375
0 1.0 0.5625 0.9875 0.5625 0.9875 0.5921875 1.0 0.5921875 1.0 0.5625
0 0.625 0.1078125 0.484375 0.1078125 0.484375 0.203125 0.625 0.203125 0.625 0.1078125
0 0.4765625 0.0734375 0.3265625 0.0734375 0.3265625 0.203125 0.4765625 0.203125 0.4765625 0.0734375
0 0.403125 0.4296875 0.0015625 0.4296875 0.0015625 1.0 0.403125 1.0 0.403125 0.4296875
0 0.11875 0.578125 0.0015625 0.578125 0.0015625 0.6671875 0.11875 0.6671875 0.11875 0.578125
0 0.0125 0.0015625 0.0015625 0.0015625 0.0015625 0.0203125 0.0125 0.0203125 0.0125 0.0015625
0 0.3265625 0.0015625 0.0015625 0.0015625 0.0015625 0.4359375 0.3265625 0.4359375 0.3265625 0.0015625
0 0.684375 0.934375 0.46875 0.934375 0.46875 1.0 0.684375 1.0 0.684375 0.934375
0 1.0 0.3484375 0.4046875 0.3484375 0.4046875 1.0 1.0 1.0 1.0 0.3484375
0 0.2796875 0.4328125 0.1015625 0.4328125 0.1015625 0.546875 0.2796875 0.546875 0.2796875 0.4328125
0 0.746875 0.1140625 0.2734375 0.1140625 0.2734375 0.265625 0.746875 0.265625 0.746875 0.1140625
0 0.5671875 0.0015625 0.4203125 0.0015625 0.4203125 0.14375 0.5671875 0.14375 0.5671875 0.0015625
0 1.0 0.7125 0.96875 0.7125 0.96875 0.7359375 1.0 0.7359375 1.0 0.7125
