0 0.76875 0.34375 0.6875 0.34375 0.6875 0.4484375 0.76875 0.4484375 0.76875 0.34375
0 0.7765625 0.0015625 0.5984375 0.0015625 0.5984375 0.2625 0.7765625 0.2625 0.7765625 0.0015625
0 0.3171875 0.6984375 0.1265625 0.6984375 0.1265625 1.0 0.3171875 1.0 0.3171875 0.6984375
0 0.1703125 0.646875 0.08125 0.646875 0.08125 0.771875 0.1703125 0.771875 0.1703125 0.646875
0 0.553125 0.1515625 0.4671875 0.1515625 0.4671875 0.3203125 0.553125 0.3203125 0.553125 0.1515625
0 0.121875 0.0015625 0.015625 0.0015625 0.015625 0.190625 0.121875 0.190625 0.121875 0.0015625
0 0.528125 0.0015625 0.4921875 0.0015625 0.4921875 0.015625 0.528125 0.015625 0.528125 0.0015625
0 0.6828125 0.5125 0.5359375 0.5125 0.5359375 0.6875 0.6828125 0.6875 0.6828125 0.5125
0 0.8296875 0.0015625 0.678125 0.0015625 0.678125 0.2703125 0.8296875 0.2703125 0.8296875 0.0015625
0 0.54375 0.9671875 0.4421875 0.9671875 0.4421875 1.0 0.54375 1.0 0.54375 0.9671875
0 0.5234375 0.6875 0.2484375 0.6875 0.2484375 1.0 0.5234375 1.0 0.5234375 0.6875
0 0.2546875 0.675 0.1875 0.675 0.1875 0.8078125 0.2546875 0.8078125 0.2546875 0.675
0 0.315625 0.4421875 0.1859375 0.4421875 0.1859375 0.59375 0.315625 0.59375 0.315625 0.4421875
0 0.459375 0.0015625 0.384375 0.0015625 0.384375 0.1375 0.459375 0.1375 0.459375 0.0015625
0 0.4546875 0.2265625 0.3421875 0.2265625 0.3421875 0.3953125 0.4546875 0.3953125 0.4546875 0.2265625
0 0.48125 1.0 0.4734375 1.0 0.4734375 1.0 0.48125 1.0 0.48125 1.0
0 0.5921875 0.8140625 0.378125 0.8140625 0.378125 0.9875 0.5921875 0.9875 0.5921875 0.8140625
0 0.0296875 0.053125 0.0015625 0.053125 0.0015625 0.2328125 0.0296875 0.2328125 0.0296875 0.053125
0 0.29375 0.0109375 0.0015625 0.0109375 0.0015625 1.0 0.29375 1.0 0.29375 0.0109375
0 0.56875 0.4625 0.35 0.4625 0.35 0.8609375 0.56875 0.8609375 0.56875 0.4625
0 0.65 0.3109375 0.4953125 0.3109375 0.4953125 0.4453125 0.65 0.4453125 0.65 0.3109375
0 0.5546875 0.0015625 0.4421875 0.0015625 0.4421875 0.296875 0.5546875 0.296875 0.5546875 0.0015625
0 1.0 0.3890625 0.84375 0.3890625 0.84375 0.8421875 1.0 0.8421875 1.0 0.3890625
