0 1.0 0.0015625 0.8625 0.0015625 0.8625 0.0578125 1.0 0.0578125 1.0 0.0015625
0 0.0765625 0.0921875 0.0015625 0.0921875 0.0015625 0.2 0.0765625 0.2 0.0765625 0.0921875
0 0.715625 0.3765625 0.5953125 0.3765625 0.5953125 0.4515625 0.715625 0.4515625 0.715625 0.3765625
0 0.1828125 0.8640625 0.059375 0.8640625 0.059375 1.0 0.1828125 1.0 0.1828125 0.8640625
0 0.7046875 0.9515625 0.5921875 0.9515625 0.5921875 1.0 0.7046875 1.0 0.7046875 0.9515625
0 0.9359375 0.8203125 0.7546875 0.8203125 0.7546875 0.990625 0.9359375 0.990625 0.9359375 0.8203125
0 1.0 0.3328125 0.9390625 0.3328125 0.9390625 0.4578125 1.0 0.4578125 1.0 0.3328125
0 0.2203125 0.1046875 0.0734375 0.1046875 0.0734375 0.2453125 0.2203125 0.2453125 0.2203125 0.1046875
0 0.05625 0.0015625 0.0015625 0.0015625 0.0015625 0.065625 0.05625 0.065625 0.05625 0.0015625
0 0.4140625 0.9234375 0.303125 0.9234375 0.303125 1.0 0.4140625 1.0 0.4140625 0.9234375
0 0.178125 0.05 0.103125 0.05 0.103125 0.1578125 0.178125 0.1578125 0.178125 0.05
0 0.0421875 0.63125 0.0015625 0.63125 0.0015625 0.7046875 0.0421875 0.7046875 0.0421875 0.63125
0 0.078125 0.690625 0.0015625 0.690625 0.0015625 0.821875 0.078125 0.821875 0.078125 0.690625
0 0.15 0.80625 0.040625 0.80625 0.040625 0.9109375 0.15 0.9109375 0.15 0.80625
0 0.96875 0.9828125 0.940625 0.9828125 0.940625 1.0 0.96875 1.0 0.96875 0.9828125
0 0.015625 0.9015625 0.0015625 0.9015625 0.0015625 0.9921875 0.015625 0.9921875 0.015625 0.9015625
0 0.6578125 0.6453125 0.4734375 0.6453125 0.4734375 0.8328125 0.6578125 0.8328125 0.6578125 0.6453125
0 1.0 0.0015625 0.0015625 0.0015625 0.0015625 1.0 1.0 1.0 1.0 0.0015625
0 0.996875 0.0015625 0.95625 0.0015625 0.95625 0.0171875 0.996875 0.0171875 0.996875 0.0015625
