0 0.671875 0.971875 0.634375 0.971875 0.634375 1.0 0.671875 1.0 0.671875 0.971875
0 0.8796875 0.8140625 0.6671875 0.8140625 0.6671875 1.0 0.8796875 1.0 0.8796875 0.8140625
0 1.0 0.146875 0.8921875 0.146875 0.8921875 0.396875 1.0 0.396875 1.0 0.146875
0 1.0 0.1671875 0.9953125 0.1671875 0.9953125 0.20625 1.0 0.20625 1.0 0.1671875
0 1.0 0.2625 0.8703125 0.2625 0.8703125 0.4109375 1.0 0.4109375 1.0 0.2625
0 0.934375 0.571875 0.8359375 0.571875 0.8359375 0.7546875 0.934375 0.7546875 0.934375 0.571875
0 1.0 0.521875 0.8828125 0.521875 0.8828125 0.865625 1.0 0.865625 1.0 0.521875
0 0.7296875 0.8890625 0.6625 0.8890625 0.6625 1.0 0.7296875 1.0 0.7296875 0.8890625
0 1.0 0.890625 0.975 0.890625 0.975 0.990625 1.0 0.990625 1.0 0.890625
0 0.996875 0.8 0.9453125 0.8 0.9453125 0.9453125 0.996875 0.9453125 0.996875 0.8
0 1.0 0.621875 0.95625 0.621875 0.95625 0.6671875 1.0 0.6671875 1.0 0.621875
0 0.9890625 0.9109375 0.8828125 0.9109375 0.8828125 1.0 0.9890625 1.0 0.9890625 0.9109375
0 0.8953125 0.7625 0.6453125 0.7625 0.6453125 0.9421875 0.8953125 0.9421875 0.8953125 0.7625
0 0.8015625 0.996875 0.778125 0.996875 0.778125 1.0 0.8015625 1.0 0.8015625 0.996875
0 0.7828125 0.7375 0.6421875 0.7375 0.6421875 0.8390625 0.7828125 0.8390625 0.7828125 0.7375
0 1.0 0.3890625 0.940625 0.3890625 0.940625 0.5375 1.0 0.5375 1.0 0.3890625
0 1.0 0.371875 0.9671875 0.371875 0.9671875 0.5453125 1.0 0.5453125 1.0 0.371875
0 0.94375 0.64375 0.8453125 0.64375 0.8453125 0.85 0.94375 0.85 0.94375 0.64375
0 1.0 0.6546875 0.9484375 0.6546875 0.9484375 0.7546875 1.0 0.7546875 1.0 0.6546875
0 0.659375 0.953125 0.615625 0.953125 0.615625 1.0 0.659375 1.0 0.659375 0.953125
0 0.7671875 0.64375 0.58125 0.64375 0.58125 0.9140625 0.7671875 0.9140625 0.7671875 0.64375
0 1.0 0.128125 0.81875 0.128125 0.81875 0.3765625 1.0 0.3765625 1.0 0.128125
0 1.0 0.040625 0.9046875 0.040625 0.9046875 0.225 1.0 0.225 1.0 0.040625
