0 1.0 0.3671875 0.9453125 0.3671875 0.9453125 0.496875 1.0 0.496875 1.0 0.3671875
0 0.73125 0.9078125 0.6296875 0.9078125 0.6296875 1.0 0.73125 1.0 0.73125 0.9078125
0 0.1875 0.6 0.0015625 0.6 0.0015625 0.7921875 0.1875 0.7921875 0.1875 0.6
0 0.9265625 0.4921875 0.8140625 0.4921875 0.8140625 0.5796875 0.9265625 0.5796875 0.9265625 0.4921875
0 1.0 0.5671875 0.9078125 0.5671875 0.9078125 0.68125 1.0 0.68125 1.0 0.5671875
0 0.8015625 0.0015625 0.759375 0.0015625 0.759375 0.04375 0.8015625 0.04375 0.8015625 0.0015625
0 0.0734375 0.5375 0.0015625 0.5375 0.0015625 0.6703125 0.0734375 0.6703125 0.0734375 0.5375
0 0.196875 0.0078125 0.0140625 0.0078125 0.0140625 0.146875 0.196875 0.146875 0.196875 0.0078125
0 0.9859375 0.528125 0.8453125 0.528125 0.8453125 0.646875 0.9859375 0.646875 0.9859375 0.528125
0 0.915625 0.0609375 0.828125 0.0609375 0.828125 0.1640625 0.915625 0.1640625 0.915625 0.0609375
0 1.0 0.0015625 0.925 0.0015625 0.925 0.0875 1.0 0.0875 1.0 0.0015625
0 0.178125 0.790625 0.0015625 0.790625 0.0015625 1.0 0.178125 1.0 0.178125 0.790625
0 0.7765625 0.0015625 0.6453125 0.0015625 0.6453125 0.09375 0.7765625 0.09375 0.7765625 0.0015625
0 1.0 0.671875 0.86875 0.671875 0.86875 0.7515625 1.0 0.7515625 1.0 0.671875
0 0.196875 0.571875 0.0453125 0.571875 0.0453125 0.7453125 0.196875 0.7453125 0.196875 0.571875
0 0.7796875 0.109375 0.6140625 0.109375 0.6140625 0.2390625 0.7796875 0.2390625 0.7796875 0.109375
0 0.978125 0.0015625 0.809375 0.0015625 0.809375 0.06875 0.978125 0.06875 0.978125 0.0015625
0 0.6078125 0.7109375 0.496875 0.7109375 0.496875 0.8578125 0.6078125 0.8578125 0.6078125 0.7109375
0 1.0 0.565625 0.746875 0.565625 0.746875 0.71875 1.0 0.71875 1.0 0.565625
0 0.08125 0.603125 0.0015625 0.603125 0.0015625 0.7484375 0.08125 0.7484375 0.08125 0.603125
0 0.7234375 0.771875 0.45625 0.771875 0.45625 1.0 0.7234375 1.0 0.7234375 0.771875
0 0.3234375 0.0015625 0.2421875 0.0015625 0.2421875 0.0515625 0.3234375 0.0515625 0.3234375 0.0015625
0 1.0 0.7734375 0.89375 0.7734375 0.89375 0.9390625 1.0 0.9390625 1.0 0.7734375
0 0.625 0.621875 0.4515625 0.621875 0.4515625 0.75625 0.625 0.75625 0.625 0.621875
0 0.834375 0.5203125 0.7203125 0.5203125 0.7203125 0.6890625 0.834375 0.6890625 0.834375 0.5203125
0 0.859375 0.3640625 0.73125 0.3640625 0.73125 0.5078125 0.859375 0.5078125 0.859375 0.3640625
0 0.884375 0.0203125 0.6984375 0.0203125 0.6984375 0.196875 0.884375 0.196875 0.884375 0.0203125
0 1.0 0.2671875 0.9203125 0.2671875 0.9203125 0.3828125 1.0 0.3828125 1.0 0.2671875
0 1.0 0.953125 0.9734375 0.953125 0.9734375 1.0 1.0 1.0 1.0 0.953125
0 0.4984375 0.5140625 0.3546875 0.5140625 0.3546875 0.790625 0.4984375 0.790625 0.4984375 0.5140625
0 0.390625 0.01875 0.26875 0.01875 0.26875 0.2078125 0.390625 0.2078125 0.390625 0.01875
0 0.5171875 0.70625 0.4578125 0.70625 0.4578125 0.9359375 0.5171875 0.9359375 0.5171875 0.70625
0 0.7625 0.7453125 0.6328125 0.7453125 0.6328125 0.8953125 0.7625 0.8953125 0.7625 0.7453125
0 0.6109375 0.346875 0.3578125 0.346875 0.3578125 0.7046875 0.6109375 0.7046875 0.6109375 0.346875
0 0.334375 0.0265625 0.084375 0.0265625 0.084375 0.434375 0.334375 0.434375 0.334375 0.0265625
0 0.5421875 0.8953125 0.390625 0.8953125 0.390625 1.0 0.5421875 1.0 0.5421875 0.8953125
0 0.8140625 0.884375 0.709375 0.884375 0.709375 1.0 0.8140625 1.0 0.8140625 0.884375
0 0.534375 0.5359375 0.4328125 0.5359375 0.4328125 0.696875 0.534375 0.696875 0.534375 0.5359375
0 0.7609375 0.5046875 0.609375 0.5046875 0.609375 0.625 0.7609375 0.625 0.7609375 0.5046875
0 0.7984375 0.590625 0.55625 0.590625 0.55625 0.91875 0.7984375 0.91875 0.7984375 0.590625
0 0.35 0.0015625 0.3046875 0.0015625 0.3046875 0.0078125 0.35 0.0078125 0.35 0.0015625
0 0.2703125 0.06875 0.0015625 0.06875 0.0015625 0.30625 0.2703125 0.30625 0.2703125 0.06875
0 0.046875 0.0015625 0.025 0.0015625 0.025 0.0078125 0.046875 0.0078125 0.046875 0.0015625
0 0.428125 0.2875 0.2171875 0.2875 0.2171875 0.45 0.428125 0.45 0.428125 0.2875
0 0.115625 0.296875 0.00625 0.296875 0.00625 0.4125 0.115625 0.4125 0.115625 0.296875
0 0.4625 0.0015625 0.321875 0.0015625 0.321875 0.071875 0.4625 0.071875 0.4625 0.0015625
0 0.975 0.34375 0.83125 0.34375 0.83125 0.51875 0.975 0.51875 0.975 0.34375
0 1.0 0.0859375 0.9875 0.0859375 0.9875 0.146875 1.0 0.146875 1.0 0.0859375
0 0.790625 0.2671875 0.6515625 0.2671875 0.6515625 0.475 0.790625 0.475 0.790625 0.2671875
0 0.828125 0.9328125 0.7765625 0.9328125 0.7765625 1.0 0.828125 1.0 0.828125 0.9328125
0 0.365625 0.3875 0.2015625 0.3875 0.2015625 0.534375 0.365625 0.534375 0.365625 0.3875
0 1.0 0.7421875 0.8765625 0.7421875 0.8765625 0.8484375 1.0 0.8484375 1.0 0.7421875
0 1.0 0.5171875 0.9453125 0.5171875 0.9453125 0.5703125 1.0 0.5703125 1.0 0.5171875
0 1.0 0.071875 0.93125 0.071875 0.93125 0.1859375 1.0 0.1859375 1.0 0.071875
0 0.1640625 0.4296875 0.0125 0.4296875 0.0125 0.61875 0.1640625 0.61875 0.1640625 0.4296875
0 0.61875 0.0015625 0.4625 0.0015625 0.4625 0.075 0.61875 0.075 0.61875 0.0015625
0 0.2421875 0.0015625 0.2375 0.0015625 0.2375 0.003125 0.2421875 0.003125 0.2421875 0.0015625
0 1.0 0.0421875 0.86875 0.0421875 0.86875 0.2765625 1.0 0.2765625 1.0 0.0421875
0 1.0 0.0234375 0.9921875 0.0234375 0.9921875 0.0578125 1.0 0.0578125 1.0 0.0234375
0 0.9609375 0.0015625 0.796875 0.0015625 0.796875 0.03125 0.9609375 0.03125 0.9609375 0.0015625
0 0.946875 0.696875 0.784375 0.696875 0.784375 0.784375 0.946875 0.784375 0.946875 0.696875
0 0.35625 0.2625 0.2375 0.2625 0.2375 0.3828125 0.35625 0.3828125 0.35625 0.2625
0 0.615625 0.0640625 0.3625 0.0640625 0.3625 0.25 0.615625 0.25 0.615625 0.0640625
0 0.5453125 0.1703125 0.409375 0.1703125 0.409375 0.2859375 0.5453125 0.2859375 0.5453125 0.1703125
0 0.403125 0.51875 0.13125 0.51875 0.13125 0.6640625 0.403125 0.6640625 0.403125 0.51875
0 0.265625 0.0015625 0.15625 0.0015625 0.15625 0.1 0.265625 0.1 0.265625 0.0015625
0 0.9125 0.7125 0.7578125 0.7125 0.7578125 0.91875 0.9125 0.91875 0.9125 0.7125
0 0.4703125 0.0921875 0.3796875 0.0921875 0.3796875 0.19375 0.4703125 0.19375 0.4703125 0.0921875
0 0.40625 0.8921875 0.2671875 0.8921875 0.2671875 1.0 0.40625 1.0 0.40625 0.8921875
0 0.2484375 0.4734375 0.0921875 0.4734375 0.0921875 0.5640625 0.2484375 0.5640625 0.2484375 0.4734375
0 0.396875 0.078125 0.21875 0.078125 0.21875 0.3125 0.396875 0.3125 0.396875 0.078125
0 0.8984375 0.9484375 0.825 0.9484375 0.825 1.0 0.8984375 1.0 0.8984375 0.9484375
0 0.9953125 0.903125 0.8765625 0.903125 0.8765625 1.0 0.9953125 1.0 0.9953125 0.903125
