0 0.8453125 0.0015625 0.7328125 0.0015625 0.7328125 0.0515625 0.8453125 0.0515625 0.8453125 0.0015625
0 0.83125 0.3453125 0.7234375 0.3453125 0.7234375 0.5359375 0.83125 0.5359375 0.83125 0.3453125
0 0.834375 0.55625 0.596875 0.55625 0.596875 0.659375 0.834375 0.659375 0.834375 0.55625
0 0.9453125 0.3234375 0.8515625 0.3234375 0.8515625 0.515625 0.9453125 0.515625 0.9453125 0.3234375
0 0.5359375 0.9484375 0.440625 0.9484375 0.440625 1.0 0.5359375 1.0 0.5359375 0.9484375
0 0.228125 0.2296875 0.0859375 0.2296875 0.0859375 0.3296875 0.228125 0.3296875 0.228125 0.2296875
0 0.75 0.628125 0.6453125 0.628125 0.6453125 0.7515625 0.75 0.7515625 0.75 0.628125
0 1.0 0.5328125 0.765625 0.5328125 0.765625 0.7109375 1.0 0.7109375 1.0 0.5328125
0 0.7640625 0.2484375 0.6453125 0.2484375 0.6453125 0.35625 0.7640625 0.35625 0.7640625 0.2484375
0 0.8890625 0.8390625 0.5828125 0.8390625 0.5828125 1.0 0.8890625 1.0 0.8890625 0.8390625
0 0.78125 0.3890625 0.490625 0.3890625 0.490625 0.6390625 0.78125 0.6390625 0.78125 0.3890625
0 0.9046875 0.2171875 0.659375 0.2171875 0.659375 0.3828125 0.9046875 0.3828125 0.9046875 0.2171875
0 0.228125 0.0015625 0.18125 0.0015625 0.18125 0.015625 0.228125 0.015625 0.228125 0.0015625
0 0.128125 0.5140625 0.0140625 0.5140625 0.0140625 0.6859375 0.128125 0.6859375 0.128125 0.5140625
0 0.0578125 0.5484375 0.0015625 0.5484375 0.0015625 0.653125 0.0578125 0.653125 0.0578125 0.5484375
0 0.065625 0.0015625 0.0015625 0.0015625 0.0015625 0.04375 0.065625 0.04375 0.065625 0.0015625
0 0.85 0.68125 0.7546875 0.68125 0.7546875 0.784375 0.85 0.784375 0.85 0.68125
0 1.0 0.5265625 0.9234375 0.5265625 0.9234375 0.675 1.0 0.675 1.0 0.5265625
0 0.4171875 0.5078125 0.2765625 0.5078125 0.2765625 0.59375 0.4171875 0.59375 0.4171875 0.5078125
0 0.64375 0.296875 0.54375 0.296875 0.54375 0.4328125 0.64375 0.4328125 0.64375 0.296875
0 0.5203125 0.9828125 0.4734375 0.9828125 0.4734375 1.0 0.5203125 1.0 0.5203125 0.9828125
0 0.8640625 0.8578125 0.6328125 0.8578125 0.6328125 1.0 0.8640625 1.0 0.8640625 0.8578125
0 0.6015625 0.4484375 0.4703125 0.4484375 0.4703125 0.5484375 0.6015625 0.5484375 0.6015625 0.4484375
0 1.0 0.99375 0.990625 0.99375 0.990625 1.0 1.0 1.0 1.0 0.99375
0 1.0 0.88125 0.915625 0.88125 0.915625 1.0 1.0 1.0 1.0 0.88125
0 1.0 0.709375 0.9390625 0.709375 0.9390625 0.86875 1.0 0.86875 1.0 0.709375
0 0.89375 0.653125 0.7296875 0.653125 0.7296875 0.7796875 0.89375 0.7796875 0.89375 0.653125
0 1.0 0.084375 0.778125 0.084375 0.778125 0.6265625 1.0 0.6265625 1.0 0.084375
0 0.803125 0.4890625 0.6875 0.4890625 0.6875 0.63125 0.803125 0.63125 0.803125 0.4890625
0 0.928125 0.1625 0.8625 0.1625 0.8625 0.3109375 0.928125 0.3109375 0.928125 0.1625
0 0.959375 0.0015625 0.853125 0.0015625 0.853125 0.1203125 0.959375 0.1203125 0.959375 0.0015625
0 1.0 0.0015625 0.0015625 0.0015625 0.0015625 1.0 1.0 1.0 1.0 0.0015625
0 1.0 0.8640625 0.6078125 0.8640625 0.6078125 1.0 1.0 1.0 1.0 0.8640625
0 0.653125 0.734375 0.3921875 0.734375 0.3921875 1.0 0.653125 1.0 0.653125 0.734375
0 0.578125 0.0015625 0.509375 0.0015625 0.509375 0.1875 0.578125 0.1875 0.578125 0.0015625
0 1.0 0.5078125 0.9125 0.5078125 0.9125 0.75 1.0 0.75 1.0 0.5078125
