0 0.3125 0.0015625 0.25 0.0015625 0.25 0.1578125 0.3125 0.1578125 0.3125 0.0015625
0 0.8328125 0.7984375 0.6546875 0.7984375 0.6546875 1.0 0.8328125 1.0 0.8328125 0.7984375
0 0.9515625 0.0015625 0.815625 0.0015625 0.815625 0.071875 0.9515625 0.071875 0.9515625 0.0015625
0 0.1828125 0.0015625 0.0015625 0.0015625 0.0015625 0.2609375 0.1828125 0.2609375 0.1828125 0.0015625
0 0.1171875 0.390625 0.0015625 0.390625 0.0015625 0.4859375 0.1171875 0.4859375 0.1171875 0.390625
0 0.2421875 0.0015625 0.0890625 0.0015625 0.0890625 0.4296875 0.2421875 0.4296875 0.2421875 0.0015625
0 0.840625 0.975 0.8046875 0.975 0.8046875 1.0 0.840625 1.0 0.840625 0.975
0 0.721875 0.8859375 0.6078125 0.8859375 0.6078125 1.0 0.721875 1.0 0.721875 0.8859375
0 0.79375 0.478125 0.6234375 0.478125 0.6234375 0.834375 0.79375 0.834375 0.79375 0.478125
0 0.8203125 0.25 0.7203125 0.25 0.7203125 0.53125 0.8203125 0.53125 0.8203125 0.25
0 0.6046875 0.0203125 0.51875 0.0203125 0.51875 0.146875 0.6046875 0.146875 0.6046875 0.0203125
0 1.0 0.3296875 0.9984375 0.3296875 0.9984375 0.3375 1.0 0.3375 1.0 0.3296875
0 0.034375 0.5140625 0.0015625 0.5140625 0.0015625 0.5765625 0.034375 0.5765625 0.034375 0.5140625
0 0.00625 0.1625 0.0015625 0.1625 0.0015625 0.1734375 0.00625 0.1734375 0.00625 0.1625
0 0.709375 0.3359375 0.628125 0.3359375 0.628125 0.646875 0.709375 0.646875 0.709375 0.3359375
0 0.190625 0.3765625 0.1046875 0.3765625 0.1046875 0.553125 0.190625 0.553125 0.190625 0.3765625
0 0.6984375 0.0015625 0.6015625 0.0015625 0.6015625 0.090625 0.6984375 0.090625 0.6984375 0.0015625
0 0.86875 0.5296875 0.7875 0.5296875 0.7875 1.0 0.86875 1.0 0.86875 0.5296875
0 1.0 0.290625 0.9578125 0.290625 0.9578125 0.3734375 1.0 0.3734375 1.0 0.290625
0 0.0984375 0.9390625 0.009375 0.9390625 0.009375 1.0 0.0984375 1.0 0.0984375 0.9390625
0 0.134375 0.4390625 0.0015625 0.4390625 0.0015625 0.703125 0.134375 0.703125 0.134375 0.4390625
0 0.1390625 0.0171875 0.009375 0.0171875 0.009375 0.1640625 0.1390625 0.1640625 0.1390625 0.0171875
0 0.359375 0.90625 0.2109375 0.90625 0.2109375 1.0 0.359375 1.0 0.359375 0.90625
0 0.6453125 0.809375 0.39375 0.809375 0.39375 1.0 0.6453125 1.0 0.6453125 0.809375
0 0.421875 0.8625 0.3421875 0.8625 0.3421875 0.9796875 0.421875 0.9796875 0.421875 0.8625
0 0.7546875 0.7890625 0.6578125 0.7890625 0.6578125 0.9140625 0.7546875 0.9140625 0.7546875 0.7890625
0 0.3765625 0.434375 0.1046875 0.434375 0.1046875 0.75 0.3765625 0.75 0.3765625 0.434375
0 0.7921875 0.2421875 0.659375 0.2421875 0.659375 0.5328125 0.7921875 0.5328125 0.7921875 0.2421875
0 0.6921875 0.290625 0.5421875 0.290625 0.5421875 0.5578125 0.6921875 0.5578125 0.6921875 0.290625
0 0.646875 0.0359375 0.2515625 0.0359375 0.2515625 0.453125 0.646875 0.453125 0.646875 0.0359375
0 0.3015625 0.0015625 0.20625 0.0015625 0.20625 0.11875 0.3015625 0.11875 0.3015625 0.0015625
0 0.7078125 0.0015625 0.4859375 0.0015625 0.4859375 0.1265625 0.7078125 0.1265625 0.7078125 0.0015625
0 0.965625 0.7484375 0.7484375 0.7484375 0.7484375 1.0 0.965625 1.0 0.965625 0.7484375
0 1.0 0.9296875 0.9953125 0.9296875 0.9953125 0.9609375 1.0 0.9609375 1.0 0.9296875
0 0.8484375 0.76875 0.778125 0.76875 0.778125 0.98125 0.8484375 0.98125 0.8484375 0.76875
0 1.0 0.6984375 0.9203125 0.6984375 0.9203125 0.91875 1.0 0.91875 1.0 0.6984375
0 1.0 0.2734375 0.7984375 0.2734375 0.7984375 0.521875 1.0 0.521875 1.0 0.2734375
0 1.0 0.0015625 0.73125 0.0015625 0.73125 0.2875 1.0 0.2875 1.0 0.0015625
0 0.4640625 0.2703125 0.2203125 0.2703125 0.2203125 0.5265625 0.4640625 0.5265625 0.4640625 0.2703125
0 0.7015625 0.0984375 0.5453125 0.0984375 0.5453125 0.2453125 0.7015625 0.2453125 0.7015625 0.0984375
0 0.9140625 0.9234375 0.8609375 0.9234375 0.8609375 1.0 0.9140625 1.0 0.9140625 0.9234375
0 1.0 0.3734375 0.9109375 0.3734375 0.9109375 0.6421875 1.0 0.6421875 1.0 0.3734375
0 1.0 0.2015625 0.9265625 0.2015625 0.9265625 0.3140625 1.0 0.3140625 1.0 0.2015625
0 1.0 0.0015625 0.0015625 0.0015625 0.0015625 1.0 1.0 1.0 1.0 0.0015625
0 0.0828125 0.0015625 0.0015625 0.0015625 0.0015625 0.071875 0.0828125 0.071875 0.0828125 0.0015625
0 0.76875 0.7515625 0.5203125 0.7515625 0.5203125 0.9328125 0.76875 0.9328125 0.76875 0.7515625
0 0.734375 0.209375 0.453125 0.209375 0.453125 0.590625 0.734375 0.590625 0.734375 0.209375
0 1.0 0.653125 0.9671875 0.653125 0.9671875 0.75 1.0 0.75 1.0 0.653125
0 1.0 0.0609375 0.9765625 0.0609375 0.9765625 0.1359375 1.0 0.1359375 1.0 0.0609375
0 0.109375 0.1359375 0.0109375 0.1359375 0.0109375 0.2890625 0.109375 0.2890625 0.109375 0.1359375
0 1.0 0.63125 0.9296875 0.63125 0.9296875 0.7453125 1.0 0.7453125 1.0 0.63125
0 0.7171875 0.2640625 0.6109375 0.2640625 0.6109375 0.48125 0.7171875 0.48125 0.7171875 0.2640625
0 0.7265625 0.0984375 0.50625 0.0984375 0.50625 0.346875 0.7265625 0.346875 0.7265625 0.0984375
0 0.1234375 0.0015625 0.0625 0.0015625 0.0625 0.0546875 0.1234375 0.0546875 0.1234375 0.0015625
0 0.1421875 0.06875 0.078125 0.06875 0.078125 0.278125 0.1421875 0.278125 0.1421875 0.06875
