0 0.44375 0.834375 0.35625 0.834375 0.35625 1.0 0.44375 1.0 0.44375 0.834375
0 0.5140625 0.79375 0.41875 0.79375 0.41875 1.0 0.5140625 1.0 0.5140625 0.79375
0 0.253125 0.596875 0.1734375 0.596875 0.1734375 0.7203125 0.253125 0.7203125 0.253125 0.596875
0 0.6890625 0.0515625 0.5375 0.0515625 0.5375 0.4046875 0.6890625 0.4046875 0.6890625 0.0515625
0 1.0 0.8546875 0.98125 0.8546875 0.98125 0.978125 1.0 0.978125 1.0 0.8546875
0 1.0 0.0890625 0.934375 0.0890625 0.934375 0.25625 1.0 0.25625 1.0 0.0890625
0 1.0 0.0015625 0.871875 0.0015625 0.871875 0.21875 1.0 0.21875 1.0 0.0015625
0 0.35625 0.9546875 0.165625 0.9546875 0.165625 1.0 0.35625 1.0 0.35625 0.9546875
0 0.296875 0.490625 0.196875 0.490625 0.196875 0.6265625 0.296875 0.6265625 0.296875 0.490625
0 0.215625 0.0296875 0.08125 0.0296875 0.08125 0.1375 0.215625 0.1375 0.215625 0.0296875
0 0.0234375 0.653125 0.0015625 0.653125 0.0015625 0.7296875 0.0234375 0.7296875 0.0234375 0.653125
0 0.009375 0.3296875 0.0015625 0.3296875 0.0015625 0.3484375 0.009375 0.3484375 0.009375 0.3296875
0 0.7765625 0.309375 0.5984375 0.309375 0.5984375 0.6234375 0.7765625 0.6234375 0.7765625 0.309375
0 0.6421875 0.4 0.5203125 0.4 0.5203125 0.640625 0.6421875 0.640625 0.6421875 0.4
0 0.365625 0.259375 0.2171875 0.259375 0.2171875 0.3734375 0.365625 0.3734375 0.365625 0.259375
0 1.0 0.725 0.990625 0.725 0.990625 0.821875 1.0 0.821875 1.0 0.725
0 0.9984375 0.0828125 0.896875 0.0828125 0.896875 0.3765625 0.9984375 0.3765625 0.9984375 0.0828125
0 0.175 0.921875 0.08125 0.921875 0.08125 1.0 0.175 1.0 0.175 0.921875
0 0.6828125 0.0015625 0.0015625 0.0015625 0.0015625 1.0 0.6828125 1.0 0.6828125 0.0015625
0 0.6046875 0.5328125 0.4140625 0.5328125 0.4140625 0.8875 0.6046875 0.8875 0.6046875 0.5328125
0 0.7203125 0.1359375 0.6515625 0.1359375 0.6515625 0.315625 0.7203125 0.315625 0.7203125 0.1359375
0 1.0 0.0859375 0.7328125 0.0859375 0.7328125 0.8921875 1.0 0.8921875 1.0 0.0859375
