0 0.821875 0.6859375 0.6296875 0.6859375 0.6296875 0.828125 0.821875 0.828125 0.821875 0.6859375
0 0.0875 0.28125 0.0015625 0.28125 0.0015625 0.4234375 0.0875 0.4234375 0.0875 0.28125
0 0.7203125 0.765625 0.553125 0.765625 0.553125 0.9671875 0.7203125 0.9671875 0.7203125 0.765625
0 1.0 0.2171875 0.959375 0.2171875 0.959375 0.428125 1.0 0.428125 1.0 0.2171875
0 0.334375 0.7375 0.1515625 0.7375 0.1515625 0.9171875 0.334375 0.9171875 0.334375 0.7375
0 0.4625 0.8328125 0.3328125 0.8328125 0.3328125 1.0 0.4625 1.0 0.4625 0.8328125
0 0.240625 0.8953125 0.115625 0.8953125 0.115625 1.0 0.240625 1.0 0.240625 0.8953125
0 1.0 0.359375 0.9578125 0.359375 0.9578125 0.5 1.0 0.5 1.0 0.359375
0 1.0 0.20625 0.9765625 0.20625 0.9765625 0.33125 1.0 0.33125 1.0 0.20625
0 0.6796875 0.83125 0.575 0.83125 0.575 0.98125 0.6796875 0.98125 0.6796875 0.83125
0 0.1546875 0.83125 0.075 0.83125 0.075 0.9953125 0.1546875 0.9953125 0.1546875 0.83125
0 1.0 0.3453125 0.8578125 0.3453125 0.8578125 0.73125 1.0 0.73125 1.0 0.3453125
0 0.35625 0.0015625 0.30625 0.0015625 0.30625 0.028125 0.35625 0.028125 0.35625 0.0015625
0 0.6546875 0.9109375 0.5640625 0.9109375 0.5640625 1.0 0.6546875 1.0 0.6546875 0.9109375
0 0.0703125 0.3109375 0.0015625 0.3109375 0.0015625 0.515625 0.0703125 0.515625 0.0703125 0.3109375
0 0.109375 0.0015625 0.0015625 0.0015625 0.0015625 0.1765625 0.109375 0.1765625 0.109375 0.0015625
0 0.2359375 0.0015625 0.1359375 0.0015625 0.1359375 0.015625 0.2359375 0.015625 0.2359375 0.0015625
0 0.2984375 0.715625 0.115625 0.715625 0.115625 0.8984375 0.2984375 0.8984375 0.2984375 0.715625
0 1.0 0.0015625 0.0015625 0.0015625 0.0015625 0.7453125 1.0 0.7453125 1.0 0.0015625
0 0.98125 0.6234375 0.0015625 0.6234375 0.0015625 1.0 0.98125 1.0 0.98125 0.6234375
0 0.04375 0.7265625 0.0015625 0.7265625 0.0015625 0.8421875 0.04375 0.8421875 0.04375 0.7265625
0 0.51875 0.9046875 0.4640625 0.9046875 0.4640625 1.0 0.51875 1.0 0.51875 0.9046875
0 0.56875 0.5171875 0.3546875 0.5171875 0.3546875 0.715625 0.56875 0.715625 0.56875 0.5171875
0 0.9703125 0.26875 0.84375 0.26875 0.84375 0.546875 0.9703125 0.546875 0.9703125 0.26875
