0 0.5609375 0.5515625 0.44375 0.5515625 0.44375 0.71875 0.5609375 0.71875 0.5609375 0.5515625
0 0.5375 0.4734375 0.415625 0.4734375 0.415625 0.603125 0.5375 0.603125 0.5375 0.4734375
0 0.30625 0.59375 0.159375 0.59375 0.159375 0.75 0.30625 0.75 0.30625 0.59375
0 0.9921875 0.89375 0.8640625 0.89375 0.8640625 1.0 0.9921875 1.0 0.9921875 0.89375
0 0.303125 0.8390625 0.215625 0.8390625 0.215625 1.0 0.303125 1.0 0.303125 0.8390625
0 0.8640625 0.8765625 0.7796875 0.8765625 0.7796875 0.996875 0.8640625 0.996875 0.8640625 0.8765625
0 0.4328125 0.971875 0.3453125 0.971875 0.3453125 1.0 0.4328125 1.0 0.4328125 0.971875
0 0.1953125 0.6046875 0.0015625 0.6046875 0.0015625 1.0 0.1953125 1.0 0.1953125 0.6046875
0 0.3390625 0.7671875 0.2234375 0.7671875 0.2234375 1.0 0.3390625 1.0 0.3390625 0.7671875
0 0.1921875 0.2140625 0.1015625 0.2140625 0.1015625 0.33125 0.1921875 0.33125 0.1921875 0.2140625
0 0.0703125 0.9671875 0.0015625 0.9671875 0.0015625 1.0 0.0703125 1.0 0.0703125 0.9671875
0 0.4609375 0.64375 0.2859375 0.64375 0.2859375 0.909375 0.4609375 0.909375 0.4609375 0.64375
0 0.7921875 0.0015625 0.5203125 0.0015625 0.5203125 0.1015625 0.7921875 0.1015625 0.7921875 0.0015625
0 0.9375 0.6828125 0.846875 0.6828125 0.846875 0.809375 0.9375 0.809375 0.9375 0.6828125
0 0.471875 0.7875 0.2671875 0.7875 0.2671875 0.9359375 0.471875 0.9359375 0.471875 0.7875
0 0.046875 0.728125 0.0015625 0.728125 0.0015625 0.9125 0.046875 0.9125 0.046875 0.728125
0 1.0 0.828125 0.9015625 0.828125 0.9015625 0.978125 1.0 0.978125 1.0 0.828125
0 0.584375 0.96875 0.528125 0.96875 0.528125 1.0 0.584375 1.0 0.584375 0.96875
0 0.8765625 0.71875 0.6234375 0.71875 0.6234375 1.0 0.8765625 1.0 0.8765625 0.71875
0 0.921875 0.2296875 0.7734375 0.2296875 0.7734375 0.384375 0.921875 0.384375 0.921875 0.2296875
0 0.528125 0.328125 0.390625 0.328125 0.390625 0.525 0.528125 0.525 0.528125 0.328125
0 0.253125 0.0015625 0.0015625 0.0015625 0.0015625 0.221875 0.253125 0.221875 0.253125 0.0015625
0 0.5875 0.446875 0.5171875 0.446875 0.5171875 0.64375 0.5875 0.64375 0.5875 0.446875
0 0.6921875 0.9046875 0.5203125 0.9046875 0.5203125 1.0 0.6921875 1.0 0.6921875 0.9046875
0 0.1484375 0.1984375 0.053125 0.1984375 0.053125 0.3765625 0.1484375 0.3765625 0.1484375 0.1984375
0 0.04375 0.403125 0.0015625 0.403125 0.0015625 0.4703125 0.04375 0.4703125 0.04375 0.403125
0 0.1015625 0.5515625 0.0015625 0.5515625 0.0015625 0.6234375 0.1015625 0.6234375 0.1015625 0.5515625
0 0.409375 0.15 0.1546875 0.15 0.1546875 0.4890625 0.409375 0.4890625 0.409375 0.15
0 0.5171875 0.9515625 0.459375 0.9515625 0.459375 1.0 0.5171875 1.0 0.5171875 0.9515625
0 0.590625 0.6921875 0.509375 0.6921875 0.509375 0.8453125 0.590625 0.8453125 0.590625 0.6921875
0 1.0 0.228125 0.65625 0.228125 0.65625 0.6921875 1.0 0.6921875 1.0 0.228125
0 0.909375 0.6796875 0.7625 0.6796875 0.7625 0.85 0.909375 0.85 0.909375 0.6796875
0 1.0 0.2765625 0.978125 0.2765625 0.978125 0.409375 1.0 0.409375 1.0 0.2765625
0 0.984375 0.178125 0.853125 0.178125 0.853125 0.2671875 0.984375 0.2671875 0.984375 0.178125
0 0.990625 0.021875 0.834375 0.021875 0.834375 0.1703125 0.990625 0.1703125 0.990625 0.021875
0 0.3953125 0.703125 0.2453125 0.703125 0.2453125 0.85 0.3953125 0.85 0.3953125 0.703125
0 0.025 0.296875 0.0015625 0.296875 0.0015625 0.3734375 0.025 0.3734375 0.025 0.296875
0 0.221875 0.078125 0.0328125 0.078125 0.0328125 0.240625 0.221875 0.240625 0.221875 0.078125
0 0.753125 0.2015625 0.640625 0.2015625 0.640625 0.3578125 0.753125 0.3578125 0.753125 0.2015625
0 0.74375 0.0171875 0.640625 0.0171875 0.640625 0.175 0.74375 0.175 0.74375 0.0171875
0 0.06875 0.6015625 0.0015625 0.6015625 0.0015625 0.7953125 0.06875 0.7953125 0.06875 0.6015625
0 0.2 0.0015625 0.0015625 0.0015625 0.0015625 0.1421875 0.2 0.1421875 0.2 0.0015625
0 0.596875 0.6953125 0.46875 0.6953125 0.46875 0.884375 0.596875 0.884375 0.596875 0.6953125
0 0.98125 0.4859375 0.696875 0.4859375 0.696875 0.7484375 0.98125 0.7484375 0.98125 0.4859375
0 1.0 0.25 0.859375 0.25 0.859375 0.446875 1.0 0.446875 1.0 0.25
0 0.6796875 0.3234375 0.4453125 0.3234375 0.4453125 0.5234375 0.6796875 0.5234375 0.6796875 0.3234375
0 0.9015625 0.365625 0.778125 0.365625 0.778125 0.5203125 0.9015625 0.5203125 0.9015625 0.365625
0 0.7078125 0.0015625 0.303125 0.0015625 0.303125 0.390625 0.7078125 0.390625 0.7078125 0.0015625
0 0.959375 0.140625 0.790625 0.140625 0.790625 0.2640625 0.959375 0.2640625 0.959375 0.140625
0 1.0 0.0015625 0.653125 0.0015625 0.653125 0.1140625 1.0 0.1140625 1.0 0.0015625
0 0.1828125 0.4265625 0.009375 0.4265625 0.009375 0.6296875 0.1828125 0.6296875 0.1828125 0.4265625
0 0.6796875 0.5625 0.553125 0.5625 0.553125 0.709375 0.6796875 0.709375 0.6796875 0.5625
0 0.2484375 0.215625 0.0015625 0.215625 0.0015625 0.5234375 0.2484375 0.5234375 0.2484375 0.215625
0 0.0984375 0.4703125 0.0015625 0.4703125 0.0015625 0.590625 0.0984375 0.590625 0.0984375 0.4703125
0 0.35 0.1546875 0.13125 0.1546875 0.13125 0.2578125 0.35 0.2578125 0.35 0.1546875
0 0.7703125 0.8140625 0.609375 0.8140625 0.609375 0.9140625 0.7703125 0.9140625 0.7703125 0.8140625
0 0.84375 0.3921875 0.6890625 0.3921875 0.6890625 0.5125 0.84375 0.5125 0.84375 0.3921875
0 0.88125 0.0671875 0.78125 0.0671875 0.78125 0.2046875 0.88125 0.2046875 0.88125 0.0671875
0 1.0 0.078125 0.89375 0.078125 0.89375 0.1828125 1.0 0.1828125 1.0 0.078125
0 0.2328125 0.815625 0.125 0.815625 0.125 1.0 0.2328125 1.0 0.2328125 0.815625
0 1.0 0.678125 0.909375 0.678125 0.909375 0.8796875 1.0 0.8796875 1.0 0.678125
0 0.859375 0.734375 0.771875 0.734375 0.771875 0.8578125 0.859375 0.8578125 0.859375 0.734375
0 0.7640625 0.646875 0.671875 0.646875 0.671875 0.7390625 0.7640625 0.7390625 0.7640625 0.646875
0 0.4796875 0.265625 0.2171875 0.265625 0.2171875 0.753125 0.4796875 0.753125 0.4796875 0.265625
0 0.26875 0.296875 0.1890625 0.296875 0.1890625 0.4296875 0.26875 0.4296875 0.26875 0.296875
0 1.0 0.9703125 0.984375 0.9703125 0.984375 1.0 1.0 1.0 1.0 0.9703125
0 0.690625 0.48125 0.5734375 0.48125 0.5734375 0.6296875 0.690625 0.6296875 0.690625 0.48125
0 0.8703125 0.0015625 0.659375 0.0015625 0.659375 0.33125 0.8703125 0.33125 0.8703125 0.0015625
0 1.0 0.1359375 0.9640625 0.1359375 0.9640625 0.2890625 1.0 0.2890625 1.0 0.1359375
0 0.55 0.09375 0.4515625 0.09375 0.4515625 0.296875 0.55 0.296875 0.55 0.09375
0 0.3671875 0.078125 0.1984375 0.078125 0.1984375 0.2296875 0.3671875 0.2296875 0.3671875 0.078125
0 0.7375 0.5703125 0.625 0.5703125 0.625 0.7109375 0.7375 0.7109375 0.7375 0.5703125
0 0.428125 0.215625 0.3796875 0.215625 0.3796875 0.4953125 0.428125 0.4953125 0.428125 0.215625
0 1.0 0.86875 0.9859375 0.86875 0.9859375 0.9109375 1.0 0.9109375 1.0 0.86875
0 0.7609375 0.7265625 0.56875 0.7265625 0.56875 0.85625 0.7609375 0.85625 0.7609375 0.7265625
