0 1.0 0.2484375 0.9890625 0.2484375 0.9890625 0.2890625 1.0 0.2890625 1.0 0.2484375
0 1.0 0.5859375 0.928125 0.5859375 0.928125 0.675 1.0 0.675 1.0 0.5859375
0 0.5640625 0.9640625 0.496875 0.9640625 0.496875 1.0 0.5640625 1.0 0.5640625 0.9640625
0 0.809375 0.721875 0.60625 0.721875 0.60625 0.94375 0.809375 0.94375 0.809375 0.721875
0 1.0 0.4125 0.9859375 0.4125 0.9859375 0.434375 1.0 0.434375 1.0 0.4125
0 1.0 0.878125 0.946875 0.878125 0.946875 1.0 1.0 1.0 1.0 0.878125
0 0.0046875 0.9984375 0.0015625 0.9984375 0.0015625 1.0 0.0046875 1.0 0.0046875 0.9984375
0 0.11875 0.6390625 0.0015625 0.6390625 0.0015625 1.0 0.11875 1.0 0.11875 0.6390625
0 0.040625 0.409375 0.0015625 0.409375 0.0015625 0.459375 0.040625 0.459375 0.040625 0.409375
0 0.265625 0.440625 0.1625 0.440625 0.1625 0.6078125 0.265625 0.6078125 0.265625 0.440625
0 0.1125 0.05 0.0015625 0.05 0.0015625 0.190625 0.1125 0.190625 0.1125 0.05
0 0.4265625 0.6203125 0.1078125 0.6203125 0.1078125 1.0 0.4265625 1.0 0.4265625 0.6203125
0 0.5859375 0.60625 0.3828125 0.60625 0.3828125 0.7515625 0.5859375 0.7515625 0.5859375 0.60625
0 0.0453125 0.48125 0.0015625 0.48125 0.0015625 0.6171875 0.0453125 0.6171875 0.0453125 0.48125
0 0.403125 0.7453125 0.325 0.7453125 0.325 0.86875 0.403125 0.86875 0.403125 0.7453125
0 1.0 0.4265625 0.7890625 0.4265625 0.7890625 0.7359375 1.0 0.7359375 1.0 0.4265625
0 0.46875 0.753125 0.384375 0.753125 0.384375 0.9015625 0.46875 0.9015625 0.46875 0.753125
0 0.9984375 0.5515625 0.7859375 0.5515625 0.7859375 0.9484375 0.9984375 0.9484375 0.9984375 0.5515625
0 0.63125 0.9328125 0.5859375 0.9328125 0.5859375 1.0 0.63125 1.0 0.63125 0.9328125
0 0.61875 0.9 0.54375 0.9 0.54375 1.0 0.61875 1.0 0.61875 0.9
0 0.0015625 0.1921875 0.0015625 0.1921875 0.0015625 0.1953125 0.0015625 0.1953125 0.0015625 0.1921875
0 0.371875 0.3625 0.0015625 0.3625 0.0015625 1.0 0.371875 1.0 0.371875 0.3625
0 0.4515625 0.9484375 0.309375 0.9484375 0.309375 1.0 0.4515625 1.0 0.4515625 0.9484375
0 0.065625 0.7 0.0015625 0.7 0.0015625 0.9328125 0.065625 0.9328125 0.065625 0.7
0 0.13125 0.0015625 0.059375 0.0015625 0.059375 0.0796875 0.13125 0.0796875 0.13125 0.0015625
0 0.8875 0.6796875 0.765625 0.6796875 0.765625 0.884375 0.8875 0.884375 0.8875 0.6796875
0 1.0 0.053125 0.8734375 0.053125 0.8734375 0.2078125 1.0 0.2078125 1.0 0.053125
0 1.0 0.671875 0.73125 0.671875 0.73125 1.0 1.0 1.0 1.0 0.671875
0 1.0 0.2671875 0.9171875 0.2671875 0.9171875 0.3796875 1.0 0.3796875 1.0 0.2671875
0 0.1375 0.8859375 0.0609375 0.8859375 0.0609375 1.0 0.1375 1.0 0.1375 0.8859375
0 0.075 0.0015625 0.0015625 0.0015625 0.0015625 0.1640625 0.075 0.1640625 0.075 0.0015625
0 0.784375 0.8203125 0.615625 0.8203125 0.615625 1.0 0.784375 1.0 0.784375 0.8203125
0 0.709375 0.50625 0.39375 0.50625 0.39375 0.99375 0.709375 0.99375 0.709375 0.50625
0 1.0 0.0828125 0.85625 0.0828125 0.85625 0.4484375 1.0 0.4484375 1.0 0.0828125
