0 0.125 0.228125 0.0015625 0.228125 0.0015625 0.3609375 0.125 0.3609375 0.125 0.228125
0 0.09375 0.3375 0.0015625 0.3375 0.0015625 0.5 0.09375 0.5 0.09375 0.3375
0 0.1203125 0.08125 0.0015625 0.08125 0.0015625 0.2296875 0.1203125 0.2296875 0.1203125 0.08125
0 0.5859375 0.0609375 0.4484375 0.0609375 0.4484375 0.178125 0.5859375 0.178125 0.5859375 0.0609375
0 0.5203125 0.209375 0.428125 0.209375 0.428125 0.35 0.5203125 0.35 0.5203125 0.209375
0 0.003125 0.0015625 0.0015625 0.0015625 0.0015625 0.028125 0.003125 0.028125 0.003125 0.0015625
0 0.2953125 0.0171875 0.14375 0.0171875 0.14375 0.1546875 0.2953125 0.1546875 0.2953125 0.0171875
0 0.1203125 0.0015625 0.0015625 0.0015625 0.0015625 0.165625 0.1203125 0.165625 0.1203125 0.0015625
0 0.090625 0.453125 0.0015625 0.453125 0.0015625 0.540625 0.090625 0.540625 0.090625 0.453125
0 0.1421875 0.315625 0.0015625 0.315625 0.0015625 0.4265625 0.1421875 0.4265625 0.1421875 0.315625
0 0.1890625 0.1796875 0.00625 0.1796875 0.00625 0.3046875 0.1890625 0.3046875 0.1890625 0.1796875
0 0.5765625 0.0015625 0.1375 0.0015625 0.1375 0.2609375 0.5765625 0.2609375 0.5765625 0.0015625
0 0.6890625 0.0015625 0.61875 0.0015625 0.61875 0.0265625 0.6890625 0.0265625 0.6890625 0.0015625
