0 1.0 0.7984375 0.903125 0.7984375 0.903125 0.871875 1.0 0.871875 1.0 0.7984375
0 0.025 0.2 0.0015625 0.2 0.0015625 0.25 0.025 0.25 0.025 0.2
0 0.7671875 0.83125 0.6296875 0.83125 0.6296875 1.0 0.7671875 1.0 0.7671875 0.83125
0 0.48125 0.7453125 0.35625 0.7453125 0.35625 0.85625 0.48125 0.85625 0.48125 0.7453125
0 0.4171875 0.228125 0.2984375 0.228125 0.2984375 0.434375 0.4171875 0.434375 0.4171875 0.228125
0 0.85 0.240625 0.5453125 0.240625 0.5453125 0.4078125 0.85 0.4078125 0.85 0.240625
0 0.1609375 0.25625 0.0015625 0.25625 0.0015625 0.4671875 0.1609375 0.4671875 0.1609375 0.25625
0 0.3140625 0.0015625 0.178125 0.0015625 0.178125 0.0875 0.3140625 0.0875 0.3140625 0.0015625
0 0.484375 0.7703125 0.3609375 0.7703125 0.3609375 0.965625 0.484375 0.965625 0.484375 0.7703125
0 0.528125 0.4625 0.44375 0.4625 0.44375 0.7265625 0.528125 0.7265625 0.528125 0.4625
0 0.55 0.284375 0.3375 0.284375 0.3375 0.48125 0.55 0.48125 0.55 0.284375
0 0.7734375 0.9484375 0.703125 0.9484375 0.703125 1.0 0.7734375 1.0 0.7734375 0.9484375
0 0.915625 0.9109375 0.790625 0.9109375 0.790625 1.0 0.915625 1.0 0.915625 0.9109375
0 1.0 0.8765625 0.9796875 0.8765625 0.9796875 0.9875 1.0 0.9875 1.0 0.8765625
0 0.9546875 0.63125 0.696875 0.63125 0.696875 0.8015625 0.9546875 0.8015625 0.9546875 0.63125
0 0.8640625 0.3515625 0.690625 0.3515625 0.690625 0.534375 0.8640625 0.534375 0.8640625 0.3515625
0 1.0 0.0890625 0.7984375 0.0890625 0.7984375 0.3484375 1.0 0.3484375 1.0 0.0890625
0 0.9921875 0.0015625 0.821875 0.0015625 0.821875 0.1359375 0.9921875 0.1359375 0.9921875 0.0015625
0 0.509375 0.9859375 0.4921875 0.9859375 0.4921875 1.0 0.509375 1.0 0.509375 0.9859375
0 0.4328125 0.93125 0.3953125 0.93125 0.3953125 1.0 0.4328125 1.0 0.4328125 0.93125
0 0.2171875 0.4015625 0.0015625 0.4015625 0.0015625 0.496875 0.2171875 0.496875 0.2171875 0.4015625
0 0.5703125 0.35625 0.4359375 0.35625 0.4359375 0.5421875 0.5703125 0.5421875 0.5703125 0.35625
0 0.2546875 0.05625 0.1390625 0.05625 0.1390625 0.2203125 0.2546875 0.2203125 0.2546875 0.05625
0 0.878125 0.7140625 0.721875 0.7140625 0.721875 1.0 0.878125 1.0 0.878125 0.7140625
0 0.909375 0.459375 0.6375 0.459375 0.6375 0.5875 0.909375 0.5875 0.909375 0.459375
0 0.8703125 0.0703125 0.740625 0.0703125 0.740625 0.1921875 0.8703125 0.1921875 0.8703125 0.0703125
0 0.4625 0.4984375 0.23125 0.4984375 0.23125 0.778125 0.4625 0.778125 0.4625 0.4984375
0 0.14375 0.2484375 0.0015625 0.2484375 0.0015625 0.4015625 0.14375 0.4015625 0.14375 0.2484375
0 0.2265625 0.2109375 0.1265625 0.2109375 0.1265625 0.3671875 0.2265625 0.3671875 0.2265625 0.2109375
0 0.4203125 0.9328125 0.3859375 0.9328125 0.3859375 1.0 0.4203125 1.0 0.4203125 0.9328125
0 1.0 0.8765625 0.765625 0.8765625 0.765625 1.0 1.0 1.0 1.0 0.8765625
0 0.7671875 0.6453125 0.4484375 0.6453125 0.4484375 0.9875 0.7671875 0.9875 0.7671875 0.6453125
0 0.9421875 0.7171875 0.790625 0.7171875 0.790625 0.8640625 0.9421875 0.8640625 0.9421875 0.7171875
0 0.9609375 0.528125 0.58125 0.528125 0.58125 0.7359375 0.9609375 0.7359375 0.9609375 0.528125
0 0.5703125 0.4953125 0.4921875 0.4953125 0.4921875 0.6140625 0.5703125 0.6140625 0.5703125 0.4953125
0 0.89375 0.1859375 0.3609375 0.1859375 0.3609375 0.55625 0.89375 0.55625 0.89375 0.1859375
0 0.49375 0.3421875 0.3578125 0.3421875 0.3578125 0.565625 0.49375 0.565625 0.49375 0.3421875
0 0.9328125 0.059375 0.465625 0.059375 0.465625 0.375 0.9328125 0.375 0.9328125 0.059375
0 0.5171875 0.0015625 0.23125 0.0015625 0.23125 0.35625 0.5171875 0.35625 0.5171875 0.0015625
0 1.0 0.0015625 0.540625 0.0015625 0.540625 0.2765625 1.0 0.2765625 1.0 0.0015625
0 0.9859375 0.0015625 0.971875 0.0015625 0.971875 0.015625 0.9859375 0.015625 0.9859375 0.0015625
0 0.14375 0.1453125 0.0015625 0.1453125 0.0015625 0.28125 0.14375 0.28125 0.14375 0.1453125
0 0.709375 0.8078125 0.6125 0.8078125 0.6125 0.9484375 0.709375 0.9484375 0.709375 0.8078125
0 0.9015625 0.03125 0.7 0.03125 0.7 0.1765625 0.9015625 0.1765625 0.9015625 0.03125
0 0.5046875 0.3671875 0.1296875 0.3671875 0.1296875 0.6796875 0.5046875 0.6796875 0.5046875 0.3671875
0 0.396875 0.94375 0.3546875 0.94375 0.3546875 1.0 0.396875 1.0 0.396875 0.94375
0 0.6390625 0.675 0.409375 0.675 0.409375 1.0 0.6390625 1.0 0.6390625 0.675
0 0.5421875 0.0015625 0.303125 0.0015625 0.303125 0.25625 0.5421875 0.25625 0.5421875 0.0015625
0 0.790625 0.996875 0.775 0.996875 0.775 1.0 0.790625 1.0 0.790625 0.996875
0 0.7296875 0.603125 0.55625 0.603125 0.55625 0.7765625 0.7296875 0.7765625 0.7296875 0.603125
0 1.0 0.296875 0.859375 0.296875 0.859375 0.4609375 1.0 0.4609375 1.0 0.296875
0 1.0 0.8484375 0.88125 0.8484375 0.88125 0.95 1.0 0.95 1.0 0.8484375
0 0.7796875 0.21875 0.6375 0.21875 0.6375 0.325 0.7796875 0.325 0.7796875 0.21875
0 0.3703125 0.040625 0.2234375 0.040625 0.2234375 0.140625 0.3703125 0.140625 0.3703125 0.040625
0 0.6375 0.0015625 0.5390625 0.0015625 0.5390625 0.003125 0.6375 0.003125 0.6375 0.0015625
