0 0.4234375 0.0015625 0.2421875 0.0015625 0.2421875 0.2890625 0.4234375 0.2890625 0.4234375 0.0015625
0 0.678125 0.103125 0.553125 0.103125 0.553125 0.296875 0.678125 0.296875 0.678125 0.103125
0 0.3859375 0.0015625 0.34375 0.0015625 0.34375 0.0140625 0.3859375 0.0140625 0.3859375 0.0015625
0 0.603125 0.8015625 0.46875 0.8015625 0.46875 1.0 0.603125 1.0 0.603125 0.8015625
0 0.5546875 0.171875 0.3453125 0.171875 0.3453125 0.45625 0.5546875 0.45625 0.5546875 0.171875
0 0.5453125 0.0015625 0.4390625 0.0015625 0.4390625 0.18125 0.5453125 0.18125 0.5453125 0.0015625
0 0.559375 0.0015625 0.0015625 0.0015625 0.0015625 1.0 0.559375 1.0 0.559375 0.0015625
0 0.5296875 0.828125 0.3515625 0.828125 0.3515625 1.0 0.5296875 1.0 0.5296875 0.828125
0 0.58125 0.428125 0.4515625 0.428125 0.4515625 0.59375 0.58125 0.59375 0.58125 0.428125
0 0.6703125 0.2734375 0.59375 0.2734375 0.59375 0.4296875 0.6703125 0.4296875 0.6703125 0.2734375
0 0.5125 0.0015625 0.4609375 0.0015625 0.4609375 0.034375 0.5125 0.034375 0.5125 0.0015625
0 0.7390625 0.0015625 0.7078125 0.0015625 0.7078125 0.0453125 0.7390625 0.0453125 0.7390625 0.0015625
0 0.8625 0.021875 0.6078125 0.021875 0.6078125 0.2125 0.8625 0.2125 0.8625 0.021875
0 0.8515625 0.0015625 0.796875 0.0015625 0.796875 0.01875 0.8515625 0.01875 0.8515625 0.0015625
0 0.54375 0.609375 0.434375 0.609375 0.434375 0.78125 0.54375 0.78125 0.54375 0.609375
0 0.803125 0.4171875 0.7390625 0.4171875 0.7390625 0.540625 0.803125 0.540625 0.803125 0.4171875
0 0.553125 0.1875 0.325 0.1875 0.325 0.53125 0.553125 0.53125 0.553125 0.1875
0 0.353125 0.3015625 0.121875 0.3015625 0.121875 0.4140625 0.353125 0.4140625 0.353125 0.3015625
0 0.003125 0.0015625 0.0015625 0.0015625 0.0015625 0.0015625 0.003125 0.0015625 0.003125 0.0015625
