0 0.1828125 0.9984375 0.1796875 0.9984375 0.1796875 1.0 0.1828125 1.0 0.1828125 0.9984375
0 0.3953125 0.784375 0.2703125 0.784375 0.2703125 0.953125 0.3953125 0.953125 0.3953125 0.784375
0 0.1515625 0.790625 0.0078125 0.790625 0.0078125 0.9421875 0.1515625 0.9421875 0.1515625 0.790625
0 0.1234375 0.6015625 0.0109375 0.6015625 0.0109375 0.7796875 0.1234375 0.7796875 0.1234375 0.6015625
0 0.459375 0.1546875 0.2625 0.1546875 0.2625 0.76875 0.459375 0.76875 0.459375 0.1546875
0 0.684375 0.08125 0.3375 0.08125 0.3375 0.5765625 0.684375 0.5765625 0.684375 0.08125
0 0.2421875 0.11875 0.1 0.11875 0.1 0.353125 0.2421875 0.353125 0.2421875 0.11875
0 0.625 0.0015625 0.5703125 0.0015625 0.5703125 0.1671875 0.625 0.1671875 0.625 0.0015625
0 0.75625 0.0015625 0.6609375 0.0015625 0.6609375 0.25625 0.75625 0.25625 0.75625 0.0015625
0 0.2359375 0.0015625 0.1546875 0.0015625 0.1546875 0.1234375 0.2359375 0.1234375 0.2359375 0.0015625
0 0.2984375 0.0015625 0.2375 0.0015625 0.2375 0.0640625 0.2984375 0.0640625 0.2984375 0.0015625
0 0.990625 0.35 0.803125 0.35 0.803125 0.775 0.990625 0.775 0.990625 0.35
0 1.0 0.0046875 0.8671875 0.0046875 0.8671875 0.2 1.0 0.2 1.0 0.0046875
0 0.1125 0.91875 0.0015625 0.91875 0.0015625 1.0 0.1125 1.0 0.1125 0.91875
0 0.1421875 0.1859375 0.028125 0.1859375 0.028125 0.390625 0.1421875 0.390625 0.1421875 0.1859375
0 0.946875 0.5578125 0.734375 0.5578125 0.734375 1.0 0.946875 1.0 0.946875 0.5578125
0 0.2046875 0.7125 0.1171875 0.7125 0.1171875 0.85 0.2046875 0.85 0.2046875 0.7125
0 0.28125 0.31875 0.11875 0.31875 0.11875 0.5875 0.28125 0.5875 0.28125 0.31875
0 0.9921875 0.2 0.8375 0.2 0.8375 0.66875 0.9921875 0.66875 0.9921875 0.2
0 0.8328125 0.0328125 0.73125 0.0328125 0.73125 0.284375 0.8328125 0.284375 0.8328125 0.0328125
0 0.5828125 0.0015625 0.4953125 0.0015625 0.4953125 0.1921875 0.5828125 0.1921875 0.5828125 0.0015625
0 0.5171875 0.6265625 0.2046875 0.6265625 0.2046875 1.0 0.5171875 1.0 0.5171875 0.6265625
0 0.4859375 0.4640625 0.3859375 0.4640625 0.3859375 0.71875 0.4859375 0.71875 0.4859375 0.4640625
0 0.5859375 0.2578125 0.49375 0.2578125 0.49375 0.3984375 0.5859375 0.3984375 0.5859375 0.2578125
0 0.903125 0.83125 0.725 0.83125 0.725 1.0 0.903125 1.0 0.903125 0.83125
0 0.746875 0.4703125 0.51875 0.4703125 0.51875 0.790625 0.746875 0.790625 0.746875 0.4703125
0 1.0 0.2765625 0.96875 0.2765625 0.96875 0.3734375 1.0 0.3734375 1.0 0.2765625
0 0.315625 0.0015625 0.096875 0.0015625 0.096875 0.4296875 0.315625 0.4296875 0.315625 0.0015625
0 0.325 0.2421875 0.0015625 0.2421875 0.0015625 1.0 0.325 1.0 0.325 0.2421875
0 0.0171875 0.221875 0.0015625 0.221875 0.0015625 0.36875 0.0171875 0.36875 0.0171875 0.221875
0 0.4859375 0.159375 0.3 0.159375 0.3 0.3890625 0.4859375 0.3890625 0.4859375 0.159375
0 0.1046875 0.0015625 0.0203125 0.0015625 0.0203125 0.253125 0.1046875 0.253125 0.1046875 0.0015625
0 0.55625 0.0015625 0.20625 0.0015625 0.20625 0.2296875 0.55625 0.2296875 0.55625 0.0015625
0 1.0 0.0015625 0.434375 0.0015625 0.434375 1.0 1.0 1.0 1.0 0.0015625
0 0.7375 0.0015625 0.6890625 0.0015625 0.6890625 0.1265625 0.7375 0.1265625 0.7375 0.0015625
0 0.8015625 0.0015625 0.7296875 0.0015625 0.7296875 0.109375 0.8015625 0.109375 0.8015625 0.0015625
0 1.0 0.09375 0.9484375 0.09375 0.9484375 0.196875 1.0 0.196875 1.0 0.09375
0 1.0 0.0015625 0.8109375 0.0015625 0.8109375 0.071875 1.0 0.071875 1.0 0.0015625
