0 0.3234375 0.521875 0.0015625 0.521875 0.0015625 0.8078125 0.3234375 0.8078125 0.3234375 0.521875
0 0.1265625 0.3046875 0.0015625 0.3046875 0.0015625 0.440625 0.1265625 0.440625 0.1265625 0.3046875
0 0.990625 0.9515625 0.71875 0.9515625 0.71875 1.0 0.990625 1.0 0.990625 0.9515625
0 0.5578125 0.996875 0.5359375 0.996875 0.5359375 1.0 0.5578125 1.0 0.5578125 0.996875
0 0.303125 0.9109375 0.1234375 0.9109375 0.1234375 1.0 0.303125 1.0 0.303125 0.9109375
0 0.5609375 0.79375 0.446875 0.79375 0.446875 0.8953125 0.5609375 0.8953125 0.5609375 0.79375
0 0.521875 0.1765625 0.35625 0.1765625 0.35625 0.265625 0.521875 0.265625 0.521875 0.1765625
0 1.0 0.021875 0.8484375 0.021875 0.8484375 0.1640625 1.0 0.1640625 1.0 0.021875
0 0.3328125 0.0015625 0.090625 0.0015625 0.090625 0.05 0.3328125 0.05 0.3328125 0.0015625
0 0.2703125 0.721875 0.009375 0.721875 0.009375 0.9125 0.2703125 0.9125 0.2703125 0.721875
0 0.0875 0.559375 0.0015625 0.559375 0.0015625 0.6515625 0.0875 0.6515625 0.0875 0.559375
0 0.0140625 0.9859375 0.0015625 0.9859375 0.0015625 1.0 0.0140625 1.0 0.0140625 0.9859375
0 0.375 0.7015625 0.0640625 0.7015625 0.0640625 0.9578125 0.375 0.9578125 0.375 0.7015625
0 0.71875 0.8171875 0.434375 0.8171875 0.434375 0.9703125 0.71875 0.9703125 0.71875 0.8171875
0 0.6375 0.5 0.3765625 0.5 0.3765625 0.7578125 0.6375 0.7578125 0.6375 0.5
0 0.425 0.4421875 0.234375 0.4421875 0.234375 0.653125 0.425 0.653125 0.425 0.4421875
0 0.684375 0.4953125 0.459375 0.4953125 0.459375 0.578125 0.684375 0.578125 0.684375 0.4953125
0 0.03125 0.4703125 0.0015625 0.4703125 0.0015625 0.4921875 0.03125 0.4921875 0.03125 0.4703125
0 0.828125 0.375 0.553125 0.375 0.553125 0.5109375 0.828125 0.5109375 0.828125 0.375
0 0.74375 0.2578125 0.609375 0.2578125 0.609375 0.365625 0.74375 0.365625 0.74375 0.2578125
0 0.4265625 0.0421875 0.0015625 0.0421875 0.0015625 0.3109375 0.4265625 0.3109375 0.4265625 0.0421875
0 0.634375 0.1234375 0.4890625 0.1234375 0.4890625 0.2484375 0.634375 0.2484375 0.634375 0.1234375
0 0.79375 0.0421875 0.6015625 0.0421875 0.6015625 0.34375 0.79375 0.34375 0.79375 0.0421875
0 0.725 0.0015625 0.6359375 0.0015625 0.6359375 0.034375 0.725 0.034375 0.725 0.0015625
0 0.9875 0.996875 0.978125 0.996875 0.978125 1.0 0.9875 1.0 0.9875 0.996875
0 0.9890625 0.853125 0.8296875 0.853125 0.8296875 0.9546875 0.9890625 0.9546875 0.9890625 0.853125
0 1.0 0.153125 0.890625 0.153125 0.890625 0.2609375 1.0 0.2609375 1.0 0.153125
0 1.0 0.0015625 0.9203125 0.0015625 0.9203125 0.05625 1.0 0.05625 1.0 0.0015625
0 0.425 0.034375 0.26875 0.034375 0.26875 0.1875 0.425 0.1875 0.425 0.034375
0 0.3203125 0.753125 0.1359375 0.753125 0.1359375 0.821875 0.3203125 0.821875 0.3203125 0.753125
0 1.0 0.0015625 0.0015625 0.0015625 0.0015625 1.0 1.0 1.0 1.0 0.0015625
0 0.259375 0.2859375 0.0015625 0.2859375 0.0015625 0.609375 0.259375 0.609375 0.259375 0.2859375
0 0.2890625 0.8421875 0.1578125 0.8421875 0.1578125 0.925 0.2890625 0.925 0.2890625 0.8421875
0 0.2328125 0.559375 0.084375 0.559375 0.084375 0.6703125 0.2328125 0.6703125 0.2328125 0.559375
0 0.3359375 0.078125 0.2 0.078125 0.2 0.1953125 0.3359375 0.1953125 0.3359375 0.078125
