0 0.984375 0.95625 0.8546875 0.95625 0.8546875 1.0 0.984375 1.0 0.984375 0.95625
0 0.6953125 0.9828125 0.634375 0.9828125 0.634375 1.0 0.6953125 1.0 0.6953125 0.9828125
0 0.3375 0.746875 0.1859375 0.746875 0.1859375 0.8703125 0.3375 0.8703125 0.3375 0.746875
0 0.075 0.3796875 0.0015625 0.3796875 0.0015625 0.6 0.075 0.6 0.075 0.3796875
0 0.0765625 0.0859375 0.0140625 0.0859375 0.0140625 0.290625 0.0765625 0.290625 0.0765625 0.0859375
0 0.7796875 0.946875 0.7234375 0.946875 0.7234375 1.0 0.7796875 1.0 0.7796875 0.946875
0 0.5171875 0.703125 0.2828125 0.703125 0.2828125 0.903125 0.5171875 0.903125 0.5171875 0.703125
0 0.00625 0.5921875 0.0015625 0.5921875 0.0015625 0.603125 0.00625 0.603125 0.00625 0.5921875
0 0.4078125 0.9296875 0.3046875 0.9296875 0.3046875 1.0 0.4078125 1.0 0.4078125 0.9296875
0 0.203125 0.7203125 0.0359375 0.7203125 0.0359375 0.8546875 0.203125 0.8546875 0.203125 0.7203125
0 0.4890625 0.0015625 0.3984375 0.0015625 0.3984375 0.1234375 0.4890625 0.1234375 0.4890625 0.0015625
0 0.490625 0.825 0.390625 0.825 0.390625 1.0 0.490625 1.0 0.490625 0.825
0 0.625 0.8625 0.4671875 0.8625 0.4671875 0.984375 0.625 0.984375 0.625 0.8625
0 0.1796875 0.2734375 0.0015625 0.2734375 0.0015625 0.6296875 0.1796875 0.6296875 0.1796875 0.2734375
0 0.56875 0.9390625 0.46875 0.9390625 0.46875 1.0 0.56875 1.0 0.56875 0.9390625
0 0.4 0.709375 0.215625 0.709375 0.215625 0.9078125 0.4 0.9078125 0.4 0.709375
0 0.859375 0.0015625 0.8234375 0.0015625 0.8234375 0.0390625 0.859375 0.0390625 0.859375 0.0015625
0 0.3859375 0.2203125 0.290625 0.2203125 0.290625 0.4234375 0.3859375 0.4234375 0.3859375 0.2203125
0 0.171875 0.15 0.05625 0.15 0.05625 0.284375 0.171875 0.284375 0.171875 0.15
0 0.253125 0.0015625 0.0265625 0.0015625 0.0265625 0.2296875 0.253125 0.2296875 0.253125 0.0015625
0 0.7875 0.9890625 0.7578125 0.9890625 0.7578125 1.0 0.7875 1.0 0.7875 0.9890625
0 0.7671875 0.44375 0.6921875 0.44375 0.6921875 0.5984375 0.7671875 0.5984375 0.7671875 0.44375
0 0.678125 0.4265625 0.5515625 0.4265625 0.5515625 0.590625 0.678125 0.590625 0.678125 0.4265625
0 0.465625 0.0015625 0.3484375 0.0015625 0.3484375 0.153125 0.465625 0.153125 0.465625 0.0015625
0 0.321875 0.946875 0.246875 0.946875 0.246875 1.0 0.321875 1.0 0.321875 0.946875
0 0.25 0.7984375 0.1484375 0.7984375 0.1484375 0.884375 0.25 0.884375 0.25 0.7984375
0 0.1796875 0.6125 0.0015625 0.6125 0.0015625 0.7953125 0.1796875 0.7953125 0.1796875 0.6125
0 1.0 0.0015625 0.0015625 0.0015625 0.0015625 1.0 1.0 1.0 1.0 0.0015625
0 0.046875 0.0015625 0.0015625 0.0015625 0.0015625 0.5796875 0.046875 0.5796875 0.046875 0.0015625
0 0.734375 0.9640625 0.6609375 0.9640625 0.6609375 1.0 0.734375 1.0 0.734375 0.9640625
0 0.5015625 0.015625 0.4578125 0.015625 0.4578125 0.3703125 0.5015625 0.3703125 0.5015625 0.015625
