0 0.2171875 0.9734375 0.159375 0.9734375 0.159375 1.0 0.2171875 1.0 0.2171875 0.9734375
0 0.4296875 0.0015625 0.321875 0.0015625 0.321875 0.1359375 0.4296875 0.1359375 0.4296875 0.0015625
0 0.2234375 0.784375 0.1234375 0.784375 0.1234375 0.9140625 0.2234375 0.9140625 0.2234375 0.784375
0 0.3453125 0.7328125 0.2140625 0.7328125 0.2140625 0.846875 0.3453125 0.846875 0.3453125 0.7328125
0 0.0203125 0.7765625 0.0015625 0.7765625 0.0015625 0.815625 0.0203125 0.815625 0.0203125 0.7765625
0 0.4765625 0.29375 0.0015625 0.29375 0.0015625 0.6953125 0.4765625 0.6953125 0.4765625 0.29375
0 0.15625 0.2546875 0.0015625 0.2546875 0.0015625 0.4515625 0.15625 0.4515625 0.15625 0.2546875
0 0.196875 0.0015625 0.1234375 0.0015625 0.1234375 0.1453125 0.196875 0.1453125 0.196875 0.0015625
0 0.5453125 0.6859375 0.4203125 0.6859375 0.4203125 0.8015625 0.5453125 0.8015625 0.5453125 0.6859375
0 0.121875 0.5625 0.0015625 0.5625 0.0015625 0.7296875 0.121875 0.7296875 0.121875 0.5625
0 0.1921875 0.53125 0.09375 0.53125 0.09375 0.6671875 0.1921875 0.6671875 0.1921875 0.53125
0 0.7578125 0.6078125 0.6421875 0.6078125 0.6421875 0.7046875 0.7578125 0.7046875 0.7578125 0.6078125
0 0.10625 0.9265625 0.00625 0.9265625 0.00625 1.0 0.10625 1.0 0.10625 0.9265625
0 0.1359375 0.7640625 0.0015625 0.7640625 0.0015625 0.9234375 0.1359375 0.9234375 0.1359375 0.7640625
0 0.290625 0.6578125 0.0859375 0.6578125 0.0859375 0.7640625 0.290625 0.7640625 0.290625 0.6578125
0 0.590625 0.4078125 0.4671875 0.4078125 0.4671875 0.6359375 0.590625 0.6359375 0.590625 0.4078125
0 0.7625 0.915625 0.703125 0.915625 0.703125 1.0 0.7625 1.0 0.7625 0.915625
0 0.9390625 0.615625 0.8140625 0.615625 0.8140625 0.7140625 0.9390625 0.7140625 0.9390625 0.615625
0 0.2 0.7296875 0.0828125 0.7296875 0.0828125 0.7984375 0.2 0.7984375 0.2 0.7296875
0 0.1578125 0.603125 0.0578125 0.603125 0.0578125 0.69375 0.1578125 0.69375 0.1578125 0.603125
0 0.25 0.20625 0.0625 0.20625 0.0625 0.3453125 0.25 0.3453125 0.25 0.20625
0 0.0921875 0.0109375 0.0015625 0.0109375 0.0015625 0.1140625 0.0921875 0.1140625 0.0921875 0.0109375
0 0.3515625 0.8046875 0.2421875 0.8046875 0.2421875 0.94375 0.3515625 0.94375 0.3515625 0.8046875
0 1.0 0.65 0.8703125 0.65 0.8703125 0.753125 1.0 0.753125 1.0 0.65
0 1.0 0.3296875 0.815625 0.3296875 0.815625 0.4234375 1.0 0.4234375 1.0 0.3296875
0 0.4125 0.0015625 0.2484375 0.0015625 0.2484375 0.3203125 0.4125 0.3203125 0.4125 0.0015625
0 0.6125 0.003125 0.5328125 0.003125 0.5328125 0.1859375 0.6125 0.1859375 0.6125 0.003125
0 0.1078125 0.0765625 0.0015625 0.0765625 0.0015625 0.2984375 0.1078125 0.2984375 0.1078125 0.0765625
0 0.01875 0.0390625 0.0015625 0.0390625 0.0015625 0.0828125 0.01875 0.0828125 0.01875 0.0390625
0 0.41875 0.3765625 0.25 0.3765625 0.25 0.490625 0.41875 0.490625 0.41875 0.3765625
0 0.259375 0.3703125 0.13125 0.3703125 0.13125 0.4515625 0.259375 0.4515625 0.259375 0.3703125
0 0.4203125 0.1921875 0.234375 0.1921875 0.234375 0.396875 0.4203125 0.396875 0.4203125 0.1921875
0 0.309375 0.0015625 0.1953125 0.0015625 0.1953125 0.1046875 0.309375 0.1046875 0.309375 0.0015625
0 0.4890625 0.0015625 0.4484375 0.0015625 0.4484375 0.0453125 0.4890625 0.0453125 0.4890625 0.0015625
0 0.234375 0.4375 0.0015625 0.4375 0.0015625 0.5109375 0.234375 0.5109375 0.234375 0.4375
0 0.4296875 0.0015625 0.4140625 0.0015625 0.4140625 0.00625 0.4296875 0.00625 0.4296875 0.0015625
0 0.01875 0.9 0.0015625 0.9 0.0015625 1.0 0.01875 1.0 0.01875 0.9
0 0.346875 0.60625 0.253125 0.60625 0.253125 0.75 0.346875 0.75 0.346875 0.60625
0 0.9390625 0.4625 0.8390625 0.4625 0.8390625 0.59375 0.9390625 0.59375 0.9390625 0.4625
0 1.0 0.0015625 0.0015625 0.0015625 0.0015625 1.0 1.0 1.0 1.0 0.0015625
0 0.0515625 0.8265625 0.0015625 0.8265625 0.0015625 0.875 0.0515625 0.875 0.0515625 0.8265625
0 0.1109375 0.7203125 0.0015625 0.7203125 0.0015625 0.8046875 0.1109375 0.8046875 0.1109375 0.7203125
0 0.0125 0.1109375 0.0015625 0.1109375 0.0015625 0.1328125 0.0125 0.1328125 0.0125 0.1109375
0 0.265625 0.475 0.1359375 0.475 0.1359375 0.69375 0.265625 0.69375 0.265625 0.475
0 0.3796875 0.45625 0.2640625 0.45625 0.2640625 0.571875 0.3796875 0.571875 0.3796875 0.45625
0 0.70625 0.940625 0.6015625 0.940625 0.6015625 1.0 0.70625 1.0 0.70625 0.940625
