0 0.3515625 0.3984375 0.08125 0.3984375 0.08125 0.621875 0.3515625 0.621875 0.3515625 0.3984375
0 0.221875 0.24375 0.0625 0.24375 0.0625 0.4328125 0.221875 0.4328125 0.221875 0.24375
0 0.05 0.2203125 0.0015625 0.2203125 0.0015625 0.3375 0.05 0.3375 0.05 0.2203125
0 0.371875 0.3765625 0.2109375 0.3765625 0.2109375 0.4453125 0.371875 0.4453125 0.371875 0.3765625
0 0.5015625 0.3296875 0.4015625 0.3296875 0.4015625 0.4765625 0.5015625 0.4765625 0.5015625 0.3296875
0 0.8703125 0.08125 0.66875 0.08125 0.66875 0.20625 0.8703125 0.20625 0.8703125 0.08125
0 0.26875 0.071875 0.1671875 0.071875 0.1671875 0.1671875 0.26875 0.1671875 0.26875 0.071875
0 0.3109375 0.0015625 0.228125 0.0015625 0.228125 0.04375 0.3109375 0.04375 0.3109375 0.0015625
0 0.7859375 0.0015625 0.690625 0.0015625 0.690625 0.05625 0.7859375 0.05625 0.7859375 0.0015625
0 0.309375 0.2203125 0.0796875 0.2203125 0.0796875 0.38125 0.309375 0.38125 0.309375 0.2203125
0 0.3265625 0.1109375 0.0859375 0.1109375 0.0859375 0.284375 0.3265625 0.284375 0.3265625 0.1109375
0 0.9203125 0.084375 0.6515625 0.084375 0.6515625 0.246875 0.9203125 0.246875 0.9203125 0.084375
0 0.2546875 0.0015625 0.2 0.0015625 0.2 0.0546875 0.2546875 0.0546875 0.2546875 0.0015625
0 0.76875 0.3609375 0.609375 0.3609375 0.609375 0.465625 0.76875 0.465625 0.76875 0.3609375
0 0.396875 0.18125 0.1796875 0.18125 0.1796875 0.3671875 0.396875 0.3671875 0.396875 0.18125
0 0.76875 0.1890625 0.6140625 0.1890625 0.6140625 0.3203125 0.76875 0.3203125 0.76875 0.1890625
0 0.371875 0.4109375 0.1984375 0.4109375 0.1984375 0.521875 0.371875 0.521875 0.371875 0.4109375
0 0.671875 0.2734375 0.409375 0.2734375 0.409375 0.440625 0.671875 0.440625 0.671875 0.2734375
0 0.790625 0.225 0.6359375 0.225 0.6359375 0.365625 0.790625 0.365625 0.790625 0.225
0 0.6046875 0.30625 0.3640625 0.30625 0.3640625 0.496875 0.6046875 0.496875 0.6046875 0.30625
0 0.584375 0.578125 0.5125 0.578125 0.5125 0.7796875 0.584375 0.7796875 0.584375 0.578125
0 0.975 0.696875 0.7875 0.696875 0.7875 0.8984375 0.975 0.8984375 0.975 0.696875
0 0.3296875 0.8203125 0.253125 0.8203125 0.253125 1.0 0.3296875 1.0 0.3296875 0.8203125
0 0.921875 0.153125 0.7734375 0.153125 0.7734375 0.2703125 0.921875 0.2703125 0.921875 0.153125
0 0.925 0.3640625 0.7140625 0.3640625 0.7140625 0.490625 0.925 0.490625 0.925 0.3640625
0 1.0 0.0015625 0.634375 0.0015625 0.634375 0.1734375 1.0 0.1734375 1.0 0.0015625
0 0.109375 0.984375 0.06875 0.984375 0.06875 1.0 0.109375 1.0 0.109375 0.984375
0 0.49375 0.690625 0.421875 0.690625 0.421875 0.803125 0.49375 0.803125 0.49375 0.690625
0 0.6203125 0.1828125 0.453125 0.1828125 0.453125 0.2765625 0.6203125 0.2765625 0.6203125 0.1828125
0 0.634375 0.0015625 0.396875 0.0015625 0.396875 0.2265625 0.634375 0.2265625 0.634375 0.0015625
0 0.9140625 0.96875 0.8796875 0.96875 0.8796875 1.0 0.9140625 1.0 0.9140625 0.96875
0 0.7484375 0.928125 0.65 0.928125 0.65 1.0 0.7484375 1.0 0.7484375 0.928125
0 1.0 0.9640625 0.996875 0.9640625 0.996875 0.98125 1.0 0.98125 1.0 0.9640625
0 0.684375 0.890625 0.5578125 0.890625 0.5578125 1.0 0.684375 1.0 0.684375 0.890625
0 0.7765625 0.7375 0.6578125 0.7375 0.6578125 0.896875 0.7765625 0.896875 0.7765625 0.7375
0 0.7015625 0.7296875 0.546875 0.7296875 0.546875 0.8375 0.7015625 0.8375 0.7015625 0.7296875
0 1.0 0.6515625 0.95625 0.6515625 0.95625 0.6953125 1.0 0.6953125 1.0 0.6515625
0 0.7484375 0.4671875 0.5578125 0.4671875 0.5578125 0.615625 0.7484375 0.615625 0.7484375 0.4671875
0 0.9 0.4109375 0.6953125 0.4109375 0.6953125 0.6 0.9 0.6 0.9 0.4109375
0 1.0 0.2984375 0.8734375 0.2984375 0.8734375 0.4765625 1.0 0.4765625 1.0 0.2984375
0 1.0 0.434375 0.9828125 0.434375 0.9828125 0.490625 1.0 0.490625 1.0 0.434375
0 0.4515625 0.134375 0.3046875 0.134375 0.3046875 0.3109375 0.4515625 0.3109375 0.4515625 0.134375
0 0.6296875 0.121875 0.509375 0.121875 0.509375 0.2578125 0.6296875 0.2578125 0.6296875 0.121875
0 0.4375 0.0015625 0.3671875 0.0015625 0.3671875 0.125 0.4375 0.125 0.4375 0.0015625
0 0.38125 0.0015625 0.2765625 0.0015625 0.2765625 0.121875 0.38125 0.121875 0.38125 0.0015625
0 0.0375 0.0015625 0.0125 0.0015625 0.0125 0.0453125 0.0375 0.0453125 0.0375 0.0015625
0 0.759375 0.9125 0.5296875 0.9125 0.5296875 1.0 0.759375 1.0 0.759375 0.9125
0 0.90625 0.890625 0.7625 0.890625 0.7625 1.0 0.90625 1.0 0.90625 0.890625
0 0.9734375 0.728125 0.8203125 0.728125 0.8203125 0.8890625 0.9734375 0.8890625 0.9734375 0.728125
0 0.7390625 0.7234375 0.5890625 0.7234375 0.5890625 0.884375 0.7390625 0.884375 0.7390625 0.7234375
0 0.7671875 0.4546875 0.6109375 0.4546875 0.6109375 0.5734375 0.7671875 0.5734375 0.7671875 0.4546875
0 0.9921875 0.33125 0.853125 0.33125 0.853125 0.45625 0.9921875 0.45625 0.9921875 0.33125
0 0.5515625 0.078125 0.4578125 0.078125 0.4578125 0.228125 0.5515625 0.228125 0.5515625 0.078125
0 0.6390625 0.003125 0.565625 0.003125 0.565625 0.178125 0.6390625 0.178125 0.6390625 0.003125
0 1.0 0.0015625 0.0015625 0.0015625 0.0015625 1.0 1.0 1.0 1.0 0.0015625
0 0.9703125 0.2671875 0.3875 0.2671875 0.3875 0.4 0.9703125 0.4 0.9703125 0.2671875
0 1.0 0.35625 0.5203125 0.35625 0.5203125 0.959375 1.0 0.959375 1.0 0.35625
0 1.0 0.1359375 0.9265625 0.1359375 0.9265625 0.3140625 1.0 0.3140625 1.0 0.1359375
