0 0.80625 0.9359375 0.7421875 0.9359375 0.7421875 1.0 0.80625 1.0 0.80625 0.9359375
0 0.4046875 0.8734375 0.1609375 0.8734375 0.1609375 1.0 0.4046875 1.0 0.4046875 0.8734375
0 0.490625 0.5953125 0.396875 0.5953125 0.396875 0.8578125 0.490625 0.8578125 0.490625 0.5953125
0 0.871875 0.46875 0.7421875 0.46875 0.7421875 0.715625 0.871875 0.715625 0.871875 0.46875
0 0.359375 0.0015625 0.3109375 0.0015625 0.3109375 0.04375 0.359375 0.04375 0.359375 0.0015625
0 0.578125 0.9453125 0.5234375 0.9453125 0.5234375 1.0 0.578125 1.0 0.578125 0.9453125
0 0.4390625 0.690625 0.2234375 0.690625 0.2234375 1.0 0.4390625 1.0 0.4390625 0.690625
0 0.8546875 0.603125 0.740625 0.603125 0.740625 0.9625 0.8546875 0.9625 0.8546875 0.603125
0 1.0 0.9484375 0.996875 0.9484375 0.996875 0.959375 1.0 0.959375 1.0 0.9484375
0 0.1703125 0.7765625 0.0421875 0.7765625 0.0421875 0.884375 0.1703125 0.884375 0.1703125 0.7765625
0 0.125 0.0015625 0.0015625 0.0015625 0.0015625 0.2953125 0.125 0.2953125 0.125 0.0015625
0 0.378125 0.5796875 0.2015625 0.5796875 0.2015625 0.975 0.378125 0.975 0.378125 0.5796875
0 0.2828125 0.7859375 0.1921875 0.7859375 0.1921875 0.8890625 0.2828125 0.8890625 0.2828125 0.7859375
0 0.1984375 0.309375 0.121875 0.309375 0.121875 0.5515625 0.1984375 0.5515625 0.1984375 0.309375
0 0.3390625 0.3078125 0.203125 0.3078125 0.203125 0.54375 0.3390625 0.54375 0.3390625 0.3078125
0 0.6296875 0.0796875 0.5078125 0.0796875 0.5078125 0.5203125 0.6296875 0.5203125 0.6296875 0.0796875
0 0.7296875 0.0015625 0.6234375 0.0015625 0.6234375 0.4859375 0.7296875 0.4859375 0.7296875 0.0015625
0 0.2125 0.078125 0.1078125 0.078125 0.1078125 0.303125 0.2125 0.303125 0.2125 0.078125
0 0.3140625 0.0578125 0.1921875 0.0578125 0.1921875 0.2890625 0.3140625 0.2890625 0.3140625 0.0578125
0 0.2109375 0.0015625 0.1296875 0.0015625 0.1296875 0.1 0.2109375 0.1 0.2109375 0.0015625
0 1.0 0.2234375 0.71875 0.2234375 0.71875 0.553125 1.0 0.553125 1.0 0.2234375
0 0.953125 0.8703125 0.803125 0.8703125 0.803125 1.0 0.953125 1.0 0.953125 0.8703125
0 1.0 0.4671875 0.828125 0.4671875 0.828125 0.9 1.0 0.9 1.0 0.4671875
0 0.909375 0.0390625 0.734375 0.0390625 0.734375 0.29375 0.909375 0.29375 0.909375 0.0390625
0 1.0 0.0015625 0.921875 0.0015625 0.921875 0.2109375 1.0 0.2109375 1.0 0.0015625
0 0.8921875 0.0015625 0.7609375 0.0015625 0.7609375 0.0359375 0.8921875 0.0359375 0.8921875 0.0015625
0 0.3203125 0.571875 0.128125 0.571875 0.128125 0.790625 0.3203125 0.790625 0.3203125 0.571875
0 0.25 0.3078125 0.1671875 0.3078125 0.1671875 0.409375 0.25 0.409375 0.25 0.3078125
0 0.859375 0.890625 0.778125 0.890625 0.778125 1.0 0.859375 1.0 0.859375 0.890625
0 1.0 0.075 0.9890625 0.075 0.9890625 0.1140625 1.0 0.1140625 1.0 0.075
0 0.215625 0.0015625 0.0015625 0.0015625 0.0015625 0.9625 0.215625 0.9625 0.215625 0.0015625
0 1.0 0.440625 0.8109375 0.440625 0.8109375 1.0 1.0 1.0 1.0 0.440625
0 1.0 0.0015625 0.4140625 0.0015625 0.4140625 1.0 1.0 1.0 1.0 0.0015625
0 0.7640625 0.890625 0.6828125 0.890625 0.6828125 1.0 0.7640625 1.0 0.7640625 0.890625
0 0.390625 0.090625 0.2625 0.090625 0.2625 0.39375 0.390625 0.39375 0.390625 0.090625
