0 0.79375 0.946875 0.71875 0.946875 0.71875 1.0 0.79375 1.0 0.79375 0.946875
0 0.828125 0.61875 0.684375 0.61875 0.684375 0.834375 0.828125 0.834375 0.828125 0.61875
0 0.4765625 0.6203125 0.29375 0.6203125 0.29375 1.0 0.4765625 1.0 0.4765625 0.6203125
0 0.2703125 0.9953125 0.2625 0.9953125 0.2625 1.0 0.2703125 1.0 0.2703125 0.9953125
0 0.790625 0.896875 0.54375 0.896875 0.54375 1.0 0.790625 1.0 0.790625 0.896875
0 0.1875 0.546875 0.0453125 0.546875 0.0453125 0.784375 0.1875 0.784375 0.1875 0.546875
0 0.0671875 0.215625 0.0015625 0.215625 0.0015625 0.4 0.0671875 0.4 0.0671875 0.215625
0 1.0 0.83125 0.8078125 0.83125 0.8078125 1.0 1.0 1.0 1.0 0.83125
0 0.740625 0.0109375 0.68125 0.0109375 0.68125 0.2890625 0.740625 0.2890625 0.740625 0.0109375
0 1.0 0.2140625 0.90625 0.2140625 0.90625 0.3328125 1.0 0.3328125 1.0 0.2140625
0 0.0765625 0.1375 0.0015625 0.1375 0.0015625 0.3234375 0.0765625 0.3234375 0.0765625 0.1375
0 0.6109375 0.1640625 0.475 0.1640625 0.475 0.2875 0.6109375 0.2875 0.6109375 0.1640625
0 0.409375 0.209375 0.2921875 0.209375 0.2921875 0.38125 0.409375 0.38125 0.409375 0.209375
0 0.0125 0.8140625 0.0015625 0.8140625 0.0015625 0.871875 0.0125 0.871875 0.0125 0.8140625
0 0.3953125 0.2984375 0.2875 0.2984375 0.2875 0.428125 0.3953125 0.428125 0.3953125 0.2984375
0 0.171875 0.0015625 0.0140625 0.0015625 0.0140625 0.271875 0.171875 0.271875 0.171875 0.0015625
0 1.0 0.3734375 0.840625 0.3734375 0.840625 0.5265625 1.0 0.5265625 1.0 0.3734375
0 0.5453125 0.0015625 0.49375 0.0015625 0.49375 0.0671875 0.5453125 0.0671875 0.5453125 0.0015625
0 0.2421875 0.59375 0.1265625 0.59375 0.1265625 0.959375 0.2421875 0.959375 0.2421875 0.59375
0 0.5015625 0.396875 0.3734375 0.396875 0.3734375 0.509375 0.5015625 0.509375 0.5015625 0.396875
0 0.353125 0.2875 0.234375 0.2875 0.234375 0.4578125 0.353125 0.4578125 0.353125 0.2875
0 0.2125 0.15625 0.1234375 0.15625 0.1234375 0.3484375 0.2125 0.3484375 0.2125 0.15625
0 0.94375 0.9375 0.7796875 0.9375 0.7796875 1.0 0.94375 1.0 0.94375 0.9375
0 1.0 0.73125 0.8203125 0.73125 0.8203125 0.91875 1.0 0.91875 1.0 0.73125
0 0.8703125 0.478125 0.703125 0.478125 0.703125 0.6859375 0.8703125 0.6859375 0.8703125 0.478125
0 0.1546875 0.0140625 0.0015625 0.0140625 0.0015625 0.8453125 0.1546875 0.8453125 0.1546875 0.0140625
0 0.3421875 0.45 0.1375 0.45 0.1375 0.609375 0.3421875 0.609375 0.3421875 0.45
0 0.2359375 0.0359375 0.065625 0.0359375 0.065625 0.3359375 0.2359375 0.3359375 0.2359375 0.0359375
0 0.73125 0.9484375 0.6109375 0.9484375 0.6109375 1.0 0.73125 1.0 0.73125 0.9484375
0 0.9265625 0.78125 0.728125 0.78125 0.728125 0.98125 0.9265625 0.98125 0.9265625 0.78125
0 0.5609375 0.4546875 0.3296875 0.4546875 0.3296875 1.0 0.5609375 1.0 0.5609375 0.4546875
0 0.896875 0.6078125 0.7375 0.6078125 0.7375 0.7578125 0.896875 0.7578125 0.896875 0.6078125
0 0.4828125 0.2234375 0.3625 0.2234375 0.3625 0.446875 0.4828125 0.446875 0.4828125 0.2234375
0 1.0 0.5609375 0.940625 0.5609375 0.940625 0.703125 1.0 0.703125 1.0 0.5609375
0 0.2125 0.309375 0.0015625 0.309375 0.0015625 0.465625 0.2125 0.465625 0.2125 0.309375
0 1.0 0.4453125 0.934375 0.4453125 0.934375 0.5484375 1.0 0.5484375 1.0 0.4453125
0 0.834375 0.0015625 0.7203125 0.0015625 0.7203125 0.1234375 0.834375 0.1234375 0.834375 0.0015625
0 0.1578125 0.9359375 0.0984375 0.9359375 0.0984375 1.0 0.1578125 1.0 0.1578125 0.9359375
0 0.73125 0.0015625 0.696875 0.0015625 0.696875 0.025 0.73125 0.025 0.73125 0.0015625
0 0.684375 0.1671875 0.5578125 0.1671875 0.5578125 0.43125 0.684375 0.43125 0.684375 0.1671875
0 0.59375 0.0015625 0.3578125 0.0015625 0.3578125 0.3546875 0.59375 0.3546875 0.59375 0.0015625
0 0.28125 0.0015625 0.109375 0.0015625 0.109375 0.06875 0.28125 0.06875 0.28125 0.0015625
0 1.0 0.0015625 0.7109375 0.0015625 0.7109375 0.2734375 1.0 0.2734375 1.0 0.0015625
0 1.0 0.440625 1.0 0.440625 1.0 0.44375 1.0 0.44375 1.0 0.440625
0 0.9296875 0.3421875 0.8453125 0.3421875 0.8453125 0.4265625 0.9296875 0.4265625 0.9296875 0.3421875
0 0.4921875 0.11875 0.396875 0.11875 0.396875 0.228125 0.4921875 0.228125 0.4921875 0.11875
0 0.9203125 0.0015625 0.803125 0.0015625 0.803125 0.2265625 0.9203125 0.2265625 0.9203125 0.0015625
0 0.171875 0.9046875 0.0265625 0.9046875 0.0265625 1.0 0.171875 1.0 0.171875 0.9046875
0 0.44375 0.4625 0.2265625 0.4625 0.2265625 0.853125 0.44375 0.853125 0.44375 0.4625
0 0.109375 0.5609375 0.0015625 0.5609375 0.0015625 0.8015625 0.109375 0.8015625 0.109375 0.5609375
0 0.1 0.4 0.0015625 0.4 0.0015625 0.51875 0.1 0.51875 0.1 0.4
0 0.2984375 0.2671875 0.0921875 0.2671875 0.0921875 0.6203125 0.2984375 0.6203125 0.2984375 0.2671875
0 0.3734375 0.1609375 0.253125 0.1609375 0.253125 0.4296875 0.3734375 0.4296875 0.3734375 0.1609375
0 0.7296875 0.9625 0.6484375 0.9625 0.6484375 1.0 0.7296875 1.0 0.7296875 0.9625
0 1.0 0.9828125 0.9828125 0.9828125 0.9828125 1.0 1.0 1.0 1.0 0.9828125
0 1.0 0.7953125 0.9375 0.7953125 0.9375 0.9859375 1.0 0.9859375 1.0 0.7953125
0 0.7921875 0.7375 0.6234375 0.7375 0.6234375 0.86875 0.7921875 0.86875 0.7921875 0.7375
0 1.0 0.6859375 0.8140625 0.6859375 0.8140625 0.78125 1.0 0.78125 1.0 0.6859375
0 1.0 0.5375 0.9359375 0.5375 0.9359375 0.60625 1.0 0.60625 1.0 0.5375
0 0.678125 0.3640625 0.4890625 0.3640625 0.4890625 0.734375 0.678125 0.734375 0.678125 0.3640625
0 0.5453125 0.259375 0.48125 0.259375 0.48125 0.434375 0.5453125 0.434375 0.5453125 0.259375
0 0.4609375 0.646875 0.3421875 0.646875 0.3421875 0.9421875 0.4609375 0.9421875 0.4609375 0.646875
0 0.634375 0.4296875 0.540625 0.4296875 0.540625 0.578125 0.634375 0.578125 0.634375 0.4296875
0 0.6859375 0.8453125 0.5796875 0.8453125 0.5796875 0.9515625 0.6859375 0.9515625 0.6859375 0.8453125
0 1.0 0.634375 0.853125 0.634375 0.853125 0.73125 1.0 0.73125 1.0 0.634375
0 0.9171875 0.2109375 0.73125 0.2109375 0.73125 0.49375 0.9171875 0.49375 0.9171875 0.2109375
0 0.275 0.1390625 0.203125 0.1390625 0.203125 0.3015625 0.275 0.3015625 0.275 0.1390625
0 0.4890625 0.0015625 0.3171875 0.0015625 0.3171875 0.19375 0.4890625 0.19375 0.4890625 0.0015625
0 0.5359375 0.7171875 0.3890625 0.7171875 0.3890625 1.0 0.5359375 1.0 0.5359375 0.7171875
0 0.3328125 0.671875 0.1796875 0.671875 0.1796875 1.0 0.3328125 1.0 0.3328125 0.671875
0 0.7734375 0.0015625 0.48125 0.0015625 0.48125 1.0 0.7734375 1.0 0.7734375 0.0015625
0 0.4015625 0.38125 0.2828125 0.38125 0.2828125 0.728125 0.4015625 0.728125 0.4015625 0.38125
0 0.615625 0.259375 0.465625 0.259375 0.465625 0.6640625 0.615625 0.6640625 0.615625 0.259375
0 0.409375 0.0015625 0.1984375 0.0015625 0.1984375 0.1546875 0.409375 0.1546875 0.409375 0.0015625
0 0.4625 0.0015625 0.409375 0.0015625 0.409375 0.09375 0.4625 0.09375 0.4625 0.0015625
0 0.8 0.8578125 0.6609375 0.8578125 0.6609375 0.9328125 0.8 0.9328125 0.8 0.8578125
0 0.8609375 0.5390625 0.775 0.5390625 0.775 0.659375 0.8609375 0.659375 0.8609375 0.5390625
0 1.0 0.484375 0.846875 0.484375 0.846875 0.6125 1.0 0.6125 1.0 0.484375
0 1.0 0.1546875 0.8546875 0.1546875 0.8546875 0.4703125 1.0 0.4703125 1.0 0.1546875
0 0.675 0.0015625 0.5609375 0.0015625 0.5609375 0.421875 0.675 0.421875 0.675 0.0015625
0 0.884375 0.0015625 0.7453125 0.0015625 0.7453125 0.10625 0.884375 0.10625 0.884375 0.0015625
0 0.9859375 0.9953125 0.978125 0.9953125 0.978125 1.0 0.9859375 1.0 0.9859375 0.9953125
