0 0.0875 0.9640625 0.0609375 0.9640625 0.0609375 1.0 0.0875 1.0 0.0875 0.9640625
0 0.159375 0.853125 0.115625 0.853125 0.115625 1.0 0.159375 1.0 0.159375 0.853125
0 0.1390625 0.3046875 0.0015625 0.3046875 0.0015625 0.4765625 0.1390625 0.4765625 0.1390625 0.3046875
0 0.3890625 0.83125 0.30625 0.83125 0.30625 1.0 0.3890625 1.0 0.3890625 0.83125
0 0.55 0.6046875 0.36875 0.6046875 0.36875 0.69375 0.55 0.69375 0.55 0.6046875
0 0.0140625 0.590625 0.0015625 0.590625 0.0015625 0.60625 0.0140625 0.60625 0.0140625 0.590625
0 0.7359375 0.40625 0.6015625 0.40625 0.6015625 0.5890625 0.7359375 0.5890625 0.7359375 0.40625
0 0.88125 0.8734375 0.815625 0.8734375 0.815625 1.0 0.88125 1.0 0.88125 0.8734375
0 0.7125 0.9859375 0.6703125 0.9859375 0.6703125 1.0 0.7125 1.0 0.7125 0.9859375
0 0.8703125 0.6 0.7578125 0.6 0.7578125 0.6890625 0.8703125 0.6890625 0.8703125 0.6
0 0.646875 0.5640625 0.5546875 0.5640625 0.5546875 0.659375 0.646875 0.659375 0.646875 0.5640625
0 0.775 0.0015625 0.75 0.0015625 0.75 0.0078125 0.775 0.0078125 0.775 0.0015625
0 0.00625 0.4640625 0.0015625 0.4640625 0.0015625 0.4921875 0.00625 0.4921875 0.00625 0.4640625
0 0.55 0.9375 0.4765625 0.9375 0.4765625 1.0 0.55 1.0 0.55 0.9375
0 0.0625 0.321875 0.0015625 0.321875 0.0015625 0.5171875 0.0625 0.5171875 0.0625 0.321875
0 0.415625 0.528125 0.1828125 0.528125 0.1828125 0.6515625 0.415625 0.6515625 0.415625 0.528125
0 0.2859375 0.3875 0.0734375 0.3875 0.0734375 0.528125 0.2859375 0.528125 0.2859375 0.3875
0 0.1734375 0.1671875 0.0015625 0.1671875 0.0015625 0.3203125 0.1734375 0.3203125 0.1734375 0.1671875
0 0.053125 0.0765625 0.0015625 0.0765625 0.0015625 0.2109375 0.053125 0.2109375 0.053125 0.0765625
0 1.0 0.9203125 0.8765625 0.9203125 0.8765625 1.0 1.0 1.0 1.0 0.9203125
0 0.496875 0.89375 0.3765625 0.89375 0.3765625 1.0 0.496875 1.0 0.496875 0.89375
0 0.6375 0.9125 0.5265625 0.9125 0.5265625 1.0 0.6375 1.0 0.6375 0.9125
0 0.746875 0.8203125 0.5828125 0.8203125 0.5828125 1.0 0.746875 1.0 0.746875 0.8203125
0 0.8359375 0.6875 0.609375 0.6875 0.609375 0.8140625 0.8359375 0.8140625 0.8359375 0.6875
0 0.44375 0.6203125 0.21875 0.6203125 0.21875 0.7671875 0.44375 0.7671875 0.44375 0.6203125
0 0.51875 0.38125 0.390625 0.38125 0.390625 0.50625 0.51875 0.50625 0.51875 0.38125
0 0.1109375 0.5015625 0.0015625 0.5015625 0.0015625 0.6296875 0.1109375 0.6296875 0.1109375 0.5015625
0 0.65 0.478125 0.4015625 0.478125 0.4015625 0.6234375 0.65 0.6234375 0.65 0.478125
0 0.459375 0.2546875 0.203125 0.2546875 0.203125 0.4703125 0.459375 0.4703125 0.459375 0.2546875
0 0.1390625 0.0890625 0.0015625 0.0890625 0.0015625 0.2546875 0.1390625 0.2546875 0.1390625 0.0890625
0 0.85 0.471875 0.6421875 0.471875 0.6421875 0.6546875 0.85 0.6546875 0.85 0.471875
0 1.0 0.434375 0.8828125 0.434375 0.8828125 0.5171875 1.0 0.5171875 1.0 0.434375
0 1.0 0.0140625 0.89375 0.0140625 0.89375 0.178125 1.0 0.178125 1.0 0.0140625
0 0.9828125 0.0015625 0.79375 0.0015625 0.79375 0.1640625 0.9828125 0.1640625 0.9828125 0.0015625
0 0.2515625 0.2578125 0.03125 0.2578125 0.03125 0.3546875 0.2515625 0.3546875 0.2515625 0.2578125
0 0.26875 0.0015625 0.1328125 0.0015625 0.1328125 0.1140625 0.26875 0.1140625 0.26875 0.0015625
0 1.0 0.596875 0.915625 0.596875 0.915625 0.71875 1.0 0.71875 1.0 0.596875
0 0.2890625 0.46875 0.0640625 0.46875 0.0640625 0.5578125 0.2890625 0.5578125 0.2890625 0.46875
0 0.9828125 0.8171875 0.7984375 0.8171875 0.7984375 0.9796875 0.9828125 0.9796875 0.9828125 0.8171875
0 0.9515625 0.5046875 0.7828125 0.5046875 0.7828125 0.7625 0.9515625 0.7625 0.9515625 0.5046875
0 0.80625 0.5890625 0.653125 0.5890625 0.653125 0.675 0.80625 0.675 0.80625 0.5890625
0 0.85 0.0015625 0.771875 0.0015625 0.771875 0.1671875 0.85 0.1671875 0.85 0.0015625
0 1.0 0.1046875 0.98125 0.1046875 0.98125 0.1328125 1.0 0.1328125 1.0 0.1046875
0 0.13125 0.0015625 0.0015625 0.0015625 0.0015625 0.13125 0.13125 0.13125 0.13125 0.0015625
0 0.0171875 0.0015625 0.0015625 0.0015625 0.0015625 0.0203125 0.0171875 0.0203125 0.0171875 0.0015625
0 0.8984375 0.7953125 0.75625 0.7953125 0.75625 1.0 0.8984375 1.0 0.8984375 0.7953125
0 0.4015625 0.496875 0.2421875 0.496875 0.2421875 0.615625 0.4015625 0.615625 0.4015625 0.496875
0 0.21875 0.3453125 0.103125 0.3453125 0.103125 0.440625 0.21875 0.440625 0.21875 0.3453125
0 0.6921875 0.734375 0.575 0.734375 0.575 0.878125 0.6921875 0.878125 0.6921875 0.734375
0 1.0 0.4765625 0.8453125 0.4765625 0.8453125 0.596875 1.0 0.596875 1.0 0.4765625
0 0.8703125 0.425 0.6796875 0.425 0.6796875 0.546875 0.8703125 0.546875 0.8703125 0.425
0 0.5125 0.3359375 0.30625 0.3359375 0.30625 0.3984375 0.5125 0.3984375 0.5125 0.3359375
0 1.0 0.134375 0.9859375 0.134375 0.9859375 0.196875 1.0 0.196875 1.0 0.134375
0 0.4125 0.0015625 0.240625 0.0015625 0.240625 0.0734375 0.4125 0.0734375 0.4125 0.0015625
0 0.0640625 0.9046875 0.0015625 0.9046875 0.0015625 0.953125 0.0640625 0.953125 0.0640625 0.9046875
0 0.703125 0.8125 0.5265625 0.8125 0.5265625 1.0 0.703125 1.0 0.703125 0.8125
0 0.3328125 0.5375 0.1046875 0.5375 0.1046875 0.7109375 0.3328125 0.7109375 0.3328125 0.5375
0 0.853125 0.7515625 0.6203125 0.7515625 0.6203125 0.8921875 0.853125 0.8921875 0.853125 0.7515625
0 0.675 0.5765625 0.2828125 0.5765625 0.2828125 0.771875 0.675 0.771875 0.675 0.5765625
0 0.903125 0.2515625 0.7390625 0.2515625 0.7390625 0.453125 0.903125 0.453125 0.903125 0.2515625
0 1.0 0.0015625 0.8421875 0.0015625 0.8421875 0.2078125 1.0 0.2078125 1.0 0.0015625
0 0.540625 0.0015625 0.3203125 0.0015625 0.3203125 0.175 0.540625 0.175 0.540625 0.0015625
0 0.25625 0.9015625 0.165625 0.9015625 0.165625 1.0 0.25625 1.0 0.25625 0.9015625
0 0.421875 0.7578125 0.296875 0.7578125 0.296875 0.8765625 0.421875 0.8765625 0.421875 0.7578125
0 1.0 0.7078125 0.953125 0.7078125 0.953125 0.8046875 1.0 0.8046875 1.0 0.7078125
0 0.125 0.353125 0.0515625 0.353125 0.0515625 0.5109375 0.125 0.5109375 0.125 0.353125
0 0.2171875 0.0015625 0.1859375 0.0015625 0.1859375 0.003125 0.2171875 0.003125 0.2171875 0.0015625
0 1.0 0.1375 0.7671875 0.1375 0.7671875 0.596875 1.0 0.596875 1.0 0.1375
