0 0.5640625 0.0015625 0.4609375 0.0015625 0.4609375 0.0359375 0.5640625 0.0359375 0.5640625 0.0015625
0 0.315625 0.0015625 0.2375 0.0015625 0.2375 0.1015625 0.315625 0.1015625 0.315625 0.0015625
0 0.0140625 0.6578125 0.0015625 0.6578125 0.0015625 0.6890625 0.0140625 0.6890625 0.0140625 0.6578125
0 1.0 0.8015625 0.875 0.8015625 0.875 1.0 1.0 1.0 1.0 0.8015625
0 0.1125 0.3359375 0.0015625 0.3359375 0.0015625 0.428125 0.1125 0.428125 0.1125 0.3359375
0 0.36875 0.0015625 0.0703125 0.0015625 0.0703125 0.3 0.36875 0.3 0.36875 0.0015625
0 0.0671875 0.0015625 0.0015625 0.0015625 0.0015625 0.0875 0.0671875 0.0875 0.0671875 0.0015625
0 0.7296875 0.16875 0.596875 0.16875 0.596875 0.3015625 0.7296875 0.3015625 0.7296875 0.16875
0 0.071875 0.1390625 0.0015625 0.1390625 0.0015625 0.2484375 0.071875 0.2484375 0.071875 0.1390625
0 0.1640625 0.065625 0.0109375 0.065625 0.0109375 0.159375 0.1640625 0.159375 0.1640625 0.065625
0 1.0 0.940625 0.925 0.940625 0.925 1.0 1.0 1.0 1.0 0.940625
0 0.9421875 0.2 0.7265625 0.2 0.7265625 0.396875 0.9421875 0.396875 0.9421875 0.2
0 0.8796875 0.9953125 0.86875 0.9953125 0.86875 1.0 0.8796875 1.0 0.8796875 0.9953125
