0 0.6296875 0.9875 0.465625 0.9875 0.465625 1.0 0.6296875 1.0 0.6296875 0.9875
0 0.6125 0.7625 0.453125 0.7625 0.453125 0.971875 0.6125 0.971875 0.6125 0.7625
0 0.54375 0.3515625 0.3984375 0.3515625 0.3984375 0.4328125 0.54375 0.4328125 0.54375 0.3515625
0 0.6546875 0.1734375 0.5828125 0.1734375 0.5828125 0.3078125 0.6546875 0.3078125 0.6546875 0.1734375
0 0.9828125 0.409375 0.9140625 0.409375 0.9140625 0.6171875 0.9828125 0.6171875 0.9828125 0.409375
0 0.8390625 0.68125 0.7296875 0.68125 0.7296875 0.7875 0.8390625 0.7875 0.8390625 0.68125
0 0.6671875 0.2984375 0.5765625 0.2984375 0.5765625 0.465625 0.6671875 0.465625 0.6671875 0.2984375
0 1.0 0.6234375 0.9421875 0.6234375 0.9421875 0.803125 1.0 0.803125 1.0 0.6234375
0 0.0609375 0.3125 0.0015625 0.3125 0.0015625 0.44375 0.0609375 0.44375 0.0609375 0.3125
0 0.1140625 0.58125 0.0140625 0.58125 0.0140625 0.7890625 0.1140625 0.7890625 0.1140625 0.58125
0 0.134375 0.7546875 0.0546875 0.7546875 0.0546875 0.8640625 0.134375 0.8640625 0.134375 0.7546875
0 0.76875 0.93125 0.6890625 0.93125 0.6890625 1.0 0.76875 1.0 0.76875 0.93125
0 0.86875 0.6984375 0.640625 0.6984375 0.640625 0.940625 0.86875 0.940625 0.86875 0.6984375
0 1.0 0.0015625 0.4140625 0.0015625 0.4140625 0.45 1.0 0.45 1.0 0.0015625
0 0.7640625 0.259375 0.6140625 0.259375 0.6140625 0.39375 0.7640625 0.39375 0.7640625 0.259375
0 0.5203125 0.1671875 0.3875 0.1671875 0.3875 0.3 0.5203125 0.3 0.5203125 0.1671875
0 0.7046875 0.0015625 0.60625 0.0015625 0.60625 0.04375 0.7046875 0.04375 0.7046875 0.0015625
0 0.0375 0.2625 0.0015625 0.2625 0.0015625 0.3171875 0.0375 0.3171875 0.0375 0.2625
0 1.0 0.5734375 0.978125 0.5734375 0.978125 0.7703125 1.0 0.7703125 1.0 0.5734375
0 0.7203125 0.4203125 0.6015625 0.4203125 0.6015625 0.6109375 0.7203125 0.6109375 0.7203125 0.4203125
0 0.121875 0.7140625 0.0015625 0.7140625 0.0015625 1.0 0.121875 1.0 0.121875 0.7140625
0 0.4234375 0.325 0.0015625 0.325 0.0015625 1.0 0.4234375 1.0 0.4234375 0.325
0 0.340625 0.0015625 0.0015625 0.0015625 0.0015625 0.45625 0.340625 0.45625 0.340625 0.0015625
0 0.471875 0.321875 0.3578125 0.321875 0.3578125 1.0 0.471875 1.0 0.471875 0.321875
0 0.5265625 0.053125 0.3609375 0.053125 0.3609375 0.1484375 0.5265625 0.1484375 0.5265625 0.053125
0 0.9171875 0.0015625 0.315625 0.0015625 0.315625 0.1921875 0.9171875 0.1921875 0.9171875 0.0015625
0 0.7421875 0.3828125 0.540625 0.3828125 0.540625 1.0 0.7421875 1.0 0.7421875 0.3828125
0 0.909375 0.1765625 0.634375 0.1765625 0.634375 0.3421875 0.909375 0.3421875 0.909375 0.1765625
0 0.9828125 0.4390625 0.8796875 0.4390625 0.8796875 0.7171875 0.9828125 0.7171875 0.9828125 0.4390625
0 1.0 0.371875 0.95 0.371875 0.95 0.5953125 1.0 0.5953125 1.0 0.371875
