0 0.8203125 0.9546875 0.76875 0.9546875 0.76875 1.0 0.8203125 1.0 0.8203125 0.9546875
0 1.0 0.809375 0.8359375 0.809375 0.8359375 0.9453125 1.0 0.9453125 1.0 0.809375
0 1.0 0.8515625 0.690625 0.8515625 0.690625 1.0 1.0 1.0 1.0 0.8515625
0 0.76875 0.4828125 0.603125 0.4828125 0.603125 0.596875 0.76875 0.596875 0.76875 0.4828125
0 0.7859375 0.7859375 0.590625 0.7859375 0.590625 0.9125 0.7859375 0.9125 0.7859375 0.7859375
0 0.996875 0.4125 0.7953125 0.4125 0.7953125 0.5453125 0.996875 0.5453125 0.996875 0.4125
0 0.590625 0.5578125 0.49375 0.5578125 0.49375 1.0 0.590625 1.0 0.590625 0.5578125
0 0.6421875 0.3796875 0.5171875 0.3796875 0.5171875 0.5234375 0.6421875 0.5234375 0.6421875 0.3796875
0 1.0 0.640625 0.8390625 0.640625 0.8390625 0.7203125 1.0 0.7203125 1.0 0.640625
0 0.58125 0.4109375 0.471875 0.4109375 0.471875 0.575 0.58125 0.575 0.58125 0.4109375
0 0.7609375 0.315625 0.521875 0.315625 0.521875 0.4296875 0.7609375 0.4296875 0.7609375 0.315625
0 0.8984375 0.1609375 0.778125 0.1609375 0.778125 0.296875 0.8984375 0.296875 0.8984375 0.1609375
0 0.9921875 0.559375 0.8390625 0.559375 0.8390625 0.6578125 0.9921875 0.6578125 0.9921875 0.559375
0 0.946875 0.315625 0.790625 0.315625 0.790625 0.4015625 0.946875 0.4015625 0.946875 0.315625
0 0.7 0.2734375 0.53125 0.2734375 0.53125 0.3828125 0.7 0.3828125 0.7 0.2734375
0 1.0 0.5546875 0.9953125 0.5546875 0.9953125 0.5765625 1.0 0.5765625 1.0 0.5546875
0 0.9921875 0.4015625 0.5234375 0.4015625 0.5234375 1.0 0.9921875 1.0 0.9921875 0.4015625
0 0.6125 0.23125 0.4078125 0.23125 0.4078125 0.4484375 0.6125 0.4484375 0.6125 0.23125
0 1.0 0.971875 0.89375 0.971875 0.89375 1.0 1.0 1.0 1.0 0.971875
0 1.0 0.3609375 0.83125 0.3609375 0.83125 0.5546875 1.0 0.5546875 1.0 0.3609375
0 0.7578125 0.1578125 0.5984375 0.1578125 0.5984375 0.265625 0.7578125 0.265625 0.7578125 0.1578125
0 0.9390625 0.1375 0.778125 0.1375 0.778125 0.3375 0.9390625 0.3375 0.9390625 0.1375
0 1.0 0.78125 0.928125 0.78125 0.928125 0.871875 1.0 0.871875 1.0 0.78125
0 1.0 0.2734375 0.8546875 0.2734375 0.8546875 0.4953125 1.0 0.4953125 1.0 0.2734375
0 0.684375 0.4671875 0.5828125 0.4671875 0.5828125 0.659375 0.684375 0.659375 0.684375 0.4671875
0 1.0 0.240625 0.9484375 0.240625 0.9484375 0.3046875 1.0 0.3046875 1.0 0.240625
0 1.0 0.184375 0.8984375 0.184375 0.8984375 0.2296875 1.0 0.2296875 1.0 0.184375
0 0.94375 0.8375 0.803125 0.8375 0.803125 0.9703125 0.94375 0.9703125 0.94375 0.8375
0 0.8796875 0.3078125 0.7171875 0.3078125 0.7171875 0.50625 0.8796875 0.50625 0.8796875 0.3078125
0 1.0 0.3734375 0.9625 0.3734375 0.9625 0.4671875 1.0 0.4671875 1.0 0.3734375
0 0.803125 0.990625 0.634375 0.990625 0.634375 1.0 0.803125 1.0 0.803125 0.990625
0 0.796875 0.6609375 0.6890625 0.6609375 0.6890625 0.809375 0.796875 0.809375 0.796875 0.6609375
0 0.7953125 0.071875 0.6265625 0.071875 0.6265625 0.1703125 0.7953125 0.1703125 0.7953125 0.071875
0 0.984375 0.0640625 0.48125 0.0640625 0.48125 0.2625 0.984375 0.2625 0.984375 0.0640625
0 0.853125 0.240625 0.6484375 0.240625 0.6484375 0.421875 0.853125 0.421875 0.853125 0.240625
0 1.0 0.2109375 0.9171875 0.2109375 0.9171875 0.3609375 1.0 0.3609375 1.0 0.2109375
0 0.9296875 0.69375 0.7546875 0.69375 0.7546875 0.8484375 0.9296875 0.8484375 0.9296875 0.69375
0 0.8328125 0.134375 0.6890625 0.134375 0.6890625 0.215625 0.8328125 0.215625 0.8328125 0.134375
