0 0.65625 0.6734375 0.528125 0.6734375 0.528125 0.875 0.65625 0.875 0.65625 0.6734375
0 1.0 0.5984375 0.965625 0.5984375 0.965625 0.775 1.0 0.775 1.0 0.5984375
0 0.715625 0.5609375 0.6375 0.5609375 0.6375 0.7609375 0.715625 0.7609375 0.715625 0.5609375
0 0.9703125 0.2 0.8796875 0.2 0.8796875 0.371875 0.9703125 0.371875 0.9703125 0.2
0 1.0 0.0921875 0.9859375 0.0921875 0.9859375 0.2046875 1.0 0.2046875 1.0 0.0921875
0 0.61875 0.953125 0.5421875 0.953125 0.5421875 1.0 0.61875 1.0 0.61875 0.953125
0 0.66875 0.8875 0.5375 0.8875 0.5375 1.0 0.66875 1.0 0.66875 0.8875
0 0.5625 0.79375 0.4140625 0.79375 0.4140625 0.8734375 0.5625 0.8734375 0.5625 0.79375
0 0.3453125 0.6859375 0.1765625 0.6859375 0.1765625 0.8875 0.3453125 0.8875 0.3453125 0.6859375
0 0.4640625 0.7296875 0.2609375 0.7296875 0.2609375 0.9015625 0.4640625 0.9015625 0.4640625 0.7296875
0 0.15625 0.721875 0.03125 0.721875 0.03125 0.8609375 0.15625 0.8609375 0.15625 0.721875
0 0.1296875 0.853125 0.0015625 0.853125 0.0015625 1.0 0.1296875 1.0 0.1296875 0.853125
0 0.715625 0.6890625 0.621875 0.6890625 0.621875 0.85625 0.715625 0.85625 0.715625 0.6890625
0 0.359375 0.825 0.0921875 0.825 0.0921875 0.915625 0.359375 0.915625 0.359375 0.825
0 0.1078125 0.975 0.0375 0.975 0.0375 1.0 0.1078125 1.0 0.1078125 0.975
0 0.325 0.9234375 0.1296875 0.9234375 0.1296875 1.0 0.325 1.0 0.325 0.9234375
0 0.1 0.83125 0.0015625 0.83125 0.0015625 0.9375 0.1 0.9375 0.1 0.83125
0 0.190625 0.4578125 0.0015625 0.4578125 0.0015625 0.8296875 0.190625 0.8296875 0.190625 0.4578125
0 0.5046875 0.815625 0.0015625 0.815625 0.0015625 1.0 0.5046875 1.0 0.5046875 0.815625
0 1.0 0.0015625 0.1265625 0.0015625 0.1265625 0.8109375 1.0 0.8109375 1.0 0.0015625
0 0.89375 0.7296875 0.465625 0.7296875 0.465625 1.0 0.89375 1.0 0.89375 0.7296875
0 0.9796875 0.9625 0.9015625 0.9625 0.9015625 1.0 0.9796875 1.0 0.9796875 0.9625
