0 1.0 0.0015625 0.884375 0.0015625 0.884375 0.10625 1.0 0.10625 1.0 0.0015625
0 0.0109375 0.9921875 0.0015625 0.9921875 0.0015625 1.0 0.0109375 1.0 0.0109375 0.9921875
0 0.1171875 0.759375 0.0015625 0.759375 0.0015625 0.971875 0.1171875 0.971875 0.1171875 0.759375
0 0.7703125 0.084375 0.721875 0.084375 0.721875 0.259375 0.7703125 0.259375 0.7703125 0.084375
0 0.775 0.0015625 0.7328125 0.0015625 0.7328125 0.06875 0.775 0.06875 0.775 0.0015625
0 0.9765625 0.1609375 0.7875 0.1609375 0.7875 0.2875 0.9765625 0.2875 0.9765625 0.1609375
0 0.946875 0.0015625 0.9203125 0.0015625 0.9203125 0.0140625 0.946875 0.0140625 0.946875 0.0015625
0 0.5734375 0.3 0.4203125 0.3 0.4203125 0.36875 0.5734375 0.36875 0.5734375 0.3
0 0.0359375 0.9578125 0.0015625 0.9578125 0.0015625 1.0 0.0359375 1.0 0.0359375 0.9578125
0 0.240625 0.6703125 0.034375 0.6703125 0.034375 0.909375 0.240625 0.909375 0.240625 0.6703125
0 0.91875 0.853125 0.8796875 0.853125 0.8796875 1.0 0.91875 1.0 0.91875 0.853125
0 0.4484375 0.4765625 0.340625 0.4765625 0.340625 0.725 0.4484375 0.725 0.4484375 0.4765625
0 0.709375 0.5625 0.553125 0.5625 0.553125 0.7421875 0.709375 0.7421875 0.709375 0.5625
0 0.7328125 0.3578125 0.5171875 0.3578125 0.5171875 0.5625 0.7328125 0.5625 0.7328125 0.3578125
0 0.928125 0.596875 0.771875 0.596875 0.771875 0.7265625 0.928125 0.7265625 0.928125 0.596875
0 1.0 0.4609375 0.9953125 0.4609375 0.9953125 0.5046875 1.0 0.5046875 1.0 0.4609375
0 0.921875 0.2453125 0.8 0.2453125 0.8 0.4734375 0.921875 0.4734375 0.921875 0.2453125
0 1.0 0.0453125 0.8296875 0.0453125 0.8296875 0.1875 1.0 0.1875 1.0 0.0453125
0 0.7671875 0.965625 0.6515625 0.965625 0.6515625 1.0 0.7671875 1.0 0.7671875 0.965625
0 0.7515625 0.64375 0.5953125 0.64375 0.5953125 0.8265625 0.7515625 0.8265625 0.7515625 0.64375
0 1.0 0.978125 0.9984375 0.978125 0.9984375 0.9859375 1.0 0.9859375 1.0 0.978125
0 0.88125 0.825 0.728125 0.825 0.728125 0.953125 0.88125 0.953125 0.88125 0.825
0 0.8875 0.6125 0.75625 0.6125 0.75625 0.765625 0.8875 0.765625 0.8875 0.6125
0 0.9015625 0.715625 0.7359375 0.715625 0.7359375 1.0 0.9015625 1.0 0.9015625 0.715625
0 0.2015625 0.1546875 0.0546875 0.1546875 0.0546875 0.35625 0.2015625 0.35625 0.2015625 0.1546875
0 0.671875 0.09375 0.4640625 0.09375 0.4640625 0.28125 0.671875 0.28125 0.671875 0.09375
0 0.365625 0.0015625 0.284375 0.0015625 0.284375 0.0953125 0.365625 0.0953125 0.365625 0.0015625
0 0.065625 0.0015625 0.0015625 0.0015625 0.0015625 0.1109375 0.065625 0.1109375 0.065625 0.0015625
0 1.0 0.0015625 0.0015625 0.0015625 0.0015625 1.0 1.0 1.0 1.0 0.0015625
0 0.0078125 0.9171875 0.0015625 0.9171875 0.0015625 0.953125 0.0078125 0.953125 0.0078125 0.9171875
0 0.709375 0.4375 0.584375 0.4375 0.584375 0.584375 0.709375 0.584375 0.709375 0.4375
0 1.0 0.8453125 0.984375 0.8453125 0.984375 0.9328125 1.0 0.9328125 1.0 0.8453125
