0 0.3078125 0.28125 0.021875 0.28125 0.021875 0.7578125 0.3078125 0.7578125 0.3078125 0.28125
0 0.6671875 0.0765625 0.578125 0.0765625 0.578125 0.2734375 0.6671875 0.2734375 0.6671875 0.0765625
0 0.4375 0.0625 0.2859375 0.0625 0.2859375 0.2609375 0.4375 0.2609375 0.4375 0.0625
0 0.2515625 0.003125 0.0015625 0.003125 0.0015625 0.26875 0.2515625 0.26875 0.2515625 0.003125
0 0.303125 0.0015625 0.1796875 0.0015625 0.1796875 0.0453125 0.303125 0.0453125 0.303125 0.0015625
0 0.7296875 0.7015625 0.5546875 0.7015625 0.5546875 0.98125 0.7296875 0.98125 0.7296875 0.7015625
0 1.0 0.6578125 0.7859375 0.6578125 0.7859375 0.8921875 1.0 0.8921875 1.0 0.6578125
0 0.746875 0.2109375 0.6640625 0.2109375 0.6640625 0.3765625 0.746875 0.3765625 0.746875 0.2109375
0 0.878125 0.0015625 0.6734375 0.0015625 0.6734375 0.3703125 0.878125 0.3703125 0.878125 0.0015625
0 0.9109375 0.053125 0.8046875 0.053125 0.8046875 0.246875 0.9109375 0.246875 0.9109375 0.053125
0 0.6390625 0.4671875 0.534375 0.4671875 0.534375 0.8734375 0.6390625 0.8734375 0.6390625 0.4671875
0 0.525 0.3984375 0.3953125 0.3984375 0.3953125 0.5859375 0.525 0.5859375 0.525 0.3984375
0 0.4359375 0.2578125 0.309375 0.2578125 0.309375 0.3328125 0.4359375 0.3328125 0.4359375 0.2578125
0 0.5328125 0.021875 0.4 0.021875 0.4 0.3484375 0.5328125 0.3484375 0.5328125 0.021875
0 0.7421875 0.0140625 0.65625 0.0140625 0.65625 0.2125 0.7421875 0.2125 0.7421875 0.0140625
0 1.0 0.353125 0.9828125 0.353125 0.9828125 0.4484375 1.0 0.4484375 1.0 0.353125
0 1.0 0.0078125 0.928125 0.0078125 0.928125 0.1 1.0 0.1 1.0 0.0078125
0 1.0 0.365625 0.9078125 0.365625 0.9078125 0.6046875 1.0 0.6046875 1.0 0.365625
0 0.9765625 0.0890625 0.8578125 0.0890625 0.8578125 0.2109375 0.9765625 0.2109375 0.9765625 0.0890625
0 0.6234375 0.8828125 0.5640625 0.8828125 0.5640625 1.0 0.6234375 1.0 0.6234375 0.8828125
0 0.6296875 0.4203125 0.5296875 0.4203125 0.5296875 0.578125 0.6296875 0.578125 0.6296875 0.4203125
0 0.5046875 0.13125 0.2046875 0.13125 0.2046875 0.546875 0.5046875 0.546875 0.5046875 0.13125
0 0.2015625 0.1375 0.059375 0.1375 0.059375 0.3046875 0.2015625 0.3046875 0.2015625 0.1375
0 0.53125 0.0015625 0.309375 0.0015625 0.309375 0.240625 0.53125 0.240625 0.53125 0.0015625
0 0.628125 0.0015625 0.596875 0.0015625 0.596875 0.0265625 0.628125 0.0265625 0.628125 0.0015625
0 0.759375 0.9375 0.6890625 0.9375 0.6890625 1.0 0.759375 1.0 0.759375 0.9375
0 0.86875 0.0015625 0.784375 0.0015625 0.784375 0.0640625 0.86875 0.0640625 0.86875 0.0015625
0 0.2140625 0.6296875 0.0015625 0.6296875 0.0015625 0.7328125 0.2140625 0.7328125 0.2140625 0.6296875
0 0.5375 0.3109375 0.225 0.3109375 0.225 0.584375 0.5375 0.584375 0.5375 0.3109375
0 0.2078125 0.2109375 0.0015625 0.2109375 0.0015625 0.403125 0.2078125 0.403125 0.2078125 0.2109375
0 0.840625 0.0015625 0.7671875 0.0015625 0.7671875 0.2953125 0.840625 0.2953125 0.840625 0.0015625
0 1.0 0.003125 0.93125 0.003125 0.93125 0.2796875 1.0 0.2796875 1.0 0.003125
0 0.56875 0.7 0.0015625 0.7 0.0015625 1.0 0.56875 1.0 0.56875 0.7
0 0.159375 0.0625 0.0015625 0.0625 0.0015625 0.234375 0.159375 0.234375 0.159375 0.0625
0 0.396875 0.0015625 0.0015625 0.0015625 0.0015625 0.1703125 0.396875 0.1703125 0.396875 0.0015625
0 0.64375 0.5546875 0.553125 0.5546875 0.553125 0.7140625 0.64375 0.7140625 0.64375 0.5546875
0 0.7140625 0.1984375 0.5296875 0.1984375 0.5296875 0.4671875 0.7140625 0.4671875 0.7140625 0.1984375
0 0.7609375 0.0015625 0.5875 0.0015625 0.5875 0.38125 0.7609375 0.38125 0.7609375 0.0015625
0 0.715625 0.9421875 0.66875 0.9421875 0.66875 1.0 0.715625 1.0 0.715625 0.9421875
0 0.946875 0.58125 0.690625 0.58125 0.690625 0.7828125 0.946875 0.7828125 0.946875 0.58125
0 1.0 0.309375 0.803125 0.309375 0.803125 0.6640625 1.0 0.6640625 1.0 0.309375
0 0.7890625 0.0015625 0.734375 0.0015625 0.734375 0.1640625 0.7890625 0.1640625 0.7890625 0.0015625
0 0.921875 0.0015625 0.8265625 0.0015625 0.8265625 0.1140625 0.921875 0.1140625 0.921875 0.0015625
0 1.0 0.390625 0.9984375 0.390625 0.9984375 0.409375 1.0 0.409375 1.0 0.390625
