0 0.7140625 0.7546875 0.5171875 0.7546875 0.5171875 0.9453125 0.7140625 0.9453125 0.7140625 0.7546875
0 0.5265625 0.503125 0.39375 0.503125 0.39375 0.6296875 0.5265625 0.6296875 0.5265625 0.503125
0 0.8390625 0.10625 0.7359375 0.10625 0.7359375 0.275 0.8390625 0.275 0.8390625 0.10625
0 0.6703125 0.0015625 0.55 0.0015625 0.55 0.0515625 0.6703125 0.0515625 0.6703125 0.0015625
0 0.5359375 0.0015625 0.4375 0.0015625 0.4375 0.015625 0.5359375 0.015625 0.5359375 0.0015625
0 0.009375 0.828125 0.0015625 0.828125 0.0015625 0.8703125 0.009375 0.8703125 0.009375 0.828125
0 0.796875 0.7015625 0.671875 0.7015625 0.671875 1.0 0.796875 1.0 0.796875 0.7015625
0 0.890625 0.6453125 0.765625 0.6453125 0.765625 1.0 0.890625 1.0 0.890625 0.6453125
0 1.0 0.65625 0.9046875 0.65625 0.9046875 0.8140625 1.0 0.8140625 1.0 0.65625
0 1.0 0.4640625 0.98125 0.4640625 0.98125 0.5234375 1.0 0.5234375 1.0 0.4640625
0 0.6875 0.1421875 0.590625 0.1421875 0.590625 0.3375 0.6875 0.3375 0.6875 0.1421875
0 0.565625 0.1625 0.4796875 0.1625 0.4796875 0.3015625 0.565625 0.3015625 0.565625 0.1625
0 0.71875 0.0453125 0.478125 0.0453125 0.478125 0.1953125 0.71875 0.1953125 0.71875 0.0453125
0 0.4484375 0.0390625 0.3796875 0.0390625 0.3796875 0.1625 0.4484375 0.1625 0.4484375 0.0390625
0 0.296875 0.025 0.1921875 0.025 0.1921875 0.1203125 0.296875 0.1203125 0.296875 0.025
0 0.69375 0.0015625 0.6375 0.0015625 0.6375 0.015625 0.69375 0.015625 0.69375 0.0015625
0 0.4265625 0.815625 0.325 0.815625 0.325 1.0 0.4265625 1.0 0.4265625 0.815625
0 0.525 0.1984375 0.1546875 0.1984375 0.1546875 0.8546875 0.525 0.8546875 0.525 0.1984375
0 0.7171875 0.465625 0.5421875 0.465625 0.5421875 0.6421875 0.7171875 0.6421875 0.7171875 0.465625
0 0.1328125 0.390625 0.0390625 0.390625 0.0390625 0.5984375 0.1328125 0.5984375 0.1328125 0.390625
0 0.6984375 0.03125 0.340625 0.03125 0.340625 0.4046875 0.6984375 0.4046875 0.6984375 0.03125
0 0.1703125 0.196875 0.0625 0.196875 0.0625 0.3640625 0.1703125 0.3640625 0.1703125 0.196875
0 0.2640625 0.1328125 0.14375 0.1328125 0.14375 0.2171875 0.2640625 0.2171875 0.2640625 0.1328125
0 1.0 0.0015625 0.684375 0.0015625 0.684375 0.7078125 1.0 0.7078125 1.0 0.0015625
0 0.86875 0.80625 0.784375 0.80625 0.784375 1.0 0.86875 1.0 0.86875 0.80625
0 0.778125 0.83125 0.7359375 0.83125 0.7359375 1.0 0.778125 1.0 0.778125 0.83125
0 1.0 0.9921875 0.978125 0.9921875 0.978125 1.0 1.0 1.0 1.0 0.9921875
0 1.0 0.6203125 0.8875 0.6203125 0.8875 0.9984375 1.0 0.9984375 1.0 0.6203125
0 0.6875 0.64375 0.5625 0.64375 0.5625 0.75625 0.6875 0.75625 0.6875 0.64375
0 0.9734375 0.4734375 0.8015625 0.4734375 0.8015625 0.59375 0.9734375 0.59375 0.9734375 0.4734375
0 0.7328125 0.0390625 0.56875 0.0390625 0.56875 0.2 0.7328125 0.2 0.7328125 0.0390625
0 0.7390625 0.74375 0.61875 0.74375 0.61875 1.0 0.7390625 1.0 0.7390625 0.74375
0 0.4609375 0.2125 0.309375 0.2125 0.309375 0.3578125 0.4609375 0.3578125 0.4609375 0.2125
0 0.2953125 0.0015625 0.0015625 0.0015625 0.0015625 0.7484375 0.2953125 0.7484375 0.2953125 0.0015625
0 0.0421875 0.865625 0.0015625 0.865625 0.0015625 1.0 0.0421875 1.0 0.0421875 0.865625
0 0.2625 0.7171875 0.140625 0.7171875 0.140625 0.884375 0.2625 0.884375 0.2625 0.7171875
0 0.325 0.1390625 0.1734375 0.1390625 0.1734375 0.34375 0.325 0.34375 0.325 0.1390625
0 0.6515625 0.0015625 0.0953125 0.0015625 0.0953125 0.0921875 0.6515625 0.0921875 0.6515625 0.0015625
0 0.8734375 0.95 0.840625 0.95 0.840625 1.0 0.8734375 1.0 0.8734375 0.95
0 0.646875 0.93125 0.528125 0.93125 0.528125 1.0 0.646875 1.0 0.646875 0.93125
0 0.6296875 0.3671875 0.2546875 0.3671875 0.2546875 0.9171875 0.6296875 0.9171875 0.6296875 0.3671875
0 0.7203125 0.7078125 0.5984375 0.7078125 0.5984375 0.821875 0.7203125 0.821875 0.7203125 0.7078125
0 0.90625 0.4453125 0.7453125 0.4453125 0.7453125 0.6859375 0.90625 0.6859375 0.90625 0.4453125
0 0.60625 0.0015625 0.5359375 0.0015625 0.5359375 0.0484375 0.60625 0.0484375 0.60625 0.0015625
0 1.0 0.98125 0.94375 0.98125 0.94375 1.0 1.0 1.0 1.0 0.98125
0 1.0 0.7359375 0.978125 0.7359375 0.978125 0.8640625 1.0 0.8640625 1.0 0.7359375
0 0.7203125 0.803125 0.5953125 0.803125 0.5953125 1.0 0.7203125 1.0 0.7203125 0.803125
0 0.69375 0.6203125 0.428125 0.6203125 0.428125 0.834375 0.69375 0.834375 0.69375 0.6203125
0 1.0 0.5828125 0.8875 0.5828125 0.8875 0.66875 1.0 0.66875 1.0 0.5828125
0 0.9453125 0.7140625 0.8375 0.7140625 0.8375 1.0 0.9453125 1.0 0.9453125 0.7140625
0 0.2890625 0.7328125 0.246875 0.7328125 0.246875 0.9875 0.2890625 0.9875 0.2890625 0.7328125
0 0.73125 0.21875 0.4390625 0.21875 0.4390625 0.4390625 0.73125 0.4390625 0.73125 0.21875
0 0.26875 0.0015625 0.040625 0.0015625 0.040625 0.175 0.26875 0.175 0.26875 0.0015625
