0 0.1234375 0.9421875 0.0703125 0.9421875 0.0703125 1.0 0.1234375 1.0 0.1234375 0.9421875
0 0.321875 0.7875 0.20625 0.7875 0.20625 1.0 0.321875 1.0 0.321875 0.7875
0 0.7828125 0.84375 0.675 0.84375 0.675 0.934375 0.7828125 0.934375 0.7828125 0.84375
0 0.1203125 0.7078125 0.059375 0.7078125 0.059375 0.8921875 0.1203125 0.8921875 0.1203125 0.7078125
0 0.871875 0.5484375 0.725 0.5484375 0.725 0.8125 0.871875 0.8125 0.871875 0.5484375
0 0.6859375 0.334375 0.490625 0.334375 0.490625 0.4421875 0.6859375 0.4421875 0.6859375 0.334375
0 0.334375 0.0140625 0.246875 0.0140625 0.246875 0.1859375 0.334375 0.1859375 0.334375 0.0140625
0 0.8640625 0.0015625 0.7859375 0.0015625 0.7859375 0.1078125 0.8640625 0.1078125 0.8640625 0.0015625
0 1.0 0.6953125 0.9015625 0.6953125 0.9015625 0.8 1.0 0.8 1.0 0.6953125
0 0.209375 0.0015625 0.1296875 0.0015625 0.1296875 0.05625 0.209375 0.05625 0.209375 0.0015625
0 0.44375 0.7140625 0.390625 0.7140625 0.390625 1.0 0.44375 1.0 0.44375 0.7140625
0 0.3328125 0.7171875 0.0953125 0.7171875 0.0953125 0.940625 0.3328125 0.940625 0.3328125 0.7171875
0 0.640625 0.7203125 0.5390625 0.7203125 0.5390625 0.8703125 0.640625 0.8703125 0.640625 0.7203125
0 0.7890625 0.6578125 0.69375 0.6578125 0.69375 0.79375 0.7890625 0.79375 0.7890625 0.6578125
0 0.4 0.4015625 0.2078125 0.4015625 0.2078125 0.6984375 0.4 0.6984375 0.4 0.4015625
0 0.8578125 0.3140625 0.765625 0.3140625 0.765625 0.5984375 0.8578125 0.5984375 0.8578125 0.3140625
0 0.71875 0.3109375 0.5484375 0.3109375 0.5484375 0.4734375 0.71875 0.4734375 0.71875 0.3109375
0 0.4640625 0.23125 0.21875 0.23125 0.21875 0.4046875 0.4640625 0.4046875 0.4640625 0.23125
0 0.7203125 0.0015625 0.4734375 0.0015625 0.4734375 0.2921875 0.7203125 0.2921875 0.7203125 0.0015625
0 0.4640625 0.0015625 0.39375 0.0015625 0.39375 0.1796875 0.4640625 0.1796875 0.4640625 0.0015625
0 0.6859375 0.9421875 0.60625 0.9421875 0.60625 1.0 0.6859375 1.0 0.6859375 0.9421875
0 0.43125 0.5453125 0.2296875 0.5453125 0.2296875 1.0 0.43125 1.0 0.43125 0.5453125
0 0.7921875 0.1171875 0.4109375 0.1171875 0.4109375 1.0 0.7921875 1.0 0.7921875 0.1171875
0 0.1609375 0.671875 0.0015625 0.671875 0.0015625 1.0 0.1609375 1.0 0.1609375 0.671875
0 0.3078125 0.409375 0.1375 0.409375 0.1375 0.6390625 0.3078125 0.6390625 0.3078125 0.409375
0 0.4015625 0.453125 0.3046875 0.453125 0.3046875 0.5875 0.4015625 0.5875 0.4015625 0.453125
0 0.446875 0.309375 0.21875 0.309375 0.21875 0.44375 0.446875 0.44375 0.446875 0.309375
0 0.35 0.203125 0.225 0.203125 0.225 0.2859375 0.35 0.2859375 0.35 0.203125
0 0.8546875 0.109375 0.7578125 0.109375 0.7578125 0.3609375 0.8546875 0.3609375 0.8546875 0.109375
0 0.5609375 0.0015625 0.3625 0.0015625 0.3625 0.3109375 0.5609375 0.3109375 0.5609375 0.0015625
0 0.3640625 0.0015625 0.2984375 0.0015625 0.2984375 0.184375 0.3640625 0.184375 0.3640625 0.0015625
0 0.8015625 0.0015625 0.5671875 0.0015625 0.5671875 0.1515625 0.8015625 0.1515625 0.8015625 0.0015625
0 0.6171875 0.0015625 0.48125 0.0015625 0.48125 0.0484375 0.6171875 0.0484375 0.6171875 0.0015625
0 0.059375 0.5734375 0.0015625 0.5734375 0.0015625 0.6875 0.059375 0.6875 0.059375 0.5734375
0 0.034375 0.98125 0.0015625 0.98125 0.0015625 1.0 0.034375 1.0 0.034375 0.98125
0 0.940625 0.921875 0.8375 0.921875 0.8375 1.0 0.940625 1.0 0.940625 0.921875
0 1.0 0.9140625 0.8984375 0.9140625 0.8984375 1.0 1.0 1.0 1.0 0.9140625
0 1.0 0.715625 0.8765625 0.715625 0.8765625 0.921875 1.0 0.921875 1.0 0.715625
0 0.4875 0.6703125 0.4453125 0.6703125 0.4453125 0.8984375 0.4875 0.8984375 0.4875 0.6703125
0 1.0 0.0015625 0.0015625 0.0015625 0.0015625 1.0 1.0 1.0 1.0 0.0015625
0 0.23125 0.8421875 0.08125 0.8421875 0.08125 1.0 0.23125 1.0 0.23125 0.8421875
0 0.0890625 0.8140625 0.0265625 0.8140625 0.0265625 1.0 0.0890625 1.0 0.0890625 0.8140625
0 0.6296875 0.9078125 0.55 0.9078125 0.55 1.0 0.6296875 1.0 0.6296875 0.9078125
0 0.559375 0.5578125 0.4828125 0.5578125 0.4828125 0.7046875 0.559375 0.7046875 0.559375 0.5578125
0 0.675 0.38125 0.5796875 0.38125 0.5796875 0.5296875 0.675 0.5296875 0.675 0.38125
0 0.628125 0.0015625 0.5078125 0.0015625 0.5078125 0.0875 0.628125 0.0875 0.628125 0.0015625
0 0.5578125 0.4953125 0.4359375 0.4953125 0.4359375 0.621875 0.5578125 0.621875 0.5578125 0.4953125
