0 0.61875 0.0015625 0.5296875 0.0015625 0.5296875 0.03125 0.61875 0.03125 0.61875 0.0015625
0 0.5359375 0.0015625 0.3859375 0.0015625 0.3859375 0.0546875 0.5359375 0.0546875 0.5359375 0.0015625
0 0.6234375 0.5359375 0.5375 0.5359375 0.5375 0.6703125 0.6234375 0.6703125 0.6234375 0.5359375
0 0.2984375 0.175 0.178125 0.175 0.178125 0.390625 0.2984375 0.390625 0.2984375 0.175
0 0.84375 0.821875 0.65625 0.821875 0.65625 1.0 0.84375 1.0 0.84375 0.821875
0 0.84375 0.6546875 0.7671875 0.6546875 0.7671875 0.84375 0.84375 0.84375 0.84375 0.6546875
0 0.96875 0.6265625 0.8421875 0.6265625 0.8421875 0.85 0.96875 0.85 0.96875 0.6265625
0 0.325 0.0015625 0.265625 0.0015625 0.265625 0.1 0.325 0.1 0.325 0.0015625
0 0.15 0.159375 0.0015625 0.159375 0.0015625 1.0 0.15 1.0 0.15 0.159375
0 0.809375 0.853125 0.4578125 0.853125 0.4578125 1.0 0.809375 1.0 0.809375 0.853125
0 0.6796875 0.5984375 0.5625 0.5984375 0.5625 0.7515625 0.6796875 0.7515625 0.6796875 0.5984375
0 0.9546875 0.3953125 0.7984375 0.3953125 0.7984375 0.5765625 0.9546875 0.5765625 0.9546875 0.3953125
0 1.0 0.1515625 0.93125 0.1515625 0.93125 0.3703125 1.0 0.3703125 1.0 0.1515625
0 1.0 0.0015625 0.9265625 0.0015625 0.9265625 0.1265625 1.0 0.1265625 1.0 0.0015625
0 0.209375 0.85625 0.140625 0.85625 0.140625 1.0 0.209375 1.0 0.209375 0.85625
0 0.2953125 0.909375 0.2203125 0.909375 0.2203125 1.0 0.2953125 1.0 0.2953125 0.909375
0 0.5734375 0.61875 0.2359375 0.61875 0.2359375 1.0 0.5734375 1.0 0.5734375 0.61875
0 0.8578125 0.5640625 0.578125 0.5640625 0.578125 0.9140625 0.8578125 0.9140625 0.8578125 0.5640625
0 1.0 0.0890625 0.228125 0.0890625 0.228125 0.796875 1.0 0.796875 1.0 0.0890625
0 0.1859375 0.16875 0.0578125 0.16875 0.0578125 0.7796875 0.1859375 0.7796875 0.1859375 0.16875
0 0.703125 0.5234375 0.6296875 0.5234375 0.6296875 0.6953125 0.703125 0.6953125 0.703125 0.5234375
0 0.5703125 0.0703125 0.4046875 0.0703125 0.4046875 0.3375 0.5703125 0.3375 0.5703125 0.0703125
0 0.640625 0.04375 0.540625 0.04375 0.540625 0.1265625 0.640625 0.1265625 0.640625 0.04375
0 0.6640625 0.0015625 0.6109375 0.0015625 0.6109375 0.0390625 0.6640625 0.0390625 0.6640625 0.0015625
0 1.0 0.35 0.971875 0.35 0.971875 0.5703125 1.0 0.5703125 1.0 0.35
0 0.8109375 0.353125 0.6390625 0.353125 0.6390625 0.5 0.8109375 0.5 0.8109375 0.353125
0 0.7953125 0.8234375 0.5578125 0.8234375 0.5578125 1.0 0.7953125 1.0 0.7953125 0.8234375
0 0.4703125 0.7140625 0.334375 0.7140625 0.334375 0.86875 0.4703125 0.86875 0.4703125 0.7140625
0 0.3515625 0.271875 0.2234375 0.271875 0.2234375 0.41875 0.3515625 0.41875 0.3515625 0.271875
0 0.625 0.04375 0.465625 0.04375 0.465625 0.2828125 0.625 0.2828125 0.625 0.04375
0 0.378125 0.0015625 0.346875 0.0015625 0.346875 0.009375 0.378125 0.009375 0.378125 0.0015625
0 0.940625 0.646875 0.846875 0.646875 0.846875 0.753125 0.940625 0.753125 0.940625 0.646875
0 0.9609375 0.43125 0.8046875 0.43125 0.8046875 0.6328125 0.9609375 0.6328125 0.9609375 0.43125
0 0.153125 0.8 0.075 0.8 0.075 1.0 0.153125 1.0 0.153125 0.8
0 0.0609375 0.790625 0.0015625 0.790625 0.0015625 0.9921875 0.0609375 0.9921875 0.0609375 0.790625
0 1.0 0.0015625 0.0015625 0.0015625 0.0015625 0.5921875 1.0 0.5921875 1.0 0.0015625
0 0.296875 0.8484375 0.1671875 0.8484375 0.1671875 1.0 0.296875 1.0 0.296875 0.8484375
0 0.50625 0.6359375 0.2171875 0.6359375 0.2171875 0.8375 0.50625 0.8375 0.50625 0.6359375
0 0.921875 0.134375 0.6140625 0.134375 0.6140625 0.6390625 0.921875 0.6390625 0.921875 0.134375
