0 0.4015625 0.971875 0.35625 0.971875 0.35625 1.0 0.4015625 1.0 0.4015625 0.971875
0 0.434375 0.7375 0.2875 0.7375 0.2875 0.9375 0.434375 0.9375 0.434375 0.7375
0 0.1078125 0.0046875 0.0015625 0.0046875 0.0015625 0.190625 0.1078125 0.190625 0.1078125 0.0046875
0 0.9609375 0.8640625 0.878125 0.8640625 0.878125 1.0 0.9609375 1.0 0.9609375 0.8640625
0 0.76875 0.3890625 0.54375 0.3890625 0.54375 0.778125 0.76875 0.778125 0.76875 0.3890625
0 0.8125 0.103125 0.734375 0.103125 0.734375 0.29375 0.8125 0.29375 0.8125 0.103125
0 1.0 0.628125 0.753125 0.628125 0.753125 1.0 1.0 1.0 1.0 0.628125
0 0.846875 0.0015625 0.0015625 0.0015625 0.0015625 1.0 0.846875 1.0 0.846875 0.0015625
0 0.49375 0.1703125 0.328125 0.1703125 0.328125 0.3359375 0.49375 0.3359375 0.49375 0.1703125
0 0.446875 0.81875 0.2 0.81875 0.2 1.0 0.446875 1.0 0.446875 0.81875
0 0.3265625 0.4875 0.1125 0.4875 0.1125 0.8140625 0.3265625 0.8140625 0.3265625 0.4875
0 0.175 0.428125 0.0015625 0.428125 0.0015625 0.6328125 0.175 0.6328125 0.175 0.428125
0 0.06875 0.109375 0.0015625 0.109375 0.0015625 0.2796875 0.06875 0.2796875 0.06875 0.109375
0 0.7484375 0.5375 0.61875 0.5375 0.61875 0.75625 0.7484375 0.75625 0.7484375 0.5375
0 1.0 0.428125 0.9234375 0.428125 0.9234375 0.61875 1.0 0.61875 1.0 0.428125
0 0.8140625 0.3390625 0.7296875 0.3390625 0.7296875 0.5234375 0.8140625 0.5234375 0.8140625 0.3390625
0 1.0 0.0015625 0.9046875 0.0015625 0.9046875 0.3046875 1.0 0.3046875 1.0 0.0015625
0 0.3890625 0.3453125 0.0015625 0.3453125 0.0015625 0.9890625 0.3890625 0.9890625 0.3890625 0.3453125
0 0.0171875 0.940625 0.0015625 0.940625 0.0015625 0.984375 0.0171875 0.984375 0.0171875 0.940625
0 0.6171875 0.0015625 0.153125 0.0015625 0.153125 0.7 0.6171875 0.7 0.6171875 0.0015625
0 0.1078125 0.1703125 0.0125 0.1703125 0.0125 0.4609375 0.1078125 0.4609375 0.1078125 0.1703125
0 0.0203125 0.0015625 0.0015625 0.0015625 0.0015625 0.065625 0.0203125 0.065625 0.0203125 0.0015625
0 0.9515625 0.9703125 0.91875 0.9703125 0.91875 1.0 0.9515625 1.0 0.9515625 0.9703125
0 1.0 0.0015625 0.6609375 0.0015625 0.6609375 1.0 1.0 1.0 1.0 0.0015625
0 0.9609375 0.3734375 0.390625 0.3734375 0.390625 1.0 0.9609375 1.0 0.9609375 0.3734375
0 0.9296875 0.0015625 0.678125 0.0015625 0.678125 0.5203125 0.9296875 0.5203125 0.9296875 0.0015625
0 0.81875 0.0015625 0.728125 0.0015625 0.728125 0.084375 0.81875 0.084375 0.81875 0.0015625
0 0.903125 0.8734375 0.8265625 0.8734375 0.8265625 1.0 0.903125 1.0 0.903125 0.8734375
