0 0.496875 0.915625 0.396875 0.915625 0.396875 1.0 0.496875 1.0 0.496875 0.915625
0 0.1921875 0.98125 0.153125 0.98125 0.153125 1.0 0.1921875 1.0 0.1921875 0.98125
0 0.95 0.98125 0.921875 0.98125 0.921875 1.0 0.95 1.0 0.95 0.98125
0 0.725 0.4546875 0.4546875 0.4546875 0.4546875 1.0 0.725 1.0 0.725 0.4546875
0 0.9953125 0.4296875 0.8828125 0.4296875 0.8828125 0.5765625 0.9953125 0.5765625 0.9953125 0.4296875
0 0.378125 0.6890625 0.1484375 0.6890625 0.1484375 0.99375 0.378125 0.99375 0.378125 0.6890625
0 0.471875 0.4078125 0.3703125 0.4078125 0.3703125 0.596875 0.471875 0.596875 0.471875 0.4078125
0 1.0 0.4375 0.946875 0.4375 0.946875 0.5296875 1.0 0.5296875 1.0 0.4375
0 0.271875 0.171875 0.146875 0.171875 0.146875 0.440625 0.271875 0.440625 0.271875 0.171875
0 0.2625 0.0015625 0.15625 0.0015625 0.15625 0.18125 0.2625 0.18125 0.2625 0.0015625
0 0.1234375 0.809375 0.0015625 0.809375 0.0015625 0.984375 0.1234375 0.984375 0.1234375 0.809375
0 0.0296875 0.5625 0.0015625 0.5625 0.0015625 0.6390625 0.0296875 0.6390625 0.0296875 0.5625
0 0.459375 0.9453125 0.4 0.9453125 0.4 1.0 0.459375 1.0 0.459375 0.9453125
0 0.6734375 0.896875 0.5984375 0.896875 0.5984375 1.0 0.6734375 1.0 0.6734375 0.896875
0 0.2515625 0.7875 0.1109375 0.7875 0.1109375 0.9625 0.2515625 0.9625 0.2515625 0.7875
0 0.3265625 0.78125 0.2203125 0.78125 0.2203125 0.9328125 0.3265625 0.9328125 0.3265625 0.78125
0 0.4890625 0.725 0.3890625 0.725 0.3890625 0.928125 0.4890625 0.928125 0.4890625 0.725
0 0.259375 0.7234375 0.171875 0.7234375 0.171875 0.828125 0.259375 0.828125 0.259375 0.7234375
0 0.559375 0.5890625 0.44375 0.5890625 0.44375 0.7453125 0.559375 0.7453125 0.559375 0.5890625
0 0.1984375 0.53125 0.125 0.53125 0.125 0.7109375 0.1984375 0.7109375 0.1984375 0.53125
0 0.403125 0.36875 0.2734375 0.36875 0.2734375 0.534375 0.403125 0.534375 0.403125 0.36875
0 0.415625 0.1859375 0.321875 0.1859375 0.321875 0.346875 0.415625 0.346875 0.415625 0.1859375
0 0.246875 0.1875 0.13125 0.1875 0.13125 0.3453125 0.246875 0.3453125 0.246875 0.1875
0 0.31875 0.0015625 0.2 0.0015625 0.2 0.1671875 0.31875 0.1671875 0.31875 0.0015625
0 0.4171875 0.0015625 0.2984375 0.0015625 0.2984375 0.090625 0.4171875 0.090625 0.4171875 0.0015625
0 0.7625 0.0015625 0.609375 0.0015625 0.609375 0.2015625 0.7625 0.2015625 0.7625 0.0015625
0 0.8859375 0.93125 0.834375 0.93125 0.834375 1.0 0.8859375 1.0 0.8859375 0.93125
0 1.0 0.5109375 0.996875 0.5109375 0.996875 0.5234375 1.0 0.5234375 1.0 0.5109375
0 1.0 0.2765625 0.8765625 0.2765625 0.8765625 0.446875 1.0 0.446875 1.0 0.2765625
0 0.9484375 0.0609375 0.8421875 0.0609375 0.8421875 0.2328125 0.9484375 0.2328125 0.9484375 0.0609375
0 0.325 0.9484375 0.1859375 0.9484375 0.1859375 1.0 0.325 1.0 0.325 0.9484375
0 0.2328125 0.575 0.1515625 0.575 0.1515625 0.7265625 0.2328125 0.7265625 0.2328125 0.575
0 0.465625 0.215625 0.36875 0.215625 0.36875 0.4359375 0.465625 0.4359375 0.465625 0.215625
0 0.4921875 0.071875 0.3140625 0.071875 0.3140625 0.2625 0.4921875 0.2625 0.4921875 0.071875
0 0.28125 0.1375 0.184375 0.1375 0.184375 0.228125 0.28125 0.228125 0.28125 0.1375
0 0.70625 0.0453125 0.6046875 0.0453125 0.6046875 0.1890625 0.70625 0.1890625 0.70625 0.0453125
0 0.31875 0.0015625 0.2703125 0.0015625 0.2703125 0.025 0.31875 0.025 0.31875 0.0015625
0 1.0 0.0015625 0.0015625 0.0015625 0.0015625 1.0 1.0 1.0 1.0 0.0015625
0 0.415625 0.8125 0.325 0.8125 0.325 1.0 0.415625 1.0 0.415625 0.8125
0 0.6546875 0.65 0.4375 0.65 0.4375 0.95625 0.6546875 0.95625 0.6546875 0.65
0 0.4 0.55 0.1203125 0.55 0.1203125 0.7828125 0.4 0.7828125 0.4 0.55
0 0.290625 0.30625 0.14375 0.30625 0.14375 0.5484375 0.290625 0.5484375 0.290625 0.30625
