0 0.3109375 0.325 0.1640625 0.325 0.1640625 0.559375 0.3109375 0.559375 0.3109375 0.325
0 0.1375 0.2359375 0.0375 0.2359375 0.0375 0.55 0.1375 0.55 0.1375 0.2359375
0 0.11875 0.0328125 0.0015625 0.0328125 0.0015625 0.2140625 0.11875 0.2140625 0.11875 0.0328125
0 0.35625 0.9265625 0.24375 0.9265625 0.24375 1.0 0.35625 1.0 0.35625 0.9265625
0 0.5015625 0.9953125 0.471875 0.9953125 0.471875 1.0 0.5015625 1.0 0.5015625 0.9953125
0 0.303125 0.70625 0.2 0.70625 0.2 0.825 0.303125 0.825 0.303125 0.70625
0 0.771875 0.659375 0.59375 0.659375 0.59375 0.834375 0.771875 0.834375 0.771875 0.659375
0 0.4359375 0.4359375 0.309375 0.4359375 0.309375 0.546875 0.4359375 0.546875 0.4359375 0.4359375
0 0.7265625 0.5609375 0.5734375 0.5609375 0.5734375 0.6796875 0.7265625 0.6796875 0.7265625 0.5609375
0 0.2234375 0.7609375 0.1109375 0.7609375 0.1109375 0.9125 0.2234375 0.9125 0.2234375 0.7609375
0 0.5875 0.5828125 0.2 0.5828125 0.2 1.0 0.5875 1.0 0.5875 0.5828125
0 0.275 0.9 0.1640625 0.9 0.1640625 1.0 0.275 1.0 0.275 0.9
0 0.51875 0.1109375 0.3015625 0.1109375 0.3015625 0.5765625 0.51875 0.5765625 0.51875 0.1109375
0 0.1859375 0.371875 0.10625 0.371875 0.10625 0.5046875 0.1859375 0.5046875 0.1859375 0.371875
0 0.3703125 0.0015625 0.09375 0.0015625 0.09375 0.3828125 0.3703125 0.3828125 0.3703125 0.0015625
0 0.128125 0.2203125 0.0203125 0.2203125 0.0203125 0.3234375 0.128125 0.3234375 0.128125 0.2203125
0 0.640625 0.09375 0.575 0.09375 0.575 0.278125 0.640625 0.278125 0.640625 0.09375
0 0.3921875 0.0015625 0.321875 0.0015625 0.321875 0.05625 0.3921875 0.05625 0.3921875 0.0015625
0 0.253125 0.9078125 0.10625 0.9078125 0.10625 1.0 0.253125 1.0 0.253125 0.9078125
0 0.9859375 0.0015625 0.0296875 0.0015625 0.0296875 1.0 0.9859375 1.0 0.9859375 0.0015625
0 0.1140625 0.246875 0.0015625 0.246875 0.0015625 0.546875 0.1140625 0.546875 0.1140625 0.246875
0 0.08125 0.0625 0.0015625 0.0625 0.0015625 0.1875 0.08125 0.1875 0.08125 0.0625
0 0.10625 0.0015625 0.0015625 0.0015625 0.0015625 0.0921875 0.10625 0.0921875 0.10625 0.0015625
0 0.2234375 0.0015625 0.096875 0.0015625 0.096875 0.28125 0.2234375 0.28125 0.2234375 0.0015625
0 1.0 0.9453125 0.9640625 0.9453125 0.9640625 1.0 1.0 1.0 1.0 0.9453125
0 1.0 0.0015625 0.58125 0.0015625 0.58125 0.721875 1.0 0.721875 1.0 0.0015625
0 0.5875 0.0015625 0.56875 0.0015625 0.56875 0.0359375 0.5875 0.0359375 0.5875 0.0015625
0 0.8046875 0.13125 0.6515625 0.13125 0.6515625 0.2265625 0.8046875 0.2265625 0.8046875 0.13125
0 1.0 0.4953125 0.96875 0.4953125 0.96875 0.8375 1.0 0.8375 1.0 0.4953125
0 0.9625 0.2125 0.6984375 0.2125 0.6984375 0.5203125 0.9625 0.5203125 0.9625 0.2125
