0 0.0015625 0.325 0.0015625 0.325 0.0015625 0.3328125 0.0015625 0.3328125 0.0015625 0.325
0 0.4953125 0.0015625 0.3640625 0.0015625 0.3640625 0.0609375 0.4953125 0.0609375 0.4953125 0.0015625
0 0.2 0.1265625 0.1015625 0.1265625 0.1015625 0.390625 0.2 0.390625 0.2 0.1265625
0 0.075 0.03125 0.003125 0.03125 0.003125 0.2234375 0.075 0.2234375 0.075 0.03125
0 0.2796875 0.034375 0.2234375 0.034375 0.2234375 0.2109375 0.2796875 0.2109375 0.2796875 0.034375
0 0.1875 0.0015625 0.0828125 0.0015625 0.0828125 0.1921875 0.1875 0.1921875 0.1875 0.0015625
0 0.3734375 0.0015625 0.3453125 0.0015625 0.3453125 0.0828125 0.3734375 0.0828125 0.3734375 0.0015625
0 0.30625 0.0015625 0.1953125 0.0015625 0.1953125 0.19375 0.30625 0.19375 0.30625 0.0015625
0 0.1234375 0.0015625 0.0015625 0.0015625 0.0015625 1.0 0.1234375 1.0 0.1234375 0.0015625
0 0.228125 0.0015625 0.1328125 0.0015625 0.1328125 0.215625 0.228125 0.215625 0.228125 0.0015625
0 0.4328125 0.0203125 0.3109375 0.0203125 0.3109375 0.1453125 0.4328125 0.1453125 0.4328125 0.0203125
