0 0.2296875 0.4671875 0.0015625 0.4671875 0.0015625 1.0 0.2296875 1.0 0.2296875 0.4671875
0 0.6109375 0.8859375 0.3390625 0.8859375 0.3390625 1.0 0.6109375 1.0 0.6109375 0.8859375
0 0.4421875 0.35 0.2640625 0.35 0.2640625 0.8359375 0.4421875 0.8359375 0.4421875 0.35
0 0.3390625 0.2109375 0.225 0.2109375 0.225 0.4828125 0.3390625 0.4828125 0.3390625 0.2109375
0 0.04375 0.0015625 0.0015625 0.0015625 0.0015625 0.1421875 0.04375 0.1421875 0.04375 0.0015625
0 0.175 0.0015625 0.10625 0.0015625 0.10625 0.075 0.175 0.075 0.175 0.0015625
0 1.0 0.953125 0.9359375 0.953125 0.9359375 1.0 1.0 1.0 1.0 0.953125
0 0.9546875 0.7890625 0.803125 0.7890625 0.803125 1.0 0.9546875 1.0 0.9546875 0.7890625
0 0.7578125 0.6125 0.609375 0.6125 0.609375 1.0 0.7578125 1.0 0.7578125 0.6125
0 0.99375 0.634375 0.878125 0.634375 0.878125 0.715625 0.99375 0.715625 0.99375 0.634375
0 1.0 0.190625 0.6609375 0.190625 0.6609375 0.60625 1.0 0.60625 1.0 0.190625
0 0.8765625 0.0015625 0.3921875 0.0015625 0.3921875 0.3 0.8765625 0.3 0.8765625 0.0015625
0 1.0 0.0015625 0.8234375 0.0015625 0.8234375 0.1890625 1.0 0.1890625 1.0 0.0015625
0 1.0 0.9625 0.9984375 0.9625 0.9984375 0.9671875 1.0 0.9671875 1.0 0.9625
0 1.0 0.8828125 0.9921875 0.8828125 0.9921875 0.9359375 1.0 0.9359375 1.0 0.8828125
0 0.390625 0.70625 0.325 0.70625 0.325 0.9328125 0.390625 0.9328125 0.390625 0.70625
0 1.0 0.0015625 0.2171875 0.0015625 0.2171875 0.9640625 1.0 0.9640625 1.0 0.0015625
0 0.253125 0.625 0.125 0.625 0.125 0.734375 0.253125 0.734375 0.253125 0.625
0 0.1828125 0.0015625 0.0015625 0.0015625 0.0015625 0.359375 0.1828125 0.359375 0.1828125 0.0015625
0 0.090625 0.0015625 0.0125 0.0015625 0.0125 0.09375 0.090625 0.09375 0.090625 0.0015625
0 1.0 0.378125 0.628125 0.378125 0.628125 0.9515625 1.0 0.9515625 1.0 0.378125
0 0.378125 0.0015625 0.2859375 0.0015625 0.2859375 0.215625 0.378125 0.215625 0.378125 0.0015625
0 0.10625 0.0015625 0.0375 0.0015625 0.0375 0.0859375 0.10625 0.0859375 0.10625 0.0015625
0 0.946875 0.9765625 0.9109375 0.9765625 0.9109375 1.0 0.946875 1.0 0.946875 0.9765625
0 0.484375 0.8 0.3828125 0.8 0.3828125 1.0 0.484375 1.0 0.484375 0.8
0 0.7609375 0.0015625 0.4625 0.0015625 0.4625 0.35 0.7609375 0.35 0.7609375 0.0015625
0 0.5140625 0.0015625 0.321875 0.0015625 0.321875 0.1859375 0.5140625 0.1859375 0.5140625 0.0015625
0 0.0515625 0.0828125 0.0015625 0.0828125 0.0015625 0.171875 0.0515625 0.171875 0.0515625 0.0828125
0 1.0 0.7421875 0.8234375 0.7421875 0.8234375 1.0 1.0 1.0 1.0 0.7421875
0 0.3015625 0.3046875 0.0015625 0.3046875 0.0015625 0.7640625 0.3015625 0.7640625 0.3015625 0.3046875
0 0.64375 0.940625 0.5921875 0.940625 0.5921875 1.0 0.64375 1.0 0.64375 0.940625
0 0.5671875 0.571875 0.375 0.571875 0.375 1.0 0.5671875 1.0 0.5671875 0.571875
0 0.3859375 0.825 0.20625 0.825 0.20625 1.0 0.3859375 1.0 0.3859375 0.825
0 0.896875 0.503125 0.80625 0.503125 0.80625 0.6390625 0.896875 0.6390625 0.896875 0.503125
0 0.7296875 0.3484375 0.659375 0.3484375 0.659375 0.49375 0.7296875 0.49375 0.7296875 0.3484375
0 0.9078125 0.3375 0.7671875 0.3375 0.7671875 0.4546875 0.9078125 0.4546875 0.9078125 0.3375
0 1.0 0.23125 0.909375 0.23125 0.909375 0.3328125 1.0 0.3328125 1.0 0.23125
