0 0.7671875 0.2234375 0.6640625 0.2234375 0.6640625 0.4953125 0.7671875 0.4953125 0.7671875 0.2234375
0 0.865625 0.0015625 0.8484375 0.0015625 0.8484375 0.0734375 0.865625 0.0734375 0.865625 0.0015625
0 0.640625 0.965625 0.5046875 0.965625 0.5046875 1.0 0.640625 1.0 0.640625 0.965625
0 0.1671875 0.3296875 0.078125 0.3296875 0.078125 0.559375 0.1671875 0.559375 0.1671875 0.3296875
0 1.0 0.4765625 0.9359375 0.4765625 0.9359375 0.55625 1.0 0.55625 1.0 0.4765625
0 0.0453125 0.028125 0.0015625 0.028125 0.0015625 0.1640625 0.0453125 0.1640625 0.0453125 0.028125
0 1.0 0.9359375 0.965625 0.9359375 0.965625 1.0 1.0 1.0 1.0 0.9359375
0 1.0 0.8734375 0.98125 0.8734375 0.98125 0.8953125 1.0 0.8953125 1.0 0.8734375
0 0.4171875 0.7046875 0.2828125 0.7046875 0.2828125 0.840625 0.4171875 0.840625 0.4171875 0.7046875
0 1.0 0.59375 0.990625 0.59375 0.990625 0.6578125 1.0 0.6578125 1.0 0.59375
0 0.5265625 0.1265625 0.4203125 0.1265625 0.4203125 0.2328125 0.5265625 0.2328125 0.5265625 0.1265625
0 0.8375 0.4234375 0.6171875 0.4234375 0.6171875 0.6390625 0.8375 0.6390625 0.8375 0.4234375
0 0.3890625 0.4046875 0.15625 0.4046875 0.15625 0.61875 0.3890625 0.61875 0.3890625 0.4046875
0 0.5609375 0.3234375 0.41875 0.3234375 0.41875 0.61875 0.5609375 0.61875 0.5609375 0.3234375
0 0.1 0.0015625 0.0015625 0.0015625 0.0015625 0.184375 0.1 0.184375 0.1 0.0015625
0 0.3484375 0.0015625 0.2796875 0.0015625 0.2796875 0.0984375 0.3484375 0.0984375 0.3484375 0.0015625
0 1.0 0.1765625 0.90625 0.1765625 0.90625 0.3171875 1.0 0.3171875 1.0 0.1765625
0 0.578125 0.9 0.4578125 0.9 0.4578125 1.0 0.578125 1.0 0.578125 0.9
0 0.4953125 0.571875 0.340625 0.571875 0.340625 0.8109375 0.4953125 0.8109375 0.4953125 0.571875
0 0.0625 0.528125 0.0015625 0.528125 0.0015625 0.65 0.0625 0.65 0.0625 0.528125
0 0.1578125 0.3328125 0.0015625 0.3328125 0.0015625 0.61875 0.1578125 0.61875 0.1578125 0.3328125
0 0.621875 0.290625 0.5296875 0.290625 0.5296875 0.3828125 0.621875 0.3828125 0.621875 0.290625
0 0.16875 0.0015625 0.0921875 0.0015625 0.0921875 0.125 0.16875 0.125 0.16875 0.0015625
0 0.7265625 0.96875 0.6375 0.96875 0.6375 1.0 0.7265625 1.0 0.7265625 0.96875
0 1.0 0.50625 0.8484375 0.50625 0.8484375 0.70625 1.0 0.70625 1.0 0.50625
0 0.8484375 0.0015625 0.7546875 0.0015625 0.7546875 0.090625 0.8484375 0.090625 0.8484375 0.0015625
0 0.0625 0.0015625 0.0515625 0.0015625 0.0515625 0.0109375 0.0625 0.0109375 0.0625 0.0015625
0 0.85625 0.9515625 0.66875 0.9515625 0.66875 1.0 0.85625 1.0 0.85625 0.9515625
0 0.6828125 0.78125 0.5390625 0.78125 0.5390625 0.9109375 0.6828125 0.9109375 0.6828125 0.78125
0 0.8171875 0.6796875 0.5578125 0.6796875 0.5578125 0.909375 0.8171875 0.909375 0.8171875 0.6796875
0 0.928125 0.6421875 0.7296875 0.6421875 0.7296875 0.84375 0.928125 0.84375 0.928125 0.6421875
0 0.740625 0.6078125 0.60625 0.6078125 0.60625 0.7625 0.740625 0.7625 0.740625 0.6078125
0 0.8328125 0.0015625 0.453125 0.0015625 0.453125 0.65 0.8328125 0.65 0.8328125 0.0015625
0 0.4359375 0.446875 0.2203125 0.446875 0.2203125 0.6359375 0.4359375 0.6359375 0.4359375 0.446875
0 0.1015625 0.36875 0.01875 0.36875 0.01875 0.5109375 0.1015625 0.5109375 0.1015625 0.36875
0 0.3953125 0.2140625 0.209375 0.2140625 0.209375 0.503125 0.3953125 0.503125 0.3953125 0.2140625
0 0.1921875 0.1734375 0.1265625 0.1734375 0.1265625 0.4765625 0.1921875 0.4765625 0.1921875 0.1734375
0 0.115625 0.15 0.0125 0.15 0.0125 0.325 0.115625 0.325 0.115625 0.15
0 1.0 0.0015625 0.7578125 0.0015625 0.7578125 0.34375 1.0 0.34375 1.0 0.0015625
0 0.3515625 0.0015625 0.21875 0.0015625 0.21875 0.2046875 0.3515625 0.2046875 0.3515625 0.0015625
0 0.184375 0.0015625 0.059375 0.0015625 0.059375 0.1640625 0.184375 0.1640625 0.184375 0.0015625
0 1.0 0.896875 0.9828125 0.896875 0.9828125 0.940625 1.0 0.940625 1.0 0.896875
0 0.9703125 0.3515625 0.828125 0.3515625 0.828125 0.6390625 0.9703125 0.6390625 0.9703125 0.3515625
0 0.6078125 0.928125 0.496875 0.928125 0.496875 1.0 0.6078125 1.0 0.6078125 0.928125
0 0.990625 0.8859375 0.9015625 0.8859375 0.9015625 0.9765625 0.990625 0.9765625 0.990625 0.8859375
0 0.5515625 0.7015625 0.4328125 0.7015625 0.4328125 0.8265625 0.5515625 0.8265625 0.5515625 0.7015625
0 0.5375 0.471875 0.0015625 0.471875 0.0015625 0.909375 0.5375 0.909375 0.5375 0.471875
0 1.0 0.0015625 0.0515625 0.0015625 0.0515625 1.0 1.0 1.0 1.0 0.0015625
0 0.7671875 0.0015625 0.7328125 0.0015625 0.7328125 0.1703125 0.7671875 0.1703125 0.7671875 0.0015625
