0 0.7234375 0.4328125 0.5453125 0.4328125 0.5453125 0.534375 0.7234375 0.534375 0.7234375 0.4328125
0 0.4296875 0.31875 0.296875 0.31875 0.296875 0.5125 0.4296875 0.5125 0.4296875 0.31875
0 0.4140625 0.6640625 0.321875 0.6640625 0.321875 0.8203125 0.4140625 0.8203125 0.4140625 0.6640625
0 0.8046875 0.446875 0.5546875 0.446875 0.5546875 0.70625 0.8046875 0.70625 0.8046875 0.446875
0 0.1625 0.0015625 0.0015625 0.0015625 0.0015625 0.5390625 0.1625 0.5390625 0.1625 0.0015625
0 0.5671875 0.1828125 0.33125 0.1828125 0.33125 0.3859375 0.5671875 0.3859375 0.5671875 0.1828125
0 0.26875 0.109375 0.1640625 0.109375 0.1640625 0.2859375 0.26875 0.2859375 0.26875 0.109375
0 0.5015625 0.0015625 0.4 0.0015625 0.4 0.053125 0.5015625 0.053125 0.5015625 0.0015625
0 0.96875 0.2390625 0.859375 0.2390625 0.859375 0.4953125 0.96875 0.4953125 0.96875 0.2390625
0 0.846875 0.1296875 0.7328125 0.1296875 0.7328125 0.3265625 0.846875 0.3265625 0.846875 0.1296875
0 1.0 0.046875 0.921875 0.046875 0.921875 0.3375 1.0 0.3375 1.0 0.046875
0 0.8109375 0.03125 0.7109375 0.03125 0.7109375 0.1796875 0.8109375 0.1796875 0.8109375 0.03125
0 0.809375 0.0015625 0.7390625 0.0015625 0.7390625 0.028125 0.809375 0.028125 0.809375 0.0015625
0 0.596875 0.3375 0.5234375 0.3375 0.5234375 0.48125 0.596875 0.48125 0.596875 0.3375
0 0.7421875 0.2890625 0.6671875 0.2890625 0.6671875 0.446875 0.7421875 0.446875 0.7421875 0.2890625
0 0.2453125 0.30625 0.1140625 0.30625 0.1140625 0.4015625 0.2453125 0.4015625 0.2453125 0.30625
0 0.459375 0.153125 0.3265625 0.153125 0.3265625 0.2796875 0.459375 0.2796875 0.459375 0.153125
0 0.4 0.009375 0.240625 0.009375 0.240625 0.190625 0.4 0.190625 0.4 0.009375
0 0.1546875 0.0015625 0.0234375 0.0015625 0.0234375 0.19375 0.1546875 0.19375 0.1546875 0.0015625
0 1.0 0.321875 0.90625 0.321875 0.90625 0.5359375 1.0 0.5359375 1.0 0.321875
0 0.11875 0.4078125 0.0015625 0.4078125 0.0015625 0.5609375 0.11875 0.5609375 0.11875 0.4078125
0 0.1046875 0.7984375 0.0078125 0.7984375 0.0078125 0.978125 0.1046875 0.978125 0.1046875 0.7984375
0 0.6921875 0.609375 0.346875 0.609375 0.346875 0.940625 0.6921875 0.940625 0.6921875 0.609375
0 0.7796875 0.6046875 0.7140625 0.6046875 0.7140625 0.7890625 0.7796875 0.7890625 0.7796875 0.6046875
0 0.45625 0.5265625 0.3125 0.5265625 0.3125 0.746875 0.45625 0.746875 0.45625 0.5265625
0 0.665625 0.4453125 0.540625 0.4453125 0.540625 0.6125 0.665625 0.6125 0.665625 0.4453125
0 0.5875 0.2984375 0.3140625 0.2984375 0.3140625 0.5296875 0.5875 0.5296875 0.5875 0.2984375
0 0.2609375 0.3671875 0.184375 0.3671875 0.184375 0.4890625 0.2609375 0.4890625 0.2609375 0.3671875
0 0.7515625 0.0015625 0.5578125 0.0015625 0.5578125 0.2671875 0.7515625 0.2671875 0.7515625 0.0015625
0 0.4765625 0.0015625 0.315625 0.0015625 0.315625 0.2171875 0.4765625 0.2171875 0.4765625 0.0015625
0 0.3390625 0.015625 0.20625 0.015625 0.20625 0.134375 0.3390625 0.134375 0.3390625 0.015625
0 0.2078125 0.9953125 0.190625 0.9953125 0.190625 1.0 0.2078125 1.0 0.2078125 0.9953125
0 0.1984375 0.1453125 0.034375 0.1453125 0.034375 0.303125 0.1984375 0.303125 0.1984375 0.1453125
0 1.0 0.8875 0.978125 0.8875 0.978125 1.0 1.0 1.0 1.0 0.8875
0 1.0 0.7015625 0.903125 0.7015625 0.903125 0.8109375 1.0 0.8109375 1.0 0.7015625
0 1.0 0.0015625 0.0828125 0.0015625 0.0828125 1.0 1.0 1.0 1.0 0.0015625
0 0.0359375 0.015625 0.0015625 0.015625 0.0015625 0.328125 0.0359375 0.328125 0.0359375 0.015625
0 0.1890625 0.7671875 0.0015625 0.7671875 0.0015625 1.0 0.1890625 1.0 0.1890625 0.7671875
0 0.4453125 0.66875 0.190625 0.66875 0.190625 1.0 0.4453125 1.0 0.4453125 0.66875
0 0.571875 0.34375 0.0015625 0.34375 0.0015625 0.8765625 0.571875 0.8765625 0.571875 0.34375
0 0.2609375 0.2328125 0.134375 0.2328125 0.134375 0.33125 0.2609375 0.33125 0.2609375 0.2328125
0 0.56875 0.75 0.446875 0.75 0.446875 0.9578125 0.56875 0.9578125 0.56875 0.75
0 0.5171875 0.665625 0.390625 0.665625 0.390625 0.78125 0.5171875 0.78125 0.5171875 0.665625
0 0.6125 0.2234375 0.4421875 0.2234375 0.4421875 0.3734375 0.6125 0.3734375 0.6125 0.2234375
0 0.4015625 0.0625 0.3140625 0.0625 0.3140625 0.171875 0.4015625 0.171875 0.4015625 0.0625
0 0.75 0.6625 0.68125 0.6625 0.68125 0.815625 0.75 0.815625 0.75 0.6625
0 0.69375 0.4828125 0.6046875 0.4828125 0.6046875 0.6421875 0.69375 0.6421875 0.69375 0.4828125
