0 0.1328125 0.928125 0.05625 0.928125 0.05625 1.0 0.1328125 1.0 0.1328125 0.928125
0 0.2046875 0.9015625 0.1390625 0.9015625 0.1390625 1.0 0.2046875 1.0 0.2046875 0.9015625
0 0.303125 0.7703125 0.215625 0.7703125 0.215625 0.975 0.303125 0.975 0.303125 0.7703125
0 0.0890625 0.6828125 0.0015625 0.6828125 0.0015625 0.8609375 0.0890625 0.8609375 0.0890625 0.6828125
0 0.2765625 0.6875 0.1328125 0.6875 0.1328125 0.8515625 0.2765625 0.8515625 0.2765625 0.6875
0 0.3765625 0.4984375 0.196875 0.4984375 0.196875 0.6875 0.3765625 0.6875 0.3765625 0.4984375
0 0.50625 0.403125 0.4109375 0.403125 0.4109375 0.528125 0.50625 0.528125 0.50625 0.403125
0 0.0296875 0.309375 0.0015625 0.309375 0.0015625 0.396875 0.0296875 0.396875 0.0296875 0.309375
0 1.0 0.79375 0.9359375 0.79375 0.9359375 1.0 1.0 1.0 1.0 0.79375
0 0.790625 0.8515625 0.5890625 0.8515625 0.5890625 1.0 0.790625 1.0 0.790625 0.8515625
0 0.8546875 0.6859375 0.74375 0.6859375 0.74375 0.9078125 0.8546875 0.9078125 0.8546875 0.6859375
0 1.0 0.653125 0.971875 0.653125 0.971875 0.7875 1.0 0.7875 1.0 0.653125
0 0.046875 0.65625 0.0015625 0.65625 0.0015625 0.828125 0.046875 0.828125 0.046875 0.65625
0 0.15625 0.9859375 0.134375 0.9859375 0.134375 1.0 0.15625 1.0 0.15625 0.9859375
0 0.984375 0.6359375 0.88125 0.6359375 0.88125 0.76875 0.984375 0.76875 0.984375 0.6359375
0 0.403125 0.584375 0.184375 0.584375 0.184375 0.7234375 0.403125 0.7234375 0.403125 0.584375
0 0.23125 0.5484375 0.028125 0.5484375 0.028125 0.7375 0.23125 0.7375 0.23125 0.5484375
0 0.684375 0.415625 0.553125 0.415625 0.553125 0.60625 0.684375 0.60625 0.684375 0.415625
0 0.9578125 0.2921875 0.825 0.2921875 0.825 0.4921875 0.9578125 0.4921875 0.9578125 0.2921875
0 0.6 0.0015625 0.4984375 0.0015625 0.4984375 0.0875 0.6 0.0875 0.6 0.0015625
0 0.0359375 0.7078125 0.0015625 0.7078125 0.0015625 0.80625 0.0359375 0.80625 0.0359375 0.7078125
0 1.0 0.5328125 0.95 0.5328125 0.95 0.64375 1.0 0.64375 1.0 0.5328125
0 0.4203125 0.49375 0.3453125 0.49375 0.3453125 0.671875 0.4203125 0.671875 0.4203125 0.49375
0 0.078125 0.29375 0.0015625 0.29375 0.0015625 0.56875 0.078125 0.56875 0.078125 0.29375
0 0.4578125 0.0015625 0.4296875 0.0015625 0.4296875 0.0203125 0.4578125 0.0203125 0.4578125 0.0015625
0 1.0 0.321875 0.9265625 0.321875 0.9265625 0.503125 1.0 0.503125 1.0 0.321875
0 0.346875 0.9 0.2734375 0.9 0.2734375 1.0 0.346875 1.0 0.346875 0.9
0 0.25625 0.1984375 0.128125 0.1984375 0.128125 0.3796875 0.25625 0.3796875 0.25625 0.1984375
0 0.5453125 0.5203125 0.1796875 0.5203125 0.1796875 1.0 0.5453125 1.0 0.5453125 0.5203125
0 0.6578125 0.0015625 0.0015625 0.0015625 0.0015625 0.625 0.6578125 0.625 0.6578125 0.0015625
0 0.090625 0.7859375 0.0015625 0.7859375 0.0015625 0.9734375 0.090625 0.9734375 0.090625 0.7859375
0 0.4640625 0.45625 0.2921875 0.45625 0.2921875 0.75625 0.4640625 0.75625 0.4640625 0.45625
0 1.0 0.3953125 0.546875 0.3953125 0.546875 1.0 1.0 1.0 1.0 0.3953125
0 0.803125 0.03125 0.6328125 0.03125 0.6328125 0.3484375 0.803125 0.3484375 0.803125 0.03125
0 0.9203125 0.1765625 0.7734375 0.1765625 0.7734375 0.4296875 0.9203125 0.4296875 0.9203125 0.1765625
0 1.0 0.203125 0.934375 0.203125 0.934375 0.309375 1.0 0.309375 1.0 0.203125
