0 0.3859375 0.0015625 0.2875 0.0015625 0.2875 0.2265625 0.3859375 0.2265625 0.3859375 0.0015625
0 0.271875 0.0015625 0.134375 0.0015625 0.134375 0.121875 0.271875 0.121875 0.271875 0.0015625
0 0.8828125 0.3921875 0.7375 0.3921875 0.7375 0.5671875 0.8828125 0.5671875 0.8828125 0.3921875
0 1.0 0.39375 0.825 0.39375 0.825 0.534375 1.0 0.534375 1.0 0.39375
0 0.7921875 0.5875 0.646875 0.5875 0.646875 0.81875 0.7921875 0.81875 0.7921875 0.5875
0 0.471875 0.7140625 0.3203125 0.7140625 0.3203125 0.81875 0.471875 0.81875 0.471875 0.7140625
0 0.584375 0.5890625 0.409375 0.5890625 0.409375 0.7265625 0.584375 0.7265625 0.584375 0.5890625
0 0.6625 0.5515625 0.5609375 0.5515625 0.5609375 0.6421875 0.6625 0.6421875 0.6625 0.5515625
0 0.734375 0.7921875 0.6484375 0.7921875 0.6484375 1.0 0.734375 1.0 0.734375 0.7921875
0 0.853125 0.5265625 0.7171875 0.5265625 0.7171875 0.7734375 0.853125 0.7734375 0.853125 0.5265625
0 0.7140625 0.9796875 0.7046875 0.9796875 0.7046875 1.0 0.7140625 1.0 0.7140625 0.9796875
0 0.996875 0.9875 0.96875 0.9875 0.96875 1.0 0.996875 1.0 0.996875 0.9875
0 0.9703125 0.896875 0.8296875 0.896875 0.8296875 1.0 0.9703125 1.0 0.9703125 0.896875
0 0.55 0.79375 0.4796875 0.79375 0.4796875 0.9046875 0.55 0.9046875 0.55 0.79375
0 0.9765625 0.6703125 0.8421875 0.6703125 0.8421875 0.8484375 0.9765625 0.8484375 0.9765625 0.6703125
0 0.546875 0.6828125 0.43125 0.6828125 0.43125 0.78125 0.546875 0.78125 0.546875 0.6828125
0 0.9859375 0.003125 0.8703125 0.003125 0.8703125 0.1125 0.9859375 0.1125 0.9859375 0.003125
0 0.6875 0.6765625 0.5859375 0.6765625 0.5859375 0.85625 0.6875 0.85625 0.6875 0.6765625
0 0.09375 0.8046875 0.0015625 0.8046875 0.0015625 1.0 0.09375 1.0 0.09375 0.8046875
0 0.5640625 0.846875 0.4546875 0.846875 0.4546875 0.984375 0.5640625 0.984375 0.5640625 0.846875
0 0.9234375 0.35 0.7640625 0.35 0.7640625 0.440625 0.9234375 0.440625 0.9234375 0.35
0 0.6640625 0.5484375 0.5296875 0.5484375 0.5296875 0.725 0.6640625 0.725 0.6640625 0.5484375
0 0.93125 0.16875 0.8671875 0.16875 0.8671875 0.3234375 0.93125 0.3234375 0.93125 0.16875
0 0.1390625 0.996875 0.13125 0.996875 0.13125 1.0 0.1390625 1.0 0.1390625 0.996875
0 1.0 0.01875 0.790625 0.01875 0.790625 0.2109375 1.0 0.2109375 1.0 0.01875
0 0.5296875 0.409375 0.0546875 0.409375 0.0546875 0.50625 0.5296875 0.50625 0.5296875 0.409375
0 0.953125 0.49375 0.76875 0.49375 0.76875 0.60625 0.953125 0.60625 0.953125 0.49375
0 0.409375 0.303125 0.3109375 0.303125 0.3109375 0.4015625 0.409375 0.4015625 0.409375 0.303125
0 0.771875 0.215625 0.5140625 0.215625 0.5140625 0.321875 0.771875 0.321875 0.771875 0.215625
0 0.1359375 0.809375 0.0375 0.809375 0.0375 1.0 0.1359375 1.0 0.1359375 0.809375
0 0.4421875 0.325 0.2671875 0.325 0.2671875 0.4390625 0.4421875 0.4390625 0.4421875 0.325
0 0.0171875 0.90625 0.0015625 0.90625 0.0015625 0.9875 0.0171875 0.9875 0.0171875 0.90625
0 0.040625 0.240625 0.0015625 0.240625 0.0015625 0.3109375 0.040625 0.3109375 0.040625 0.240625
0 0.8109375 0.9515625 0.7078125 0.9515625 0.7078125 1.0 0.8109375 1.0 0.8109375 0.9515625
0 0.0140625 0.8171875 0.0015625 0.8171875 0.0015625 0.878125 0.0140625 0.878125 0.0140625 0.8171875
0 0.0015625 0.70625 0.0015625 0.70625 0.0015625 0.7140625 0.0015625 0.7140625 0.0015625 0.70625
0 0.0375 0.2984375 0.0015625 0.2984375 0.0015625 0.459375 0.0375 0.459375 0.0375 0.2984375
0 0.2390625 0.925 0.1171875 0.925 0.1171875 1.0 0.2390625 1.0 0.2390625 0.925
0 0.4296875 0.3765625 0.225 0.3765625 0.225 0.45 0.4296875 0.45 0.4296875 0.3765625
0 0.309375 0.246875 0.1203125 0.246875 0.1203125 0.3921875 0.309375 0.3921875 0.309375 0.246875
0 0.7453125 0.190625 0.5765625 0.190625 0.5765625 0.2828125 0.7453125 0.2828125 0.7453125 0.190625
0 1.0 0.0015625 0.7171875 0.0015625 0.7171875 0.053125 1.0 0.053125 1.0 0.0015625
0 0.2203125 0.3734375 0.084375 0.3734375 0.084375 0.4625 0.2203125 0.4625 0.2203125 0.3734375
0 0.3453125 0.215625 0.2265625 0.215625 0.2265625 0.321875 0.3453125 0.321875 0.3453125 0.215625
0 0.759375 0.2828125 0.56875 0.2828125 0.56875 0.3703125 0.759375 0.3703125 0.759375 0.2828125
0 0.971875 0.0015625 0.8171875 0.0015625 0.8171875 0.1171875 0.971875 0.1171875 0.971875 0.0015625
0 0.3234375 0.384375 0.1734375 0.384375 0.1734375 0.4828125 0.3234375 0.4828125 0.3234375 0.384375
0 0.590625 0.3203125 0.3875 0.3203125 0.3875 0.4328125 0.590625 0.4328125 0.590625 0.3203125
0 0.85625 0.015625 0.7375 0.015625 0.7375 0.15 0.85625 0.15 0.85625 0.015625
0 0.8421875 0.1 0.7171875 0.1 0.7171875 0.2546875 0.8421875 0.2546875 0.8421875 0.1
0 0.4953125 0.79375 0.4015625 0.79375 0.4015625 0.8796875 0.4953125 0.8796875 0.4953125 0.79375
0 0.8828125 0.9796875 0.803125 0.9796875 0.803125 1.0 0.8828125 1.0 0.8828125 0.9796875
0 0.15 0.4640625 0.0015625 0.4640625 0.0015625 0.8125 0.15 0.8125 0.15 0.4640625
0 0.0609375 0.1359375 0.0015625 0.1359375 0.0015625 0.496875 0.0609375 0.496875 0.0609375 0.1359375
0 1.0 0.0015625 0.3671875 0.0015625 0.3671875 0.4578125 1.0 0.4578125 1.0 0.0015625
0 0.9546875 0.1515625 0.778125 0.1515625 0.778125 0.3515625 0.9546875 0.3515625 0.9546875 0.1515625
0 1.0 0.1421875 0.990625 0.1421875 0.990625 0.159375 1.0 0.159375 1.0 0.1421875
0 0.6765625 0.95625 0.5796875 0.95625 0.5796875 1.0 0.6765625 1.0 0.6765625 0.95625
0 0.03125 0.715625 0.0015625 0.715625 0.0015625 0.825 0.03125 0.825 0.03125 0.715625
0 0.5703125 0.5890625 0.3546875 0.5890625 0.3546875 0.8390625 0.5703125 0.8390625 0.5703125 0.5890625
0 0.8703125 0.6109375 0.7796875 0.6109375 0.7796875 0.696875 0.8703125 0.696875 0.8703125 0.6109375
