0 0.9640625 0.0015625 0.1453125 0.0015625 0.1453125 0.403125 0.9640625 0.403125 0.9640625 0.0015625
0 1.0 0.66875 0.096875 0.66875 0.096875 1.0 1.0 1.0 1.0 0.66875
0 0.125 0.2171875 0.040625 0.2171875 0.040625 0.375 0.125 0.375 0.125 0.2171875
0 0.6015625 0.5125 0.334375 0.5125 0.334375 0.7453125 0.6015625 0.7453125 0.6015625 0.5125
0 0.5328125 0.0015625 0.44375 0.0015625 0.44375 0.1078125 0.5328125 0.1078125 0.5328125 0.0015625
0 1.0 0.0015625 0.0015625 0.0015625 0.0015625 1.0 1.0 1.0 1.0 0.0015625
0 1.0 0.8015625 0.9390625 0.8015625 0.9390625 1.0 1.0 1.0 1.0 0.8015625
0 0.71875 0.0015625 0.534375 0.0015625 0.534375 0.0375 0.71875 0.0375 0.71875 0.0015625
0 0.121875 0.8140625 0.0015625 0.8140625 0.0015625 1.0 0.121875 1.0 0.121875 0.8140625
0 0.621875 0.7796875 0.4828125 0.7796875 0.4828125 0.8734375 0.621875 0.8734375 0.621875 0.7796875
