0 0.2984375 0.525 0.1484375 0.525 0.1484375 0.6609375 0.2984375 0.6609375 0.2984375 0.525
0 0.0921875 0.4890625 0.0015625 0.4890625 0.0015625 0.615625 0.0921875 0.615625 0.0921875 0.4890625
0 0.2375 0.775 0.134375 0.775 0.134375 0.971875 0.2375 0.971875 0.2375 0.775
0 0.628125 0.25625 0.475 0.25625 0.475 0.4984375 0.628125 0.4984375 0.628125 0.25625
0 0.259375 0.5796875 0.0671875 0.5796875 0.0671875 0.7921875 0.259375 0.7921875 0.259375 0.5796875
0 0.496875 0.415625 0.325 0.415625 0.325 0.734375 0.496875 0.734375 0.496875 0.415625
0 0.390625 0.26875 0.0015625 0.26875 0.0015625 1.0 0.390625 1.0 0.390625 0.26875
0 0.675 0.75625 0.3171875 0.75625 0.3171875 1.0 0.675 1.0 0.675 0.75625
0 0.64375 0.09375 0.2921875 0.09375 0.2921875 0.8609375 0.64375 0.8609375 0.64375 0.09375
0 1.0 0.9609375 0.9453125 0.9609375 0.9453125 1.0 1.0 1.0 1.0 0.9609375
0 1.0 0.08125 0.9578125 0.08125 0.9578125 0.2953125 1.0 0.2953125 1.0 0.08125
0 0.853125 0.934375 0.7671875 0.934375 0.7671875 1.0 0.853125 1.0 0.853125 0.934375
