0 0.2953125 0.4125 0.1625 0.4125 0.1625 0.565625 0.2953125 0.565625 0.2953125 0.4125
0 0.9140625 0.0015625 0.784375 0.0015625 0.784375 0.159375 0.9140625 0.159375 0.9140625 0.0015625
0 0.8703125 0.0578125 0.7515625 0.0578125 0.7515625 0.1984375 0.8703125 0.1984375 0.8703125 0.0578125
0 0.73125 0.7671875 0.6375 0.7671875 0.6375 0.9453125 0.73125 0.9453125 0.73125 0.7671875
0 0.28125 0.6296875 0.1046875 0.6296875 0.1046875 0.83125 0.28125 0.83125 0.28125 0.6296875
0 0.7515625 0.640625 0.6546875 0.640625 0.6546875 0.76875 0.7515625 0.76875 0.7515625 0.640625
0 0.6953125 0.1359375 0.5984375 0.1359375 0.5984375 0.3609375 0.6953125 0.3609375 0.6953125 0.1359375
0 0.36875 0.8234375 0.246875 0.8234375 0.246875 1.0 0.36875 1.0 0.36875 0.8234375
0 0.778125 0.0015625 0.69375 0.0015625 0.69375 0.23125 0.778125 0.23125 0.778125 0.0015625
0 0.984375 0.0015625 0.81875 0.0015625 0.81875 0.1953125 0.984375 0.1953125 0.984375 0.0015625
0 0.1375 0.0828125 0.0015625 0.0828125 0.0015625 0.23125 0.1375 0.23125 0.1375 0.0828125
0 0.4140625 0.165625 0.2546875 0.165625 0.2546875 0.359375 0.4140625 0.359375 0.4140625 0.165625
0 0.9421875 0.21875 0.8890625 0.21875 0.8890625 0.484375 0.9421875 0.484375 0.9421875 0.21875
0 0.3796875 0.7328125 0.2125 0.7328125 0.2125 1.0 0.3796875 1.0 0.3796875 0.7328125
0 0.1984375 0.5390625 0.0625 0.5390625 0.0625 0.68125 0.1984375 0.68125 0.1984375 0.5390625
0 0.3078125 0.209375 0.11875 0.209375 0.11875 0.4375 0.3078125 0.4375 0.3078125 0.209375
0 0.78125 0.378125 0.609375 0.378125 0.609375 0.821875 0.78125 0.821875 0.78125 0.378125
0 0.425 0.3984375 0.1953125 0.3984375 0.1953125 0.59375 0.425 0.59375 0.425 0.3984375
0 0.1296875 0.2734375 0.01875 0.2734375 0.01875 0.4796875 0.1296875 0.4796875 0.1296875 0.2734375
0 0.6171875 0.5734375 0.4296875 0.5734375 0.4296875 0.771875 0.6171875 0.771875 0.6171875 0.5734375
0 0.1625 0.384375 0.0328125 0.384375 0.0328125 0.5 0.1625 0.5 0.1625 0.384375
0 0.6265625 0.0015625 0.471875 0.0015625 0.471875 0.2125 0.6265625 0.2125 0.6265625 0.0015625
0 0.9125 0.2359375 0.790625 0.2359375 0.790625 0.453125 0.9125 0.453125 0.9125 0.2359375
0 0.646875 0.175 0.540625 0.175 0.540625 0.4 0.646875 0.4 0.646875 0.175
