0 0.671875 0.434375 0.453125 0.434375 0.453125 0.665625 0.671875 0.665625 0.671875 0.434375
0 0.7640625 0.103125 0.70625 0.103125 0.70625 0.2875 0.7640625 0.2875 0.7640625 0.103125
0 0.271875 0.925 0.190625 0.925 0.190625 1.0 0.271875 1.0 0.271875 0.925
0 0.8203125 0.0015625 0.675 0.0015625 0.675 0.0796875 0.8203125 0.0796875 0.8203125 0.0015625
0 0.6375 0.4125 0.35 0.4125 0.35 0.6078125 0.6375 0.6078125 0.6375 0.4125
0 0.49375 0.1796875 0.3765625 0.1796875 0.3765625 0.278125 0.49375 0.278125 0.49375 0.1796875
0 0.7359375 0.1046875 0.5984375 0.1046875 0.5984375 0.303125 0.7359375 0.303125 0.7359375 0.1046875
0 0.53125 0.0125 0.4109375 0.0125 0.4109375 0.15625 0.53125 0.15625 0.53125 0.0125
0 0.628125 0.0015625 0.4625 0.0015625 0.4625 0.2375 0.628125 0.2375 0.628125 0.0015625
0 0.8171875 0.0765625 0.7125 0.0765625 0.7125 0.328125 0.8171875 0.328125 0.8171875 0.0765625
0 0.81875 0.3546875 0.6796875 0.3546875 0.6796875 0.54375 0.81875 0.54375 0.81875 0.3546875
0 0.3828125 0.1578125 0.2828125 0.1578125 0.2828125 0.3078125 0.3828125 0.3078125 0.3828125 0.1578125
0 0.6265625 0.065625 0.5265625 0.065625 0.5265625 0.25 0.6265625 0.25 0.6265625 0.065625
0 0.26875 0.0015625 0.1625 0.0015625 0.1625 0.090625 0.26875 0.090625 0.26875 0.0015625
0 0.1109375 0.0015625 0.0671875 0.0015625 0.0671875 0.1234375 0.1109375 0.1234375 0.1109375 0.0015625
0 0.303125 0.0015625 0.2109375 0.0015625 0.2109375 0.0375 0.303125 0.0375 0.303125 0.0015625
0 0.134375 0.78125 0.0015625 0.78125 0.0015625 0.971875 0.134375 0.971875 0.134375 0.78125
0 0.1703125 0.14375 0.0015625 0.14375 0.0015625 0.2875 0.1703125 0.2875 0.1703125 0.14375
0 0.4734375 0.1171875 0.3734375 0.1171875 0.3734375 0.2453125 0.4734375 0.2453125 0.4734375 0.1171875
0 0.9828125 0.0015625 0.9390625 0.0015625 0.9390625 0.215625 0.9828125 0.215625 0.9828125 0.0015625
0 0.0296875 0.6421875 0.0015625 0.6421875 0.0015625 0.6671875 0.0296875 0.6671875 0.0296875 0.6421875
