0 0.1875 0.0015625 0.1125 0.0015625 0.1125 0.08125 0.1875 0.08125 0.1875 0.0015625
0 0.26875 0.4203125 0.1375 0.4203125 0.1375 0.646875 0.26875 0.646875 0.26875 0.4203125
0 0.6328125 0.3796875 0.3796875 0.3796875 0.3796875 0.5921875 0.6328125 0.5921875 0.6328125 0.3796875
0 0.246875 0.0734375 0.1 0.0734375 0.1 0.2296875 0.246875 0.2296875 0.246875 0.0734375
0 0.89375 0.603125 0.7515625 0.603125 0.7515625 0.8703125 0.89375 0.8703125 0.89375 0.603125
0 0.8671875 0.8890625 0.784375 0.8890625 0.784375 1.0 0.8671875 1.0 0.8671875 0.8890625
0 0.93125 0.8703125 0.8578125 0.8703125 0.8578125 1.0 0.93125 1.0 0.93125 0.8703125
0 0.1359375 0.9359375 0.0765625 0.9359375 0.0765625 1.0 0.1359375 1.0 0.1359375 0.9359375
0 0.6515625 0.875 0.553125 0.875 0.553125 1.0 0.6515625 1.0 0.6515625 0.875
0 1.0 0.6953125 0.9859375 0.6953125 0.9859375 0.7453125 1.0 0.7453125 1.0 0.6953125
0 0.88125 0.6390625 0.803125 0.6390625 0.803125 0.815625 0.88125 0.815625 0.88125 0.6390625
0 0.4890625 0.6234375 0.3890625 0.6234375 0.3890625 0.8328125 0.4890625 0.8328125 0.4890625 0.6234375
0 0.384375 0.4984375 0.1546875 0.4984375 0.1546875 0.8109375 0.384375 0.8109375 0.384375 0.4984375
0 0.1 0.5515625 0.01875 0.5515625 0.01875 0.6875 0.1 0.6875 0.1 0.5515625
0 0.4953125 0.04375 0.0015625 0.04375 0.0015625 0.6296875 0.4953125 0.6296875 0.4953125 0.04375
0 0.1203125 0.2546875 0.021875 0.2546875 0.021875 0.378125 0.1203125 0.378125 0.1203125 0.2546875
0 0.609375 0.0015625 0.5328125 0.0015625 0.5328125 0.0359375 0.609375 0.0359375 0.609375 0.0015625
0 0.45625 0.9828125 0.4296875 0.9828125 0.4296875 1.0 0.45625 1.0 0.45625 0.9828125
0 0.678125 0.8984375 0.596875 0.8984375 0.596875 1.0 0.678125 1.0 0.678125 0.8984375
0 1.0 0.459375 0.89375 0.459375 0.89375 0.55 1.0 0.55 1.0 0.459375
0 1.0 0.55 0.9375 0.55 0.9375 0.7875 1.0 0.7875 1.0 0.55
0 0.91875 0.5546875 0.8609375 0.5546875 0.8609375 0.8375 0.91875 0.8375 0.91875 0.5546875
0 0.3875 0.390625 0.2203125 0.390625 0.2203125 0.665625 0.3875 0.665625 0.3875 0.390625
0 0.0703125 0.034375 0.0015625 0.034375 0.0015625 0.0859375 0.0703125 0.0859375 0.0703125 0.034375
0 0.2859375 0.8234375 0.128125 0.8234375 0.128125 1.0 0.2859375 1.0 0.2859375 0.8234375
0 0.78125 0.8578125 0.653125 0.8578125 0.653125 1.0 0.78125 1.0 0.78125 0.8578125
0 0.228125 0.5140625 0.10625 0.5140625 0.10625 0.70625 0.228125 0.70625 0.228125 0.5140625
0 0.0171875 0.459375 0.0015625 0.459375 0.0015625 0.515625 0.0171875 0.515625 0.0171875 0.459375
0 0.2296875 0.3125 0.015625 0.3125 0.015625 0.559375 0.2296875 0.559375 0.2296875 0.3125
0 0.1140625 0.2125 0.0015625 0.2125 0.0015625 0.3171875 0.1140625 0.3171875 0.1140625 0.2125
0 1.0 0.7421875 0.83125 0.7421875 0.83125 0.890625 1.0 0.890625 1.0 0.7421875
0 1.0 0.5359375 0.95625 0.5359375 0.95625 0.6265625 1.0 0.6265625 1.0 0.5359375
0 1.0 0.3671875 0.8953125 0.3671875 0.8953125 0.4578125 1.0 0.4578125 1.0 0.3671875
0 0.0921875 0.503125 0.0015625 0.503125 0.0015625 0.734375 0.0921875 0.734375 0.0921875 0.503125
0 0.0265625 0.296875 0.0015625 0.296875 0.0015625 0.4140625 0.0265625 0.4140625 0.0265625 0.296875
0 0.2015625 0.0015625 0.0015625 0.0015625 0.0015625 0.11875 0.2015625 0.11875 0.2015625 0.0015625
0 0.378125 0.81875 0.29375 0.81875 0.29375 0.9921875 0.378125 0.9921875 0.378125 0.81875
0 0.51875 0.734375 0.390625 0.734375 0.390625 0.9484375 0.51875 0.9484375 0.51875 0.734375
0 0.4359375 0.6453125 0.3234375 0.6453125 0.3234375 0.7890625 0.4359375 0.7890625 0.4359375 0.6453125
0 0.4359375 0.403125 0.303125 0.403125 0.303125 0.675 0.4359375 0.675 0.4359375 0.403125
0 1.0 0.934375 0.9421875 0.934375 0.9421875 1.0 1.0 1.0 1.0 0.934375
0 1.0 0.78125 0.9734375 0.78125 0.9734375 0.8875 1.0 0.8875 1.0 0.78125
0 1.0 0.53125 0.9953125 0.53125 0.9953125 0.5453125 1.0 0.5453125 1.0 0.53125
0 0.9015625 0.025 0.7953125 0.025 0.7953125 0.321875 0.9015625 0.321875 0.9015625 0.025
0 0.3796875 0.9078125 0.2890625 0.9078125 0.2890625 1.0 0.3796875 1.0 0.3796875 0.9078125
0 0.234375 0.45 0.0765625 0.45 0.0765625 0.61875 0.234375 0.61875 0.234375 0.45
0 1.0 0.8046875 0.9046875 0.8046875 0.9046875 1.0 1.0 1.0 1.0 0.8046875
0 0.6 0.665625 0.5171875 0.665625 0.5171875 0.8484375 0.6 0.8484375 0.6 0.665625
0 1.0 0.0015625 0.6328125 0.0015625 0.6328125 0.4125 1.0 0.4125 1.0 0.0015625
0 0.8140625 0.134375 0.725 0.134375 0.725 0.2984375 0.8140625 0.2984375 0.8140625 0.134375
0 0.4265625 0.371875 0.0046875 0.371875 0.0046875 1.0 0.4265625 1.0 0.4265625 0.371875
0 0.034375 0.2 0.0015625 0.2 0.0015625 0.2625 0.034375 0.2625 0.034375 0.2
0 0.203125 0.0015625 0.1625 0.0015625 0.1625 0.096875 0.203125 0.096875 0.203125 0.0015625
0 0.4765625 0.9359375 0.4234375 0.9359375 0.4234375 1.0 0.4765625 1.0 0.4765625 0.9359375
0 0.2953125 0.721875 0.2 0.721875 0.2 0.9265625 0.2953125 0.9265625 0.2953125 0.721875
0 0.278125 0.0015625 0.2171875 0.0015625 0.2171875 0.0625 0.278125 0.0625 0.278125 0.0015625
