0 0.0234375 0.9703125 0.0015625 0.9703125 0.0015625 1.0 0.0234375 1.0 0.0234375 0.9703125
0 0.525 0.4046875 0.3546875 0.4046875 0.3546875 0.5765625 0.525 0.5765625 0.525 0.4046875
0 1.0 0.2984375 0.9046875 0.2984375 0.9046875 0.4625 1.0 0.4625 1.0 0.2984375
0 0.1234375 0.0421875 0.0015625 0.0421875 0.0015625 0.2625 0.1234375 0.2625 0.1234375 0.0421875
0 0.91875 0.0015625 0.84375 0.0015625 0.84375 0.0328125 0.91875 0.0328125 0.91875 0.0015625
0 0.371875 0.3875 0.2234375 0.3875 0.2234375 0.446875 0.371875 0.446875 0.371875 0.3875
0 0.096875 0.709375 0.0015625 0.709375 0.0015625 0.9796875 0.096875 0.9796875 0.096875 0.709375
0 0.0296875 0.4796875 0.0015625 0.4796875 0.0015625 0.50625 0.0296875 0.50625 0.0296875 0.4796875
0 0.675 0.8375 0.59375 0.8375 0.59375 0.959375 0.675 0.959375 0.675 0.8375
0 0.59375 0.7265625 0.4109375 0.7265625 0.4109375 0.8703125 0.59375 0.8703125 0.59375 0.7265625
0 1.0 0.5703125 0.9765625 0.5703125 0.9765625 0.7890625 1.0 0.7890625 1.0 0.5703125
0 0.690625 0.5125 0.559375 0.5125 0.559375 0.7015625 0.690625 0.7015625 0.690625 0.5125
0 0.9828125 0.5203125 0.834375 0.5203125 0.834375 0.6390625 0.9828125 0.6390625 0.9828125 0.5203125
0 1.0 0.4125 0.803125 0.4125 0.803125 0.5578125 1.0 0.5578125 1.0 0.4125
0 1.0 0.0703125 0.996875 0.0703125 0.996875 0.078125 1.0 0.078125 1.0 0.0703125
0 0.459375 0.95 0.3953125 0.95 0.3953125 1.0 0.459375 1.0 0.459375 0.95
0 0.0125 0.0015625 0.0015625 0.0015625 0.0015625 0.0140625 0.0125 0.0140625 0.0125 0.0015625
0 0.7203125 0.671875 0.5625 0.671875 0.5625 0.7875 0.7203125 0.7875 0.7203125 0.671875
0 0.825 0.6453125 0.696875 0.6453125 0.696875 0.7984375 0.825 0.7984375 0.825 0.6453125
0 0.9984375 0.5484375 0.8578125 0.5484375 0.8578125 0.784375 0.9984375 0.784375 0.9984375 0.5484375
0 0.53125 0.4890625 0.3796875 0.4890625 0.3796875 0.6109375 0.53125 0.6109375 0.53125 0.4890625
0 1.0 0.25 0.8265625 0.25 0.8265625 0.478125 1.0 0.478125 1.0 0.25
0 1.0 0.0734375 0.84375 0.0734375 0.84375 0.2703125 1.0 0.2703125 1.0 0.0734375
0 0.759375 0.0515625 0.5171875 0.0515625 0.5171875 0.25 0.759375 0.25 0.759375 0.0515625
0 0.9765625 0.0015625 0.7375 0.0015625 0.7375 0.2015625 0.9765625 0.2015625 0.9765625 0.0015625
0 0.6125 0.0015625 0.525 0.0015625 0.525 0.0484375 0.6125 0.0484375 0.6125 0.0015625
0 1.0 0.0015625 0.984375 0.0015625 0.984375 0.021875 1.0 0.021875 1.0 0.0015625
0 0.1296875 0.778125 0.0640625 0.778125 0.0640625 0.9265625 0.1296875 0.9265625 0.1296875 0.778125
0 0.4546875 0.9078125 0.2734375 0.9078125 0.2734375 1.0 0.4546875 1.0 0.4546875 0.9078125
0 0.615625 0.4375 0.021875 0.4375 0.021875 1.0 0.615625 1.0 0.615625 0.4375
0 0.146875 0.64375 0.0234375 0.64375 0.0234375 0.9796875 0.146875 0.9796875 0.146875 0.64375
0 0.603125 0.0015625 0.0015625 0.0015625 0.0015625 0.60625 0.603125 0.60625 0.603125 0.0015625
0 0.434375 0.4578125 0.2328125 0.4578125 0.2328125 0.6453125 0.434375 0.6453125 0.434375 0.4578125
0 0.3875 0.1171875 0.2203125 0.1171875 0.2203125 0.3734375 0.3875 0.3734375 0.3875 0.1171875
0 0.9546875 0.8703125 0.4203125 0.8703125 0.4203125 1.0 0.9546875 1.0 0.9546875 0.8703125
0 0.796875 0.7 0.6625 0.7 0.6625 0.83125 0.796875 0.83125 0.796875 0.7
0 1.0 0.2421875 0.7015625 0.2421875 0.7015625 1.0 1.0 1.0 1.0 0.2421875
0 0.7703125 0.3875 0.6890625 0.3875 0.6890625 0.5375 0.7703125 0.5375 0.7703125 0.3875
0 0.8328125 0.0015625 0.7515625 0.0015625 0.7515625 0.071875 0.8328125 0.071875 0.8328125 0.0015625
0 0.2015625 0.6203125 0.1296875 0.6203125 0.1296875 0.9234375 0.2015625 0.9234375 0.2015625 0.6203125
0 0.3890625 0.3453125 0.1921875 0.3453125 0.1921875 0.6796875 0.3890625 0.6796875 0.3890625 0.3453125
0 0.05625 0.4546875 0.0015625 0.4546875 0.0015625 0.5375 0.05625 0.5375 0.05625 0.4546875
0 0.6546875 0.2359375 0.515625 0.2359375 0.515625 0.478125 0.6546875 0.478125 0.6546875 0.2359375
0 0.1390625 0.0015625 0.0015625 0.0015625 0.0015625 0.08125 0.1390625 0.08125 0.1390625 0.0015625
0 0.7734375 0.8171875 0.4703125 0.8171875 0.4703125 0.89375 0.7734375 0.89375 0.7734375 0.8171875
