0 0.25625 0.3609375 0.11875 0.3609375 0.11875 0.49375 0.25625 0.49375 0.25625 0.3609375
0 0.1296875 0.3421875 0.0015625 0.3421875 0.0015625 0.5234375 0.1296875 0.5234375 0.1296875 0.3421875
0 0.6015625 0.0015625 0.5203125 0.0015625 0.5203125 0.103125 0.6015625 0.103125 0.6015625 0.0015625
0 0.021875 0.95 0.0015625 0.95 0.0015625 0.971875 0.021875 0.971875 0.021875 0.95
0 0.0734375 0.50625 0.0015625 0.50625 0.0015625 0.6171875 0.0734375 0.6171875 0.0734375 0.50625
0 0.2046875 0.4890625 0.0875 0.4890625 0.0875 0.628125 0.2046875 0.628125 0.2046875 0.4890625
0 0.1765625 0.0703125 0.0015625 0.0703125 0.0015625 0.353125 0.1765625 0.353125 0.1765625 0.0703125
0 0.434375 0.003125 0.2453125 0.003125 0.2453125 0.190625 0.434375 0.190625 0.434375 0.003125
0 0.8890625 0.9796875 0.85625 0.9796875 0.85625 1.0 0.8890625 1.0 0.8890625 0.9796875
0 0.0890625 0.95 0.0015625 0.95 0.0015625 1.0 0.0890625 1.0 0.0890625 0.95
0 0.2015625 0.5109375 0.0015625 0.5109375 0.0015625 0.9125 0.2015625 0.9125 0.2015625 0.5109375
0 0.13125 0.125 0.0015625 0.125 0.0015625 0.2328125 0.13125 0.2328125 0.13125 0.125
0 0.1484375 0.00625 0.0015625 0.00625 0.0015625 0.075 0.1484375 0.075 0.1484375 0.00625
0 0.2546875 0.46875 0.15625 0.46875 0.15625 0.5703125 0.2546875 0.5703125 0.2546875 0.46875
0 0.625 0.0015625 0.4859375 0.0015625 0.4859375 0.1078125 0.625 0.1078125 0.625 0.0015625
0 1.0 0.8765625 0.803125 0.8765625 0.803125 1.0 1.0 1.0 1.0 0.8765625
0 0.034375 0.1609375 0.0015625 0.1609375 0.0015625 0.24375 0.034375 0.24375 0.034375 0.1609375
0 0.396875 0.26875 0.2265625 0.26875 0.2265625 0.4078125 0.396875 0.4078125 0.396875 0.26875
0 0.0421875 0.7140625 0.0015625 0.7140625 0.0015625 0.8859375 0.0421875 0.8859375 0.0421875 0.7140625
0 0.053125 0.475 0.0015625 0.475 0.0015625 0.5078125 0.053125 0.5078125 0.053125 0.475
0 0.384375 0.184375 0.2171875 0.184375 0.2171875 0.30625 0.384375 0.30625 0.384375 0.184375
0 0.1078125 0.8625 0.0015625 0.8625 0.0015625 0.9671875 0.1078125 0.9671875 0.1078125 0.8625
0 0.5296875 0.0015625 0.4359375 0.0015625 0.4359375 0.04375 0.5296875 0.04375 0.5296875 0.0015625
0 0.0203125 0.0859375 0.0015625 0.0859375 0.0015625 0.1234375 0.0203125 0.1234375 0.0203125 0.0859375
0 0.1921875 0.390625 0.084375 0.390625 0.084375 0.4984375 0.1921875 0.4984375 0.1921875 0.390625
0 0.3578125 0.3234375 0.028125 0.3234375 0.028125 0.46875 0.3578125 0.46875 0.3578125 0.3234375
0 0.446875 0.0015625 0.003125 0.0015625 0.003125 0.3328125 0.446875 0.3328125 0.446875 0.0015625
0 0.4515625 0.1171875 0.26875 0.1171875 0.26875 0.1890625 0.4515625 0.1890625 0.4515625 0.1171875
0 0.1125 0.053125 0.0078125 0.053125 0.0078125 0.1546875 0.1125 0.1546875 0.1125 0.053125
0 1.0 0.8015625 0.9578125 0.8015625 0.9578125 0.896875 1.0 0.896875 1.0 0.8015625
