0 0.6203125 0.3390625 0.471875 0.3390625 0.471875 0.41875 0.6203125 0.41875 0.6203125 0.3390625
0 0.5703125 0.2265625 0.465625 0.2265625 0.465625 0.33125 0.5703125 0.33125 0.5703125 0.2265625
0 0.134375 0.1078125 0.0015625 0.1078125 0.0015625 0.5140625 0.134375 0.5140625 0.134375 0.1078125
0 0.6484375 0.2625 0.5546875 0.2625 0.5546875 0.384375 0.6484375 0.384375 0.6484375 0.2625
0 0.4265625 0.04375 0.1421875 0.04375 0.1421875 0.328125 0.4265625 0.328125 0.4265625 0.04375
0 0.384375 0.0015625 0.2359375 0.0015625 0.2359375 0.159375 0.384375 0.159375 0.384375 0.0015625
0 0.2171875 0.8328125 0.0453125 0.8328125 0.0453125 1.0 0.2171875 1.0 0.2171875 0.8328125
0 0.39375 0.0015625 0.3828125 0.0015625 0.3828125 0.0078125 0.39375 0.0078125 0.39375 0.0015625
0 0.0578125 0.153125 0.0015625 0.153125 0.0015625 0.2265625 0.0578125 0.2265625 0.0578125 0.153125
0 0.38125 0.0015625 0.3328125 0.0015625 0.3328125 0.0125 0.38125 0.0125 0.38125 0.0015625
0 0.4796875 0.38125 0.3015625 0.38125 0.3015625 0.5078125 0.4796875 0.5078125 0.4796875 0.38125
0 0.7109375 0.0015625 0.5578125 0.0015625 0.5578125 0.1328125 0.7109375 0.1328125 0.7109375 0.0015625
0 0.246875 0.7296875 0.0015625 0.7296875 0.0015625 0.9765625 0.246875 0.9765625 0.246875 0.7296875
0 0.04375 0.525 0.0015625 0.525 0.0015625 0.625 0.04375 0.625 0.04375 0.525
0 0.378125 0.4203125 0.240625 0.4203125 0.240625 0.5609375 0.378125 0.5609375 0.378125 0.4203125
0 0.396875 0.340625 0.2890625 0.340625 0.2890625 0.4546875 0.396875 0.4546875 0.396875 0.340625
0 0.4875 0.0546875 0.109375 0.0546875 0.109375 0.4078125 0.4875 0.4078125 0.4875 0.0546875
0 0.565625 0.0015625 0.2171875 0.0015625 0.2171875 0.3703125 0.565625 0.3703125 0.565625 0.0015625
0 0.7828125 0.053125 0.5359375 0.053125 0.5359375 0.1875 0.7828125 0.1875 0.7828125 0.053125
0 0.1421875 0.509375 0.0015625 0.509375 0.0015625 0.6109375 0.1421875 0.6109375 0.1421875 0.509375
0 0.0421875 0.221875 0.0015625 0.221875 0.0015625 0.4046875 0.0421875 0.4046875 0.0421875 0.221875
0 0.0359375 0.93125 0.0015625 0.93125 0.0015625 1.0 0.0359375 1.0 0.0359375 0.93125
0 0.3671875 0.2375 0.04375 0.2375 0.04375 0.5328125 0.3671875 0.5328125 0.3671875 0.2375
0 0.0921875 0.3375 0.0015625 0.3375 0.0015625 0.49375 0.0921875 0.49375 0.0921875 0.3375
0 0.4953125 0.340625 0.38125 0.340625 0.38125 0.425 0.4953125 0.425 0.4953125 0.340625
0 0.0375 0.1625 0.0015625 0.1625 0.0015625 0.26875 0.0375 0.26875 0.0375 0.1625
0 0.040625 0.115625 0.0015625 0.115625 0.0015625 0.1578125 0.040625 0.1578125 0.040625 0.115625
0 0.25625 0.0171875 0.165625 0.0171875 0.165625 0.1421875 0.25625 0.1421875 0.25625 0.0171875
0 0.128125 0.028125 0.0015625 0.028125 0.0015625 0.1171875 0.128125 0.1171875 0.128125 0.028125
0 0.0796875 0.0015625 0.0015625 0.0015625 0.0015625 0.034375 0.0796875 0.034375 0.0796875 0.0015625
0 0.546875 0.065625 0.3609375 0.065625 0.3609375 0.2546875 0.546875 0.2546875 0.546875 0.065625
0 0.01875 0.61875 0.0015625 0.61875 0.0015625 0.6484375 0.01875 0.6484375 0.01875 0.61875
0 0.2703125 0.6765625 0.171875 0.6765625 0.171875 0.8921875 0.2703125 0.8921875 0.2703125 0.6765625
0 1.0 0.8796875 0.8875 0.8796875 0.8875 1.0 1.0 1.0 1.0 0.8796875
0 0.75625 0.184375 0.165625 0.184375 0.165625 0.5875 0.75625 0.5875 0.75625 0.184375
0 0.8625 0.03125 0.70625 0.03125 0.70625 0.171875 0.8625 0.171875 0.8625 0.03125
