0 0.628125 0.0015625 0.6203125 0.0015625 0.6203125 0.003125 0.628125 0.003125 0.628125 0.0015625
0 0.271875 0.2640625 0.1296875 0.2640625 0.1296875 0.546875 0.271875 0.546875 0.271875 0.2640625
0 0.9421875 0.9765625 0.9078125 0.9765625 0.9078125 1.0 0.9421875 1.0 0.9421875 0.9765625
0 1.0 0.9328125 0.9953125 0.9328125 0.9953125 0.9515625 1.0 0.9515625 1.0 0.9328125
0 0.796875 0.778125 0.7 0.778125 0.7 0.90625 0.796875 0.90625 0.796875 0.778125
0 1.0 0.6421875 0.80625 0.6421875 0.80625 0.8375 1.0 0.8375 1.0 0.6421875
0 0.4921875 0.0015625 0.3140625 0.0015625 0.3140625 0.103125 0.4921875 0.103125 0.4921875 0.0015625
0 0.428125 0.0015625 0.4109375 0.0015625 0.4109375 0.0125 0.428125 0.0125 0.428125 0.0015625
0 0.2140625 0.440625 0.0015625 0.440625 0.0015625 0.6296875 0.2140625 0.6296875 0.2140625 0.440625
0 0.6546875 0.953125 0.5359375 0.953125 0.5359375 1.0 0.6546875 1.0 0.6546875 0.953125
0 0.8734375 0.9390625 0.6890625 0.9390625 0.6890625 1.0 0.8734375 1.0 0.8734375 0.9390625
0 1.0 0.709375 0.7765625 0.709375 0.7765625 1.0 1.0 1.0 1.0 0.709375
0 0.7078125 0.0015625 0.6828125 0.0015625 0.6828125 0.0203125 0.7078125 0.0203125 0.7078125 0.0015625
0 0.1390625 0.6046875 0.0015625 0.6046875 0.0015625 0.696875 0.1390625 0.696875 0.1390625 0.6046875
0 0.2296875 0.36875 0.0015625 0.36875 0.0015625 0.60625 0.2296875 0.60625 0.2296875 0.36875
0 0.890625 0.8640625 0.634375 0.8640625 0.634375 1.0 0.890625 1.0 0.890625 0.8640625
0 0.9796875 0.803125 0.85625 0.803125 0.85625 0.8765625 0.9796875 0.8765625 0.9796875 0.803125
0 1.0 0.634375 0.9578125 0.634375 0.9578125 0.6984375 1.0 0.6984375 1.0 0.634375
0 0.8625 0.0015625 0.790625 0.0015625 0.790625 0.06875 0.8625 0.06875 0.8625 0.0015625
0 1.0 0.0015625 0.0015625 0.0015625 0.0015625 1.0 1.0 1.0 1.0 0.0015625
0 0.3171875 0.53125 0.0015625 0.53125 0.0015625 0.790625 0.3171875 0.790625 0.3171875 0.53125
0 0.828125 0.0015625 0.6234375 0.0015625 0.6234375 0.2140625 0.828125 0.2140625 0.828125 0.0015625
0 1.0 0.8015625 0.94375 0.8015625 0.94375 0.915625 1.0 0.915625 1.0 0.8015625
