0 0.4171875 0.0015625 0.0015625 0.0015625 0.0015625 0.2703125 0.4171875 0.2703125 0.4171875 0.0015625
0 0.0578125 0.840625 0.0015625 0.840625 0.0015625 0.96875 0.0578125 0.96875 0.0578125 0.840625
0 0.140625 0.678125 0.0015625 0.678125 0.0015625 0.8328125 0.140625 0.8328125 0.140625 0.678125
0 0.428125 0.74375 0.2578125 0.74375 0.2578125 0.8859375 0.428125 0.8859375 0.428125 0.74375
0 0.4640625 0.2890625 0.06875 0.2890625 0.06875 0.6984375 0.4640625 0.6984375 0.4640625 0.2890625
0 0.5453125 0.096875 0.4046875 0.096875 0.4046875 0.3703125 0.5453125 0.3703125 0.5453125 0.096875
0 1.0 0.4453125 0.6734375 0.4453125 0.6734375 1.0 1.0 1.0 1.0 0.4453125
0 0.73125 0.69375 0.6671875 0.69375 0.6671875 0.7921875 0.73125 0.7921875 0.73125 0.69375
0 0.6046875 0.040625 0.48125 0.040625 0.48125 0.21875 0.6046875 0.21875 0.6046875 0.040625
0 1.0 0.3234375 0.984375 0.3234375 0.984375 0.3890625 1.0 0.3890625 1.0 0.3234375
0 1.0 0.0015625 0.9796875 0.0015625 0.9796875 0.021875 1.0 0.021875 1.0 0.0015625
0 0.99375 0.434375 0.8 0.434375 0.8 0.534375 0.99375 0.534375 0.99375 0.434375
