0 1.0 0.0015625 0.9671875 0.0015625 0.9671875 0.059375 1.0 0.059375 1.0 0.0015625
0 0.2859375 0.9609375 0.246875 0.9609375 0.246875 1.0 0.2859375 1.0 0.2859375 0.9609375
0 0.08125 0.9984375 0.071875 0.9984375 0.071875 1.0 0.08125 1.0 0.08125 0.9984375
0 0.221875 0.6875 0.01875 0.6875 0.01875 1.0 0.221875 1.0 0.221875 0.6875
0 0.175 0.40625 0.0515625 0.40625 0.0515625 0.646875 0.175 0.646875 0.175 0.40625
0 0.5015625 0.096875 0.3015625 0.096875 0.3015625 0.565625 0.5015625 0.565625 0.5015625 0.096875
0 0.0875 0.1296875 0.0015625 0.1296875 0.0015625 0.3046875 0.0875 0.3046875 0.0875 0.1296875
0 0.709375 0.9015625 0.6203125 0.9015625 0.6203125 1.0 0.709375 1.0 0.709375 0.9015625
0 0.9515625 0.9796875 0.934375 0.9796875 0.934375 1.0 0.9515625 1.0 0.9515625 0.9796875
0 0.6765625 0.6046875 0.415625 0.6046875 0.415625 1.0 0.6765625 1.0 0.6765625 0.6046875
0 0.51875 0.0015625 0.3953125 0.0015625 0.3953125 0.0609375 0.51875 0.0609375 0.51875 0.0015625
0 0.0578125 0.50625 0.0015625 0.50625 0.0015625 0.6328125 0.0578125 0.6328125 0.0578125 0.50625
0 0.9859375 0.80625 0.9046875 0.80625 0.9046875 0.9578125 0.9859375 0.9578125 0.9859375 0.80625
0 0.1875 0.590625 0.053125 0.590625 0.053125 0.6921875 0.1875 0.6921875 0.1875 0.590625
0 0.3609375 0.046875 0.0015625 0.046875 0.0015625 0.6125 0.3609375 0.6125 0.3609375 0.046875
0 0.934375 0.878125 0.8890625 0.878125 0.8890625 1.0 0.934375 1.0 0.934375 0.878125
0 0.2453125 0.8625 0.1546875 0.8625 0.1546875 1.0 0.2453125 1.0 0.2453125 0.8625
0 0.953125 0.4296875 0.7421875 0.4296875 0.7421875 0.9 0.953125 0.9 0.953125 0.4296875
0 0.190625 0.7078125 0.1125 0.7078125 0.1125 0.8921875 0.190625 0.8921875 0.190625 0.7078125
0 0.4171875 0.5515625 0.3578125 0.5515625 0.3578125 0.765625 0.4171875 0.765625 0.4171875 0.5515625
0 0.7609375 0.2484375 0.6875 0.2484375 0.6875 0.453125 0.7609375 0.453125 0.7609375 0.2484375
0 0.5203125 0.228125 0.453125 0.228125 0.453125 0.4171875 0.5203125 0.4171875 0.5203125 0.228125
0 0.5296875 0.0015625 0.4421875 0.0015625 0.4421875 0.1796875 0.5296875 0.1796875 0.5296875 0.0015625
0 0.0875 0.65 0.0015625 0.65 0.0015625 1.0 0.0875 1.0 0.0875 0.65
0 0.1 0.384375 0.0015625 0.384375 0.0015625 0.5609375 0.1 0.5609375 0.1 0.384375
0 0.075 0.0015625 0.0015625 0.0015625 0.0015625 0.128125 0.075 0.128125 0.075 0.0015625
0 0.7 0.240625 0.4 0.240625 0.4 0.9125 0.7 0.9125 0.7 0.240625
0 0.3453125 0.6140625 0.19375 0.6140625 0.19375 0.875 0.3453125 0.875 0.3453125 0.6140625
0 0.7140625 0.571875 0.61875 0.571875 0.61875 0.8171875 0.7140625 0.8171875 0.7140625 0.571875
0 0.84375 0.5890625 0.74375 0.5890625 0.74375 0.7890625 0.84375 0.7890625 0.84375 0.5890625
0 1.0 0.5578125 0.9078125 0.5578125 0.9078125 0.6765625 1.0 0.6765625 1.0 0.5578125
0 0.3859375 0.0390625 0.209375 0.0390625 0.209375 0.45625 0.3859375 0.45625 0.3859375 0.0390625
0 0.909375 0.265625 0.7484375 0.265625 0.7484375 0.44375 0.909375 0.44375 0.909375 0.265625
0 0.796875 0.1203125 0.6421875 0.1203125 0.6421875 0.2125 0.796875 0.2125 0.796875 0.1203125
0 0.5125 0.0015625 0.3375 0.0015625 0.3375 0.18125 0.5125 0.18125 0.5125 0.0015625
0 0.2921875 0.0015625 0.275 0.0015625 0.275 0.0234375 0.2921875 0.0234375 0.2921875 0.0015625
0 0.2640625 0.9875 0.2375 0.9875 0.2375 1.0 0.2640625 1.0 0.2640625 0.9875
0 0.01875 0.0015625 0.0015625 0.0015625 0.0015625 0.059375 0.01875 0.059375 0.01875 0.0015625
0 1.0 0.0015625 0.9890625 0.0015625 0.9890625 0.0140625 1.0 0.0140625 1.0 0.0015625
0 0.103125 0.259375 0.025 0.259375 0.025 0.371875 0.103125 0.371875 0.103125 0.259375
0 0.50625 0.5015625 0.315625 0.5015625 0.315625 1.0 0.50625 1.0 0.50625 0.5015625
0 0.1859375 0.9171875 0.05625 0.9171875 0.05625 1.0 0.1859375 1.0 0.1859375 0.9171875
0 0.2484375 0.65 0.109375 0.65 0.109375 0.89375 0.2484375 0.89375 0.2484375 0.65
0 0.2328125 0.0015625 0.0421875 0.0015625 0.0421875 0.3734375 0.2328125 0.3734375 0.2328125 0.0015625
0 1.0 0.0015625 0.4796875 0.0015625 0.4796875 1.0 1.0 1.0 1.0 0.0015625
