0 0.7140625 0.9015625 0.6234375 0.9015625 0.6234375 1.0 0.7140625 1.0 0.7140625 0.9015625
0 0.034375 0.634375 0.0015625 0.634375 0.0015625 0.71875 0.034375 0.71875 0.034375 0.634375
0 0.240625 0.0015625 0.084375 0.0015625 0.084375 0.1546875 0.240625 0.1546875 0.240625 0.0015625
0 0.68125 0.0015625 0.4890625 0.0015625 0.4890625 0.209375 0.68125 0.209375 0.68125 0.0015625
0 0.890625 0.0015625 0.825 0.0015625 0.825 0.053125 0.890625 0.053125 0.890625 0.0015625
0 1.0 0.853125 0.953125 0.853125 0.953125 0.915625 1.0 0.915625 1.0 0.853125
0 0.0484375 0.9640625 0.028125 0.9640625 0.028125 1.0 0.0484375 1.0 0.0484375 0.9640625
0 1.0 0.9140625 0.9953125 0.9140625 0.9953125 0.9203125 1.0 0.9203125 1.0 0.9140625
0 0.1484375 0.9875 0.134375 0.9875 0.134375 1.0 0.1484375 1.0 0.1484375 0.9875
0 1.0 0.9109375 0.8125 0.9109375 0.8125 1.0 1.0 1.0 1.0 0.9109375
0 0.1203125 0.121875 0.0015625 0.121875 0.0015625 0.3109375 0.1203125 0.3109375 0.1203125 0.121875
0 0.984375 0.9640625 0.934375 0.9640625 0.934375 1.0 0.984375 1.0 0.984375 0.9640625
0 0.9421875 0.925 0.7875 0.925 0.7875 1.0 0.9421875 1.0 0.9421875 0.925
0 1.0 0.884375 0.9734375 0.884375 0.9734375 0.915625 1.0 0.915625 1.0 0.884375
0 0.375 0.0640625 0.178125 0.0640625 0.178125 0.2921875 0.375 0.2921875 0.375 0.0640625
0 0.6796875 0.0015625 0.6765625 0.0015625 0.6765625 0.003125 0.6796875 0.003125 0.6796875 0.0015625
0 1.0 0.63125 0.9828125 0.63125 0.9828125 0.69375 1.0 0.69375 1.0 0.63125
0 0.80625 0.89375 0.6640625 0.89375 0.6640625 1.0 0.80625 1.0 0.80625 0.89375
0 0.071875 0.7421875 0.0015625 0.7421875 0.0015625 1.0 0.071875 1.0 0.071875 0.7421875
0 0.8734375 0.8421875 0.6765625 0.8421875 0.6765625 1.0 0.8734375 1.0 0.8734375 0.8421875
0 1.0 0.690625 0.9671875 0.690625 0.9671875 0.8609375 1.0 0.8609375 1.0 0.690625
0 0.8921875 0.8140625 0.6 0.8140625 0.6 1.0 0.8921875 1.0 0.8921875 0.8140625
0 0.2890625 0.4078125 0.175 0.4078125 0.175 0.603125 0.2890625 0.603125 0.2890625 0.4078125
0 0.6796875 0.0390625 0.59375 0.0390625 0.59375 0.2046875 0.6796875 0.2046875 0.6796875 0.0390625
0 0.6375 0.0015625 0.5703125 0.0015625 0.5703125 0.0734375 0.6375 0.0734375 0.6375 0.0015625
0 0.9875 0.0015625 0.86875 0.0015625 0.86875 0.065625 0.9875 0.065625 0.9875 0.0015625
