0 0.29375 0.0171875 0.13125 0.0171875 0.13125 0.2046875 0.29375 0.2046875 0.29375 0.0171875
0 0.671875 0.834375 0.4609375 0.834375 0.4609375 1.0 0.671875 1.0 0.671875 0.834375
0 0.721875 0.746875 0.5671875 0.746875 0.5671875 0.85 0.721875 0.85 0.721875 0.746875
0 0.759375 0.3453125 0.6296875 0.3453125 0.6296875 0.5015625 0.759375 0.5015625 0.759375 0.3453125
0 0.51875 0.0015625 0.4234375 0.0015625 0.4234375 0.0453125 0.51875 0.0453125 0.51875 0.0015625
0 1.0 0.978125 0.9609375 0.978125 0.9609375 1.0 1.0 1.0 1.0 0.978125
0 0.5578125 0.0015625 0.3953125 0.0015625 0.3953125 0.1609375 0.5578125 0.1609375 0.5578125 0.0015625
0 1.0 0.7 0.9 0.7 0.9 0.946875 1.0 0.946875 1.0 0.7
0 0.26875 0.54375 0.0015625 0.54375 0.0015625 0.7140625 0.26875 0.7140625 0.26875 0.54375
0 0.4640625 0.98125 0.384375 0.98125 0.384375 1.0 0.4640625 1.0 0.4640625 0.98125
0 0.8078125 0.5875 0.6890625 0.5875 0.6890625 0.7328125 0.8078125 0.7328125 0.8078125 0.5875
0 0.6890625 0.4375 0.3375 0.4375 0.3375 0.734375 0.6890625 0.734375 0.6890625 0.4375
0 1.0 0.36875 0.85625 0.36875 0.85625 0.709375 1.0 0.709375 1.0 0.36875
0 0.3515625 0.3453125 0.2203125 0.3453125 0.2203125 0.540625 0.3515625 0.540625 0.3515625 0.3453125
0 1.0 0.0703125 0.7734375 0.0703125 0.7734375 0.3765625 1.0 0.3765625 1.0 0.0703125
0 0.209375 0.3265625 0.0015625 0.3265625 0.0015625 0.615625 0.209375 0.615625 0.209375 0.3265625
0 0.5328125 0.178125 0.378125 0.178125 0.378125 0.3453125 0.5328125 0.3453125 0.5328125 0.178125
0 0.85 0.0015625 0.7578125 0.0015625 0.7578125 0.0625 0.85 0.0625 0.85 0.0015625
0 0.0296875 0.55 0.0015625 0.55 0.0015625 0.5765625 0.0296875 0.5765625 0.0296875 0.55
0 0.9640625 0.7546875 0.7796875 0.7546875 0.7796875 0.9796875 0.9640625 0.9796875 0.9640625 0.7546875
0 0.1359375 0.1703125 0.0140625 0.1703125 0.0140625 0.3453125 0.1359375 0.3453125 0.1359375 0.1703125
0 0.3671875 0.1078125 0.2109375 0.1078125 0.2109375 0.2890625 0.3671875 0.2890625 0.3671875 0.1078125
0 0.73125 0.00625 0.496875 0.00625 0.496875 0.2015625 0.73125 0.2015625 0.73125 0.00625
0 0.4453125 0.0015625 0.3734375 0.0015625 0.3734375 0.046875 0.4453125 0.046875 0.4453125 0.0015625
0 0.8703125 0.9125 0.7640625 0.9125 0.7640625 1.0 0.8703125 1.0 0.8703125 0.9125
0 1.0 0.8546875 0.909375 0.8546875 0.909375 0.9296875 1.0 0.9296875 1.0 0.8546875
0 0.5375 0.7859375 0.2765625 0.7859375 0.2765625 1.0 0.5375 1.0 0.5375 0.7859375
0 0.584375 0.4890625 0.0046875 0.4890625 0.0046875 1.0 0.584375 1.0 0.584375 0.4890625
0 0.78125 0.8546875 0.6546875 0.8546875 0.6546875 0.96875 0.78125 0.96875 0.78125 0.8546875
0 0.8609375 0.634375 0.59375 0.634375 0.59375 0.853125 0.8609375 0.853125 0.8609375 0.634375
0 0.1296875 0.5828125 0.028125 0.5828125 0.028125 0.69375 0.1296875 0.69375 0.1296875 0.5828125
0 0.25625 0.515625 0.1359375 0.515625 0.1359375 0.675 0.25625 0.675 0.25625 0.515625
0 0.825 0.325 0.665625 0.325 0.665625 0.5453125 0.825 0.5453125 0.825 0.325
0 0.6953125 0.35 0.3953125 0.35 0.3953125 0.53125 0.6953125 0.53125 0.6953125 0.35
0 0.35 0.73125 0.053125 0.73125 0.053125 1.0 0.35 1.0 0.35 0.73125
0 0.121875 0.7984375 0.0015625 0.7984375 0.0015625 0.9328125 0.121875 0.9328125 0.121875 0.7984375
0 0.9078125 0.5484375 0.7796875 0.5484375 0.7796875 0.7328125 0.9078125 0.7328125 0.9078125 0.5484375
0 0.790625 0.9078125 0.7078125 0.9078125 0.7078125 1.0 0.790625 1.0 0.790625 0.9078125
0 0.221875 0.5015625 0.0921875 0.5015625 0.0921875 0.5796875 0.221875 0.5796875 0.221875 0.5015625
0 0.2609375 0.284375 0.1359375 0.284375 0.1359375 0.4796875 0.2609375 0.4796875 0.2609375 0.284375
0 0.4125 0.0015625 0.3234375 0.0015625 0.3234375 0.14375 0.4125 0.14375 0.4125 0.0015625
0 0.078125 0.075 0.0015625 0.075 0.0015625 0.1484375 0.078125 0.1484375 0.078125 0.075
0 0.0125 0.4109375 0.0015625 0.4109375 0.0015625 0.434375 0.0125 0.434375 0.0125 0.4109375
0 0.084375 0.1671875 0.0015625 0.1671875 0.0015625 0.33125 0.084375 0.33125 0.084375 0.1671875
0 0.496875 0.1015625 0.3859375 0.1015625 0.3859375 0.2046875 0.496875 0.2046875 0.496875 0.1015625
0 0.059375 0.015625 0.0015625 0.015625 0.0015625 0.1 0.059375 0.1 0.059375 0.015625
0 0.271875 0.0015625 0.109375 0.0015625 0.109375 0.0796875 0.271875 0.0796875 0.271875 0.0015625
0 1.0 0.9375 0.85625 0.9375 0.85625 1.0 1.0 1.0 1.0 0.9375
0 0.83125 0.0015625 0.4921875 0.0015625 0.4921875 0.33125 0.83125 0.33125 0.83125 0.0015625
0 1.0 0.178125 0.6765625 0.178125 0.6765625 0.76875 1.0 0.76875 1.0 0.178125
0 0.06875 0.934375 0.0015625 0.934375 0.0015625 1.0 0.06875 1.0 0.06875 0.934375
0 0.0921875 0.721875 0.0015625 0.721875 0.0015625 0.875 0.0921875 0.875 0.0921875 0.721875
0 0.796875 0.75625 0.3328125 0.75625 0.3328125 1.0 0.796875 1.0 0.796875 0.75625
0 0.3703125 0.95625 0.33125 0.95625 0.33125 1.0 0.3703125 1.0 0.3703125 0.95625
0 0.559375 0.7078125 0.2109375 0.7078125 0.2109375 1.0 0.559375 1.0 0.559375 0.7078125
0 0.4859375 0.5078125 0.315625 0.5078125 0.315625 0.696875 0.4859375 0.696875 0.4859375 0.5078125
0 0.2328125 0.4296875 0.090625 0.4296875 0.090625 0.540625 0.2328125 0.540625 0.2328125 0.4296875
0 0.5359375 0.403125 0.4484375 0.403125 0.4484375 0.50625 0.5359375 0.50625 0.5359375 0.403125
0 0.4265625 0.1359375 0.2265625 0.1359375 0.2265625 0.421875 0.4265625 0.421875 0.4265625 0.1359375
0 0.234375 0.1375 0.1328125 0.1375 0.1328125 0.35 0.234375 0.35 0.234375 0.1375
0 0.940625 0.1125 0.7375 0.1125 0.7375 0.2796875 0.940625 0.2796875 0.940625 0.1125
0 0.9671875 0.0015625 0.8609375 0.0015625 0.8609375 0.0484375 0.9671875 0.0484375 0.9671875 0.0015625
