0 0.671875 0.0359375 0.465625 0.0359375 0.465625 0.2015625 0.671875 0.2015625 0.671875 0.0359375
0 1.0 0.0015625 0.9875 0.0015625 0.9875 0.0421875 1.0 0.0421875 1.0 0.0015625
0 1.0 0.3609375 0.8796875 0.3609375 0.8796875 0.45 1.0 0.45 1.0 0.3609375
0 0.2140625 0.9140625 0.0828125 0.9140625 0.0828125 1.0 0.2140625 1.0 0.2140625 0.9140625
0 1.0 0.5359375 0.7796875 0.5359375 0.7796875 0.7328125 1.0 0.7328125 1.0 0.5359375
0 0.6890625 0.90625 0.596875 0.90625 0.596875 1.0 0.6890625 1.0 0.6890625 0.90625
0 0.625 0.903125 0.49375 0.903125 0.49375 1.0 0.625 1.0 0.625 0.903125
0 0.1859375 0.815625 0.0015625 0.815625 0.0015625 0.996875 0.1859375 0.996875 0.1859375 0.815625
0 0.0046875 0.6375 0.0015625 0.6375 0.0015625 0.65 0.0046875 0.65 0.0046875 0.6375
0 0.65 0.6390625 0.3515625 0.6390625 0.3515625 0.74375 0.65 0.74375 0.65 0.6390625
0 0.234375 0.6109375 0.1125 0.6109375 0.1125 0.721875 0.234375 0.721875 0.234375 0.6109375
0 0.5328125 0.240625 0.41875 0.240625 0.41875 0.3328125 0.5328125 0.3328125 0.5328125 0.240625
0 0.2984375 0.0734375 0.11875 0.0734375 0.11875 0.296875 0.2984375 0.296875 0.2984375 0.0734375
0 0.690625 0.1640625 0.5 0.1640625 0.5 0.2734375 0.690625 0.2734375 0.690625 0.1640625
0 0.2703125 0.0015625 0.0203125 0.0015625 0.0203125 0.0546875 0.2703125 0.0546875 0.2703125 0.0015625
0 1.0 0.85 0.8703125 0.85 0.8703125 0.9484375 1.0 0.9484375 1.0 0.85
0 0.7515625 0.25625 0.6125 0.25625 0.6125 0.334375 0.7515625 0.334375 0.7515625 0.25625
0 1.0 0.0015625 0.8515625 0.0015625 0.8515625 0.1265625 1.0 0.1265625 1.0 0.0015625
0 0.1625 0.4578125 0.0015625 0.4578125 0.0015625 0.521875 0.1625 0.521875 0.1625 0.4578125
0 0.3859375 0.609375 0.2859375 0.609375 0.2859375 0.8046875 0.3859375 0.8046875 0.3859375 0.609375
0 0.8296875 0.996875 0.821875 0.996875 0.821875 1.0 0.8296875 1.0 0.8296875 0.996875
0 0.8515625 0.6640625 0.503125 0.6640625 0.503125 0.921875 0.8515625 0.921875 0.8515625 0.6640625
0 1.0 0.63125 0.975 0.63125 0.975 0.784375 1.0 0.784375 1.0 0.63125
0 0.9046875 0.0640625 0.73125 0.0640625 0.73125 0.196875 0.9046875 0.196875 0.9046875 0.0640625
0 0.446875 0.9828125 0.425 0.9828125 0.425 1.0 0.446875 1.0 0.446875 0.9828125
0 0.609375 0.4328125 0.4609375 0.4328125 0.4609375 0.5875 0.609375 0.5875 0.609375 0.4328125
0 0.721875 0.0015625 0.578125 0.0015625 0.578125 0.1015625 0.721875 0.1015625 0.721875 0.0015625
0 1.0 0.1515625 0.9546875 0.1515625 0.9546875 0.2328125 1.0 0.2328125 1.0 0.1515625
0 0.74375 0.0015625 0.69375 0.0015625 0.69375 0.0140625 0.74375 0.0140625 0.74375 0.0015625
0 0.5078125 0.8421875 0.2125 0.8421875 0.2125 0.9984375 0.5078125 0.9984375 0.5078125 0.8421875
0 0.990625 0.9109375 0.83125 0.9109375 0.83125 1.0 0.990625 1.0 0.990625 0.9109375
0 0.946875 0.728125 0.76875 0.728125 0.76875 0.8328125 0.946875 0.8328125 0.946875 0.728125
0 0.6390625 0.440625 0.53125 0.440625 0.53125 0.584375 0.6390625 0.584375 0.6390625 0.440625
0 0.91875 0.334375 0.734375 0.334375 0.734375 0.46875 0.91875 0.46875 0.91875 0.334375
0 1.0 0.06875 0.71875 0.06875 0.71875 0.2625 1.0 0.2625 1.0 0.06875
0 0.915625 0.0015625 0.765625 0.0015625 0.765625 0.0875 0.915625 0.0875 0.915625 0.0015625
0 0.534375 0.9 0.2546875 0.9 0.2546875 1.0 0.534375 1.0 0.534375 0.9
0 0.084375 0.85 0.0015625 0.85 0.0015625 1.0 0.084375 1.0 0.084375 0.85
0 0.771875 0.503125 0.0265625 0.503125 0.0265625 1.0 0.771875 1.0 0.771875 0.503125
0 0.3265625 0.021875 0.0734375 0.021875 0.0734375 0.2140625 0.3265625 0.2140625 0.3265625 0.021875
0 0.0421875 0.046875 0.0015625 0.046875 0.0015625 0.209375 0.0421875 0.209375 0.0421875 0.046875
0 0.1484375 0.0015625 0.0140625 0.0015625 0.0140625 0.040625 0.1484375 0.040625 0.1484375 0.0015625
0 0.778125 0.8265625 0.5453125 0.8265625 0.5453125 1.0 0.778125 1.0 0.778125 0.8265625
0 0.6578125 0.8578125 0.565625 0.8578125 0.565625 0.9515625 0.6578125 0.9515625 0.6578125 0.8578125
0 1.0 0.6125 0.7953125 0.6125 0.7953125 0.8765625 1.0 0.8765625 1.0 0.6125
0 0.853125 0.5625 0.759375 0.5625 0.759375 0.684375 0.853125 0.684375 0.853125 0.5625
0 0.6734375 0.46875 0.4765625 0.46875 0.4765625 0.6171875 0.6734375 0.6171875 0.6734375 0.46875
0 0.54375 0.4203125 0.3671875 0.4203125 0.3671875 0.6109375 0.54375 0.6109375 0.54375 0.4203125
0 1.0 0.16875 0.61875 0.16875 0.61875 0.540625 1.0 0.540625 1.0 0.16875
0 0.8375 0.0015625 0.6515625 0.0015625 0.6515625 0.1875 0.8375 0.1875 0.8375 0.0015625
0 1.0 0.9390625 0.996875 0.9390625 0.996875 0.953125 1.0 0.953125 1.0 0.9390625
0 1.0 0.1109375 0.953125 0.1109375 0.953125 0.1546875 1.0 0.1546875 1.0 0.1109375
0 1.0 0.0015625 0.9125 0.0015625 0.9125 0.0546875 1.0 0.0546875 1.0 0.0015625
0 0.28125 0.6921875 0.10625 0.6921875 0.10625 0.896875 0.28125 0.896875 0.28125 0.6921875
0 0.740625 0.1765625 0.25625 0.1765625 0.25625 0.7015625 0.740625 0.7015625 0.740625 0.1765625
0 0.753125 0.33125 0.6203125 0.33125 0.6203125 0.4703125 0.753125 0.4703125 0.753125 0.33125
0 0.675 0.0015625 0.4453125 0.0015625 0.4453125 0.1640625 0.675 0.1640625 0.675 0.0015625
0 0.328125 0.9609375 0.171875 0.9609375 0.171875 1.0 0.328125 1.0 0.328125 0.9609375
0 0.48125 0.6203125 0.31875 0.6203125 0.31875 0.7765625 0.48125 0.7765625 0.48125 0.6203125
0 0.8734375 0.4328125 0.3796875 0.4328125 0.3796875 0.7421875 0.8734375 0.7421875 0.8734375 0.4328125
0 0.4234375 0.0015625 0.2609375 0.0015625 0.2609375 0.0921875 0.4234375 0.0921875 0.4234375 0.0015625
0 1.0 0.925 0.9703125 0.925 0.9703125 1.0 1.0 1.0 1.0 0.925
0 0.921875 0.7984375 0.775 0.7984375 0.775 1.0 0.921875 1.0 0.921875 0.7984375
0 0.971875 0.4859375 0.821875 0.4859375 0.821875 0.628125 0.971875 0.628125 0.971875 0.4859375
0 0.9 0.1875 0.775 0.1875 0.775 0.3765625 0.9 0.3765625 0.9 0.1875
0 0.8640625 0.8375 0.7171875 0.8375 0.7171875 1.0 0.8640625 1.0 0.8640625 0.8375
0 0.234375 0.0015625 0.15 0.0015625 0.15 0.009375 0.234375 0.009375 0.234375 0.0015625
