0 1.0 0.8140625 0.940625 0.8140625 0.940625 1.0 1.0 1.0 1.0 0.8140625
0 0.771875 0.7984375 0.6140625 0.7984375 0.6140625 0.903125 0.771875 0.903125 0.771875 0.7984375
0 0.8359375 0.6578125 0.56875 0.6578125 0.56875 0.859375 0.8359375 0.859375 0.8359375 0.6578125
0 0.4390625 0.7125 0.35 0.7125 0.35 1.0 0.4390625 1.0 0.4390625 0.7125
0 0.2453125 0.7109375 0.1875 0.7109375 0.1875 0.88125 0.2453125 0.88125 0.2453125 0.7109375
0 0.025 0.6671875 0.0015625 0.6671875 0.0015625 0.7671875 0.025 0.7671875 0.025 0.6671875
0 0.2796875 0.4546875 0.1671875 0.4546875 0.1671875 0.6328125 0.2796875 0.6328125 0.2796875 0.4546875
0 0.0890625 0.79375 0.0015625 0.79375 0.0015625 1.0 0.0890625 1.0 0.0890625 0.79375
0 1.0 0.7625 0.93125 0.7625 0.93125 0.8703125 1.0 0.8703125 1.0 0.7625
0 0.053125 0.51875 0.0015625 0.51875 0.0015625 0.6046875 0.053125 0.6046875 0.053125 0.51875
0 0.3046875 0.2640625 0.1453125 0.2640625 0.1453125 0.4109375 0.3046875 0.4109375 0.3046875 0.2640625
0 0.9390625 0.2546875 0.765625 0.2546875 0.765625 0.3671875 0.9390625 0.3671875 0.9390625 0.2546875
0 0.7515625 0.1890625 0.6125 0.1890625 0.6125 0.3171875 0.7515625 0.3171875 0.7515625 0.1890625
0 0.7859375 0.915625 0.703125 0.915625 0.703125 1.0 0.7859375 1.0 0.7859375 0.915625
0 0.3109375 0.8390625 0.0484375 0.8390625 0.0484375 1.0 0.3109375 1.0 0.3109375 0.8390625
0 0.225 0.5171875 0.0625 0.5171875 0.0625 0.7125 0.225 0.7125 0.225 0.5171875
0 0.409375 0.390625 0.296875 0.390625 0.296875 0.596875 0.409375 0.596875 0.409375 0.390625
0 0.253125 0.0015625 0.1765625 0.0015625 0.1765625 0.134375 0.253125 0.134375 0.253125 0.0015625
0 0.703125 0.575 0.571875 0.575 0.571875 0.69375 0.703125 0.69375 0.703125 0.575
0 0.8015625 0.14375 0.634375 0.14375 0.634375 0.425 0.8015625 0.425 0.8015625 0.14375
0 0.6109375 0.0015625 0.5546875 0.0015625 0.5546875 0.1265625 0.6109375 0.1265625 0.6109375 0.0015625
0 0.021875 0.9765625 0.0015625 0.9765625 0.0015625 1.0 0.021875 1.0 0.021875 0.9765625
0 0.65625 0.703125 0.5875 0.703125 0.5875 0.871875 0.65625 0.871875 0.65625 0.703125
0 1.0 0.5796875 0.965625 0.5796875 0.965625 0.628125 1.0 0.628125 1.0 0.5796875
0 0.5546875 0.453125 0.4453125 0.453125 0.4453125 0.5875 0.5546875 0.5875 0.5546875 0.453125
0 0.853125 0.353125 0.76875 0.353125 0.76875 0.4890625 0.853125 0.4890625 0.853125 0.353125
0 0.0859375 0.246875 0.0015625 0.246875 0.0015625 0.3625 0.0859375 0.3625 0.0859375 0.246875
0 0.9109375 0.1515625 0.775 0.1515625 0.775 0.2375 0.9109375 0.2375 0.9109375 0.1515625
0 0.1734375 0.0015625 0.1 0.0015625 0.1 0.2078125 0.1734375 0.2078125 0.1734375 0.0015625
0 0.196875 0.9796875 0.1359375 0.9796875 0.1359375 1.0 0.196875 1.0 0.196875 0.9796875
0 0.2953125 0.6890625 0.1125 0.6890625 0.1125 0.840625 0.2953125 0.840625 0.2953125 0.6890625
0 0.7671875 0.4765625 0.3046875 0.4765625 0.3046875 0.88125 0.7671875 0.88125 0.7671875 0.4765625
0 0.0453125 0.5671875 0.0015625 0.5671875 0.0015625 0.696875 0.0453125 0.696875 0.0453125 0.5671875
0 0.171875 0.4484375 0.0625 0.4484375 0.0625 0.615625 0.171875 0.615625 0.171875 0.4484375
0 0.1515625 0.271875 0.0015625 0.271875 0.0015625 0.5203125 0.1515625 0.5203125 0.1515625 0.271875
0 0.5078125 0.075 0.2375 0.075 0.2375 0.425 0.5078125 0.425 0.5078125 0.075
0 0.553125 0.896875 0.44375 0.896875 0.44375 1.0 0.553125 1.0 0.553125 0.896875
0 1.0 0.45625 0.9421875 0.45625 0.9421875 0.525 1.0 0.525 1.0 0.45625
0 0.5640625 0.75 0.3734375 0.75 0.3734375 1.0 0.5640625 1.0 0.5640625 0.75
0 0.1015625 0.515625 0.028125 0.515625 0.028125 0.6375 0.1015625 0.6375 0.1015625 0.515625
0 0.3796875 0.3453125 0.25625 0.3453125 0.25625 0.45 0.3796875 0.45 0.3796875 0.3453125
0 0.125 0.284375 0.0015625 0.284375 0.0015625 0.4453125 0.125 0.4453125 0.125 0.284375
0 0.29375 0.1515625 0.1453125 0.1515625 0.1453125 0.284375 0.29375 0.284375 0.29375 0.1515625
0 0.15 0.0015625 0.0015625 0.0015625 0.0015625 0.2265625 0.15 0.2265625 0.15 0.0015625
0 0.184375 0.0015625 0.146875 0.0015625 0.146875 0.1875 0.184375 0.1875 0.184375 0.0015625
0 0.3828125 0.0015625 0.1921875 0.0015625 0.1921875 0.1515625 0.3828125 0.1515625 0.3828125 0.0015625
0 0.4828125 0.0015625 0.3140625 0.0015625 0.3140625 0.1546875 0.4828125 0.1546875 0.4828125 0.0015625
0 0.5875 0.0015625 0.434375 0.0015625 0.434375 0.0953125 0.5875 0.0953125 0.5875 0.0015625
0 0.8671875 0.8953125 0.6671875 0.8953125 0.6671875 1.0 0.8671875 1.0 0.8671875 0.8953125
0 1.0 0.959375 0.9796875 0.959375 0.9796875 0.996875 1.0 0.996875 1.0 0.959375
0 0.89375 0.6671875 0.678125 0.6671875 0.678125 0.8796875 0.89375 0.8796875 0.89375 0.6671875
0 1.0 0.7171875 0.9671875 0.7171875 0.9671875 0.7921875 1.0 0.7921875 1.0 0.7171875
0 0.821875 0.578125 0.6625 0.578125 0.6625 0.671875 0.821875 0.671875 0.821875 0.578125
0 1.0 0.2796875 0.8328125 0.2796875 0.8328125 0.509375 1.0 0.509375 1.0 0.2796875
0 0.7671875 0.290625 0.59375 0.290625 0.59375 0.459375 0.7671875 0.459375 0.7671875 0.290625
0 1.0 0.0015625 0.65 0.0015625 0.65 0.2078125 1.0 0.2078125 1.0 0.0015625
0 0.715625 0.0015625 0.66875 0.0015625 0.66875 0.0703125 0.715625 0.0703125 0.715625 0.0015625
0 0.8671875 0.0015625 0.771875 0.0015625 0.771875 0.096875 0.8671875 0.096875 0.8671875 0.0015625
0 0.565625 0.9796875 0.5484375 0.9796875 0.5484375 1.0 0.565625 1.0 0.565625 0.9796875
0 0.1453125 0.6875 0.0015625 0.6875 0.0015625 0.8578125 0.1453125 0.8578125 0.1453125 0.6875
0 0.325 0.625 0.140625 0.625 0.140625 0.86875 0.325 0.86875 0.325 0.625
0 1.0 0.609375 0.88125 0.609375 0.88125 0.75625 1.0 0.75625 1.0 0.609375
0 0.4046875 0.1859375 0.2046875 0.1859375 0.2046875 0.303125 0.4046875 0.303125 0.4046875 0.1859375
0 0.7109375 0.853125 0.5671875 0.853125 0.5671875 1.0 0.7109375 1.0 0.7109375 0.853125
0 0.1171875 0.565625 0.0015625 0.565625 0.0015625 0.7921875 0.1171875 0.7921875 0.1171875 0.565625
0 0.0625 0.025 0.0015625 0.025 0.0015625 0.2625 0.0625 0.2625 0.0625 0.025
0 0.33125 0.8734375 0.240625 0.8734375 0.240625 1.0 0.33125 1.0 0.33125 0.8734375
0 0.209375 0.7515625 0.0640625 0.7515625 0.0640625 1.0 0.209375 1.0 0.209375 0.7515625
0 0.98125 0.0015625 0.215625 0.0015625 0.215625 0.65625 0.98125 0.65625 0.98125 0.0015625
0 0.3828125 0.325 0.075 0.325 0.075 0.453125 0.3828125 0.453125 0.3828125 0.325
0 1.0 0.6140625 0.7453125 0.6140625 0.7453125 1.0 1.0 1.0 1.0 0.6140625
0 1.0 0.0421875 0.7640625 0.0421875 0.7640625 0.2609375 1.0 0.2609375 1.0 0.0421875
