0 0.853125 0.9765625 0.8234375 0.9765625 0.8234375 1.0 0.853125 1.0 0.853125 0.9765625
0 0.684375 0.8453125 0.515625 0.8453125 0.515625 1.0 0.684375 1.0 0.684375 0.8453125
0 0.5359375 0.5484375 0.2953125 0.5484375 0.2953125 0.6828125 0.5359375 0.6828125 0.5359375 0.5484375
0 0.76875 0.553125 0.65625 0.553125 0.65625 0.6328125 0.76875 0.6328125 0.76875 0.553125
0 0.6921875 0.6546875 0.575 0.6546875 0.575 0.75625 0.6921875 0.75625 0.6921875 0.6546875
0 1.0 0.4125 0.78125 0.4125 0.78125 0.7 1.0 0.7 1.0 0.4125
0 0.3609375 0.4234375 0.3015625 0.4234375 0.3015625 0.590625 0.3609375 0.590625 0.3609375 0.4234375
0 0.96875 0.6515625 0.865625 0.6515625 0.865625 0.8015625 0.96875 0.8015625 0.96875 0.6515625
0 0.815625 0.0015625 0.7078125 0.0015625 0.7078125 0.0890625 0.815625 0.0890625 0.815625 0.0015625
0 0.084375 0.9265625 0.0015625 0.9265625 0.0015625 1.0 0.084375 1.0 0.084375 0.9265625
0 0.44375 0.43125 0.3453125 0.43125 0.3453125 0.5828125 0.44375 0.5828125 0.44375 0.43125
0 0.953125 0.1 0.753125 0.1 0.753125 0.2125 0.953125 0.2125 0.953125 0.1
0 1.0 0.7421875 0.9359375 0.7421875 0.9359375 0.8484375 1.0 0.8484375 1.0 0.7421875
0 0.903125 0.0015625 0.828125 0.0015625 0.828125 0.071875 0.903125 0.071875 0.903125 0.0015625
0 1.0 0.6125 0.975 0.6125 0.975 0.6546875 1.0 0.6546875 1.0 0.6125
0 1.0 0.5328125 0.8140625 0.5328125 0.8140625 0.7421875 1.0 0.7421875 1.0 0.5328125
0 0.68125 0.5359375 0.44375 0.5359375 0.44375 0.7421875 0.68125 0.7421875 0.68125 0.5359375
0 1.0 0.084375 0.9859375 0.084375 0.9859375 0.25625 1.0 0.25625 1.0 0.084375
0 0.6765625 0.6953125 0.384375 0.6953125 0.384375 1.0 0.6765625 1.0 0.6765625 0.6953125
0 0.71875 0.8609375 0.5546875 0.8609375 0.5546875 1.0 0.71875 1.0 0.71875 0.8609375
0 1.0 0.5515625 0.721875 0.5515625 0.721875 1.0 1.0 1.0 1.0 0.5515625
0 0.5828125 0.4171875 0.403125 0.4171875 0.403125 0.625 0.5828125 0.625 0.5828125 0.4171875
0 1.0 0.825 0.6875 0.825 0.6875 1.0 1.0 1.0 1.0 0.825
0 0.103125 0.80625 0.0015625 0.80625 0.0015625 1.0 0.103125 1.0 0.103125 0.80625
0 0.6890625 0.78125 0.55625 0.78125 0.55625 0.8984375 0.6890625 0.8984375 0.6890625 0.78125
0 1.0 0.2609375 0.6953125 0.2609375 0.6953125 0.5625 1.0 0.5625 1.0 0.2609375
0 1.0 0.0625 0.98125 0.0625 0.98125 0.08125 1.0 0.08125 1.0 0.0625
0 0.8984375 1.0 0.890625 1.0 0.890625 1.0 0.8984375 1.0 0.8984375 1.0
0 0.7796875 0.6734375 0.6890625 0.6734375 0.6890625 0.8375 0.7796875 0.8375 0.7796875 0.6734375
0 0.91875 0.30625 0.796875 0.30625 0.796875 0.4890625 0.91875 0.4890625 0.91875 0.30625
0 0.728125 0.7484375 0.5828125 0.7484375 0.5828125 0.9171875 0.728125 0.9171875 0.728125 0.7484375
0 0.8046875 0.6609375 0.7140625 0.6609375 0.7140625 0.83125 0.8046875 0.83125 0.8046875 0.6609375
0 0.90625 0.696875 0.7828125 0.696875 0.7828125 0.8265625 0.90625 0.8265625 0.90625 0.696875
0 0.975 0.0390625 0.8546875 0.0390625 0.8546875 0.16875 0.975 0.16875 0.975 0.0390625
0 0.7015625 0.6015625 0.39375 0.6015625 0.39375 0.9609375 0.7015625 0.9609375 0.7015625 0.6015625
0 0.7296875 0.4015625 0.528125 0.4015625 0.528125 0.65 0.7296875 0.65 0.7296875 0.4015625
0 0.896875 0.79375 0.70625 0.79375 0.70625 0.9640625 0.896875 0.9640625 0.896875 0.79375
0 1.0 0.6046875 0.803125 0.6046875 0.803125 0.7984375 1.0 0.7984375 1.0 0.6046875
0 1.0 0.2890625 0.953125 0.2890625 0.953125 0.565625 1.0 0.565625 1.0 0.2890625
0 0.9609375 0.325 0.828125 0.325 0.828125 0.5734375 0.9609375 0.5734375 0.9609375 0.325
0 0.8703125 0.1703125 0.7359375 0.1703125 0.7359375 0.3453125 0.8703125 0.3453125 0.8703125 0.1703125
0 1.0 0.2078125 0.86875 0.2078125 0.86875 0.2921875 1.0 0.2921875 1.0 0.2078125
0 0.94375 0.0015625 0.8171875 0.0015625 0.8171875 0.128125 0.94375 0.128125 0.94375 0.0015625
0 0.546875 0.6546875 0.4109375 0.6546875 0.4109375 0.7546875 0.546875 0.7546875 0.546875 0.6546875
0 0.8203125 0.771875 0.634375 0.771875 0.634375 0.9109375 0.8203125 0.9109375 0.8203125 0.771875
0 0.9765625 0.4390625 0.8171875 0.4390625 0.8171875 0.61875 0.9765625 0.61875 0.9765625 0.4390625
0 0.8875 0.1109375 0.725 0.1109375 0.725 0.296875 0.8875 0.296875 0.8875 0.1109375
0 1.0 0.0015625 0.915625 0.0015625 0.915625 0.2046875 1.0 0.2046875 1.0 0.0015625
0 0.759375 0.0015625 0.6453125 0.0015625 0.6453125 0.065625 0.759375 0.065625 0.759375 0.0015625
0 0.8734375 0.0015625 0.796875 0.0015625 0.796875 0.10625 0.8734375 0.10625 0.8734375 0.0015625
