0 0.4890625 0.75625 0.1328125 0.75625 0.1328125 1.0 0.4890625 1.0 0.4890625 0.75625
0 0.165625 0.76875 0.0015625 0.76875 0.0015625 1.0 0.165625 1.0 0.165625 0.76875
0 0.3546875 0.528125 0.1390625 0.528125 0.1390625 0.7484375 0.3546875 0.7484375 0.3546875 0.528125
0 0.9046875 0.2859375 0.7171875 0.2859375 0.7171875 0.565625 0.9046875 0.565625 0.9046875 0.2859375
0 1.0 0.1234375 0.90625 0.1234375 0.90625 0.2828125 1.0 0.2828125 1.0 0.1234375
0 0.9203125 0.1 0.6921875 0.1 0.6921875 0.2609375 0.9203125 0.2609375 0.9203125 0.1
0 0.940625 0.140625 0.7984375 0.140625 0.7984375 0.26875 0.940625 0.26875 0.940625 0.140625
0 0.9375 0.0015625 0.753125 0.0015625 0.753125 0.09375 0.9375 0.09375 0.9375 0.0015625
0 0.509375 0.7 0.0015625 0.7 0.0015625 1.0 0.509375 1.0 0.509375 0.7
0 0.3859375 0.5671875 0.178125 0.5671875 0.178125 0.7921875 0.3859375 0.7921875 0.3859375 0.5671875
0 0.1703125 0.53125 0.0015625 0.53125 0.0015625 0.7609375 0.1703125 0.7609375 0.1703125 0.53125
0 0.4171875 0.4203125 0.1390625 0.4203125 0.1390625 0.6171875 0.4171875 0.6171875 0.4171875 0.4203125
0 1.0 0.0015625 0.88125 0.0015625 0.88125 0.05625 1.0 0.05625 1.0 0.0015625
0 0.1546875 0.2859375 0.0015625 0.2859375 0.0015625 0.5734375 0.1546875 0.5734375 0.1546875 0.2859375
0 0.059375 0.259375 0.0015625 0.259375 0.0015625 0.4484375 0.059375 0.4484375 0.059375 0.259375
0 0.253125 0.0015625 0.034375 0.0015625 0.034375 0.2765625 0.253125 0.2765625 0.253125 0.0015625
0 0.6484375 0.0015625 0.1640625 0.0015625 0.1640625 0.4609375 0.6484375 0.4609375 0.6484375 0.0015625
0 0.3015625 0.0015625 0.1609375 0.0015625 0.1609375 0.0640625 0.3015625 0.0640625 0.3015625 0.0015625
0 1.0 0.89375 0.959375 0.89375 0.959375 0.9921875 1.0 0.9921875 1.0 0.89375
0 0.1171875 0.0828125 0.0015625 0.0828125 0.0015625 0.390625 0.1171875 0.390625 0.1171875 0.0828125
0 0.3359375 0.0015625 0.26875 0.0015625 0.26875 0.128125 0.3359375 0.128125 0.3359375 0.0015625
0 0.153125 0.4484375 0.0015625 0.4484375 0.0015625 0.7234375 0.153125 0.7234375 0.153125 0.4484375
0 0.2078125 0.0015625 0.0765625 0.0015625 0.0765625 0.0546875 0.2078125 0.0546875 0.2078125 0.0015625
0 0.3015625 0.1234375 0.128125 0.1234375 0.128125 0.440625 0.3015625 0.440625 0.3015625 0.1234375
0 0.675 0.0015625 0.5609375 0.0015625 0.5609375 0.15625 0.675 0.15625 0.675 0.0015625
0 0.9953125 0.0015625 0.6671875 0.0015625 0.6671875 0.2796875 0.9953125 0.2796875 0.9953125 0.0015625
0 1.0 0.0015625 0.9953125 0.0015625 0.9953125 0.015625 1.0 0.015625 1.0 0.0015625
0 1.0 0.121875 0.9984375 0.121875 0.9984375 0.125 1.0 0.125 1.0 0.121875
