0 0.2796875 0.45 0.171875 0.45 0.171875 0.5640625 0.2796875 0.5640625 0.2796875 0.45
0 0.36875 0.4921875 0.165625 0.4921875 0.165625 0.640625 0.36875 0.640625 0.36875 0.4921875
0 0.953125 0.284375 0.7640625 0.284375 0.7640625 0.5359375 0.953125 0.5359375 0.953125 0.284375
0 1.0 0.68125 0.9546875 0.68125 0.9546875 0.7703125 1.0 0.7703125 1.0 0.68125
0 0.0953125 0.1484375 0.0015625 0.1484375 0.0015625 0.2828125 0.0953125 0.2828125 0.0953125 0.1484375
0 0.3734375 0.9640625 0.24375 0.9640625 0.24375 1.0 0.3734375 1.0 0.3734375 0.9640625
0 0.1953125 0.4890625 0.0015625 0.4890625 0.0015625 0.71875 0.1953125 0.71875 0.1953125 0.4890625
0 0.7953125 0.525 0.6078125 0.525 0.6078125 0.69375 0.7953125 0.69375 0.7953125 0.525
0 0.8 0.35625 0.646875 0.35625 0.646875 0.55 0.8 0.55 0.8 0.35625
0 0.3671875 0.1734375 0.2265625 0.1734375 0.2265625 0.4078125 0.3671875 0.4078125 0.3671875 0.1734375
0 0.8671875 0.8984375 0.65 0.8984375 0.65 1.0 0.8671875 1.0 0.8671875 0.8984375
0 0.340625 0.746875 0.1640625 0.746875 0.1640625 0.884375 0.340625 0.884375 0.340625 0.746875
0 0.4859375 0.0015625 0.45 0.0015625 0.45 0.01875 0.4859375 0.01875 0.4859375 0.0015625
0 0.8953125 0.9859375 0.8640625 0.9859375 0.8640625 1.0 0.8953125 1.0 0.8953125 0.9859375
0 1.0 0.990625 0.990625 0.990625 0.990625 1.0 1.0 1.0 1.0 0.990625
0 0.3015625 0.5890625 0.05 0.5890625 0.05 1.0 0.3015625 1.0 0.3015625 0.5890625
0 0.0296875 0.671875 0.0015625 0.671875 0.0015625 0.8046875 0.0296875 0.8046875 0.0296875 0.671875
0 1.0 0.4640625 0.9734375 0.4640625 0.9734375 0.55 1.0 0.55 1.0 0.4640625
0 0.0921875 0.859375 0.0015625 0.859375 0.0015625 0.9453125 0.0921875 0.9453125 0.0921875 0.859375
0 0.421875 1.0 0.4078125 1.0 0.4078125 1.0 0.421875 1.0 0.421875 1.0
0 1.0 0.853125 0.978125 0.853125 0.978125 0.99375 1.0 0.99375 1.0 0.853125
0 0.9671875 0.6484375 0.81875 0.6484375 0.81875 0.8734375 0.9671875 0.8734375 0.9671875 0.6484375
0 0.2046875 0.40625 0.1171875 0.40625 0.1171875 0.5421875 0.2046875 0.5421875 0.2046875 0.40625
0 0.125 0.3125 0.0015625 0.3125 0.0015625 0.4765625 0.125 0.4765625 0.125 0.3125
0 0.6765625 0.63125 0.5859375 0.63125 0.5859375 0.746875 0.6765625 0.746875 0.6765625 0.63125
0 0.3484375 0.4453125 0.0109375 0.4453125 0.0109375 0.803125 0.3484375 0.803125 0.3484375 0.4453125
0 0.434375 0.3640625 0.28125 0.3640625 0.28125 0.584375 0.434375 0.584375 0.434375 0.3640625
0 0.2734375 0.121875 0.1234375 0.121875 0.1234375 0.24375 0.2734375 0.24375 0.2734375 0.121875
0 0.1640625 0.0015625 0.0703125 0.0015625 0.0703125 0.0640625 0.1640625 0.0640625 0.1640625 0.0015625
0 0.6515625 0.559375 0.5484375 0.559375 0.5484375 0.6984375 0.6515625 0.6984375 0.6515625 0.559375
0 0.9265625 0.4171875 0.690625 0.4171875 0.690625 0.659375 0.9265625 0.659375 0.9265625 0.4171875
0 0.934375 0.9171875 0.76875 0.9171875 0.76875 1.0 0.934375 1.0 0.934375 0.9171875
0 0.1328125 0.56875 0.0046875 0.56875 0.0046875 0.8734375 0.1328125 0.8734375 0.1328125 0.56875
0 0.8484375 0.6015625 0.703125 0.6015625 0.703125 0.7890625 0.8484375 0.7890625 0.8484375 0.6015625
0 0.1796875 0.5140625 0.034375 0.5140625 0.034375 0.696875 0.1796875 0.696875 0.1796875 0.5140625
0 0.071875 0.0984375 0.0015625 0.0984375 0.0015625 0.1859375 0.071875 0.1859375 0.071875 0.0984375
0 0.08125 0.0015625 0.0015625 0.0015625 0.0015625 0.06875 0.08125 0.06875 0.08125 0.0015625
0 0.1421875 0.3078125 0.0015625 0.3078125 0.0015625 0.5203125 0.1421875 0.5203125 0.1421875 0.3078125
0 0.203125 0.1171875 0.0671875 0.1171875 0.0671875 0.3 0.203125 0.3 0.203125 0.1171875
0 0.5890625 0.721875 0.4046875 0.721875 0.4046875 1.0 0.5890625 1.0 0.5890625 0.721875
0 0.6453125 0.984375 0.5484375 0.984375 0.5484375 1.0 0.6453125 1.0 0.6453125 0.984375
0 0.4921875 0.471875 0.3140625 0.471875 0.3140625 0.7234375 0.4921875 0.7234375 0.4921875 0.471875
0 1.0 0.0984375 0.725 0.0984375 0.725 0.3546875 1.0 0.3546875 1.0 0.0984375
0 0.4265625 0.8265625 0.2125 0.8265625 0.2125 1.0 0.4265625 1.0 0.4265625 0.8265625
0 0.390625 0.121875 0.209375 0.121875 0.209375 0.3359375 0.390625 0.3359375 0.390625 0.121875
0 1.0 0.4359375 0.884375 0.4359375 0.884375 0.5796875 1.0 0.5796875 1.0 0.4359375
0 0.05 0.4453125 0.0015625 0.4453125 0.0015625 0.671875 0.05 0.671875 0.05 0.4453125
0 0.75625 0.303125 0.625 0.303125 0.625 0.453125 0.75625 0.453125 0.75625 0.303125
0 0.328125 0.21875 0.1984375 0.21875 0.1984375 0.40625 0.328125 0.40625 0.328125 0.21875
0 0.1796875 0.8703125 0.0359375 0.8703125 0.0359375 1.0 0.1796875 1.0 0.1796875 0.8703125
0 0.7890625 0.0015625 0.4140625 0.0015625 0.4140625 0.4109375 0.7890625 0.4109375 0.7890625 0.0015625
0 1.0 0.009375 0.7859375 0.009375 0.7859375 0.15 1.0 0.15 1.0 0.009375
0 0.90625 0.61875 0.83125 0.61875 0.83125 0.7828125 0.90625 0.7828125 0.90625 0.61875
0 1.0 0.0546875 0.9734375 0.0546875 0.9734375 0.1375 1.0 0.1375 1.0 0.0546875
0 0.5984375 0.625 0.4890625 0.625 0.4890625 0.7890625 0.5984375 0.7890625 0.5984375 0.625
0 0.29375 0.3984375 0.15625 0.3984375 0.15625 0.4953125 0.29375 0.4953125 0.29375 0.3984375
0 0.0796875 0.8078125 0.0015625 0.8078125 0.0015625 0.965625 0.0796875 0.965625 0.0796875 0.8078125
0 0.128125 0.94375 0.046875 0.94375 0.046875 1.0 0.128125 1.0 0.128125 0.94375
0 0.6609375 0.765625 0.5359375 0.765625 0.5359375 0.9046875 0.6609375 0.9046875 0.6609375 0.765625
0 0.2421875 0.2546875 0.0015625 0.2546875 0.0015625 0.43125 0.2421875 0.43125 0.2421875 0.2546875
0 0.8265625 0.1953125 0.640625 0.1953125 0.640625 0.33125 0.8265625 0.33125 0.8265625 0.1953125
0 1.0 0.5828125 0.9078125 0.5828125 0.9078125 0.68125 1.0 0.68125 1.0 0.5828125
0 0.08125 0.9359375 0.0015625 0.9359375 0.0015625 1.0 0.08125 1.0 0.08125 0.9359375
0 0.4765625 0.678125 0.3328125 0.678125 0.3328125 0.9734375 0.4765625 0.9734375 0.4765625 0.678125
0 0.6703125 0.7875 0.5015625 0.7875 0.5015625 1.0 0.6703125 1.0 0.6703125 0.7875
0 0.8875 0.8171875 0.7015625 0.8171875 0.7015625 0.9859375 0.8875 0.9859375 0.8875 0.8171875
0 0.7953125 0.475 0.634375 0.475 0.634375 0.58125 0.7953125 0.58125 0.7953125 0.475
0 1.0 0.0015625 0.9625 0.0015625 0.9625 0.034375 1.0 0.034375 1.0 0.0015625
0 0.990625 0.8796875 0.903125 0.8796875 0.903125 1.0 0.990625 1.0 0.990625 0.8796875
0 1.0 0.3296875 0.928125 0.3296875 0.928125 0.4421875 1.0 0.4421875 1.0 0.3296875
