0 0.4328125 0.8921875 0.3203125 0.8921875 0.3203125 1.0 0.4328125 1.0 0.4328125 0.8921875
0 0.7265625 0.725 0.6375 0.725 0.6375 1.0 0.7265625 1.0 0.7265625 0.725
0 0.7953125 0.7546875 0.696875 0.7546875 0.696875 0.909375 0.7953125 0.909375 0.7953125 0.7546875
0 0.78125 0.0015625 0.7125 0.0015625 0.7125 0.1359375 0.78125 0.1359375 0.78125 0.0015625
0 0.9078125 0.35625 0.7109375 0.35625 0.7109375 0.4828125 0.9078125 0.4828125 0.9078125 0.35625
0 0.1234375 0.865625 0.065625 0.865625 0.065625 1.0 0.1234375 1.0 0.1234375 0.865625
0 1.0 0.9765625 1.0 0.9765625 1.0 0.9765625 1.0 0.9765625 1.0 0.9765625
0 0.9453125 0.5703125 0.7546875 0.5703125 0.7546875 0.7203125 0.9453125 0.7203125 0.9453125 0.5703125
0 0.7484375 0.0015625 0.6671875 0.0015625 0.6671875 0.2078125 0.7484375 0.2078125 0.7484375 0.0015625
0 0.575 0.0015625 0.46875 0.0015625 0.46875 0.0578125 0.575 0.0578125 0.575 0.0015625
0 1.0 0.69375 0.940625 0.69375 0.940625 0.9765625 1.0 0.9765625 1.0 0.69375
0 1.0 0.396875 0.8859375 0.396875 0.8859375 0.5578125 1.0 0.5578125 1.0 0.396875
0 0.4515625 0.890625 0.3515625 0.890625 0.3515625 1.0 0.4515625 1.0 0.4515625 0.890625
0 0.7984375 0.8984375 0.7171875 0.8984375 0.7171875 1.0 0.7984375 1.0 0.7984375 0.8984375
0 0.9984375 0.4609375 0.9296875 0.4609375 0.9296875 0.5140625 0.9984375 0.5140625 0.9984375 0.4609375
0 0.1671875 0.8546875 0.0796875 0.8546875 0.0796875 1.0 0.1671875 1.0 0.1671875 0.8546875
0 0.5640625 0.865625 0.4046875 0.865625 0.4046875 0.9515625 0.5640625 0.9515625 0.5640625 0.865625
0 0.703125 0.9625 0.43125 0.9625 0.43125 1.0 0.703125 1.0 0.703125 0.9625
0 0.6859375 0.8484375 0.509375 0.8484375 0.509375 0.9578125 0.6859375 0.9578125 0.6859375 0.8484375
0 1.0 0.0015625 0.840625 0.0015625 0.840625 0.1375 1.0 0.1375 1.0 0.0015625
0 0.6921875 0.75 0.5640625 0.75 0.5640625 0.8984375 0.6921875 0.8984375 0.6921875 0.75
0 0.2171875 0.1328125 0.11875 0.1328125 0.11875 0.2640625 0.2171875 0.2640625 0.2171875 0.1328125
0 0.1578125 0.7390625 0.0015625 0.7390625 0.0015625 1.0 0.1578125 1.0 0.1578125 0.7390625
0 0.0984375 0.2390625 0.0015625 0.2390625 0.0015625 0.5109375 0.0984375 0.5109375 0.0984375 0.2390625
0 0.028125 0.0015625 0.0015625 0.0015625 0.0015625 0.0640625 0.028125 0.0640625 0.028125 0.0015625
0 0.6578125 0.0015625 0.184375 0.0015625 0.184375 0.3859375 0.6578125 0.3859375 0.6578125 0.0015625
0 0.709375 0.0671875 0.5078125 0.0671875 0.5078125 0.3890625 0.709375 0.3890625 0.709375 0.0671875
0 0.8359375 0.0015625 0.7484375 0.0015625 0.7484375 0.1671875 0.8359375 0.1671875 0.8359375 0.0015625
