0 0.7234375 0.94375 0.6375 0.94375 0.6375 1.0 0.7234375 1.0 0.7234375 0.94375
0 0.8359375 0.8875 0.6859375 0.8875 0.6859375 1.0 0.8359375 1.0 0.8359375 0.8875
0 0.8859375 0.0015625 0.834375 0.0015625 0.834375 0.0703125 0.8859375 0.0703125 0.8859375 0.0015625
0 1.0 0.5328125 0.88125 0.5328125 0.88125 0.7625 1.0 0.7625 1.0 0.5328125
0 0.65 0.9265625 0.5890625 0.9265625 0.5890625 1.0 0.65 1.0 0.65 0.9265625
0 1.0 0.5703125 0.7734375 0.5703125 0.7734375 1.0 1.0 1.0 1.0 0.5703125
0 0.76875 0.9515625 0.703125 0.9515625 0.703125 1.0 0.76875 1.0 0.76875 0.9515625
0 0.76875 0.3765625 0.6359375 0.3765625 0.6359375 0.5 0.76875 0.5 0.76875 0.3765625
0 0.6890625 0.0015625 0.5109375 0.0015625 0.5109375 0.190625 0.6890625 0.190625 0.6890625 0.0015625
0 1.0 0.409375 0.9734375 0.409375 0.9734375 0.459375 1.0 0.459375 1.0 0.409375
0 0.5671875 0.16875 0.4796875 0.16875 0.4796875 0.3453125 0.5671875 0.3453125 0.5671875 0.16875
0 0.00625 0.5953125 0.0015625 0.5953125 0.0015625 0.603125 0.00625 0.603125 0.00625 0.5953125
0 0.1609375 0.0015625 0.040625 0.0015625 0.040625 0.3796875 0.1609375 0.3796875 0.1609375 0.0015625
0 0.9328125 0.79375 0.596875 0.79375 0.596875 1.0 0.9328125 1.0 0.9328125 0.79375
0 1.0 0.0015625 0.6671875 0.0015625 0.6671875 0.421875 1.0 0.421875 1.0 0.0015625
0 0.6671875 0.115625 0.5375 0.115625 0.5375 0.3375 0.6671875 0.3375 0.6671875 0.115625
0 1.0 0.475 0.878125 0.475 0.878125 0.5953125 1.0 0.5953125 1.0 0.475
