0 0.7421875 0.0015625 0.6296875 0.0015625 0.6296875 0.0625 0.7421875 0.0625 0.7421875 0.0015625
0 0.5203125 0.0015625 0.378125 0.0015625 0.378125 0.0859375 0.5203125 0.0859375 0.5203125 0.0015625
0 0.6546875 0.0015625 0.621875 0.0015625 0.621875 0.021875 0.6546875 0.021875 0.6546875 0.0015625
0 0.040625 0.0421875 0.0015625 0.0421875 0.0015625 0.1328125 0.040625 0.1328125 0.040625 0.0421875
0 0.4390625 0.0015625 0.178125 0.0015625 0.178125 0.084375 0.4390625 0.084375 0.4390625 0.0015625
0 0.0671875 0.490625 0.0015625 0.490625 0.0015625 0.590625 0.0671875 0.590625 0.0671875 0.490625
0 0.90625 0.1890625 0.79375 0.1890625 0.79375 0.4546875 0.90625 0.4546875 0.90625 0.1890625
0 1.0 0.2796875 0.925 0.2796875 0.925 0.3953125 1.0 0.3953125 1.0 0.2796875
0 0.215625 0.034375 0.0484375 0.034375 0.0484375 0.146875 0.215625 0.146875 0.215625 0.034375
0 0.7796875 0.0015625 0.6671875 0.0015625 0.6671875 0.10625 0.7796875 0.10625 0.7796875 0.0015625
0 0.7296875 0.4671875 0.6359375 0.4671875 0.6359375 0.65 0.7296875 0.65 0.7296875 0.4671875
0 0.5859375 0.3046875 0.5109375 0.3046875 0.5109375 0.4578125 0.5859375 0.4578125 0.5859375 0.3046875
0 0.8234375 0.8578125 0.7875 0.8578125 0.7875 1.0 0.8234375 1.0 0.8234375 0.8578125
0 0.996875 0.4046875 0.796875 0.4046875 0.796875 0.6578125 0.996875 0.6578125 0.996875 0.4046875
0 0.40625 0.575 0.3125 0.575 0.3125 0.6953125 0.40625 0.6953125 0.40625 0.575
0 0.3375 0.8546875 0.2234375 0.8546875 0.2234375 1.0 0.3375 1.0 0.3375 0.8546875
0 0.215625 0.2453125 0.046875 0.2453125 0.046875 0.3796875 0.215625 0.3796875 0.215625 0.2453125
0 1.0 0.6125 0.834375 0.6125 0.834375 0.9109375 1.0 0.9109375 1.0 0.6125
0 0.1578125 0.709375 0.0390625 0.709375 0.0390625 0.915625 0.1578125 0.915625 0.1578125 0.709375
0 0.7421875 0.9296875 0.584375 0.9296875 0.584375 1.0 0.7421875 1.0 0.7421875 0.9296875
0 0.1171875 0.9609375 0.0390625 0.9609375 0.0390625 1.0 0.1171875 1.0 0.1171875 0.9609375
0 0.215625 0.871875 0.0953125 0.871875 0.0953125 1.0 0.215625 1.0 0.215625 0.871875
0 0.075 0.8578125 0.0015625 0.8578125 0.0015625 0.946875 0.075 0.946875 0.075 0.8578125
0 0.1390625 0.4796875 0.0015625 0.4796875 0.0015625 0.5875 0.1390625 0.5875 0.1390625 0.4796875
0 0.2234375 0.671875 0.0515625 0.671875 0.0515625 0.8234375 0.2234375 0.8234375 0.2234375 0.671875
0 0.575 0.5203125 0.471875 0.5203125 0.471875 0.7046875 0.575 0.7046875 0.575 0.5203125
0 0.3640625 0.24375 0.225 0.24375 0.225 0.3953125 0.3640625 0.3953125 0.3640625 0.24375
0 0.9640625 0.25625 0.8328125 0.25625 0.8328125 0.38125 0.9640625 0.38125 0.9640625 0.25625
0 0.3875 0.8015625 0.2140625 0.8015625 0.2140625 1.0 0.3875 1.0 0.3875 0.8015625
0 0.2546875 0.2375 0.0875 0.2375 0.0875 0.38125 0.2546875 0.38125 0.2546875 0.2375
0 0.10625 0.0015625 0.0015625 0.0015625 0.0015625 0.109375 0.10625 0.109375 0.10625 0.0015625
0 0.4796875 0.98125 0.3875 0.98125 0.3875 1.0 0.4796875 1.0 0.4796875 0.98125
0 0.8765625 0.990625 0.840625 0.990625 0.840625 1.0 0.8765625 1.0 0.8765625 0.990625
0 1.0 0.671875 0.8671875 0.671875 0.8671875 0.8875 1.0 0.8875 1.0 0.671875
0 0.5890625 0.5078125 0.446875 0.5078125 0.446875 0.7828125 0.5890625 0.7828125 0.5890625 0.5078125
0 0.409375 0.440625 0.284375 0.440625 0.284375 0.7203125 0.409375 0.7203125 0.409375 0.440625
0 0.73125 0.5390625 0.640625 0.5390625 0.640625 0.7234375 0.73125 0.7234375 0.73125 0.5390625
0 0.9 0.5359375 0.7953125 0.5359375 0.7953125 0.6359375 0.9 0.6359375 0.9 0.5359375
0 0.9625 0.415625 0.8125 0.415625 0.8125 0.5609375 0.9625 0.5609375 0.9625 0.415625
0 0.5859375 0.253125 0.4546875 0.253125 0.4546875 0.4921875 0.5859375 0.4921875 0.5859375 0.253125
0 0.25625 0.10625 0.0015625 0.10625 0.0015625 0.25 0.25625 0.25 0.25625 0.10625
0 0.171875 0.8421875 0.0015625 0.8421875 0.0015625 0.95625 0.171875 0.95625 0.171875 0.8421875
0 0.7734375 0.65 0.6359375 0.65 0.6359375 0.7953125 0.7734375 0.7953125 0.7734375 0.65
0 0.540625 0.5375 0.4125 0.5375 0.4125 0.7 0.540625 0.7 0.540625 0.5375
0 0.3296875 0.3765625 0.2265625 0.3765625 0.2265625 0.5109375 0.3296875 0.5109375 0.3296875 0.3765625
0 0.4109375 0.534375 0.13125 0.534375 0.13125 0.7375 0.4109375 0.7375 0.4109375 0.534375
0 1.0 0.046875 0.8328125 0.046875 0.8328125 0.4 1.0 0.4 1.0 0.046875
0 0.071875 0.5578125 0.0015625 0.5578125 0.0015625 0.6859375 0.071875 0.6859375 0.071875 0.5578125
0 0.5015625 0.1984375 0.0015625 0.1984375 0.0015625 0.6078125 0.5015625 0.6078125 0.5015625 0.1984375
0 1.0 0.75625 0.8328125 0.75625 0.8328125 1.0 1.0 1.0 1.0 0.75625
0 0.734375 0.78125 0.61875 0.78125 0.61875 0.95625 0.734375 0.95625 0.734375 0.78125
0 0.5296875 0.765625 0.415625 0.765625 0.415625 1.0 0.5296875 1.0 0.5296875 0.765625
0 0.84375 0.4921875 0.55625 0.4921875 0.55625 0.8125 0.84375 0.8125 0.84375 0.4921875
0 1.0 0.5078125 0.8515625 0.5078125 0.8515625 0.6765625 1.0 0.6765625 1.0 0.5078125
0 0.7390625 0.4578125 0.6234375 0.4578125 0.6234375 0.60625 0.7390625 0.60625 0.7390625 0.4578125
0 0.7078125 0.3390625 0.634375 0.3390625 0.634375 0.4484375 0.7078125 0.4484375 0.7078125 0.3390625
0 0.89375 0.2609375 0.75 0.2609375 0.75 0.41875 0.89375 0.41875 0.89375 0.2609375
0 0.3578125 0.2125 0.2125 0.2125 0.2125 0.3578125 0.3578125 0.3578125 0.3578125 0.2125
0 0.590625 0.0765625 0.2203125 0.0765625 0.2203125 0.325 0.590625 0.325 0.590625 0.0765625
0 0.7921875 0.0015625 0.5125 0.0015625 0.5125 0.2984375 0.7921875 0.2984375 0.7921875 0.0015625
0 0.4640625 0.0015625 0.43125 0.0015625 0.43125 0.0359375 0.4640625 0.0359375 0.4640625 0.0015625
0 0.25625 0.8046875 0.14375 0.8046875 0.14375 0.909375 0.25625 0.909375 0.25625 0.8046875
0 0.08125 0.709375 0.0015625 0.709375 0.0015625 0.840625 0.08125 0.840625 0.08125 0.709375
0 0.6328125 0.796875 0.565625 0.796875 0.565625 0.9921875 0.6328125 0.9921875 0.6328125 0.796875
0 0.521875 0.728125 0.3734375 0.728125 0.3734375 0.8609375 0.521875 0.8609375 0.521875 0.728125
0 0.6625 0.340625 0.571875 0.340625 0.571875 0.48125 0.6625 0.48125 0.6625 0.340625
0 0.2234375 0.0015625 0.0578125 0.0015625 0.0578125 0.1453125 0.2234375 0.1453125 0.2234375 0.0015625
0 0.0609375 0.9078125 0.0015625 0.9078125 0.0015625 1.0 0.0609375 1.0 0.0609375 0.9078125
0 0.896875 0.0015625 0.1703125 0.0015625 0.1703125 1.0 0.896875 1.0 0.896875 0.0015625
0 0.71875 0.7125 0.30625 0.7125 0.30625 1.0 0.71875 1.0 0.71875 0.7125
0 0.1421875 0.715625 0.065625 0.715625 0.065625 0.8546875 0.1421875 0.8546875 0.1421875 0.715625
0 0.2921875 0.584375 0.1484375 0.584375 0.1484375 0.8015625 0.2921875 0.8015625 0.2921875 0.584375
0 0.15625 0.5578125 0.0015625 0.5578125 0.0015625 0.7515625 0.15625 0.7515625 0.15625 0.5578125
0 1.0 0.0015625 0.7921875 0.0015625 0.7921875 0.09375 1.0 0.09375 1.0 0.0015625
0 0.796875 0.7609375 0.6609375 0.7609375 0.6609375 0.9875 0.796875 0.9875 0.796875 0.7609375
0 1.0 0.40625 0.8984375 0.40625 0.8984375 0.69375 1.0 0.69375 1.0 0.40625
0 1.0 0.1453125 0.85625 0.1453125 0.85625 0.284375 1.0 0.284375 1.0 0.1453125
0 0.1703125 0.9703125 0.11875 0.9703125 0.11875 1.0 0.1703125 1.0 0.1703125 0.9703125
