0 0.8484375 0.4265625 0.73125 0.4265625 0.73125 0.75 0.8484375 0.75 0.8484375 0.4265625
0 0.659375 0.2765625 0.50625 0.2765625 0.50625 0.44375 0.659375 0.44375 0.659375 0.2765625
0 0.225 0.178125 0.1265625 0.178125 0.1265625 0.3453125 0.225 0.3453125 0.225 0.178125
0 0.63125 0.0015625 0.4546875 0.0015625 0.4546875 0.19375 0.63125 0.19375 0.63125 0.0015625
0 0.1125 0.49375 0.0015625 0.49375 0.0015625 0.615625 0.1125 0.615625 0.1125 0.49375
0 0.8984375 0.746875 0.665625 0.746875 0.665625 0.94375 0.8984375 0.94375 0.8984375 0.746875
0 0.31875 0.5 0.0984375 0.5 0.0984375 0.7703125 0.31875 0.7703125 0.31875 0.5
0 0.6859375 0.7484375 0.5796875 0.7484375 0.5796875 0.871875 0.6859375 0.871875 0.6859375 0.7484375
0 0.821875 0.65625 0.725 0.65625 0.725 0.784375 0.821875 0.784375 0.821875 0.65625
0 0.18125 0.2421875 0.0703125 0.2421875 0.0703125 0.4171875 0.18125 0.4171875 0.18125 0.2421875
0 0.7171875 0.8390625 0.4765625 0.8390625 0.4765625 0.91875 0.7171875 0.91875 0.7171875 0.8390625
0 0.153125 0.334375 0.0640625 0.334375 0.0640625 0.4984375 0.153125 0.4984375 0.153125 0.334375
0 0.84375 0.4109375 0.703125 0.4109375 0.703125 0.6953125 0.84375 0.6953125 0.84375 0.4109375
0 0.8109375 0.0015625 0.6875 0.0015625 0.6875 0.1734375 0.8109375 0.1734375 0.8109375 0.0015625
0 0.596875 0.665625 0.4125 0.665625 0.4125 0.8015625 0.596875 0.8015625 0.596875 0.665625
0 0.715625 0.340625 0.64375 0.340625 0.64375 0.5203125 0.715625 0.5203125 0.715625 0.340625
0 0.509375 0.31875 0.3578125 0.31875 0.3578125 0.4453125 0.509375 0.4453125 0.509375 0.31875
0 0.69375 0.5 0.609375 0.5 0.609375 0.7578125 0.69375 0.7578125 0.69375 0.5
0 0.3609375 0.234375 0.2296875 0.234375 0.2296875 0.3296875 0.3609375 0.3296875 0.3609375 0.234375
0 0.8609375 0.925 0.8078125 0.925 0.8078125 1.0 0.8609375 1.0 0.8609375 0.925
0 0.85 0.7109375 0.709375 0.7109375 0.709375 0.83125 0.85 0.83125 0.85 0.7109375
0 0.7921875 0.9375 0.709375 0.9375 0.709375 1.0 0.7921875 1.0 0.7921875 0.9375
0 0.25625 0.3953125 0.125 0.3953125 0.125 0.5921875 0.25625 0.5921875 0.25625 0.3953125
0 0.5609375 0.0703125 0.4140625 0.0703125 0.4140625 0.175 0.5609375 0.175 0.5609375 0.0703125
0 0.515625 0.6296875 0.3140625 0.6296875 0.3140625 0.8953125 0.515625 0.8953125 0.515625 0.6296875
0 0.090625 0.0015625 0.0015625 0.0015625 0.0015625 0.05625 0.090625 0.05625 0.090625 0.0015625
0 0.653125 0.65 0.5171875 0.65 0.5171875 0.74375 0.653125 0.74375 0.653125 0.65
0 0.5765625 0.45 0.4 0.45 0.4 0.6640625 0.5765625 0.6640625 0.5765625 0.45
0 0.3265625 0.4390625 0.2 0.4390625 0.2 0.65625 0.3265625 0.65625 0.3265625 0.4390625
0 0.659375 0.215625 0.3734375 0.215625 0.3734375 0.321875 0.659375 0.321875 0.659375 0.215625
0 0.209375 0.0015625 0.0875 0.0015625 0.0875 0.0796875 0.209375 0.0796875 0.209375 0.0015625
0 0.8921875 0.9921875 0.8609375 0.9921875 0.8609375 1.0 0.8921875 1.0 0.8921875 0.9921875
0 0.5671875 0.9046875 0.5046875 0.9046875 0.5046875 1.0 0.5671875 1.0 0.5671875 0.9046875
0 0.94375 0.8359375 0.86875 0.8359375 0.86875 0.9984375 0.94375 0.9984375 0.94375 0.8359375
0 0.9578125 0.45 0.7421875 0.45 0.7421875 0.8765625 0.9578125 0.8765625 0.9578125 0.45
0 1.0 0.3703125 0.9375 0.3703125 0.9375 0.6109375 1.0 0.6109375 1.0 0.3703125
0 0.8109375 0.3515625 0.6890625 0.3515625 0.6890625 0.5546875 0.8109375 0.5546875 0.8109375 0.3515625
0 0.925 0.2171875 0.8171875 0.2171875 0.8171875 0.3765625 0.925 0.3765625 0.925 0.2171875
0 0.8875 0.04375 0.6953125 0.04375 0.6953125 0.246875 0.8875 0.246875 0.8875 0.04375
0 0.1359375 0.8453125 0.0375 0.8453125 0.0375 0.9921875 0.1359375 0.9921875 0.1359375 0.8453125
0 0.528125 0.7203125 0.3328125 0.7203125 0.3328125 0.8828125 0.528125 0.8828125 0.528125 0.7203125
0 0.1453125 0.2375 0.0015625 0.2375 0.0015625 0.6 0.1453125 0.6 0.1453125 0.2375
0 0.4671875 0.1421875 0.2546875 0.1421875 0.2546875 0.3390625 0.4671875 0.3390625 0.4671875 0.1421875
0 0.6234375 0.178125 0.4625 0.178125 0.4625 0.284375 0.6234375 0.284375 0.6234375 0.178125
0 0.2484375 0.1109375 0.1484375 0.1109375 0.1484375 0.2703125 0.2484375 0.2703125 0.2484375 0.1109375
0 0.6234375 0.0109375 0.44375 0.0109375 0.44375 0.2 0.6234375 0.2 0.6234375 0.0109375
0 0.265625 0.025 0.1625 0.025 0.1625 0.11875 0.265625 0.11875 0.265625 0.025
0 0.7125 0.0015625 0.6125 0.0015625 0.6125 0.140625 0.7125 0.140625 0.7125 0.0015625
0 1.0 0.784375 0.971875 0.784375 0.971875 1.0 1.0 1.0 1.0 0.784375
0 0.94375 0.8875 0.7765625 0.8875 0.7765625 1.0 0.94375 1.0 0.94375 0.8875
0 0.7640625 0.534375 0.696875 0.534375 0.696875 0.66875 0.7640625 0.66875 0.7640625 0.534375
0 1.0 0.44375 0.9625 0.44375 0.9625 0.55 1.0 0.55 1.0 0.44375
0 0.9046875 0.4046875 0.79375 0.4046875 0.79375 0.6640625 0.9046875 0.6640625 0.9046875 0.4046875
0 0.3609375 0.328125 0.0015625 0.328125 0.0015625 1.0 0.3609375 1.0 0.3609375 0.328125
0 0.4796875 0.3453125 0.2890625 0.3453125 0.2890625 0.7546875 0.4796875 0.7546875 0.4796875 0.3453125
0 0.30625 0.3 0.1515625 0.3 0.1515625 0.434375 0.30625 0.434375 0.30625 0.3
0 0.3890625 0.0015625 0.196875 0.0015625 0.196875 0.24375 0.3890625 0.24375 0.3890625 0.0015625
0 0.4203125 0.0015625 0.3515625 0.0015625 0.3515625 0.03125 0.4203125 0.03125 0.4203125 0.0015625
0 0.734375 0.0015625 0.5078125 0.0015625 0.5078125 0.190625 0.734375 0.190625 0.734375 0.0015625
0 0.4640625 0.915625 0.3796875 0.915625 0.3796875 1.0 0.4640625 1.0 0.4640625 0.915625
0 0.8359375 0.8546875 0.709375 0.8546875 0.709375 1.0 0.8359375 1.0 0.8359375 0.8546875
0 0.6953125 0.6703125 0.54375 0.6703125 0.54375 0.840625 0.6953125 0.840625 0.6953125 0.6703125
0 0.6484375 0.478125 0.475 0.478125 0.475 0.6640625 0.6484375 0.6640625 0.6484375 0.478125
0 0.61875 0.2515625 0.428125 0.2515625 0.428125 0.4671875 0.61875 0.4671875 0.61875 0.2515625
0 0.8328125 0.2 0.6984375 0.2 0.6984375 0.40625 0.8328125 0.40625 0.8328125 0.2
0 0.9515625 0.84375 0.9265625 0.84375 0.9265625 1.0 0.9515625 1.0 0.9515625 0.84375
0 1.0 0.603125 0.94375 0.603125 0.94375 1.0 1.0 1.0 1.0 0.603125
0 0.9890625 0.365625 0.8953125 0.365625 0.8953125 0.821875 0.9890625 0.821875 0.9890625 0.365625
0 1.0 0.0015625 0.884375 0.0015625 0.884375 0.3984375 1.0 0.3984375 1.0 0.0015625
0 0.8890625 0.0015625 0.8 0.0015625 0.8 0.1109375 0.8890625 0.1109375 0.8890625 0.0015625
0 0.98125 0.8015625 0.778125 0.8015625 0.778125 0.9203125 0.98125 0.9203125 0.98125 0.8015625
