0 0.3078125 0.0671875 0.2109375 0.0671875 0.2109375 0.4296875 0.3078125 0.4296875 0.3078125 0.0671875
0 0.0328125 0.21875 0.0015625 0.21875 0.0015625 0.265625 0.0328125 0.265625 0.0328125 0.21875
0 0.68125 0.0796875 0.446875 0.0796875 0.446875 0.25625 0.68125 0.25625 0.68125 0.0796875
0 0.4171875 0.0515625 0.240625 0.0515625 0.240625 0.1953125 0.4171875 0.1953125 0.4171875 0.0515625
0 0.0640625 0.3390625 0.0015625 0.3390625 0.0015625 0.4828125 0.0640625 0.4828125 0.0640625 0.3390625
0 0.5796875 0.425 0.3578125 0.425 0.3578125 0.5640625 0.5796875 0.5640625 0.5796875 0.425
0 0.271875 0.4234375 0.065625 0.4234375 0.065625 0.4953125 0.271875 0.4953125 0.271875 0.4234375
0 0.496875 0.328125 0.34375 0.328125 0.34375 0.390625 0.496875 0.390625 0.496875 0.328125
0 0.1296875 0.1890625 0.0015625 0.1890625 0.0015625 0.2984375 0.1296875 0.2984375 0.1296875 0.1890625
0 0.9765625 0.0015625 0.0015625 0.0015625 0.0015625 0.65 0.9765625 0.65 0.9765625 0.0015625
