0 0.403125 0.0015625 0.1671875 0.0015625 0.1671875 0.2015625 0.403125 0.2015625 0.403125 0.0015625
0 0.5890625 0.259375 0.4375 0.259375 0.4375 0.421875 0.5890625 0.421875 0.5890625 0.259375
0 0.3859375 0.7359375 0.2203125 0.7359375 0.2203125 1.0 0.3859375 1.0 0.3859375 0.7359375
0 0.796875 0.0015625 0.70625 0.0015625 0.70625 0.0890625 0.796875 0.0890625 0.796875 0.0015625
0 0.775 0.9578125 0.6328125 0.9578125 0.6328125 1.0 0.775 1.0 0.775 0.9578125
0 0.3296875 0.8109375 0.2265625 0.8109375 0.2265625 1.0 0.3296875 1.0 0.3296875 0.8109375
0 0.0890625 0.678125 0.0171875 0.678125 0.0171875 0.8390625 0.0890625 0.8390625 0.0890625 0.678125
0 0.3609375 0.653125 0.296875 0.653125 0.296875 0.8078125 0.3609375 0.8078125 0.3609375 0.653125
0 0.6109375 0.5 0.490625 0.5 0.490625 0.6421875 0.6109375 0.6421875 0.6109375 0.5
0 0.928125 0.725 0.8515625 0.725 0.8515625 0.9109375 0.928125 0.9109375 0.928125 0.725
0 0.8171875 0.746875 0.671875 0.746875 0.671875 0.9609375 0.8171875 0.9609375 0.8171875 0.746875
0 0.6171875 0.6875 0.5140625 0.6875 0.5140625 0.8171875 0.6171875 0.8171875 0.6171875 0.6875
0 0.81875 0.3953125 0.6703125 0.3953125 0.6703125 0.628125 0.81875 0.628125 0.81875 0.3953125
0 0.325 0.421875 0.14375 0.421875 0.14375 0.7859375 0.325 0.7859375 0.325 0.421875
0 0.43125 0.43125 0.3125 0.43125 0.3125 0.6734375 0.43125 0.6734375 0.43125 0.43125
0 0.515625 0.1328125 0.246875 0.1328125 0.246875 0.5109375 0.515625 0.5109375 0.515625 0.1328125
0 0.5953125 0.225 0.4546875 0.225 0.4546875 0.328125 0.5953125 0.328125 0.5953125 0.225
0 0.1 0.0015625 0.0015625 0.0015625 0.0015625 0.1125 0.1 0.1125 0.1 0.0015625
0 0.3109375 0.0015625 0.1859375 0.0015625 0.1859375 0.0484375 0.3109375 0.0484375 0.3109375 0.0015625
0 0.3484375 0.0015625 0.021875 0.0015625 0.021875 0.1796875 0.3484375 0.1796875 0.3484375 0.0015625
0 0.29375 0.796875 0.15 0.796875 0.15 0.875 0.29375 0.875 0.29375 0.796875
0 0.2734375 0.353125 0.0125 0.353125 0.0125 0.628125 0.2734375 0.628125 0.2734375 0.353125
0 0.0390625 0.4140625 0.0015625 0.4140625 0.0015625 0.5265625 0.0390625 0.5265625 0.0390625 0.4140625
0 0.0171875 0.284375 0.0015625 0.284375 0.0015625 0.3140625 0.0171875 0.3140625 0.0171875 0.284375
0 0.575 0.865625 0.465625 0.865625 0.465625 1.0 0.575 1.0 0.575 0.865625
0 0.7859375 0.734375 0.625 0.734375 0.625 0.8625 0.7859375 0.8625 0.7859375 0.734375
0 0.3875 0.4640625 0.278125 0.4640625 0.278125 0.615625 0.3875 0.615625 0.3875 0.4640625
0 0.6109375 0.334375 0.503125 0.334375 0.503125 0.453125 0.6109375 0.453125 0.6109375 0.334375
0 0.5796875 0.053125 0.3734375 0.053125 0.3734375 0.2703125 0.5796875 0.2703125 0.5796875 0.053125
0 0.8125 0.0015625 0.784375 0.0015625 0.784375 0.0203125 0.8125 0.0203125 0.8125 0.0015625
0 1.0 0.19375 0.81875 0.19375 0.81875 1.0 1.0 1.0 1.0 0.19375
0 1.0 0.0421875 0.9859375 0.0421875 0.9859375 0.1796875 1.0 0.1796875 1.0 0.0421875
0 0.4953125 0.628125 0.2921875 0.628125 0.2921875 0.7109375 0.4953125 0.7109375 0.4953125 0.628125
0 0.6640625 0.33125 0.5703125 0.33125 0.5703125 0.4203125 0.6640625 0.4203125 0.6640625 0.33125
0 0.8875 0.109375 0.7875 0.109375 0.7875 0.2109375 0.8875 0.2109375 0.8875 0.109375
0 0.0953125 0.2046875 0.0015625 0.2046875 0.0015625 0.33125 0.0953125 0.33125 0.0953125 0.2046875
0 0.971875 0.24375 0.3421875 0.24375 0.3421875 1.0 0.971875 1.0 0.971875 0.24375
0 0.60625 0.5390625 0.5078125 0.5390625 0.5078125 0.753125 0.60625 0.753125 0.60625 0.5390625
0 0.50625 0.521875 0.4125 0.521875 0.4125 0.684375 0.50625 0.684375 0.50625 0.521875
0 0.6984375 0.390625 0.54375 0.390625 0.54375 0.6140625 0.6984375 0.6140625 0.6984375 0.390625
0 0.8828125 0.7609375 0.7140625 0.7609375 0.7140625 1.0 0.8828125 1.0 0.8828125 0.7609375
0 0.865625 0.1203125 0.621875 0.1203125 0.621875 0.484375 0.865625 0.484375 0.865625 0.1203125
0 1.0 0.009375 0.9109375 0.009375 0.9109375 0.2578125 1.0 0.2578125 1.0 0.009375
0 0.828125 0.528125 0.734375 0.528125 0.734375 0.6671875 0.828125 0.6671875 0.828125 0.528125
0 0.2640625 0.8171875 0.1078125 0.8171875 0.1078125 1.0 0.2640625 1.0 0.2640625 0.8171875
0 0.3953125 0.81875 0.334375 0.81875 0.334375 1.0 0.3953125 1.0 0.3953125 0.81875
0 0.109375 0.69375 0.0015625 0.69375 0.0015625 0.896875 0.109375 0.896875 0.109375 0.69375
0 0.2125 0.234375 0.0015625 0.234375 0.0015625 0.7359375 0.2125 0.7359375 0.2125 0.234375
0 0.4578125 0.4078125 0.340625 0.4078125 0.340625 0.5703125 0.4578125 0.5703125 0.4578125 0.4078125
0 0.20625 0.0515625 0.0015625 0.0515625 0.0015625 0.3 0.20625 0.3 0.20625 0.0515625
0 0.7140625 0.0015625 0.2484375 0.0015625 0.2484375 0.2046875 0.7140625 0.2046875 0.7140625 0.0015625
0 0.5453125 0.5890625 0.434375 0.5890625 0.434375 0.778125 0.5453125 0.778125 0.5453125 0.5890625
0 0.8421875 0.015625 0.7390625 0.015625 0.7390625 0.303125 0.8421875 0.303125 0.8421875 0.015625
0 0.684375 0.0015625 0.6609375 0.0015625 0.6609375 0.0234375 0.684375 0.0234375 0.684375 0.0015625
0 0.7203125 0.5984375 0.6 0.5984375 0.6 0.746875 0.7203125 0.746875 0.7203125 0.5984375
0 0.1265625 0.8421875 0.0015625 0.8421875 0.0015625 0.9421875 0.1265625 0.9421875 0.1265625 0.8421875
0 0.08125 0.5546875 0.0015625 0.5546875 0.0015625 0.75625 0.08125 0.75625 0.08125 0.5546875
0 0.0375 0.2109375 0.0015625 0.2109375 0.0015625 0.3078125 0.0375 0.3078125 0.0375 0.2109375
0 0.959375 0.0015625 0.4359375 0.0015625 0.4359375 0.515625 0.959375 0.515625 0.959375 0.0015625
0 0.2125 0.63125 0.096875 0.63125 0.096875 0.8328125 0.2125 0.8328125 0.2125 0.63125
0 0.3484375 0.09375 0.08125 0.09375 0.08125 0.4828125 0.3484375 0.4828125 0.3484375 0.09375
0 0.484375 0.14375 0.3140625 0.14375 0.3140625 0.3984375 0.484375 0.3984375 0.484375 0.14375
0 0.16875 0.0015625 0.0484375 0.0015625 0.0484375 0.1375 0.16875 0.1375 0.16875 0.0015625
0 0.6984375 0.14375 0.5359375 0.14375 0.5359375 0.3375 0.6984375 0.3375 0.6984375 0.14375
