0 0.8265625 0.8421875 0.6796875 0.8421875 0.6796875 1.0 0.8265625 1.0 0.8265625 0.8421875
0 0.9265625 0.73125 0.84375 0.73125 0.84375 0.8875 0.9265625 0.8875 0.9265625 0.73125
0 0.64375 0.8421875 0.5109375 0.8421875 0.5109375 0.9671875 0.64375 0.9671875 0.64375 0.8421875
0 0.34375 0.9125 0.2890625 0.9125 0.2890625 1.0 0.34375 1.0 0.34375 0.9125
0 0.490625 0.903125 0.4203125 0.903125 0.4203125 1.0 0.490625 1.0 0.490625 0.903125
0 0.5625 0.1578125 0.19375 0.1578125 0.19375 0.403125 0.5625 0.403125 0.5625 0.1578125
0 0.4875 0.0203125 0.3671875 0.0203125 0.3671875 0.1203125 0.4875 0.1203125 0.4875 0.0203125
0 1.0 0.9390625 0.8953125 0.9390625 0.8953125 1.0 1.0 1.0 1.0 0.9390625
0 1.0 0.9 0.9609375 0.9 0.9609375 0.9453125 1.0 0.9453125 1.0 0.9
0 0.7015625 0.3125 0.5203125 0.3125 0.5203125 0.571875 0.7015625 0.571875 0.7015625 0.3125
0 0.909375 0.0015625 0.753125 0.0015625 0.753125 0.125 0.909375 0.125 0.909375 0.0015625
0 0.1265625 0.559375 0.0015625 0.559375 0.0015625 0.91875 0.1265625 0.91875 0.1265625 0.559375
0 0.6984375 0.35 0.16875 0.35 0.16875 1.0 0.6984375 1.0 0.6984375 0.35
0 0.303125 0.7265625 0.159375 0.7265625 0.159375 0.7984375 0.303125 0.7984375 0.303125 0.7265625
0 0.06875 0.446875 0.0015625 0.446875 0.0015625 0.721875 0.06875 0.721875 0.06875 0.446875
0 0.528125 0.9828125 0.471875 0.9828125 0.471875 1.0 0.528125 1.0 0.528125 0.9828125
0 0.5703125 0.296875 0.3375 0.296875 0.3375 0.5203125 0.5703125 0.5203125 0.5703125 0.296875
0 0.784375 0.0015625 0.3484375 0.0015625 0.3484375 0.321875 0.784375 0.321875 0.784375 0.0015625
0 1.0 0.4296875 0.9484375 0.4296875 0.9484375 0.5859375 1.0 0.5859375 1.0 0.4296875
0 1.0 0.059375 0.8984375 0.059375 0.8984375 0.421875 1.0 0.421875 1.0 0.059375
0 0.6625 0.8234375 0.525 0.8234375 0.525 0.903125 0.6625 0.903125 0.6625 0.8234375
0 0.7953125 0.621875 0.559375 0.621875 0.559375 0.8578125 0.7953125 0.8578125 0.7953125 0.621875
0 0.7890625 0.259375 0.678125 0.259375 0.678125 0.4125 0.7890625 0.4125 0.7890625 0.259375
0 0.7109375 0.74375 0.4875 0.74375 0.4875 1.0 0.7109375 1.0 0.7109375 0.74375
0 0.978125 0.165625 0.896875 0.165625 0.896875 0.33125 0.978125 0.33125 0.978125 0.165625
0 0.9546875 0.0703125 0.840625 0.0703125 0.840625 0.25625 0.9546875 0.25625 0.9546875 0.0703125
