0 0.4015625 0.25 0.2796875 0.25 0.2796875 0.36875 0.4015625 0.36875 0.4015625 0.25
0 0.5890625 0.084375 0.496875 0.084375 0.496875 0.359375 0.5890625 0.359375 0.5890625 0.084375
0 0.384375 0.984375 0.3609375 0.984375 0.3609375 1.0 0.384375 1.0 0.384375 0.984375
0 0.4421875 0.73125 0.3671875 0.73125 0.3671875 1.0 0.4421875 1.0 0.4421875 0.73125
0 0.3234375 0.0015625 0.1078125 0.0015625 0.1078125 0.221875 0.3234375 0.221875 0.3234375 0.0015625
0 0.0625 0.0015625 0.0015625 0.0015625 0.0015625 0.171875 0.0625 0.171875 0.0625 0.0015625
0 0.6265625 0.453125 0.3546875 0.453125 0.3546875 0.5625 0.6265625 0.5625 0.6265625 0.453125
0 0.034375 0.15625 0.0015625 0.15625 0.0015625 0.225 0.034375 0.225 0.034375 0.15625
0 0.2625 0.690625 0.078125 0.690625 0.078125 1.0 0.2625 1.0 0.2625 0.690625
0 0.2828125 0.2484375 0.028125 0.2484375 0.028125 0.478125 0.2828125 0.478125 0.2828125 0.2484375
0 0.3859375 0.00625 0.2359375 0.00625 0.2359375 0.321875 0.3859375 0.321875 0.3859375 0.00625
0 0.534375 0.0015625 0.4203125 0.0015625 0.4203125 0.1 0.534375 0.1 0.534375 0.0015625
0 0.8640625 0.0078125 0.740625 0.0078125 0.740625 0.1125 0.8640625 0.1125 0.8640625 0.0078125
0 0.703125 0.778125 0.4734375 0.778125 0.4734375 1.0 0.703125 1.0 0.703125 0.778125
0 0.1421875 0.684375 0.0015625 0.684375 0.0015625 1.0 0.1421875 1.0 0.1421875 0.684375
0 0.4890625 0.5125 0.25625 0.5125 0.25625 0.7390625 0.4890625 0.7390625 0.4890625 0.5125
0 0.3140625 0.4578125 0.1296875 0.4578125 0.1296875 0.6515625 0.3140625 0.6515625 0.3140625 0.4578125
0 0.00625 0.628125 0.0015625 0.628125 0.0015625 0.65 0.00625 0.65 0.00625 0.628125
0 0.2703125 0.2640625 0.165625 0.2640625 0.165625 0.4015625 0.2703125 0.4015625 0.2703125 0.2640625
0 0.1671875 0.153125 0.028125 0.153125 0.028125 0.4234375 0.1671875 0.4234375 0.1671875 0.153125
0 1.0 0.5796875 0.94375 0.5796875 0.94375 0.7015625 1.0 0.7015625 1.0 0.5796875
0 0.9296875 0.38125 0.840625 0.38125 0.840625 0.484375 0.9296875 0.484375 0.9296875 0.38125
0 1.0 0.0015625 0.940625 0.0015625 0.940625 0.2015625 1.0 0.2015625 1.0 0.0015625
0 1.0 0.0015625 0.2234375 0.0015625 0.2234375 1.0 1.0 1.0 1.0 0.0015625
0 0.49375 0.78125 0.134375 0.78125 0.134375 1.0 0.49375 1.0 0.49375 0.78125
0 0.1546875 0.221875 0.0015625 0.221875 0.0015625 0.8 0.1546875 0.8 0.1546875 0.221875
0 0.015625 0.0015625 0.0015625 0.0015625 0.0015625 0.0421875 0.015625 0.0421875 0.015625 0.0015625
0 1.0 0.3546875 0.95 0.3546875 0.95 0.4703125 1.0 0.4703125 1.0 0.3546875
