0 0.1828125 0.2375 0.0671875 0.2375 0.0671875 0.378125 0.1828125 0.378125 0.1828125 0.2375
0 0.8640625 0.24375 0.7640625 0.24375 0.7640625 0.3671875 0.8640625 0.3671875 0.8640625 0.24375
0 0.790625 0.725 0.6734375 0.725 0.6734375 0.8390625 0.790625 0.8390625 0.790625 0.725
0 0.6734375 0.946875 0.4203125 0.946875 0.4203125 1.0 0.6734375 1.0 0.6734375 0.946875
0 0.834375 0.853125 0.7328125 0.853125 0.7328125 1.0 0.834375 1.0 0.834375 0.853125
0 0.6703125 0.7890625 0.48125 0.7890625 0.48125 0.965625 0.6703125 0.965625 0.6703125 0.7890625
0 0.90625 0.6125 0.76875 0.6125 0.76875 0.7578125 0.90625 0.7578125 0.90625 0.6125
0 0.571875 0.328125 0.45 0.328125 0.45 0.490625 0.571875 0.490625 0.571875 0.328125
0 1.0 0.2421875 0.9859375 0.2421875 0.9859375 0.278125 1.0 0.278125 1.0 0.2421875
0 1.0 0.08125 0.878125 0.08125 0.878125 0.28125 1.0 0.28125 1.0 0.08125
0 0.6734375 0.9390625 0.559375 0.9390625 0.559375 1.0 0.6734375 1.0 0.6734375 0.9390625
0 1.0 0.2140625 0.7828125 0.2140625 0.7828125 0.29375 1.0 0.29375 1.0 0.2140625
0 0.4609375 0.0703125 0.3390625 0.0703125 0.3390625 0.2484375 0.4609375 0.2484375 0.4609375 0.0703125
0 0.08125 0.30625 0.0015625 0.30625 0.0015625 0.3734375 0.08125 0.3734375 0.08125 0.30625
0 0.665625 0.253125 0.5640625 0.253125 0.5640625 0.4671875 0.665625 0.4671875 0.665625 0.253125
0 0.3671875 0.8359375 0.225 0.8359375 0.225 0.9515625 0.3671875 0.9515625 0.3671875 0.8359375
0 0.128125 0.70625 0.0015625 0.70625 0.0015625 0.8546875 0.128125 0.8546875 0.128125 0.70625
0 0.6578125 0.5015625 0.3890625 0.5015625 0.3890625 0.8359375 0.6578125 0.8359375 0.6578125 0.5015625
0 0.7875 0.603125 0.6875 0.603125 0.6875 0.7109375 0.7875 0.7109375 0.7875 0.603125
0 0.41875 0.4734375 0.290625 0.4734375 0.290625 0.6734375 0.41875 0.6734375 0.41875 0.4734375
0 0.4015625 0.0015625 0.39375 0.0015625 0.39375 0.0046875 0.4015625 0.0046875 0.4015625 0.0015625
0 0.9984375 0.8359375 0.8921875 0.8359375 0.8921875 1.0 0.9984375 1.0 0.9984375 0.8359375
0 1.0 0.7140625 0.9046875 0.7140625 0.9046875 0.828125 1.0 0.828125 1.0 0.7140625
0 1.0 0.6046875 0.9625 0.6046875 0.9625 0.7046875 1.0 0.7046875 1.0 0.6046875
0 0.015625 0.6765625 0.0015625 0.6765625 0.0015625 0.71875 0.015625 0.71875 0.015625 0.6765625
0 0.5953125 0.0015625 0.490625 0.0015625 0.490625 0.0984375 0.5953125 0.0984375 0.5953125 0.0015625
0 0.540625 1.0 0.5375 1.0 0.5375 1.0 0.540625 1.0 0.540625 1.0
0 0.15625 0.80625 0.0125 0.80625 0.0125 0.9140625 0.15625 0.9140625 0.15625 0.80625
0 0.5828125 0.928125 0.4640625 0.928125 0.4640625 1.0 0.5828125 1.0 0.5828125 0.928125
0 0.428125 0.8828125 0.278125 0.8828125 0.278125 1.0 0.428125 1.0 0.428125 0.8828125
0 0.2484375 0.8703125 0.1375 0.8703125 0.1375 0.9828125 0.2484375 0.9828125 0.2484375 0.8703125
0 0.525 0.5734375 0.2515625 0.5734375 0.2515625 0.8515625 0.525 0.8515625 0.525 0.5734375
0 0.1109375 0.65625 0.0015625 0.65625 0.0015625 0.7921875 0.1109375 0.7921875 0.1109375 0.65625
0 1.0 0.7890625 0.890625 0.7890625 0.890625 0.959375 1.0 0.959375 1.0 0.7890625
0 1.0 0.7796875 0.9984375 0.7796875 0.9984375 0.790625 1.0 0.790625 1.0 0.7796875
0 0.6765625 0.64375 0.5796875 0.64375 0.5796875 0.7609375 0.6765625 0.7609375 0.6765625 0.64375
0 0.9890625 0.3859375 0.9 0.3859375 0.9 0.540625 0.9890625 0.540625 0.9890625 0.3859375
0 0.1234375 0.3421875 0.0015625 0.3421875 0.0015625 0.5046875 0.1234375 0.5046875 0.1234375 0.3421875
0 0.9296875 0.0015625 0.853125 0.0015625 0.853125 0.1578125 0.9296875 0.1578125 0.9296875 0.0015625
0 0.0234375 0.1546875 0.0015625 0.1546875 0.0015625 0.2 0.0234375 0.2 0.0234375 0.1546875
0 0.7265625 0.85625 0.634375 0.85625 0.634375 1.0 0.7265625 1.0 0.7265625 0.85625
0 0.071875 0.58125 0.0015625 0.58125 0.0015625 0.715625 0.071875 0.715625 0.071875 0.58125
0 0.121875 0.209375 0.0015625 0.209375 0.0015625 0.278125 0.121875 0.278125 0.121875 0.209375
0 0.296875 0.0015625 0.2234375 0.0015625 0.2234375 0.1046875 0.296875 0.1046875 0.296875 0.0015625
0 0.103125 0.25625 0.0015625 0.25625 0.0015625 0.328125 0.103125 0.328125 0.103125 0.25625
0 0.4921875 0.0015625 0.0015625 0.0015625 0.0015625 0.8921875 0.4921875 0.8921875 0.4921875 0.0015625
0 1.0 0.0015625 0.3421875 0.0015625 0.3421875 1.0 1.0 1.0 1.0 0.0015625
0 0.3609375 0.8234375 0.0140625 0.8234375 0.0140625 1.0 0.3609375 1.0 0.3609375 0.8234375
0 0.31875 0.6125 0.196875 0.6125 0.196875 0.8140625 0.31875 0.8140625 0.31875 0.6125
0 0.79375 0.0015625 0.340625 0.0015625 0.340625 0.75 0.79375 0.75 0.79375 0.0015625
0 0.5140625 0.0015625 0.4921875 0.0015625 0.4921875 0.0171875 0.5140625 0.0171875 0.5140625 0.0015625
0 0.8734375 0.6609375 0.684375 0.6609375 0.684375 0.7953125 0.8734375 0.7953125 0.8734375 0.6609375
