0 0.51875 0.4265625 0.25 0.4265625 0.25 0.6140625 0.51875 0.6140625 0.51875 0.4265625
0 0.9390625 0.0015625 0.878125 0.0015625 0.878125 0.128125 0.9390625 0.128125 0.9390625 0.0015625
0 1.0 0.765625 0.9515625 0.765625 0.9515625 1.0 1.0 1.0 1.0 0.765625
0 0.99375 0.5046875 0.9296875 0.5046875 0.9296875 0.6859375 0.99375 0.6859375 0.99375 0.5046875
0 0.9328125 0.1125 0.825 0.1125 0.825 0.4984375 0.9328125 0.4984375 0.9328125 0.1125
0 1.0 0.29375 0.928125 0.29375 0.928125 0.4140625 1.0 0.4140625 1.0 0.29375
0 1.0 0.2625 0.975 0.2625 0.975 0.303125 1.0 0.303125 1.0 0.2625
0 1.0 0.00625 0.903125 0.00625 0.903125 0.209375 1.0 0.209375 1.0 0.00625
0 0.784375 0.0015625 0.66875 0.0015625 0.66875 0.1390625 0.784375 0.1390625 0.784375 0.0015625
0 0.978125 0.1078125 0.9234375 0.1078125 0.9234375 0.30625 0.978125 0.30625 0.978125 0.1078125
0 0.3875 0.2625 0.290625 0.2625 0.290625 0.4703125 0.3875 0.4703125 0.3875 0.2625
0 1.0 0.7625 0.890625 0.7625 0.890625 0.990625 1.0 0.990625 1.0 0.7625
0 0.984375 0.3703125 0.8921875 0.3703125 0.8921875 0.5375 0.984375 0.5375 0.984375 0.3703125
0 0.7203125 0.0078125 0.6140625 0.0078125 0.6140625 0.1875 0.7203125 0.1875 0.7203125 0.0078125
0 1.0 0.45625 0.9453125 0.45625 0.9453125 0.684375 1.0 0.684375 1.0 0.45625
0 0.85 0.6390625 0.7734375 0.6390625 0.7734375 0.8546875 0.85 0.8546875 0.85 0.6390625
0 1.0 0.25 0.9828125 0.25 0.9828125 0.2703125 1.0 0.2703125 1.0 0.25
0 0.8390625 0.128125 0.7390625 0.128125 0.7390625 0.2796875 0.8390625 0.2796875 0.8390625 0.128125
0 0.940625 0.115625 0.85 0.115625 0.85 0.3171875 0.940625 0.3171875 0.940625 0.115625
0 1.0 0.0015625 0.91875 0.0015625 0.91875 0.0671875 1.0 0.0671875 1.0 0.0015625
0 0.80625 0.7546875 0.709375 0.7546875 0.709375 0.8859375 0.80625 0.8859375 0.80625 0.7546875
0 0.790625 0.10625 0.5875 0.10625 0.5875 0.253125 0.790625 0.253125 0.790625 0.10625
0 0.7015625 0.0015625 0.6109375 0.0015625 0.6109375 0.034375 0.7015625 0.034375 0.7015625 0.0015625
0 0.0046875 0.05 0.0015625 0.05 0.0015625 0.0578125 0.0046875 0.0578125 0.0046875 0.05
0 0.01875 0.959375 0.0015625 0.959375 0.0015625 1.0 0.01875 1.0 0.01875 0.959375
0 0.184375 0.4453125 0.0328125 0.4453125 0.0328125 0.590625 0.184375 0.590625 0.184375 0.4453125
0 0.8328125 0.9390625 0.7015625 0.9390625 0.7015625 1.0 0.8328125 1.0 0.8328125 0.9390625
0 0.9328125 0.85625 0.8296875 0.85625 0.8296875 1.0 0.9328125 1.0 0.9328125 0.85625
0 0.7765625 0.475 0.6515625 0.475 0.6515625 0.5921875 0.7765625 0.5921875 0.7765625 0.475
0 0.60625 0.1453125 0.4484375 0.1453125 0.4484375 0.290625 0.60625 0.290625 0.60625 0.1453125
0 0.1 0.0015625 0.0015625 0.0015625 0.0015625 0.090625 0.1 0.090625 0.1 0.0015625
0 1.0 0.3171875 0.91875 0.3171875 0.91875 0.459375 1.0 0.459375 1.0 0.3171875
0 0.3796875 0.971875 0.303125 0.971875 0.303125 1.0 0.3796875 1.0 0.3796875 0.971875
0 0.246875 0.85625 0.2078125 0.85625 0.2078125 1.0 0.246875 1.0 0.246875 0.85625
0 0.2203125 0.9109375 0.025 0.9109375 0.025 1.0 0.2203125 1.0 0.2203125 0.9109375
0 0.4546875 0.4953125 0.309375 0.4953125 0.309375 0.8140625 0.4546875 0.8140625 0.4546875 0.4953125
0 0.1640625 0.1703125 0.0015625 0.1703125 0.0015625 0.6953125 0.1640625 0.6953125 0.1640625 0.1703125
0 0.3 0.28125 0.1828125 0.28125 0.1828125 0.6171875 0.3 0.6171875 0.3 0.28125
0 0.515625 0.0015625 0.25 0.0015625 0.25 0.4328125 0.515625 0.4328125 0.515625 0.0015625
0 0.2265625 0.225 0.1390625 0.225 0.1390625 0.365625 0.2265625 0.365625 0.2265625 0.225
0 0.0765625 0.096875 0.0015625 0.096875 0.0015625 0.175 0.0765625 0.175 0.0765625 0.096875
0 0.2234375 0.0015625 0.184375 0.0015625 0.184375 0.0671875 0.2234375 0.0671875 0.2234375 0.0015625
0 0.9703125 0.9859375 0.8890625 0.9859375 0.8890625 1.0 0.9703125 1.0 0.9703125 0.9859375
0 0.765625 0.73125 0.55 0.73125 0.55 1.0 0.765625 1.0 0.765625 0.73125
0 0.5609375 0.896875 0.4765625 0.896875 0.4765625 1.0 0.5609375 1.0 0.5609375 0.896875
0 0.7765625 0.4109375 0.596875 0.4109375 0.596875 0.6 0.7765625 0.6 0.7765625 0.4109375
0 0.5734375 0.4328125 0.459375 0.4328125 0.459375 0.525 0.5734375 0.525 0.5734375 0.4328125
0 0.615625 0.30625 0.534375 0.30625 0.534375 0.41875 0.615625 0.41875 0.615625 0.30625
0 0.75625 0.1484375 0.5875 0.1484375 0.5875 0.2859375 0.75625 0.2859375 0.75625 0.1484375
0 0.659375 0.0015625 0.5421875 0.0015625 0.5421875 0.1609375 0.659375 0.1609375 0.659375 0.0015625
0 0.03125 0.6859375 0.0015625 0.6859375 0.0015625 0.765625 0.03125 0.765625 0.03125 0.6859375
0 0.234375 0.9421875 0.1375 0.9421875 0.1375 1.0 0.234375 1.0 0.234375 0.9421875
0 0.3421875 0.665625 0.2328125 0.665625 0.2328125 0.8125 0.3421875 0.8125 0.3421875 0.665625
0 0.2046875 0.5796875 0.0015625 0.5796875 0.0015625 0.8046875 0.2046875 0.8046875 0.2046875 0.5796875
0 0.265625 0.35625 0.1609375 0.35625 0.1609375 0.5140625 0.265625 0.5140625 0.265625 0.35625
0 0.640625 0.0015625 0.0015625 0.0015625 0.0015625 0.23125 0.640625 0.23125 0.640625 0.0015625
0 0.86875 0.9953125 0.8578125 0.9953125 0.8578125 1.0 0.86875 1.0 0.86875 0.9953125
0 0.521875 0.9421875 0.4171875 0.9421875 0.4171875 1.0 0.521875 1.0 0.521875 0.9421875
0 0.5640625 0.6671875 0.35 0.6671875 0.35 0.9359375 0.5640625 0.9359375 0.5640625 0.6671875
0 0.8484375 0.7203125 0.665625 0.7203125 0.665625 0.9453125 0.8484375 0.9453125 0.8484375 0.7203125
0 0.9296875 0.7109375 0.84375 0.7109375 0.84375 0.865625 0.9296875 0.865625 0.9296875 0.7109375
0 0.8359375 0.5125 0.7265625 0.5125 0.7265625 0.625 0.8359375 0.625 0.8359375 0.5125
0 0.8546875 0.2265625 0.7578125 0.2265625 0.7578125 0.3609375 0.8546875 0.3609375 0.8546875 0.2265625
0 0.8921875 0.0015625 0.7765625 0.0015625 0.7765625 0.203125 0.8921875 0.203125 0.8921875 0.0015625
0 0.99375 0.984375 0.9671875 0.984375 0.9671875 1.0 0.99375 1.0 0.99375 0.984375
0 1.0 0.0796875 0.9546875 0.0796875 0.9546875 0.3328125 1.0 0.3328125 1.0 0.0796875
