0 1.0 0.85625 0.871875 0.85625 0.871875 1.0 1.0 1.0 1.0 0.85625
0 1.0 0.9671875 0.8546875 0.9671875 0.8546875 1.0 1.0 1.0 1.0 0.9671875
0 0.33125 0.6484375 0.0421875 0.6484375 0.0421875 1.0 0.33125 1.0 0.33125 0.6484375
0 0.1453125 0.465625 0.0015625 0.465625 0.0015625 0.671875 0.1453125 0.671875 0.1453125 0.465625
0 0.3921875 0.0015625 0.0015625 0.0015625 0.0015625 0.1453125 0.3921875 0.1453125 0.3921875 0.0015625
0 0.5265625 0.5578125 0.2734375 0.5578125 0.2734375 0.83125 0.5265625 0.83125 0.5265625 0.5578125
0 0.4375 0.29375 0.309375 0.29375 0.309375 0.5984375 0.4375 0.5984375 0.4375 0.29375
0 0.1859375 0.2828125 0.109375 0.2828125 0.109375 0.409375 0.1859375 0.409375 0.1859375 0.2828125
0 0.390625 0.590625 0.2796875 0.590625 0.2796875 0.765625 0.390625 0.765625 0.390625 0.590625
0 0.4703125 0.1625 0.4 0.1625 0.4 0.303125 0.4703125 0.303125 0.4703125 0.1625
0 0.1546875 0.1046875 0.0109375 0.1046875 0.0109375 0.278125 0.1546875 0.278125 0.1546875 0.1046875
0 0.5796875 0.29375 0.421875 0.29375 0.421875 0.6046875 0.5796875 0.6046875 0.5796875 0.29375
0 0.0171875 0.9828125 0.0015625 0.9828125 0.0015625 1.0 0.0171875 1.0 0.0171875 0.9828125
0 0.596875 0.59375 0.4515625 0.59375 0.4515625 0.7921875 0.596875 0.7921875 0.596875 0.59375
0 0.1515625 0.38125 0.05625 0.38125 0.05625 0.534375 0.1515625 0.534375 0.1515625 0.38125
0 0.2890625 0.3171875 0.2109375 0.3171875 0.2109375 0.4921875 0.2890625 0.4921875 0.2890625 0.3171875
0 0.7078125 0.0015625 0.565625 0.0015625 0.565625 0.125 0.7078125 0.125 0.7078125 0.0015625
0 0.5078125 0.1109375 0.4046875 0.1109375 0.4046875 0.303125 0.5078125 0.303125 0.5078125 0.1109375
0 0.6484375 0.0015625 0.3625 0.0015625 0.3625 0.2859375 0.6484375 0.2859375 0.6484375 0.0015625
0 0.75625 0.0015625 0.7015625 0.0015625 0.7015625 0.1671875 0.75625 0.1671875 0.75625 0.0015625
0 0.1828125 0.5515625 0.109375 0.5515625 0.109375 0.8265625 0.1828125 0.8265625 0.1828125 0.5515625
0 0.5421875 0.2734375 0.31875 0.2734375 0.31875 0.546875 0.5421875 0.546875 0.5421875 0.2734375
0 0.3234375 0.0140625 0.1875 0.0140625 0.1875 0.140625 0.3234375 0.140625 0.3234375 0.0140625
0 0.0625 0.6734375 0.0015625 0.6734375 0.0015625 0.9640625 0.0625 0.9640625 0.0625 0.6734375
0 0.146875 0.721875 0.05625 0.721875 0.05625 0.8890625 0.146875 0.8890625 0.146875 0.721875
0 0.1390625 0.615625 0.0640625 0.615625 0.0640625 0.7296875 0.1390625 0.7296875 0.1390625 0.615625
0 0.0671875 0.3203125 0.0015625 0.3203125 0.0015625 0.471875 0.0671875 0.471875 0.0671875 0.3203125
0 0.4015625 0.925 0.246875 0.925 0.246875 1.0 0.4015625 1.0 0.4015625 0.925
0 0.696875 0.6859375 0.4671875 0.6859375 0.4671875 1.0 0.696875 1.0 0.696875 0.6859375
0 0.484375 0.74375 0.275 0.74375 0.275 1.0 0.484375 1.0 0.484375 0.74375
0 0.240625 0.6234375 0.1453125 0.6234375 0.1453125 0.7859375 0.240625 0.7859375 0.240625 0.6234375
0 0.58125 0.496875 0.3671875 0.496875 0.3671875 0.696875 0.58125 0.696875 0.58125 0.496875
0 0.3375 0.3734375 0.2515625 0.3734375 0.2515625 0.4859375 0.3375 0.4859375 0.3375 0.3734375
0 0.7046875 0.215625 0.6328125 0.215625 0.6328125 0.4421875 0.7046875 0.4421875 0.7046875 0.215625
0 0.4203125 0.1703125 0.315625 0.1703125 0.315625 0.303125 0.4203125 0.303125 0.4203125 0.1703125
0 0.2765625 0.1125 0.15 0.1125 0.15 0.2703125 0.2765625 0.2703125 0.2765625 0.1125
0 0.4453125 0.0265625 0.3421875 0.0265625 0.3421875 0.146875 0.4453125 0.146875 0.4453125 0.0265625
0 0.7109375 0.0015625 0.5765625 0.0015625 0.5765625 0.0859375 0.7109375 0.0859375 0.7109375 0.0015625
0 0.565625 0.0015625 0.4765625 0.0015625 0.4765625 0.065625 0.565625 0.065625 0.565625 0.0015625
0 0.9515625 0.0296875 0.7375 0.0296875 0.7375 0.49375 0.9515625 0.49375 0.9515625 0.0296875
0 0.775 0.159375 0.703125 0.159375 0.703125 0.2890625 0.775 0.2890625 0.775 0.159375
0 1.0 0.0015625 0.9140625 0.0015625 0.9140625 0.3296875 1.0 0.3296875 1.0 0.0015625
0 0.4953125 0.8078125 0.2546875 0.8078125 0.2546875 1.0 0.4953125 1.0 0.4953125 0.8078125
0 0.215625 0.5109375 0.1078125 0.5109375 0.1078125 0.6671875 0.215625 0.6671875 0.215625 0.5109375
0 0.3640625 0.30625 0.1921875 0.30625 0.1921875 0.625 0.3640625 0.625 0.3640625 0.30625
0 0.409375 0.103125 0.2484375 0.103125 0.2484375 0.2140625 0.409375 0.2140625 0.409375 0.103125
0 0.0484375 0.6015625 0.0015625 0.6015625 0.0015625 0.6859375 0.0484375 0.6859375 0.0484375 0.6015625
0 0.11875 0.8984375 0.0171875 0.8984375 0.0171875 1.0 0.11875 1.0 0.11875 0.8984375
0 0.0640625 0.4265625 0.0015625 0.4265625 0.0015625 0.5453125 0.0640625 0.5453125 0.0640625 0.4265625
0 0.221875 0.1015625 0.028125 0.1015625 0.028125 0.4015625 0.221875 0.4015625 0.221875 0.1015625
0 0.9703125 0.0015625 0.3375 0.0015625 0.3375 1.0 0.9703125 1.0 0.9703125 0.0015625
0 0.184375 0.6890625 0.0109375 0.6890625 0.0109375 0.9390625 0.184375 0.9390625 0.184375 0.6890625
0 0.2859375 0.5125 0.196875 0.5125 0.196875 0.7796875 0.2859375 0.7796875 0.2859375 0.5125
0 1.0 0.70625 0.8421875 0.70625 0.8421875 1.0 1.0 1.0 1.0 0.70625
0 1.0 0.3890625 0.9625 0.3890625 0.9625 0.765625 1.0 0.765625 1.0 0.3890625
0 1.0 0.0015625 0.94375 0.0015625 0.94375 0.0203125 1.0 0.0203125 1.0 0.0015625
