0 0.5578125 0.3296875 0.390625 0.3296875 0.390625 0.4453125 0.5578125 0.4453125 0.5578125 0.3296875
0 0.321875 0.2828125 0.15625 0.2828125 0.15625 0.359375 0.321875 0.359375 0.321875 0.2828125
0 0.315625 0.1328125 0.109375 0.1328125 0.109375 0.3125 0.315625 0.3125 0.315625 0.1328125
0 0.6421875 0.0015625 0.5421875 0.0015625 0.5421875 0.171875 0.6421875 0.171875 0.6421875 0.0015625
0 0.6609375 0.50625 0.5984375 0.50625 0.5984375 0.653125 0.6609375 0.653125 0.6609375 0.50625
0 0.859375 0.2515625 0.7609375 0.2515625 0.7609375 0.5515625 0.859375 0.5515625 0.859375 0.2515625
0 0.5765625 0.7890625 0.4140625 0.7890625 0.4140625 0.9546875 0.5765625 0.9546875 0.5765625 0.7890625
0 0.671875 0.61875 0.5703125 0.61875 0.5703125 0.8953125 0.671875 0.8953125 0.671875 0.61875
0 0.8078125 0.6546875 0.7 0.6546875 0.7 0.7734375 0.8078125 0.7734375 0.8078125 0.6546875
0 0.384375 0.55625 0.1734375 0.55625 0.1734375 0.715625 0.384375 0.715625 0.384375 0.55625
0 0.3109375 0.4625 0.0984375 0.4625 0.0984375 0.609375 0.3109375 0.609375 0.3109375 0.4625
0 0.7140625 0.1328125 0.4625 0.1328125 0.4625 0.30625 0.7140625 0.30625 0.7140625 0.1328125
0 0.2171875 0.0296875 0.0625 0.0296875 0.0625 0.221875 0.2171875 0.221875 0.2171875 0.0296875
0 0.2796875 0.8953125 0.0734375 0.8953125 0.0734375 1.0 0.2796875 1.0 0.2796875 0.8953125
0 0.1328125 0.8234375 0.0015625 0.8234375 0.0015625 1.0 0.1328125 1.0 0.1328125 0.8234375
0 0.05625 0.3046875 0.0015625 0.3046875 0.0015625 0.565625 0.05625 0.565625 0.05625 0.3046875
0 0.36875 0.0875 0.0015625 0.0875 0.0015625 0.5984375 0.36875 0.5984375 0.36875 0.0875
0 0.3390625 0.0015625 0.0328125 0.0015625 0.0328125 0.1765625 0.3390625 0.1765625 0.3390625 0.0015625
0 0.1359375 0.0015625 0.0015625 0.0015625 0.0015625 0.0203125 0.1359375 0.0203125 0.1359375 0.0015625
0 0.5609375 0.9484375 0.4984375 0.9484375 0.4984375 1.0 0.5609375 1.0 0.5609375 0.9484375
0 0.49375 0.8125 0.3125 0.8125 0.3125 1.0 0.49375 1.0 0.49375 0.8125
0 0.3328125 0.8328125 0.196875 0.8328125 0.196875 0.971875 0.3328125 0.971875 0.3328125 0.8328125
0 0.4203125 0.66875 0.1125 0.66875 0.1125 0.8625 0.4203125 0.8625 0.4203125 0.66875
0 0.56875 0.675 0.365625 0.675 0.365625 0.8140625 0.56875 0.8140625 0.56875 0.675
0 0.2609375 0.565625 0.0390625 0.565625 0.0390625 0.8234375 0.2609375 0.8234375 0.2609375 0.565625
0 0.603125 0.5015625 0.4796875 0.5015625 0.4796875 0.696875 0.603125 0.696875 0.603125 0.5015625
0 0.5125 0.3875 0.3921875 0.3875 0.3921875 0.675 0.5125 0.675 0.5125 0.3875
0 0.8 0.1578125 0.51875 0.1578125 0.51875 0.5984375 0.8 0.5984375 0.8 0.1578125
0 0.584375 0.0171875 0.2359375 0.0171875 0.2359375 0.3765625 0.584375 0.3765625 0.584375 0.0171875
0 0.8296875 0.0015625 0.5828125 0.0015625 0.5828125 0.2015625 0.8296875 0.2015625 0.8296875 0.0015625
0 0.5203125 0.0015625 0.3375 0.0015625 0.3375 0.046875 0.5203125 0.046875 0.5203125 0.0015625
0 0.5375 0.9234375 0.4421875 0.9234375 0.4421875 1.0 0.5375 1.0 0.5375 0.9234375
0 0.021875 0.8234375 0.0015625 0.8234375 0.0015625 0.9734375 0.021875 0.9734375 0.021875 0.8234375
0 0.359375 0.709375 0.1828125 0.709375 0.1828125 0.884375 0.359375 0.884375 0.359375 0.709375
0 0.5796875 0.475 0.35625 0.475 0.35625 0.7484375 0.5796875 0.7484375 0.5796875 0.475
0 0.3640625 0.4640625 0.021875 0.4640625 0.021875 0.803125 0.3640625 0.803125 0.3640625 0.4640625
0 0.015625 0.028125 0.0015625 0.028125 0.0015625 0.065625 0.015625 0.065625 0.015625 0.028125
0 0.315625 0.0015625 0.215625 0.0015625 0.215625 0.0953125 0.315625 0.0953125 0.315625 0.0015625
0 0.7765625 0.0078125 0.68125 0.0078125 0.68125 0.115625 0.7765625 0.115625 0.7765625 0.0078125
0 1.0 0.0015625 0.525 0.0015625 0.525 1.0 1.0 1.0 1.0 0.0015625
0 0.315625 0.596875 0.0015625 0.596875 0.0015625 1.0 0.315625 1.0 0.315625 0.596875
0 0.18125 0.0015625 0.034375 0.0015625 0.034375 0.04375 0.18125 0.04375 0.18125 0.0015625
0 0.6109375 0.403125 0.4328125 0.403125 0.4328125 0.6734375 0.6109375 0.6734375 0.6109375 0.403125
0 0.5328125 0.2953125 0.290625 0.2953125 0.290625 0.653125 0.5328125 0.653125 0.5328125 0.2953125
0 0.4390625 0.2515625 0.209375 0.2515625 0.209375 0.3375 0.4390625 0.3375 0.4390625 0.2515625
0 0.7171875 0.0015625 0.653125 0.0015625 0.653125 0.04375 0.7171875 0.04375 0.7171875 0.0015625
0 0.8953125 0.00625 0.7046875 0.00625 0.7046875 0.16875 0.8953125 0.16875 0.8953125 0.00625
