0 1.0 0.7921875 0.9875 0.7921875 0.9875 0.803125 1.0 0.803125 1.0 0.7921875
0 0.7921875 0.2265625 0.6328125 0.2265625 0.6328125 0.365625 0.7921875 0.365625 0.7921875 0.2265625
0 1.0 0.5296875 0.521875 0.5296875 0.521875 1.0 1.0 1.0 1.0 0.5296875
0 0.484375 0.7546875 0.3640625 0.7546875 0.3640625 0.896875 0.484375 0.896875 0.484375 0.7546875
0 0.996875 0.0015625 0.8828125 0.0015625 0.8828125 0.2359375 0.996875 0.2359375 0.996875 0.0015625
0 0.7359375 0.0015625 0.5953125 0.0015625 0.5953125 0.115625 0.7359375 0.115625 0.7359375 0.0015625
0 0.375 0.0015625 0.3 0.0015625 0.3 0.0359375 0.375 0.0359375 0.375 0.0015625
0 0.653125 0.903125 0.45 0.903125 0.45 1.0 0.653125 1.0 0.653125 0.903125
0 0.6203125 0.6828125 0.340625 0.6828125 0.340625 0.9421875 0.6203125 0.9421875 0.6203125 0.6828125
0 0.5234375 0.15 0.44375 0.15 0.44375 0.29375 0.5234375 0.29375 0.5234375 0.15
0 0.909375 0.0296875 0.5328125 0.0296875 0.5328125 0.228125 0.909375 0.228125 0.909375 0.0296875
0 1.0 0.559375 0.934375 0.559375 0.934375 0.7921875 1.0 0.7921875 1.0 0.559375
0 0.6828125 0.89375 0.5640625 0.89375 0.5640625 1.0 0.6828125 1.0 0.6828125 0.89375
0 0.74375 0.4234375 0.56875 0.4234375 0.56875 0.6203125 0.74375 0.6203125 0.74375 0.4234375
0 0.99375 0.35 0.7625 0.35 0.7625 0.55 0.99375 0.55 0.99375 0.35
0 0.56875 0.778125 0.3796875 0.778125 0.3796875 0.9125 0.56875 0.9125 0.56875 0.778125
0 0.7015625 0.059375 0.4203125 0.059375 0.4203125 0.3046875 0.7015625 0.3046875 0.7015625 0.059375
0 0.3890625 0.0015625 0.284375 0.0015625 0.284375 0.225 0.3890625 0.225 0.3890625 0.0015625
0 0.8484375 0.0015625 0.7546875 0.0015625 0.7546875 0.0796875 0.8484375 0.0796875 0.8484375 0.0015625
0 1.0 0.2484375 0.9296875 0.2484375 0.9296875 0.4375 1.0 0.4375 1.0 0.2484375
0 0.9265625 0.0015625 0.86875 0.0015625 0.86875 0.0546875 0.9265625 0.0546875 0.9265625 0.0015625
0 0.25625 0.6328125 0.0015625 0.6328125 0.0015625 1.0 0.25625 1.0 0.25625 0.6328125
0 0.1890625 0.3921875 0.0015625 0.3921875 0.0015625 0.7421875 0.1890625 0.7421875 0.1890625 0.3921875
0 0.246875 0.3484375 0.171875 0.3484375 0.171875 0.5265625 0.246875 0.5265625 0.246875 0.3484375
0 0.3796875 0.0015625 0.040625 0.0015625 0.040625 0.45625 0.3796875 0.45625 0.3796875 0.0015625
0 0.15625 0.0015625 0.0015625 0.0015625 0.0015625 0.1265625 0.15625 0.1265625 0.15625 0.0015625
0 0.45625 0.0015625 0.3421875 0.0015625 0.3421875 0.1046875 0.45625 0.1046875 0.45625 0.0015625
0 1.0 0.79375 0.8828125 0.79375 0.8828125 0.896875 1.0 0.896875 1.0 0.79375
0 0.95625 0.4375 0.8375 0.4375 0.8375 0.5296875 0.95625 0.5296875 0.95625 0.4375
0 0.7703125 0.0015625 0.69375 0.0015625 0.69375 0.0375 0.7703125 0.0375 0.7703125 0.0015625
0 0.596875 0.890625 0.3109375 0.890625 0.3109375 1.0 0.596875 1.0 0.596875 0.890625
0 0.203125 0.3078125 0.03125 0.3078125 0.03125 0.728125 0.203125 0.728125 0.203125 0.3078125
0 0.8875 0.0015625 0.834375 0.0015625 0.834375 0.040625 0.8875 0.040625 0.8875 0.0015625
0 0.4875 0.459375 0.21875 0.459375 0.21875 1.0 0.4875 1.0 0.4875 0.459375
0 0.334375 0.0015625 0.1734375 0.0015625 0.1734375 0.0828125 0.334375 0.0828125 0.334375 0.0015625
0 0.9234375 0.7015625 0.6890625 0.7015625 0.6890625 1.0 0.9234375 1.0 0.9234375 0.7015625
0 0.8 0.565625 0.553125 0.565625 0.553125 0.859375 0.8 0.859375 0.8 0.565625
0 0.925 0.5421875 0.746875 0.5421875 0.746875 0.6796875 0.925 0.6796875 0.925 0.5421875
0 0.43125 0.19375 0.3453125 0.19375 0.3453125 0.4234375 0.43125 0.4234375 0.43125 0.19375
0 0.815625 0.009375 0.5828125 0.009375 0.5828125 0.1625 0.815625 0.1625 0.815625 0.009375
0 0.659375 0.0015625 0.5015625 0.0015625 0.5015625 0.0578125 0.659375 0.0578125 0.659375 0.0015625
0 1.0 0.1 0.8640625 0.1 0.8640625 0.953125 1.0 0.953125 1.0 0.1
0 1.0 0.0015625 0.996875 0.0015625 0.996875 0.115625 1.0 0.115625 1.0 0.0015625
