0 0.2328125 0.0015625 0.171875 0.0015625 0.171875 0.24375 0.2328125 0.24375 0.2328125 0.0015625
0 0.05625 0.7140625 0.0015625 0.7140625 0.0015625 1.0 0.05625 1.0 0.05625 0.7140625
0 0.2859375 0.896875 0.18125 0.896875 0.18125 1.0 0.2859375 1.0 0.2859375 0.896875
0 0.29375 0.5984375 0.071875 0.5984375 0.071875 0.9734375 0.29375 0.9734375 0.29375 0.5984375
0 0.0984375 0.3703125 0.0015625 0.3703125 0.0015625 0.5984375 0.0984375 0.5984375 0.0984375 0.3703125
0 0.209375 0.0015625 0.034375 0.0015625 0.034375 0.3953125 0.209375 0.3953125 0.209375 0.0015625
0 0.059375 0.0015625 0.0015625 0.0015625 0.0015625 0.084375 0.059375 0.084375 0.059375 0.0015625
0 1.0 0.825 0.69375 0.825 0.69375 1.0 1.0 1.0 1.0 0.825
0 0.76875 0.0421875 0.575 0.0421875 0.575 0.80625 0.76875 0.80625 0.76875 0.0421875
0 1.0 0.3546875 0.7234375 0.3546875 0.7234375 0.64375 1.0 0.64375 1.0 0.3546875
0 1.0 0.0015625 0.94375 0.0015625 0.94375 0.0375 1.0 0.0375 1.0 0.0015625
0 1.0 0.0015625 0.0015625 0.0015625 0.0015625 1.0 1.0 1.0 1.0 0.0015625
0 0.09375 0.0015625 0.00625 0.0015625 0.00625 0.0625 0.09375 0.0625 0.09375 0.0015625
0 0.7078125 0.5484375 0.4625 0.5484375 0.4625 0.8546875 0.7078125 0.8546875 0.7078125 0.5484375
0 1.0 0.0390625 0.6359375 0.0390625 0.6359375 0.828125 1.0 0.828125 1.0 0.0390625
0 0.921875 0.425 0.7984375 0.425 0.7984375 0.53125 0.921875 0.53125 0.921875 0.425
