0 0.65 0.0015625 0.0015625 0.0015625 0.0015625 1.0 0.65 1.0 0.65 0.0015625
0 1.0 0.9328125 0.9453125 0.9328125 0.9453125 1.0 1.0 1.0 1.0 0.9328125
0 0.9953125 0.7015625 0.4625 0.7015625 0.4625 1.0 0.9953125 1.0 0.9953125 0.7015625
0 1.0 0.0015625 0.5875 0.0015625 0.5875 0.7171875 1.0 0.7171875 1.0 0.0015625
0 0.7203125 0.0015625 0.675 0.0015625 0.675 0.0109375 0.7203125 0.0109375 0.7203125 0.0015625
0 1.0 0.275 0.909375 0.275 0.909375 0.3484375 1.0 0.3484375 1.0 0.275
0 0.9234375 0.940625 0.7453125 0.940625 0.7453125 1.0 0.9234375 1.0 0.9234375 0.940625
0 0.578125 0.4828125 0.14375 0.4828125 0.14375 1.0 0.578125 1.0 0.578125 0.4828125
0 0.534375 0.0609375 0.08125 0.0609375 0.08125 0.5546875 0.534375 0.5546875 0.534375 0.0609375
0 0.6484375 0.0015625 0.43125 0.0015625 0.43125 0.0671875 0.6484375 0.0671875 0.6484375 0.0015625
0 0.7421875 0.69375 0.5625 0.69375 0.5625 0.90625 0.7421875 0.90625 0.7421875 0.69375
0 1.0 0.6296875 0.8921875 0.6296875 0.8921875 0.840625 1.0 0.840625 1.0 0.6296875
0 1.0 0.3125 0.828125 0.3125 0.828125 0.6265625 1.0 0.6265625 1.0 0.3125
0 0.4234375 0.3484375 0.24375 0.3484375 0.24375 0.540625 0.4234375 0.540625 0.4234375 0.3484375
0 0.6375 0.334375 0.5140625 0.334375 0.5140625 0.465625 0.6375 0.465625 0.6375 0.334375
0 1.0 0.0015625 0.8921875 0.0015625 0.8921875 0.0296875 1.0 0.0296875 1.0 0.0015625
0 0.1953125 0.4609375 0.0015625 0.4609375 0.0015625 1.0 0.1953125 1.0 0.1953125 0.4609375
0 0.725 0.628125 0.3875 0.628125 0.3875 1.0 0.725 1.0 0.725 0.628125
0 0.55625 0.684375 0.378125 0.684375 0.378125 0.9359375 0.55625 0.9359375 0.55625 0.684375
0 0.9 0.8953125 0.690625 0.8953125 0.690625 1.0 0.9 1.0 0.9 0.8953125
0 1.0 0.890625 0.98125 0.890625 0.98125 0.9171875 1.0 0.9171875 1.0 0.890625
0 1.0 0.134375 0.8359375 0.134375 0.8359375 0.3796875 1.0 0.3796875 1.0 0.134375
0 0.721875 0.0015625 0.6296875 0.0015625 0.6296875 0.2296875 0.721875 0.2296875 0.721875 0.0015625
0 0.7140625 0.3875 0.365625 0.3875 0.365625 1.0 0.7140625 1.0 0.7140625 0.3875
