0 0.59375 0.4609375 0.2234375 0.4609375 0.2234375 1.0 0.59375 1.0 0.59375 0.4609375
0 0.1875 0.471875 0.096875 0.471875 0.096875 0.7015625 0.1875 0.7015625 0.1875 0.471875
0 0.3828125 0.4796875 0.278125 0.4796875 0.278125 0.596875 0.3828125 0.596875 0.3828125 0.4796875
0 0.3140625 0.425 0.196875 0.425 0.196875 0.6 0.3140625 0.6 0.3140625 0.425
0 0.13125 0.0015625 0.0390625 0.0015625 0.0390625 0.1109375 0.13125 0.1109375 0.13125 0.0015625
0 1.0 0.9578125 0.8921875 0.9578125 0.8921875 1.0 1.0 1.0 1.0 0.9578125
0 0.559375 0.3578125 0.4453125 0.3578125 0.4453125 0.50625 0.559375 0.50625 0.559375 0.3578125
0 0.8671875 0.540625 0.7421875 0.540625 0.7421875 0.771875 0.8671875 0.771875 0.8671875 0.540625
0 1.0 0.546875 0.921875 0.546875 0.921875 0.671875 1.0 0.671875 1.0 0.546875
0 0.7578125 0.1671875 0.5046875 0.1671875 0.5046875 0.5234375 0.7578125 0.5234375 0.7578125 0.1671875
0 0.8984375 0.4546875 0.70625 0.4546875 0.70625 0.659375 0.8984375 0.659375 0.8984375 0.4546875
0 0.64375 0.0015625 0.5609375 0.0015625 0.5609375 0.1015625 0.64375 0.1015625 0.64375 0.0015625
0 0.00625 0.978125 0.0015625 0.978125 0.0015625 0.990625 0.00625 0.990625 0.00625 0.978125
0 0.115625 0.759375 0.0015625 0.759375 0.0015625 0.9109375 0.115625 0.9109375 0.115625 0.759375
0 0.76875 0.9359375 0.6984375 0.9359375 0.6984375 1.0 0.76875 1.0 0.76875 0.9359375
0 0.03125 0.85625 0.0015625 0.85625 0.0015625 0.9515625 0.03125 0.9515625 0.03125 0.85625
0 0.1953125 0.696875 0.06875 0.696875 0.06875 1.0 0.1953125 1.0 0.1953125 0.696875
0 0.725 0.3453125 0.628125 0.3453125 0.628125 0.4921875 0.725 0.4921875 0.725 0.3453125
0 0.8984375 0.3328125 0.7859375 0.3328125 0.7859375 0.4515625 0.8984375 0.4515625 0.8984375 0.3328125
0 0.1125 0.6125 0.0015625 0.6125 0.0015625 0.8875 0.1125 0.8875 0.1125 0.6125
0 0.75625 0.334375 0.6375 0.334375 0.6375 0.4265625 0.75625 0.4265625 0.75625 0.334375
0 0.9734375 0.0015625 0.715625 0.0015625 0.715625 0.1484375 0.9734375 0.1484375 0.9734375 0.0015625
0 1.0 0.74375 0.878125 0.74375 0.878125 0.9296875 1.0 0.9296875 1.0 0.74375
0 0.809375 0.43125 0.6234375 0.43125 0.6234375 0.5765625 0.809375 0.5765625 0.809375 0.43125
0 0.5046875 0.053125 0.4046875 0.053125 0.4046875 0.196875 0.5046875 0.196875 0.5046875 0.053125
0 0.4734375 0.1953125 0.3875 0.1953125 0.3875 0.3984375 0.4734375 0.3984375 0.4734375 0.1953125
0 0.575 0.1953125 0.4796875 0.1953125 0.4796875 0.3640625 0.575 0.3640625 0.575 0.1953125
0 0.846875 0.146875 0.721875 0.146875 0.721875 0.3296875 0.846875 0.3296875 0.846875 0.146875
0 0.6328125 0.090625 0.575 0.090625 0.575 0.2640625 0.6328125 0.2640625 0.6328125 0.090625
0 0.1234375 0.90625 0.0015625 0.90625 0.0015625 1.0 0.1234375 1.0 0.1234375 0.90625
0 0.8328125 0.859375 0.6375 0.859375 0.6375 1.0 0.8328125 1.0 0.8328125 0.859375
0 0.0984375 0.590625 0.0015625 0.590625 0.0015625 0.7484375 0.0984375 0.7484375 0.0984375 0.590625
0 0.76875 0.4140625 0.575 0.4140625 0.575 0.7078125 0.76875 0.7078125 0.76875 0.4140625
0 0.840625 0.540625 0.759375 0.540625 0.759375 0.7203125 0.840625 0.7203125 0.840625 0.540625
0 0.1890625 0.103125 0.1078125 0.103125 0.1078125 0.4234375 0.1890625 0.4234375 0.1890625 0.103125
0 0.709375 0.1296875 0.56875 0.1296875 0.56875 0.30625 0.709375 0.30625 0.709375 0.1296875
0 1.0 0.6625 0.8765625 0.6625 0.8765625 0.771875 1.0 0.771875 1.0 0.6625
0 1.0 0.45 0.971875 0.45 0.971875 0.584375 1.0 0.584375 1.0 0.45
0 0.3453125 0.4671875 0.140625 0.4671875 0.140625 0.696875 0.3453125 0.696875 0.3453125 0.4671875
0 0.3609375 0.2484375 0.2234375 0.2484375 0.2234375 0.4328125 0.3609375 0.4328125 0.3609375 0.2484375
0 0.6203125 0.0015625 0.115625 0.0015625 0.115625 0.4078125 0.6203125 0.4078125 0.6203125 0.0015625
0 0.1390625 0.0671875 0.028125 0.0671875 0.028125 0.2625 0.1390625 0.2625 0.1390625 0.0671875
0 0.0953125 0.0015625 0.05 0.0015625 0.05 0.05 0.0953125 0.05 0.0953125 0.0015625
0 0.7046875 0.940625 0.6046875 0.940625 0.6046875 1.0 0.7046875 1.0 0.7046875 0.940625
0 1.0 0.85625 0.9515625 0.85625 0.9515625 0.990625 1.0 0.990625 1.0 0.85625
0 0.6640625 0.7046875 0.54375 0.7046875 0.54375 0.85625 0.6640625 0.85625 0.6640625 0.7046875
0 1.0 0.0015625 0.6375 0.0015625 0.6375 0.653125 1.0 0.653125 1.0 0.0015625
0 0.6859375 0.2 0.5578125 0.2 0.5578125 0.35 0.6859375 0.35 0.6859375 0.2
0 0.1375 0.6078125 0.0671875 0.6078125 0.0671875 0.865625 0.1375 0.865625 0.1375 0.6078125
0 0.046875 0.0015625 0.0015625 0.0015625 0.0015625 0.05 0.046875 0.05 0.046875 0.0015625
0 0.021875 0.5859375 0.0015625 0.5859375 0.0015625 0.609375 0.021875 0.609375 0.021875 0.5859375
0 0.38125 0.9921875 0.3671875 0.9921875 0.3671875 1.0 0.38125 1.0 0.38125 0.9921875
0 0.2015625 0.29375 0.075 0.29375 0.075 0.6390625 0.2015625 0.6390625 0.2015625 0.29375
0 0.4328125 0.1546875 0.19375 0.1546875 0.19375 0.525 0.4328125 0.525 0.4328125 0.1546875
0 0.1125 0.059375 0.0015625 0.059375 0.0015625 0.2703125 0.1125 0.2703125 0.1125 0.059375
0 0.95625 0.621875 0.465625 0.621875 0.465625 1.0 0.95625 1.0 0.95625 0.621875
0 0.6515625 0.0015625 0.5828125 0.0015625 0.5828125 0.0171875 0.6515625 0.0171875 0.6515625 0.0015625
0 1.0 0.709375 0.865625 0.709375 0.865625 1.0 1.0 1.0 1.0 0.709375
0 0.940625 0.515625 0.8625 0.515625 0.8625 0.665625 0.940625 0.665625 0.940625 0.515625
0 0.4609375 0.040625 0.2359375 0.040625 0.2359375 0.234375 0.4609375 0.234375 0.4609375 0.040625
0 1.0 0.4859375 1.0 0.4859375 1.0 0.4890625 1.0 0.4890625 1.0 0.4859375
0 1.0 0.38125 0.9546875 0.38125 0.9546875 0.4515625 1.0 0.4515625 1.0 0.38125
