0 0.7796875 0.9734375 0.7515625 0.9734375 0.7515625 1.0 0.7796875 1.0 0.7796875 0.9734375
0 0.24375 0.9328125 0.1171875 0.9328125 0.1171875 1.0 0.24375 1.0 0.24375 0.9328125
0 0.1296875 0.5234375 0.0015625 0.5234375 0.0015625 0.628125 0.1296875 0.628125 0.1296875 0.5234375
0 0.1 0.0015625 0.0203125 0.0015625 0.0203125 0.0765625 0.1 0.0765625 0.1 0.0015625
0 0.86875 0.04375 0.7546875 0.04375 0.7546875 0.2046875 0.86875 0.2046875 0.86875 0.04375
0 0.825 0.821875 0.7578125 0.821875 0.7578125 0.9546875 0.825 0.9546875 0.825 0.821875
0 0.321875 0.7265625 0.2140625 0.7265625 0.2140625 0.8625 0.321875 0.8625 0.321875 0.7265625
0 0.9890625 0.9953125 0.971875 0.9953125 0.971875 1.0 0.9890625 1.0 0.9890625 0.9953125
0 1.0 0.4859375 0.9875 0.4859375 0.9875 0.54375 1.0 0.54375 1.0 0.4859375
0 0.8703125 0.3359375 0.7296875 0.3359375 0.7296875 0.4359375 0.8703125 0.4359375 0.8703125 0.3359375
0 0.8828125 0.228125 0.8015625 0.228125 0.8015625 0.34375 0.8828125 0.34375 0.8828125 0.228125
0 0.6546875 0.0015625 0.5046875 0.0015625 0.5046875 0.3453125 0.6546875 0.3453125 0.6546875 0.0015625
0 0.8203125 0.1234375 0.721875 0.1234375 0.721875 0.30625 0.8203125 0.30625 0.8203125 0.1234375
0 0.80625 0.0015625 0.70625 0.0015625 0.70625 0.1390625 0.80625 0.1390625 0.80625 0.0015625
0 0.18125 0.9890625 0.153125 0.9890625 0.153125 1.0 0.18125 1.0 0.18125 0.9890625
0 0.275 0.85625 0.1640625 0.85625 0.1640625 1.0 0.275 1.0 0.275 0.85625
0 0.434375 0.6546875 0.3171875 0.6546875 0.3171875 0.865625 0.434375 0.865625 0.434375 0.6546875
0 0.2671875 0.1125 0.15625 0.1125 0.15625 0.35625 0.2671875 0.35625 0.2671875 0.1125
0 1.0 0.9703125 0.9796875 0.9703125 0.9796875 1.0 1.0 1.0 1.0 0.9703125
0 0.76875 0.85 0.6484375 0.85 0.6484375 1.0 0.76875 1.0 0.76875 0.85
0 0.578125 0.709375 0.490625 0.709375 0.490625 0.8796875 0.578125 0.8796875 0.578125 0.709375
0 0.8625 0.4359375 0.7046875 0.4359375 0.7046875 0.75625 0.8625 0.75625 0.8625 0.4359375
0 0.8234375 0.421875 0.690625 0.421875 0.690625 0.55625 0.8234375 0.55625 0.8234375 0.421875
0 0.578125 0.3546875 0.5015625 0.3546875 0.5015625 0.4625 0.578125 0.4625 0.578125 0.3546875
0 0.478125 0.0015625 0.4625 0.0015625 0.4625 0.0109375 0.478125 0.0109375 0.478125 0.0015625
0 0.5828125 0.5078125 0.45 0.5078125 0.45 0.6640625 0.5828125 0.6640625 0.5828125 0.5078125
0 0.6015625 0.1578125 0.45 0.1578125 0.45 0.4703125 0.6015625 0.4703125 0.6015625 0.1578125
0 0.3765625 0.0015625 0.2125 0.0015625 0.2125 0.1875 0.3765625 0.1875 0.3765625 0.0015625
0 1.0 0.0015625 0.0015625 0.0015625 0.0015625 1.0 1.0 1.0 1.0 0.0015625
