0 0.9984375 0.7859375 0.8359375 0.7859375 0.8359375 0.94375 0.9984375 0.94375 0.9984375 0.7859375
0 1.0 0.7265625 0.9671875 0.7265625 0.9671875 0.7703125 1.0 0.7703125 1.0 0.7265625
0 0.3546875 0.590625 0.13125 0.590625 0.13125 0.7828125 0.3546875 0.7828125 0.3546875 0.590625
0 0.11875 0.384375 0.0015625 0.384375 0.0015625 0.5265625 0.11875 0.5265625 0.11875 0.384375
0 0.63125 0.9015625 0.59375 0.9015625 0.59375 1.0 0.63125 1.0 0.63125 0.9015625
0 0.6578125 0.7 0.4484375 0.7 0.4484375 0.8109375 0.6578125 0.8109375 0.6578125 0.7
0 0.840625 0.496875 0.6890625 0.496875 0.6890625 0.85 0.840625 0.85 0.840625 0.496875
0 0.540625 0.5328125 0.434375 0.5328125 0.434375 0.75625 0.540625 0.75625 0.540625 0.5328125
0 0.809375 0.26875 0.5875 0.26875 0.5875 0.475 0.809375 0.475 0.809375 0.26875
0 0.553125 0.0671875 0.35625 0.0671875 0.35625 0.3234375 0.553125 0.3234375 0.553125 0.0671875
0 0.703125 0.0015625 0.590625 0.0015625 0.590625 0.1671875 0.703125 0.1671875 0.703125 0.0015625
0 0.7859375 0.0015625 0.7078125 0.0015625 0.7078125 0.021875 0.7859375 0.021875 0.7859375 0.0015625
0 0.2265625 0.8015625 0.0140625 0.8015625 0.0140625 1.0 0.2265625 1.0 0.2265625 0.8015625
0 0.60625 0.9453125 0.5828125 0.9453125 0.5828125 1.0 0.60625 1.0 0.60625 0.9453125
0 0.35625 0.7578125 0.215625 0.7578125 0.215625 1.0 0.35625 1.0 0.35625 0.7578125
0 0.66875 0.2 0.2984375 0.2 0.2984375 0.6546875 0.66875 0.6546875 0.66875 0.2
0 0.85625 0.334375 0.75625 0.334375 0.75625 0.66875 0.85625 0.66875 0.85625 0.334375
0 0.3484375 0.228125 0.2078125 0.228125 0.2078125 0.4421875 0.3484375 0.4421875 0.3484375 0.228125
0 0.0671875 0.959375 0.0046875 0.959375 0.0046875 1.0 0.0671875 1.0 0.0671875 0.959375
0 0.8390625 0.978125 0.7890625 0.978125 0.7890625 1.0 0.8390625 1.0 0.8390625 0.978125
0 1.0 0.678125 0.96875 0.678125 0.96875 0.725 1.0 0.725 1.0 0.678125
0 0.1828125 0.990625 0.146875 0.990625 0.146875 1.0 0.1828125 1.0 0.1828125 0.990625
0 0.18125 0.6 0.0015625 0.6 0.0015625 0.8953125 0.18125 0.8953125 0.18125 0.6
0 0.1953125 0.359375 0.0015625 0.359375 0.0015625 0.5515625 0.1953125 0.5515625 0.1953125 0.359375
0 0.1765625 0.0859375 0.0015625 0.0859375 0.0015625 0.2625 0.1765625 0.2625 0.1765625 0.0859375
0 0.553125 0.753125 0.3453125 0.753125 0.3453125 1.0 0.553125 1.0 0.553125 0.753125
0 0.840625 0.753125 0.5703125 0.753125 0.5703125 1.0 0.840625 1.0 0.840625 0.753125
0 0.69375 0.6609375 0.578125 0.6609375 0.578125 0.75625 0.69375 0.75625 0.69375 0.6609375
0 0.403125 0.584375 0.315625 0.584375 0.315625 0.7453125 0.403125 0.7453125 0.403125 0.584375
0 0.7484375 0.4109375 0.60625 0.4109375 0.60625 0.5140625 0.7484375 0.5140625 0.7484375 0.4109375
0 0.2265625 0.2796875 0.096875 0.2796875 0.096875 0.39375 0.2265625 0.39375 0.2265625 0.2796875
0 0.5828125 0.2734375 0.4703125 0.2734375 0.4703125 0.3671875 0.5828125 0.3671875 0.5828125 0.2734375
0 0.48125 0.0640625 0.2453125 0.0640625 0.2453125 0.3671875 0.48125 0.3671875 0.48125 0.0640625
0 0.6796875 0.078125 0.525 0.078125 0.525 0.2421875 0.6796875 0.2421875 0.6796875 0.078125
0 0.271875 0.090625 0.1671875 0.090625 0.1671875 0.2046875 0.271875 0.2046875 0.271875 0.090625
0 0.7796875 0.0015625 0.6890625 0.0015625 0.6890625 0.2625 0.7796875 0.2625 0.7796875 0.0015625
0 0.9265625 0.3265625 0.8015625 0.3265625 0.8015625 0.7390625 0.9265625 0.7390625 0.9265625 0.3265625
0 0.9359375 0.08125 0.8015625 0.08125 0.8015625 0.3 0.9359375 0.3 0.9359375 0.08125
0 1.0 0.0015625 0.9984375 0.0015625 0.9984375 0.0046875 1.0 0.0046875 1.0 0.0015625
0 1.0 0.0015625 0.0015625 0.0015625 0.0015625 1.0 1.0 1.0 1.0 0.0015625
0 0.01875 0.88125 0.0015625 0.88125 0.0015625 0.9328125 0.01875 0.9328125 0.01875 0.88125
0 0.3828125 0.796875 0.26875 0.796875 0.26875 1.0 0.3828125 1.0 0.3828125 0.796875
0 0.996875 0.8875 0.834375 0.8875 0.834375 1.0 0.996875 1.0 0.996875 0.8875
0 0.6875 0.7734375 0.5296875 0.7734375 0.5296875 1.0 0.6875 1.0 0.6875 0.7734375
0 0.4921875 0.8140625 0.4046875 0.8140625 0.4046875 0.928125 0.4921875 0.928125 0.4921875 0.8140625
0 0.8328125 0.35625 0.440625 0.35625 0.440625 0.9390625 0.8328125 0.9390625 0.8328125 0.35625
0 0.903125 0.6 0.7453125 0.6 0.7453125 0.85 0.903125 0.85 0.903125 0.6
0 0.6953125 0.29375 0.6015625 0.29375 0.6015625 0.4015625 0.6953125 0.4015625 0.6953125 0.29375
