0 0.11875 0.21875 0.0078125 0.21875 0.0078125 0.31875 0.11875 0.31875 0.11875 0.21875
0 0.571875 0.9265625 0.140625 0.9265625 0.140625 1.0 0.571875 1.0 0.571875 0.9265625
0 0.5953125 0.9640625 0.5625 0.9640625 0.5625 1.0 0.5953125 1.0 0.5953125 0.9640625
0 1.0 0.8125 0.809375 0.8125 0.809375 1.0 1.0 1.0 1.0 0.8125
0 0.165625 0.76875 0.0015625 0.76875 0.0015625 0.95 0.165625 0.95 0.165625 0.76875
0 0.08125 0.35625 0.0015625 0.35625 0.0015625 0.625 0.08125 0.625 0.08125 0.35625
0 0.8328125 0.0015625 0.7109375 0.0015625 0.7109375 0.08125 0.8328125 0.08125 0.8328125 0.0015625
0 0.40625 0.9765625 0.3328125 0.9765625 0.3328125 1.0 0.40625 1.0 0.40625 0.9765625
0 0.0890625 0.9875 0.040625 0.9875 0.040625 1.0 0.0890625 1.0 0.0890625 0.9875
0 0.465625 0.55625 0.259375 0.55625 0.259375 0.8078125 0.465625 0.8078125 0.465625 0.55625
0 0.653125 0.93125 0.6078125 0.93125 0.6078125 1.0 0.653125 1.0 0.653125 0.93125
0 0.95625 0.675 0.665625 0.675 0.665625 1.0 0.95625 1.0 0.95625 0.675
0 0.559375 0.8984375 0.4671875 0.8984375 0.4671875 0.996875 0.559375 0.996875 0.559375 0.8984375
0 0.7265625 0.84375 0.6265625 0.84375 0.6265625 0.9390625 0.7265625 0.9390625 0.7265625 0.84375
0 0.4046875 0.7796875 0.2078125 0.7796875 0.2078125 0.9484375 0.4046875 0.9484375 0.4046875 0.7796875
0 0.478125 0.0015625 0.415625 0.0015625 0.415625 0.0734375 0.478125 0.0734375 0.478125 0.0015625
0 0.2171875 0.0015625 0.0015625 0.0015625 0.0015625 0.303125 0.2171875 0.303125 0.2171875 0.0015625
0 0.4390625 0.9390625 0.2484375 0.9390625 0.2484375 1.0 0.4390625 1.0 0.4390625 0.9390625
0 0.5359375 0.5984375 0.45 0.5984375 0.45 0.8203125 0.5359375 0.8203125 0.5359375 0.5984375
0 0.4921875 0.625 0.3875 0.625 0.3875 0.7421875 0.4921875 0.7421875 0.4921875 0.625
0 0.2546875 0.2109375 0.0015625 0.2109375 0.0015625 0.3640625 0.2546875 0.3640625 0.2546875 0.2109375
0 0.396875 0.0015625 0.2375 0.0015625 0.2375 0.1 0.396875 0.1 0.396875 0.0015625
0 0.1125 0.0015625 0.0015625 0.0015625 0.0015625 0.0265625 0.1125 0.0265625 0.1125 0.0015625
0 0.6609375 0.7859375 0.4984375 0.7859375 0.4984375 0.9296875 0.6609375 0.9296875 0.6609375 0.7859375
0 0.4515625 0.6390625 0.1796875 0.6390625 0.1796875 0.8453125 0.4515625 0.8453125 0.4515625 0.6390625
0 0.3890625 0.4421875 0.28125 0.4421875 0.28125 0.6359375 0.3890625 0.6359375 0.3890625 0.4421875
0 0.3453125 0.0953125 0.2109375 0.0953125 0.2109375 0.2546875 0.3453125 0.2546875 0.3453125 0.0953125
0 1.0 0.0015625 0.0015625 0.0015625 0.0015625 1.0 1.0 1.0 1.0 0.0015625
0 0.3359375 0.98125 0.1796875 0.98125 0.1796875 1.0 0.3359375 1.0 0.3359375 0.98125
0 0.0046875 0.1453125 0.0015625 0.1453125 0.0015625 0.1609375 0.0046875 0.1609375 0.0046875 0.1453125
