0 0.275 0.8296875 0.153125 0.8296875 0.153125 0.9265625 0.275 0.9265625 0.275 0.8296875
0 0.4671875 0.7375 0.4125 0.7375 0.4125 0.8796875 0.4671875 0.8796875 0.4671875 0.7375
0 0.3625 0.7734375 0.146875 0.7734375 0.146875 0.8484375 0.3625 0.8484375 0.3625 0.7734375
0 0.35625 0.3078125 0.253125 0.3078125 0.253125 0.465625 0.35625 0.465625 0.35625 0.3078125
0 1.0 0.5359375 0.9359375 0.5359375 0.9359375 0.6828125 1.0 0.6828125 1.0 0.5359375
0 0.175 0.5296875 0.08125 0.5296875 0.08125 0.671875 0.175 0.671875 0.175 0.5296875
0 0.2578125 0.1265625 0.1140625 0.1265625 0.1140625 0.3890625 0.2578125 0.3890625 0.2578125 0.1265625
0 0.1015625 0.0546875 0.04375 0.0546875 0.04375 0.2453125 0.1015625 0.2453125 0.1015625 0.0546875
0 0.009375 0.071875 0.0015625 0.071875 0.0015625 0.121875 0.009375 0.121875 0.009375 0.071875
0 0.334375 0.0375 0.221875 0.0375 0.221875 0.1359375 0.334375 0.1359375 0.334375 0.0375
0 0.4921875 0.378125 0.3703125 0.378125 0.3703125 0.6171875 0.4921875 0.6171875 0.4921875 0.378125
0 0.48125 0.0015625 0.3625 0.0015625 0.3625 0.215625 0.48125 0.215625 0.48125 0.0015625
0 0.5421875 0.83125 0.4359375 0.83125 0.4359375 1.0 0.5421875 1.0 0.5421875 0.83125
0 0.4140625 0.765625 0.3203125 0.765625 0.3203125 0.965625 0.4140625 0.965625 0.4140625 0.765625
0 0.9546875 0.0015625 0.76875 0.0015625 0.76875 0.14375 0.9546875 0.14375 0.9546875 0.0015625
0 0.21875 0.9625 0.13125 0.9625 0.13125 1.0 0.21875 1.0 0.21875 0.9625
0 0.3 0.903125 0.2140625 0.903125 0.2140625 1.0 0.3 1.0 0.3 0.903125
0 0.4375 0.85 0.3171875 0.85 0.3171875 0.9953125 0.4375 0.9953125 0.4375 0.85
0 0.3203125 0.0015625 0.3015625 0.0015625 0.3015625 0.0046875 0.3203125 0.0046875 0.3203125 0.0015625
0 0.7171875 0.76875 0.6265625 0.76875 0.6265625 0.9546875 0.7171875 0.9546875 0.7171875 0.76875
0 0.6796875 0.9546875 0.6421875 0.9546875 0.6421875 1.0 0.6796875 1.0 0.6796875 0.9546875
0 0.334375 0.6546875 0.09375 0.6546875 0.09375 0.903125 0.334375 0.903125 0.334375 0.6546875
0 0.4078125 0.5046875 0.2671875 0.5046875 0.2671875 0.6203125 0.4078125 0.6203125 0.4078125 0.5046875
0 1.0 0.69375 0.8359375 0.69375 0.8359375 0.896875 1.0 0.896875 1.0 0.69375
0 0.515625 0.5421875 0.403125 0.5421875 0.403125 0.84375 0.515625 0.84375 0.515625 0.5421875
0 0.7515625 0.0015625 0.721875 0.0015625 0.721875 0.01875 0.7515625 0.01875 0.7515625 0.0015625
0 0.0546875 0.85625 0.0015625 0.85625 0.0015625 0.925 0.0546875 0.925 0.0546875 0.85625
0 0.3984375 0.528125 0.246875 0.528125 0.246875 0.6328125 0.3984375 0.6328125 0.3984375 0.528125
0 0.9828125 0.2859375 0.8765625 0.2859375 0.8765625 0.4203125 0.9828125 0.4203125 0.9828125 0.2859375
0 0.234375 0.315625 0.0984375 0.315625 0.0984375 0.59375 0.234375 0.59375 0.234375 0.315625
0 0.2296875 0.009375 0.1359375 0.009375 0.1359375 0.1390625 0.2296875 0.1390625 0.2296875 0.009375
0 0.153125 0.0015625 0.0390625 0.0015625 0.0390625 0.096875 0.153125 0.096875 0.153125 0.0015625
0 0.175 0.0015625 0.1734375 0.0015625 0.1734375 0.0015625 0.175 0.0015625 0.175 0.0015625
0 0.4234375 0.9265625 0.334375 0.9265625 0.334375 1.0 0.4234375 1.0 0.4234375 0.9265625
0 0.05625 0.5671875 0.0015625 0.5671875 0.0015625 0.7515625 0.05625 0.7515625 0.05625 0.5671875
0 0.0609375 0.2625 0.0015625 0.2625 0.0015625 0.446875 0.0609375 0.446875 0.0609375 0.2625
0 0.9375 0.8078125 0.8765625 0.8078125 0.8765625 0.9671875 0.9375 0.9671875 0.9375 0.8078125
0 0.3875 0.159375 0.2125 0.159375 0.2125 0.44375 0.3875 0.44375 0.3875 0.159375
0 0.3671875 0.0015625 0.225 0.0015625 0.225 0.075 0.3671875 0.075 0.3671875 0.0015625
0 0.7296875 0.1203125 0.5875 0.1203125 0.5875 0.259375 0.7296875 0.259375 0.7296875 0.1203125
0 0.478125 0.0015625 0.36875 0.0015625 0.36875 0.096875 0.478125 0.096875 0.478125 0.0015625
0 0.89375 0.0015625 0.8234375 0.0015625 0.8234375 0.1171875 0.89375 0.1171875 0.89375 0.0015625
0 0.05 0.725 0.0015625 0.725 0.0015625 0.8703125 0.05 0.8703125 0.05 0.725
0 0.00625 0.68125 0.0015625 0.68125 0.0015625 0.7078125 0.00625 0.7078125 0.00625 0.68125
0 0.928125 0.815625 0.8359375 0.815625 0.8359375 1.0 0.928125 1.0 0.928125 0.815625
0 1.0 0.671875 0.928125 0.671875 0.928125 0.834375 1.0 0.834375 1.0 0.671875
0 0.7890625 0.665625 0.6890625 0.665625 0.6890625 0.8046875 0.7890625 0.8046875 0.7890625 0.665625
0 0.8390625 0.296875 0.6609375 0.296875 0.6609375 0.5234375 0.8390625 0.5234375 0.8390625 0.296875
0 0.875 0.215625 0.803125 0.215625 0.803125 0.3390625 0.875 0.3390625 0.875 0.215625
0 0.06875 0.653125 0.0265625 0.653125 0.0265625 0.9921875 0.06875 0.9921875 0.06875 0.653125
0 0.3234375 0.3859375 0.115625 0.3859375 0.115625 0.6984375 0.3234375 0.6984375 0.3234375 0.3859375
0 1.0 0.2515625 0.98125 0.2515625 0.98125 0.3234375 1.0 0.3234375 1.0 0.2515625
0 0.3328125 0.5734375 0.225 0.5734375 0.225 0.734375 0.3328125 0.734375 0.3328125 0.5734375
0 0.2765625 0.7484375 0.1109375 0.7484375 0.1109375 0.8671875 0.2765625 0.8671875 0.2765625 0.7484375
0 1.0 0.3109375 0.8859375 0.3109375 0.8859375 0.4609375 1.0 0.4609375 1.0 0.3109375
0 0.0578125 0.9171875 0.0015625 0.9171875 0.0015625 1.0 0.0578125 1.0 0.0578125 0.9171875
0 0.040625 0.4921875 0.0015625 0.4921875 0.0015625 0.721875 0.040625 0.721875 0.040625 0.4921875
0 1.0 0.3484375 0.9828125 0.3484375 0.9828125 0.4328125 1.0 0.4328125 1.0 0.3484375
0 0.003125 0.940625 0.003125 0.940625 0.003125 0.940625 0.003125 0.940625 0.003125 0.940625
0 0.0578125 0.221875 0.0015625 0.221875 0.0015625 0.271875 0.0578125 0.271875 0.0578125 0.221875
0 0.653125 0.9640625 0.6109375 0.9640625 0.6109375 1.0 0.653125 1.0 0.653125 0.9640625
0 1.0 0.903125 0.975 0.903125 0.975 1.0 1.0 1.0 1.0 0.903125
0 0.240625 0.9234375 0.1765625 0.9234375 0.1765625 1.0 0.240625 1.0 0.240625 0.9234375
0 0.884375 0.5609375 0.7703125 0.5609375 0.7703125 0.675 0.884375 0.675 0.884375 0.5609375
0 0.296875 0.4359375 0.1796875 0.4359375 0.1796875 0.58125 0.296875 0.58125 0.296875 0.4359375
0 0.775 0.3859375 0.6421875 0.3859375 0.6421875 0.628125 0.775 0.628125 0.775 0.3859375
0 0.81875 0.14375 0.6359375 0.14375 0.6359375 0.4015625 0.81875 0.4015625 0.81875 0.14375
0 0.68125 0.0765625 0.5 0.0765625 0.5 0.2640625 0.68125 0.2640625 0.68125 0.0765625
0 0.9796875 0.0765625 0.8125 0.0765625 0.8125 0.2171875 0.9796875 0.2171875 0.9796875 0.0765625
0 0.9734375 0.0015625 0.834375 0.0015625 0.834375 0.1234375 0.9734375 0.1234375 0.9734375 0.0015625
0 0.515625 0.0015625 0.4984375 0.0015625 0.4984375 0.0375 0.515625 0.0375 0.515625 0.0015625
0 1.0 0.61875 0.9875 0.61875 0.9875 0.6359375 1.0 0.6359375 1.0 0.61875
0 0.1359375 0.9296875 0.0640625 0.9296875 0.0640625 1.0 0.1359375 1.0 0.1359375 0.9296875
0 0.46875 0.9328125 0.35625 0.9328125 0.35625 1.0 0.46875 1.0 0.46875 0.9328125
0 0.1640625 0.6609375 0.0765625 0.6609375 0.0765625 0.7546875 0.1640625 0.7546875 0.1640625 0.6609375
0 0.1546875 0.246875 0.028125 0.246875 0.028125 0.428125 0.1546875 0.428125 0.1546875 0.246875
0 0.29375 0.153125 0.1390625 0.153125 0.1390625 0.3921875 0.29375 0.3921875 0.29375 0.153125
0 1.0 0.9546875 0.9921875 0.9546875 0.9921875 0.9703125 1.0 0.9703125 1.0 0.9546875
0 1.0 0.6859375 0.9484375 0.6859375 0.9484375 0.853125 1.0 0.853125 1.0 0.6859375
0 0.7109375 0.721875 0.60625 0.721875 0.60625 0.915625 0.7109375 0.915625 0.7109375 0.721875
0 0.971875 0.6375 0.7046875 0.6375 0.7046875 0.859375 0.971875 0.859375 0.971875 0.6375
0 1.0 0.4203125 0.8546875 0.4203125 0.8546875 0.5765625 1.0 0.5765625 1.0 0.4203125
0 0.8546875 0.4609375 0.7625 0.4609375 0.7625 0.5890625 0.8546875 0.5890625 0.8546875 0.4609375
0 0.1390625 0.090625 0.0015625 0.090625 0.0015625 0.3046875 0.1390625 0.3046875 0.1390625 0.090625
0 0.078125 0.0015625 0.0015625 0.0015625 0.0015625 0.1765625 0.078125 0.1765625 0.078125 0.0015625
0 0.83125 0.0015625 0.809375 0.0015625 0.809375 0.015625 0.83125 0.015625 0.83125 0.0015625
0 0.1125 0.671875 0.05625 0.671875 0.05625 0.8921875 0.1125 0.8921875 0.1125 0.671875
0 0.165625 0.309375 0.0078125 0.309375 0.0078125 0.659375 0.165625 0.659375 0.165625 0.309375
0 0.6203125 0.0859375 0.3203125 0.0859375 0.3203125 0.4328125 0.6203125 0.4328125 0.6203125 0.0859375
0 0.978125 0.0015625 0.46875 0.0015625 0.46875 0.23125 0.978125 0.23125 0.978125 0.0015625
0 0.6125 0.7890625 0.578125 0.7890625 0.578125 1.0 0.6125 1.0 0.6125 0.7890625
0 0.8921875 0.7671875 0.7046875 0.7671875 0.7046875 0.9640625 0.8921875 0.9640625 0.8921875 0.7671875
0 0.75625 0.421875 0.6234375 0.421875 0.6234375 0.7421875 0.75625 0.7421875 0.75625 0.421875
0 1.0 0.696875 0.9703125 0.696875 0.9703125 0.7421875 1.0 0.7421875 1.0 0.696875
0 0.9671875 0.5703125 0.7609375 0.5703125 0.7609375 0.765625 0.9671875 0.765625 0.9671875 0.5703125
0 1.0 0.1390625 0.721875 0.1390625 0.721875 0.309375 1.0 0.309375 1.0 0.1390625
0 0.209375 0.0015625 0.1015625 0.0015625 0.1015625 0.1453125 0.209375 0.1453125 0.209375 0.0015625
