0 0.7640625 0.0296875 0.6015625 0.0296875 0.6015625 0.109375 0.7640625 0.109375 0.7640625 0.0296875
0 0.5140625 0.728125 0.35625 0.728125 0.35625 0.8328125 0.5140625 0.8328125 0.5140625 0.728125
0 0.2421875 0.6609375 0.0578125 0.6609375 0.0578125 0.771875 0.2421875 0.771875 0.2421875 0.6609375
0 0.3046875 0.5203125 0.159375 0.5203125 0.159375 0.5921875 0.3046875 0.5921875 0.3046875 0.5203125
0 0.2 0.08125 0.0015625 0.08125 0.0015625 0.2375 0.2 0.2375 0.2 0.08125
0 0.49375 0.0609375 0.3796875 0.0609375 0.3796875 0.153125 0.49375 0.153125 0.49375 0.0609375
0 0.8421875 0.5046875 0.7046875 0.5046875 0.7046875 0.7171875 0.8421875 0.7171875 0.8421875 0.5046875
0 0.8734375 0.7421875 0.7703125 0.7421875 0.7703125 0.8390625 0.8734375 0.8390625 0.8734375 0.7421875
0 0.9921875 0.615625 0.809375 0.615625 0.809375 0.80625 0.9921875 0.80625 0.9921875 0.615625
0 0.74375 0.14375 0.5265625 0.14375 0.5265625 0.3171875 0.74375 0.3171875 0.74375 0.14375
0 1.0 0.578125 0.9828125 0.578125 0.9828125 0.671875 1.0 0.671875 1.0 0.578125
0 0.621875 0.45 0.46875 0.45 0.46875 0.6375 0.621875 0.6375 0.621875 0.45
0 0.9921875 0.43125 0.853125 0.43125 0.853125 0.5796875 0.9921875 0.5796875 0.9921875 0.43125
0 1.0 0.0640625 0.7734375 0.0640625 0.7734375 0.3265625 1.0 0.3265625 1.0 0.0640625
0 0.109375 0.8140625 0.0015625 0.8140625 0.0015625 0.9703125 0.109375 0.9703125 0.109375 0.8140625
0 0.3921875 0.5703125 0.1265625 0.5703125 0.1265625 0.7203125 0.3921875 0.7203125 0.3921875 0.5703125
0 0.0703125 0.334375 0.0015625 0.334375 0.0015625 0.6328125 0.0703125 0.6328125 0.0703125 0.334375
0 0.2109375 0.0015625 0.0015625 0.0015625 0.0015625 0.103125 0.2109375 0.103125 0.2109375 0.0015625
0 0.9390625 0.0015625 0.7921875 0.0015625 0.7921875 0.04375 0.9390625 0.04375 0.9390625 0.0015625
0 0.290625 0.56875 0.084375 0.56875 0.084375 0.6796875 0.290625 0.6796875 0.290625 0.56875
0 0.3765625 0.5265625 0.2828125 0.5265625 0.2828125 0.6375 0.3765625 0.6375 0.3765625 0.5265625
0 0.153125 0.4359375 0.0109375 0.4359375 0.0109375 0.5265625 0.153125 0.5265625 0.153125 0.4359375
0 0.53125 0.0015625 0.378125 0.0015625 0.378125 0.0296875 0.53125 0.0296875 0.53125 0.0015625
0 0.8375 0.596875 0.4921875 0.596875 0.4921875 0.7828125 0.8375 0.7828125 0.8375 0.596875
0 0.7015625 0.4359375 0.634375 0.4359375 0.634375 0.559375 0.7015625 0.559375 0.7015625 0.4359375
0 0.5328125 0.5140625 0.4296875 0.5140625 0.4296875 0.6671875 0.5328125 0.6671875 0.5328125 0.5140625
0 1.0 0.8953125 0.6421875 0.8953125 0.6421875 1.0 1.0 1.0 1.0 0.8953125
0 1.0 0.403125 0.721875 0.403125 0.721875 0.8359375 1.0 0.8359375 1.0 0.403125
0 0.728125 0.5984375 0.5828125 0.5984375 0.5828125 0.75 0.728125 0.75 0.728125 0.5984375
0 1.0 0.359375 0.94375 0.359375 0.94375 0.5328125 1.0 0.5328125 1.0 0.359375
0 0.796875 0.4328125 0.6828125 0.4328125 0.6828125 0.64375 0.796875 0.64375 0.796875 0.4328125
0 0.634375 0.4765625 0.53125 0.4765625 0.53125 0.5828125 0.634375 0.5828125 0.634375 0.4765625
0 0.7921875 0.2796875 0.6734375 0.2796875 0.6734375 0.415625 0.7921875 0.415625 0.7921875 0.2796875
0 0.9953125 0.2609375 0.8765625 0.2609375 0.8765625 0.4265625 0.9953125 0.4265625 0.9953125 0.2609375
0 0.884375 0.0203125 0.7203125 0.0203125 0.7203125 0.371875 0.884375 0.371875 0.884375 0.0203125
0 0.6421875 0.2921875 0.4890625 0.2921875 0.4890625 0.45 0.6421875 0.45 0.6421875 0.2921875
0 0.49375 0.0015625 0.0015625 0.0015625 0.0015625 0.51875 0.49375 0.51875 0.49375 0.0015625
0 0.175 0.0015625 0.0015625 0.0015625 0.0015625 0.0109375 0.175 0.0109375 0.175 0.0015625
0 1.0 0.4984375 0.234375 0.4984375 0.234375 1.0 1.0 1.0 1.0 0.4984375
0 1.0 0.0015625 0.309375 0.0015625 0.309375 0.58125 1.0 0.58125 1.0 0.0015625
0 1.0 0.56875 0.9484375 0.56875 0.9484375 0.778125 1.0 0.778125 1.0 0.56875
0 0.509375 0.36875 0.4125 0.36875 0.4125 0.559375 0.509375 0.559375 0.509375 0.36875
0 0.7125 0.2921875 0.5375 0.2921875 0.5375 0.4375 0.7125 0.4375 0.7125 0.2921875
0 0.6953125 0.44375 0.534375 0.44375 0.534375 0.625 0.6953125 0.625 0.6953125 0.44375
