0 0.909375 0.4796875 0.7796875 0.4796875 0.7796875 0.665625 0.909375 0.665625 0.909375 0.4796875
0 1.0 0.571875 0.965625 0.571875 0.965625 0.721875 1.0 0.721875 1.0 0.571875
0 0.8578125 0.0015625 0.765625 0.0015625 0.765625 0.11875 0.8578125 0.11875 0.8578125 0.0015625
0 0.9171875 0.65 0.8078125 0.65 0.8078125 0.7875 0.9171875 0.7875 0.9171875 0.65
0 0.728125 0.2375 0.559375 0.2375 0.559375 0.3109375 0.728125 0.3109375 0.728125 0.2375
0 1.0 0.859375 0.9390625 0.859375 0.9390625 0.953125 1.0 0.953125 1.0 0.859375
0 0.165625 0.7625 0.0578125 0.7625 0.0578125 1.0 0.165625 1.0 0.165625 0.7625
0 0.8859375 0.7875 0.7046875 0.7875 0.7046875 0.9125 0.8859375 0.9125 0.8859375 0.7875
0 1.0 0.4640625 0.8328125 0.4640625 0.8328125 0.6640625 1.0 0.6640625 1.0 0.4640625
0 0.640625 0.4 0.5203125 0.4 0.5203125 0.5046875 0.640625 0.5046875 0.640625 0.4
0 1.0 0.384375 0.7875 0.384375 0.7875 0.4640625 1.0 0.4640625 1.0 0.384375
0 0.1375 0.0125 0.0015625 0.0125 0.0015625 0.1859375 0.1375 0.1859375 0.1375 0.0125
0 1.0 0.6296875 0.871875 0.6296875 0.871875 0.8078125 1.0 0.8078125 1.0 0.6296875
0 0.9859375 0.0015625 0.9640625 0.0015625 0.9640625 0.0125 0.9859375 0.0125 0.9859375 0.0015625
0 0.3328125 0.5015625 0.0015625 0.5015625 0.0015625 0.7390625 0.3328125 0.7390625 0.3328125 0.5015625
0 0.1359375 0.053125 0.0015625 0.053125 0.0015625 0.4734375 0.1359375 0.4734375 0.1359375 0.053125
0 0.246875 0.0015625 0.0125 0.0015625 0.0125 0.165625 0.246875 0.165625 0.246875 0.0015625
0 0.6171875 0.8296875 0.3875 0.8296875 0.3875 1.0 0.6171875 1.0 0.6171875 0.8296875
0 0.5953125 0.4671875 0.334375 0.4671875 0.334375 0.75 0.5953125 0.75 0.5953125 0.4671875
0 0.478125 0.3140625 0.38125 0.3140625 0.38125 0.4609375 0.478125 0.4609375 0.478125 0.3140625
0 0.35625 0.1921875 0.125 0.1921875 0.125 0.4828125 0.35625 0.4828125 0.35625 0.1921875
0 1.0 0.0015625 0.46875 0.0015625 0.46875 0.4359375 1.0 0.4359375 1.0 0.0015625
0 0.459375 0.20625 0.328125 0.20625 0.328125 0.328125 0.459375 0.328125 0.459375 0.20625
0 0.5046875 0.0015625 0.2890625 0.0015625 0.2890625 0.203125 0.5046875 0.203125 0.5046875 0.0015625
0 0.88125 0.60625 0.646875 0.60625 0.646875 0.9609375 0.88125 0.9609375 0.88125 0.60625
0 1.0 0.7515625 0.9703125 0.7515625 0.9703125 0.803125 1.0 0.803125 1.0 0.7515625
0 0.9359375 0.496875 0.828125 0.496875 0.828125 0.6328125 0.9359375 0.6328125 0.9359375 0.496875
0 0.825 0.428125 0.54375 0.428125 0.54375 0.6 0.825 0.6 0.825 0.428125
0 1.0 0.421875 0.821875 0.421875 0.821875 0.625 1.0 0.625 1.0 0.421875
0 1.0 0.071875 0.85 0.071875 0.85 0.21875 1.0 0.21875 1.0 0.071875
0 0.678125 0.525 0.54375 0.525 0.54375 0.640625 0.678125 0.640625 0.678125 0.525
0 1.0 0.0015625 0.990625 0.0015625 0.990625 0.009375 1.0 0.009375 1.0 0.0015625
0 0.7296875 0.0015625 0.690625 0.0015625 0.690625 0.0265625 0.7296875 0.0265625 0.7296875 0.0015625
0 1.0 0.0015625 0.0015625 0.0015625 0.0015625 1.0 1.0 1.0 1.0 0.0015625
0 0.0390625 0.0015625 0.0015625 0.0015625 0.0015625 0.228125 0.0390625 0.228125 0.0390625 0.0015625
0 0.5390625 0.8640625 0.4375 0.8640625 0.4375 0.9921875 0.5390625 0.9921875 0.5390625 0.8640625
0 0.9984375 0.334375 0.7734375 0.334375 0.7734375 0.41875 0.9984375 0.41875 0.9984375 0.334375
0 1.0 0.0015625 0.784375 0.0015625 0.784375 0.303125 1.0 0.303125 1.0 0.0015625
0 0.8140625 0.046875 0.61875 0.046875 0.61875 0.26875 0.8140625 0.26875 0.8140625 0.046875
0 1.0 0.0015625 0.9859375 0.0015625 0.9859375 0.0234375 1.0 0.0234375 1.0 0.0015625
0 0.815625 0.5671875 0.684375 0.5671875 0.684375 0.725 0.815625 0.725 0.815625 0.5671875
0 0.9296875 0.1015625 0.8296875 0.1015625 0.8296875 0.209375 0.9296875 0.209375 0.9296875 0.1015625
0 0.7734375 0.328125 0.625 0.328125 0.625 0.4640625 0.7734375 0.4640625 0.7734375 0.328125
0 0.95625 0.1953125 0.8125 0.1953125 0.8125 0.3578125 0.95625 0.3578125 0.95625 0.1953125
