0 0.4234375 0.1078125 0.3546875 0.1078125 0.3546875 0.30625 0.4234375 0.30625 0.4234375 0.1078125
0 0.453125 0.0015625 0.3453125 0.0015625 0.3453125 0.0875 0.453125 0.0875 0.453125 0.0015625
0 0.5421875 0.0015625 0.45625 0.0015625 0.45625 0.11875 0.5421875 0.11875 0.5421875 0.0015625
0 0.94375 0.2921875 0.8375 0.2921875 0.8375 0.459375 0.94375 0.459375 0.94375 0.2921875
0 0.1625 0.3390625 0.0015625 0.3390625 0.0015625 0.66875 0.1625 0.66875 0.1625 0.3390625
0 0.5203125 0.34375 0.4390625 0.34375 0.4390625 0.5390625 0.5203125 0.5390625 0.5203125 0.34375
0 0.5625 0.0015625 0.521875 0.0015625 0.521875 0.05 0.5625 0.05 0.5625 0.0015625
0 0.6046875 0.190625 0.4984375 0.190625 0.4984375 0.28125 0.6046875 0.28125 0.6046875 0.190625
0 0.640625 0.3796875 0.4921875 0.3796875 0.4921875 0.4859375 0.640625 0.4859375 0.640625 0.3796875
0 0.16875 0.2859375 0.003125 0.2859375 0.003125 0.3875 0.16875 0.3875 0.16875 0.2859375
0 0.61875 0.0015625 0.5453125 0.0015625 0.5453125 0.18125 0.61875 0.18125 0.61875 0.0015625
0 0.853125 0.0015625 0.7375 0.0015625 0.7375 0.09375 0.853125 0.09375 0.853125 0.0015625
0 0.6 0.40625 0.1765625 0.40625 0.1765625 0.6 0.6 0.6 0.6 0.40625
0 1.0 0.5453125 0.915625 0.5453125 0.915625 0.60625 1.0 0.60625 1.0 0.5453125
0 0.5109375 0.5265625 0.34375 0.5265625 0.34375 0.584375 0.5109375 0.584375 0.5109375 0.5265625
0 0.334375 0.3109375 0.215625 0.3109375 0.215625 0.5015625 0.334375 0.5015625 0.334375 0.3109375
0 0.45625 0.0375 0.2953125 0.0375 0.2953125 0.384375 0.45625 0.384375 0.45625 0.0375
0 0.0375 0.0171875 0.0015625 0.0171875 0.0015625 0.159375 0.0375 0.159375 0.0375 0.0171875
0 0.69375 0.2625 0.5078125 0.2625 0.5078125 0.471875 0.69375 0.471875 0.69375 0.2625
0 1.0 0.2390625 0.928125 0.2390625 0.928125 0.340625 1.0 0.340625 1.0 0.2390625
0 0.903125 0.1828125 0.75 0.1828125 0.75 0.340625 0.903125 0.340625 0.903125 0.1828125
0 0.5390625 0.0890625 0.4546875 0.0890625 0.4546875 0.2375 0.5390625 0.2375 0.5390625 0.0890625
0 0.7453125 0.0015625 0.725 0.0015625 0.725 0.03125 0.7453125 0.03125 0.7453125 0.0015625
0 0.378125 0.040625 0.0015625 0.040625 0.0015625 1.0 0.378125 1.0 0.378125 0.040625
0 0.0234375 0.0015625 0.0015625 0.0015625 0.0015625 0.01875 0.0234375 0.01875 0.0234375 0.0015625
0 1.0 0.0015625 0.640625 0.0015625 0.640625 0.38125 1.0 0.38125 1.0 0.0015625
0 1.0 0.4296875 0.8390625 0.4296875 0.8390625 0.5484375 1.0 0.5484375 1.0 0.4296875
0 0.4921875 0.353125 0.3421875 0.353125 0.3421875 0.509375 0.4921875 0.509375 0.4921875 0.353125
0 0.9015625 0.2703125 0.68125 0.2703125 0.68125 0.4734375 0.9015625 0.4734375 0.9015625 0.2703125
0 0.634375 0.0015625 0.3609375 0.0015625 0.3609375 0.4234375 0.634375 0.4234375 0.634375 0.0015625
0 0.4390625 0.2109375 0.3328125 0.2109375 0.3328125 0.353125 0.4390625 0.353125 0.4390625 0.2109375
0 0.6890625 0.0015625 0.515625 0.0015625 0.515625 0.359375 0.6890625 0.359375 0.6890625 0.0015625
0 0.415625 0.0015625 0.28125 0.0015625 0.28125 0.1140625 0.415625 0.1140625 0.415625 0.0015625
0 1.0 0.0015625 0.996875 0.0015625 0.996875 0.0171875 1.0 0.0171875 1.0 0.0015625
0 0.2171875 0.0015625 0.0015625 0.0015625 0.0015625 0.4078125 0.2171875 0.4078125 0.2171875 0.0015625
0 0.0921875 0.5703125 0.0203125 0.5703125 0.0203125 1.0 0.0921875 1.0 0.0921875 0.5703125
0 0.2171875 0.4328125 0.15 0.4328125 0.15 0.58125 0.2171875 0.58125 0.2171875 0.4328125
0 1.0 0.3421875 0.675 0.3421875 0.675 0.65625 1.0 0.65625 1.0 0.3421875
0 0.64375 0.0015625 0.640625 0.0015625 0.640625 0.0046875 0.64375 0.0046875 0.64375 0.0015625
0 0.946875 0.1015625 0.859375 0.1015625 0.859375 0.215625 0.946875 0.215625 0.946875 0.1015625
0 0.121875 0.3546875 0.0015625 0.3546875 0.0015625 0.5203125 0.121875 0.5203125 0.121875 0.3546875
0 0.4390625 0.1875 0.2625 0.1875 0.2625 0.3921875 0.4390625 0.3921875 0.4390625 0.1875
0 1.0 0.0015625 0.9765625 0.0015625 0.9765625 0.221875 1.0 0.221875 1.0 0.0015625
