0 0.1625 0.8109375 0.04375 0.8109375 0.04375 0.975 0.1625 0.975 0.1625 0.8109375
0 0.13125 0.71875 0.0015625 0.71875 0.0015625 0.903125 0.13125 0.903125 0.13125 0.71875
0 0.090625 0.13125 0.0015625 0.13125 0.0015625 0.4875 0.090625 0.4875 0.090625 0.13125
0 0.375 0.209375 0.146875 0.209375 0.146875 0.584375 0.375 0.584375 0.375 0.209375
0 0.1171875 0.9015625 0.0015625 0.9015625 0.0015625 1.0 0.1171875 1.0 0.1171875 0.9015625
0 0.28125 0.8421875 0.1765625 0.8421875 0.1765625 0.965625 0.28125 0.965625 0.28125 0.8421875
0 0.040625 0.5609375 0.0015625 0.5609375 0.0015625 0.7578125 0.040625 0.7578125 0.040625 0.5609375
0 0.0296875 0.45625 0.0015625 0.45625 0.0015625 0.490625 0.0296875 0.490625 0.0296875 0.45625
0 0.3046875 0.4640625 0.0015625 0.4640625 0.0015625 1.0 0.3046875 1.0 0.3046875 0.4640625
0 0.003125 0.290625 0.0015625 0.290625 0.0015625 0.2953125 0.003125 0.2953125 0.003125 0.290625
0 0.20625 0.0015625 0.0640625 0.0015625 0.0640625 0.10625 0.20625 0.10625 0.20625 0.0015625
0 0.371875 0.5375 0.2796875 0.5375 0.2796875 0.771875 0.371875 0.771875 0.371875 0.5375
