0 0.66875 0.91875 0.5078125 0.91875 0.5078125 1.0 0.66875 1.0 0.66875 0.91875
0 0.121875 0.25625 0.028125 0.25625 0.028125 0.384375 0.121875 0.384375 0.121875 0.25625
0 1.0 0.54375 0.85625 0.54375 0.85625 0.8140625 1.0 0.8140625 1.0 0.54375
0 0.140625 0.5515625 0.0015625 0.5515625 0.0015625 0.6421875 0.140625 0.6421875 0.140625 0.5515625
0 0.2265625 0.221875 0.0015625 0.221875 0.0015625 0.434375 0.2265625 0.434375 0.2265625 0.221875
0 0.009375 0.0015625 0.0015625 0.0015625 0.0015625 0.0859375 0.009375 0.0859375 0.009375 0.0015625
0 0.8625 0.478125 0.76875 0.478125 0.76875 0.6171875 0.8625 0.6171875 0.8625 0.478125
0 1.0 0.0015625 0.7734375 0.0015625 0.7734375 0.3921875 1.0 0.3921875 1.0 0.0015625
0 0.7203125 0.215625 0.56875 0.215625 0.56875 0.421875 0.7203125 0.421875 0.7203125 0.215625
0 0.7484375 0.0765625 0.6265625 0.0765625 0.6265625 0.2421875 0.7484375 0.2421875 0.7484375 0.0765625
0 0.7546875 0.0015625 0.6796875 0.0015625 0.6796875 0.078125 0.7546875 0.078125 0.7546875 0.0015625
0 1.0 0.165625 0.8953125 0.165625 0.8953125 0.2578125 1.0 0.2578125 1.0 0.165625
