0 0.9171875 0.3546875 0.7921875 0.3546875 0.7921875 0.5578125 0.9171875 0.5578125 0.9171875 0.3546875
0 0.8328125 0.0296875 0.5890625 0.0296875 0.5890625 0.2421875 0.8328125 0.2421875 0.8328125 0.0296875
0 0.484375 0.0015625 0.3234375 0.0015625 0.3234375 0.1734375 0.484375 0.1734375 0.484375 0.0015625
0 0.8375 0.4171875 0.75625 0.4171875 0.75625 0.540625 0.8375 0.540625 0.8375 0.4171875
0 0.5515625 0.1640625 0.3015625 0.1640625 0.3015625 0.259375 0.5515625 0.259375 0.5515625 0.1640625
0 0.8125 0.296875 0.640625 0.296875 0.640625 0.5140625 0.8125 0.5140625 0.8125 0.296875
0 0.975 0.3078125 0.85 0.3078125 0.85 0.5375 0.975 0.5375 0.975 0.3078125
0 0.76875 0.2546875 0.5765625 0.2546875 0.5765625 0.365625 0.76875 0.365625 0.76875 0.2546875
0 0.765625 0.0015625 0.6359375 0.0015625 0.6359375 0.08125 0.765625 0.08125 0.765625 0.0015625
0 0.6453125 0.0015625 0.5625 0.0015625 0.5625 0.025 0.6453125 0.025 0.6453125 0.0015625
0 1.0 0.1265625 0.9984375 0.1265625 0.9984375 0.1625 1.0 0.1625 1.0 0.1265625
0 0.325 0.0015625 0.1859375 0.0015625 0.1859375 0.15625 0.325 0.15625 0.325 0.0015625
0 1.0 0.8984375 0.9140625 0.8984375 0.9140625 0.9984375 1.0 0.9984375 1.0 0.8984375
0 1.0 0.775 0.89375 0.775 0.89375 0.903125 1.0 0.903125 1.0 0.775
0 0.8859375 0.0015625 0.7625 0.0015625 0.7625 0.059375 0.8859375 0.059375 0.8859375 0.0015625
0 0.65 0.0015625 0.6453125 0.0015625 0.6453125 0.003125 0.65 0.003125 0.65 0.0015625
0 0.9546875 0.09375 0.853125 0.09375 0.853125 0.309375 0.9546875 0.309375 0.9546875 0.09375
0 0.778125 0.2875 0.6796875 0.2875 0.6796875 0.3828125 0.778125 0.3828125 0.778125 0.2875
0 0.75 0.640625 0.6890625 0.640625 0.6890625 0.8359375 0.75 0.8359375 0.75 0.640625
0 0.846875 0.6140625 0.740625 0.6140625 0.740625 0.7375 0.846875 0.7375 0.846875 0.6140625
0 0.696875 0.0015625 0.5484375 0.0015625 0.5484375 0.121875 0.696875 0.121875 0.696875 0.0015625
0 0.8359375 0.00625 0.7046875 0.00625 0.7046875 0.1328125 0.8359375 0.1328125 0.8359375 0.00625
0 1.0 0.6828125 0.8546875 0.6828125 0.8546875 1.0 1.0 1.0 1.0 0.6828125
0 0.946875 0.6234375 0.7421875 0.6234375 0.7421875 0.840625 0.946875 0.840625 0.946875 0.6234375
0 0.71875 0.6953125 0.5625 0.6953125 0.5625 0.840625 0.71875 0.840625 0.71875 0.6953125
0 1.0 0.225 0.815625 0.225 0.815625 0.6046875 1.0 0.6046875 1.0 0.225
0 1.0 0.0921875 0.8953125 0.0921875 0.8953125 0.4625 1.0 0.4625 1.0 0.0921875
0 1.0 0.0046875 0.8109375 0.0046875 0.8109375 0.13125 1.0 0.13125 1.0 0.0046875
0 0.6046875 0.0015625 0.51875 0.0015625 0.51875 0.0578125 0.6046875 0.0578125 0.6046875 0.0015625
0 0.5640625 0.0015625 0.3109375 0.0015625 0.3109375 0.153125 0.5640625 0.153125 0.5640625 0.0015625
0 0.3625 0.075 0.203125 0.075 0.203125 0.2328125 0.3625 0.2328125 0.3625 0.075
0 1.0 0.1765625 0.5265625 0.1765625 0.5265625 0.6484375 1.0 0.6484375 1.0 0.1765625
0 0.7375 0.671875 0.4796875 0.671875 0.4796875 1.0 0.7375 1.0 0.7375 0.671875
0 0.309375 0.0015625 0.109375 0.0015625 0.109375 0.03125 0.309375 0.03125 0.309375 0.0015625
0 1.0 0.0015625 0.9609375 0.0015625 0.9609375 0.0171875 1.0 0.0171875 1.0 0.0015625
0 0.540625 0.0015625 0.4984375 0.0015625 0.4984375 0.0546875 0.540625 0.0546875 0.540625 0.0015625
0 0.35625 0.0015625 0.325 0.0015625 0.325 0.025 0.35625 0.025 0.35625 0.0015625
