0 0.5125 0.6953125 0.2875 0.6953125 0.2875 0.8078125 0.5125 0.8078125 0.5125 0.6953125
0 1.0 0.125 0.99375 0.125 0.99375 0.1390625 1.0 0.1390625 1.0 0.125
0 1.0 0.0015625 0.76875 0.0015625 0.76875 0.1953125 1.0 0.1953125 1.0 0.0015625
0 0.50625 0.353125 0.3546875 0.353125 0.3546875 0.5109375 0.50625 0.5109375 0.50625 0.353125
0 0.54375 0.540625 0.4078125 0.540625 0.4078125 0.646875 0.54375 0.646875 0.54375 0.540625
0 0.3453125 0.121875 0.28125 0.121875 0.28125 0.34375 0.3453125 0.34375 0.3453125 0.121875
0 0.8546875 0.0015625 0.815625 0.0015625 0.815625 0.015625 0.8546875 0.015625 0.8546875 0.0015625
0 1.0 0.2 0.9609375 0.2 0.9609375 0.23125 1.0 0.23125 1.0 0.2
0 1.0 0.084375 0.9953125 0.084375 0.9953125 0.1 1.0 0.1 1.0 0.084375
0 0.346875 0.9109375 0.290625 0.9109375 0.290625 1.0 0.346875 1.0 0.346875 0.9109375
0 0.3125 0.1671875 0.2390625 0.1671875 0.2390625 0.390625 0.3125 0.390625 0.3125 0.1671875
0 0.63125 0.2109375 0.4546875 0.2109375 0.4546875 0.396875 0.63125 0.396875 0.63125 0.2109375
0 0.134375 0.9828125 0.0921875 0.9828125 0.0921875 1.0 0.134375 1.0 0.134375 0.9828125
0 0.053125 0.928125 0.0015625 0.928125 0.0015625 1.0 0.053125 1.0 0.053125 0.928125
0 0.2984375 0.946875 0.26875 0.946875 0.26875 1.0 0.2984375 1.0 0.2984375 0.946875
0 0.478125 0.8640625 0.29375 0.8640625 0.29375 1.0 0.478125 1.0 0.478125 0.8640625
0 0.15 0.4984375 0.0484375 0.4984375 0.0484375 0.6390625 0.15 0.6390625 0.15 0.4984375
0 0.475 0.50625 0.346875 0.50625 0.346875 0.59375 0.475 0.59375 0.475 0.50625
0 0.0359375 0.4125 0.0015625 0.4125 0.0015625 0.5515625 0.0359375 0.5515625 0.0359375 0.4125
0 0.18125 0.30625 0.09375 0.30625 0.09375 0.48125 0.18125 0.48125 0.18125 0.30625
0 0.5625 0.075 0.4765625 0.075 0.4765625 0.246875 0.5625 0.246875 0.5625 0.075
0 0.240625 0.0671875 0.1546875 0.0671875 0.1546875 0.2046875 0.240625 0.2046875 0.240625 0.0671875
0 0.45 0.025 0.346875 0.025 0.346875 0.175 0.45 0.175 0.45 0.025
0 0.1140625 0.8078125 0.0015625 0.8078125 0.0015625 1.0 0.1140625 1.0 0.1140625 0.8078125
0 0.2578125 0.9109375 0.125 0.9109375 0.125 1.0 0.2578125 1.0 0.2578125 0.9109375
0 0.3171875 0.7734375 0.1046875 0.7734375 0.1046875 0.94375 0.3171875 0.94375 0.3171875 0.7734375
0 0.053125 0.725 0.0015625 0.725 0.0015625 0.790625 0.053125 0.790625 0.053125 0.725
0 0.1734375 0.521875 0.0015625 0.521875 0.0015625 0.753125 0.1734375 0.753125 0.1734375 0.521875
0 0.1484375 0.30625 0.0015625 0.30625 0.0015625 0.4484375 0.1484375 0.4484375 0.1484375 0.30625
0 0.2203125 0.1609375 0.1109375 0.1609375 0.1109375 0.3015625 0.2203125 0.3015625 0.2203125 0.1609375
0 0.4171875 0.7359375 0.2578125 0.7359375 0.2578125 0.8390625 0.4171875 0.8390625 0.4171875 0.7359375
0 0.3328125 0.59375 0.1921875 0.59375 0.1921875 0.740625 0.3328125 0.740625 0.3328125 0.59375
0 0.7578125 0.18125 0.5953125 0.18125 0.5953125 0.2828125 0.7578125 0.2828125 0.7578125 0.18125
0 0.8890625 0.09375 0.7390625 0.09375 0.7390625 0.2015625 0.8890625 0.2015625 0.8890625 0.09375
0 0.621875 0.078125 0.5375 0.078125 0.5375 0.196875 0.621875 0.196875 0.621875 0.078125
0 0.50625 0.03125 0.4421875 0.03125 0.4421875 0.1609375 0.50625 0.1609375 0.50625 0.03125
0 0.3421875 0.0265625 0.2671875 0.0265625 0.2671875 0.128125 0.3421875 0.128125 0.3421875 0.0265625
0 0.825 0.0015625 0.6953125 0.0015625 0.6953125 0.0390625 0.825 0.0390625 0.825 0.0015625
0 0.38125 0.3421875 0.2375 0.3421875 0.2375 0.546875 0.38125 0.546875 0.38125 0.3421875
0 0.4546875 0.2828125 0.3734375 0.2828125 0.3734375 0.4359375 0.4546875 0.4359375 0.4546875 0.2828125
0 0.7734375 0.04375 0.6609375 0.04375 0.6609375 0.1328125 0.7734375 0.1328125 0.7734375 0.04375
0 0.5578125 0.3734375 0.440625 0.3734375 0.440625 0.484375 0.5578125 0.484375 0.5578125 0.3734375
0 0.6984375 0.7078125 0.553125 0.7078125 0.553125 0.8375 0.6984375 0.8375 0.6984375 0.7078125
0 0.565625 0.6484375 0.4234375 0.6484375 0.4234375 0.80625 0.565625 0.80625 0.565625 0.6484375
0 0.49375 0.965625 0.38125 0.965625 0.38125 1.0 0.49375 1.0 0.49375 0.965625
0 0.1734375 0.4515625 0.0953125 0.4515625 0.0953125 0.60625 0.1734375 0.60625 0.1734375 0.4515625
0 0.459375 0.9984375 0.446875 0.9984375 0.446875 1.0 0.459375 1.0 0.459375 0.9984375
0 0.4125 0.1234375 0.3203125 0.1234375 0.3203125 0.259375 0.4125 0.259375 0.4125 0.1234375
0 0.778125 0.7421875 0.6421875 0.7421875 0.6421875 0.8484375 0.778125 0.8484375 0.778125 0.7421875
0 0.865625 0.4875 0.6453125 0.4875 0.6453125 0.709375 0.865625 0.709375 0.865625 0.4875
0 0.6390625 0.48125 0.53125 0.48125 0.53125 0.7265625 0.6390625 0.7265625 0.6390625 0.48125
0 0.7890625 0.2859375 0.6875 0.2859375 0.6875 0.5125 0.7890625 0.5125 0.7890625 0.2859375
0 1.0 0.5453125 0.9890625 0.5453125 0.9890625 0.5828125 1.0 0.5828125 1.0 0.5453125
0 1.0 0.2390625 0.85625 0.2390625 0.85625 0.3453125 1.0 0.3453125 1.0 0.2390625
0 0.00625 0.984375 0.0015625 0.984375 0.0015625 1.0 0.00625 1.0 0.00625 0.984375
0 1.0 0.878125 0.940625 0.878125 0.940625 1.0 1.0 1.0 1.0 0.878125
0 0.8546875 0.8484375 0.6515625 0.8484375 0.6515625 1.0 0.8546875 1.0 0.8546875 0.8484375
0 1.0 0.7875 0.875 0.7875 0.875 0.8640625 1.0 0.8640625 1.0 0.7875
0 0.8890625 0.6625 0.6953125 0.6625 0.6953125 0.7984375 0.8890625 0.7984375 0.8890625 0.6625
0 0.471875 0.55 0.2984375 0.55 0.2984375 0.7296875 0.471875 0.7296875 0.471875 0.55
0 0.2875 0.009375 0.0015625 0.009375 0.0015625 0.696875 0.2875 0.696875 0.2875 0.009375
0 1.0 0.0015625 0.25 0.0015625 0.25 1.0 1.0 1.0 1.0 0.0015625
0 0.8171875 0.2546875 0.553125 0.2546875 0.553125 0.7515625 0.8171875 0.7515625 0.8171875 0.2546875
0 0.5375 0.578125 0.3984375 0.578125 0.3984375 0.7125 0.5375 0.7125 0.5375 0.578125
0 0.565625 0.4796875 0.378125 0.4796875 0.378125 0.6140625 0.565625 0.6140625 0.565625 0.4796875
0 0.4296875 0.215625 0.2953125 0.215625 0.2953125 0.3640625 0.4296875 0.3640625 0.4296875 0.215625
0 0.9859375 0.3796875 0.8390625 0.3796875 0.8390625 0.503125 0.9859375 0.503125 0.9859375 0.3796875
0 0.54375 0.0015625 0.15 0.0015625 0.15 0.028125 0.54375 0.028125 0.54375 0.0015625
