0 1.0 0.421875 0.984375 0.421875 0.984375 0.5140625 1.0 0.5140625 1.0 0.421875
0 0.990625 0.2875 0.90625 0.2875 0.90625 0.5015625 0.990625 0.5015625 0.990625 0.2875
0 1.0 0.8640625 0.91875 0.8640625 0.91875 1.0 1.0 1.0 1.0 0.8640625
0 0.946875 0.196875 0.88125 0.196875 0.88125 0.3640625 0.946875 0.3640625 0.946875 0.196875
0 0.8484375 0.053125 0.7265625 0.053125 0.7265625 0.2484375 0.8484375 0.2484375 0.8484375 0.053125
0 1.0 0.046875 0.925 0.046875 0.925 0.1328125 1.0 0.1328125 1.0 0.046875
0 0.9484375 0.4578125 0.8515625 0.4578125 0.8515625 0.628125 0.9484375 0.628125 0.9484375 0.4578125
0 1.0 0.6609375 0.9859375 0.6609375 0.9859375 0.709375 1.0 0.709375 1.0 0.6609375
0 0.9625 0.0015625 0.8453125 0.0015625 0.8453125 0.0796875 0.9625 0.0796875 0.9625 0.0015625
0 1.0 0.540625 0.9859375 0.540625 0.9859375 0.59375 1.0 0.59375 1.0 0.540625
0 0.9890625 0.7265625 0.803125 0.7265625 0.803125 1.0 0.9890625 1.0 0.9890625 0.7265625
0 0.6953125 0.0125 0.4828125 0.0125 0.4828125 0.140625 0.6953125 0.140625 0.6953125 0.0125
0 0.79375 0.0015625 0.0015625 0.0015625 0.0015625 1.0 0.79375 1.0 0.79375 0.0015625
0 1.0 0.0140625 0.7875 0.0140625 0.7875 1.0 1.0 1.0 1.0 0.0140625
0 0.203125 0.0015625 0.0015625 0.0015625 0.0015625 0.35 0.203125 0.35 0.203125 0.0015625
0 0.7765625 0.0015625 0.7234375 0.0015625 0.7234375 0.0796875 0.7765625 0.0796875 0.7765625 0.0015625
0 0.7828125 0.503125 0.675 0.503125 0.675 0.7609375 0.7828125 0.7609375 0.7828125 0.503125
0 0.85 0.328125 0.784375 0.328125 0.784375 0.5328125 0.85 0.5328125 0.85 0.328125
0 1.0 0.021875 1.0 0.021875 1.0 0.03125 1.0 0.03125 1.0 0.021875
0 0.821875 0.48125 0.721875 0.48125 0.721875 0.709375 0.821875 0.709375 0.821875 0.48125
