0 0.490625 0.89375 0.4046875 0.89375 0.4046875 1.0 0.490625 1.0 0.490625 0.89375
0 0.8625 0.3453125 0.7671875 0.3453125 0.7671875 0.671875 0.8625 0.671875 0.8625 0.3453125
0 0.23125 0.359375 0.125 0.359375 0.125 0.4796875 0.23125 0.4796875 0.23125 0.359375
0 1.0 0.878125 0.803125 0.878125 0.803125 1.0 1.0 1.0 1.0 0.878125
0 0.871875 0.625 0.7875 0.625 0.7875 0.73125 0.871875 0.73125 0.871875 0.625
0 0.728125 0.365625 0.475 0.365625 0.475 0.65625 0.728125 0.65625 0.728125 0.365625
0 0.7546875 0.046875 0.6546875 0.046875 0.6546875 0.2125 0.7546875 0.2125 0.7546875 0.046875
0 0.0421875 0.825 0.0015625 0.825 0.0015625 0.9421875 0.0421875 0.9421875 0.0421875 0.825
0 0.7765625 0.30625 0.4609375 0.30625 0.4609375 0.540625 0.7765625 0.540625 0.7765625 0.30625
0 0.4515625 0.24375 0.375 0.24375 0.375 0.36875 0.4515625 0.36875 0.4515625 0.24375
0 0.715625 0.8203125 0.5890625 0.8203125 0.5890625 0.9875 0.715625 0.9875 0.715625 0.8203125
0 0.7953125 0.0015625 0.7140625 0.0015625 0.7140625 0.0828125 0.7953125 0.0828125 0.7953125 0.0015625
0 0.0078125 0.0015625 0.0015625 0.0015625 0.0015625 0.0234375 0.0078125 0.0234375 0.0078125 0.0015625
0 0.5578125 0.96875 0.4671875 0.96875 0.4671875 1.0 0.5578125 1.0 0.5578125 0.96875
0 0.6484375 0.7203125 0.4640625 0.7203125 0.4640625 0.8625 0.6484375 0.8625 0.6484375 0.7203125
0 0.9765625 0.634375 0.73125 0.634375 0.73125 0.8859375 0.9765625 0.8859375 0.9765625 0.634375
0 0.7046875 0.5703125 0.6234375 0.5703125 0.6234375 0.665625 0.7046875 0.665625 0.7046875 0.5703125
0 0.8078125 0.5015625 0.653125 0.5015625 0.653125 0.6328125 0.8078125 0.6328125 0.8078125 0.5015625
0 0.35 0.359375 0.21875 0.359375 0.21875 0.59375 0.35 0.59375 0.35 0.359375
0 0.7984375 0.1640625 0.6375 0.1640625 0.6375 0.284375 0.7984375 0.284375 0.7984375 0.1640625
0 0.7328125 0.0015625 0.68125 0.0015625 0.68125 0.1609375 0.7328125 0.1609375 0.7328125 0.0015625
0 0.95 0.9515625 0.853125 0.9515625 0.853125 1.0 0.95 1.0 0.95 0.9515625
0 1.0 0.9453125 0.984375 0.9453125 0.984375 1.0 1.0 1.0 1.0 0.9453125
0 1.0 0.0015625 0.0015625 0.0015625 0.0015625 1.0 1.0 1.0 1.0 0.0015625
0 0.846875 0.309375 0.646875 0.309375 0.646875 0.5703125 0.846875 0.5703125 0.846875 0.309375
0 0.7234375 0.990625 0.7109375 0.990625 0.7109375 1.0 0.7234375 1.0 0.7234375 0.990625
