0 0.0375 0.015625 0.0015625 0.015625 0.0015625 0.1515625 0.0375 0.1515625 0.0375 0.015625
0 0.190625 0.85 0.0609375 0.85 0.0609375 0.93125 0.190625 0.93125 0.190625 0.85
0 0.4609375 0.5203125 0.3625 0.5203125 0.3625 0.653125 0.4609375 0.653125 0.4609375 0.5203125
0 0.015625 0.2203125 0.0015625 0.2203125 0.0015625 0.2328125 0.015625 0.2328125 0.015625 0.2203125
0 0.0703125 0.521875 0.0015625 0.521875 0.0015625 0.628125 0.0703125 0.628125 0.0703125 0.521875
0 0.4046875 0.525 0.2796875 0.525 0.2796875 0.6375 0.4046875 0.6375 0.4046875 0.525
0 0.4484375 0.0015625 0.390625 0.0015625 0.390625 0.0140625 0.4484375 0.0140625 0.4484375 0.0015625
0 0.8859375 0.128125 0.809375 0.128125 0.809375 0.24375 0.8859375 0.24375 0.8859375 0.128125
0 0.19375 0.2140625 0.0015625 0.2140625 0.0015625 0.7546875 0.19375 0.7546875 0.19375 0.2140625
0 0.55625 0.59375 0.4171875 0.59375 0.4171875 0.784375 0.55625 0.784375 0.55625 0.59375
0 0.5078125 0.875 0.4203125 0.875 0.4203125 1.0 0.5078125 1.0 0.5078125 0.875
0 0.6109375 0.053125 0.5140625 0.053125 0.5140625 0.203125 0.6109375 0.203125 0.6109375 0.053125
0 0.4984375 0.0015625 0.4609375 0.0015625 0.4609375 0.0640625 0.4984375 0.0640625 0.4984375 0.0015625
0 0.7046875 0.703125 0.603125 0.703125 0.603125 0.8171875 0.7046875 0.8171875 0.7046875 0.703125
0 0.94375 0.6578125 0.8015625 0.6578125 0.8015625 0.83125 0.94375 0.83125 0.94375 0.6578125
0 1.0 0.540625 0.9890625 0.540625 0.9890625 0.6375 1.0 0.6375 1.0 0.540625
0 0.6890625 0.0015625 0.6140625 0.0015625 0.6140625 0.090625 0.6890625 0.090625 0.6890625 0.0015625
0 0.015625 0.7890625 0.0015625 0.7890625 0.0015625 0.8578125 0.015625 0.8578125 0.015625 0.7890625
0 0.2140625 0.734375 0.0890625 0.734375 0.0890625 0.875 0.2140625 0.875 0.2140625 0.734375
0 0.428125 0.6109375 0.31875 0.6109375 0.31875 0.7484375 0.428125 0.7484375 0.428125 0.6109375
0 0.6328125 0.0859375 0.4125 0.0859375 0.4125 0.3546875 0.6328125 0.3546875 0.6328125 0.0859375
0 0.284375 0.0828125 0.121875 0.0828125 0.121875 0.196875 0.284375 0.196875 0.284375 0.0828125
0 0.259375 0.0015625 0.165625 0.0015625 0.165625 0.0734375 0.259375 0.0734375 0.259375 0.0015625
0 0.9859375 0.9859375 0.9359375 0.9859375 0.9359375 1.0 0.9859375 1.0 0.9859375 0.9859375
0 0.528125 0.890625 0.45 0.890625 0.45 1.0 0.528125 1.0 0.528125 0.890625
0 0.6375 0.9421875 0.578125 0.9421875 0.578125 1.0 0.6375 1.0 0.6375 0.9421875
0 1.0 0.0015625 0.0015625 0.0015625 0.0015625 1.0 1.0 1.0 1.0 0.0015625
