0 1.0 0.03125 0.925 0.03125 0.925 0.10625 1.0 0.10625 1.0 0.03125
0 0.38125 0.9203125 0.0890625 0.9203125 0.0890625 1.0 0.38125 1.0 0.38125 0.9203125
0 0.8515625 0.1484375 0.0015625 0.1484375 0.0015625 1.0 0.8515625 1.0 0.8515625 0.1484375
0 0.3671875 0.740625 0.0015625 0.740625 0.0015625 0.94375 0.3671875 0.94375 0.3671875 0.740625
0 0.68125 0.5921875 0.5046875 0.5921875 0.5046875 0.7203125 0.68125 0.7203125 0.68125 0.5921875
0 0.8609375 0.2421875 0.6828125 0.2421875 0.6828125 0.3390625 0.8609375 0.3390625 0.8609375 0.2421875
0 1.0 0.003125 0.0015625 0.003125 0.0015625 1.0 1.0 1.0 1.0 0.003125
0 0.26875 0.54375 0.1296875 0.54375 0.1296875 0.653125 0.26875 0.653125 0.26875 0.54375
0 0.1203125 0.125 0.0015625 0.125 0.0015625 0.4390625 0.1203125 0.4390625 0.1203125 0.125
0 1.0 0.0015625 0.415625 0.0015625 0.415625 0.4953125 1.0 0.4953125 1.0 0.0015625
0 0.2625 0.04375 0.0015625 0.04375 0.0015625 0.346875 0.2625 0.346875 0.2625 0.04375
0 0.3578125 0.0015625 0.0015625 0.0015625 0.0015625 0.115625 0.3578125 0.115625 0.3578125 0.0015625
0 0.325 0.559375 0.1609375 0.559375 0.1609375 0.7203125 0.325 0.7203125 0.325 0.559375
0 0.1953125 0.1859375 0.028125 0.1859375 0.028125 0.4828125 0.1953125 0.4828125 0.1953125 0.1859375
0 0.6890625 0.7609375 0.4109375 0.7609375 0.4109375 0.9796875 0.6890625 0.9796875 0.6890625 0.7609375
0 0.446875 0.3015625 0.234375 0.3015625 0.234375 0.465625 0.446875 0.465625 0.446875 0.3015625
0 0.7140625 0.159375 0.63125 0.159375 0.63125 0.2828125 0.7140625 0.2828125 0.7140625 0.159375
0 0.540625 0.05 0.3390625 0.05 0.3390625 0.1875 0.540625 0.1875 0.540625 0.05
0 1.0 0.1859375 0.7421875 0.1859375 0.7421875 0.8265625 1.0 0.8265625 1.0 0.1859375
0 0.80625 0.096875 0.721875 0.096875 0.721875 0.2671875 0.80625 0.2671875 0.80625 0.096875
0 0.7640625 0.0015625 0.6890625 0.0015625 0.6890625 0.05 0.7640625 0.05 0.7640625 0.0015625
0 0.9359375 0.58125 0.778125 0.58125 0.778125 0.7953125 0.9359375 0.7953125 0.9359375 0.58125
