0 0.940625 0.2421875 0.753125 0.2421875 0.753125 0.4328125 0.940625 0.4328125 0.940625 0.2421875
0 0.98125 0.8953125 0.853125 0.8953125 0.853125 1.0 0.98125 1.0 0.98125 0.8953125
0 0.5921875 0.6671875 0.4890625 0.6671875 0.4890625 0.83125 0.5921875 0.83125 0.5921875 0.6671875
0 1.0 0.5421875 0.984375 0.5421875 0.984375 0.65 1.0 0.65 1.0 0.5421875
0 0.88125 0.3296875 0.753125 0.3296875 0.753125 0.4375 0.88125 0.4375 0.88125 0.3296875
0 0.7609375 0.1171875 0.6859375 0.1171875 0.6859375 0.2578125 0.7609375 0.2578125 0.7609375 0.1171875
0 1.0 0.6328125 0.9671875 0.6328125 0.9671875 0.7421875 1.0 0.7421875 1.0 0.6328125
0 0.8734375 0.0015625 0.7765625 0.0015625 0.7765625 0.1875 0.8734375 0.1875 0.8734375 0.0015625
0 0.90625 0.490625 0.83125 0.490625 0.83125 0.6640625 0.90625 0.6640625 0.90625 0.490625
0 0.9421875 0.975 0.9046875 0.975 0.9046875 1.0 0.9421875 1.0 0.9421875 0.975
0 0.8140625 0.0015625 0.709375 0.0015625 0.709375 0.1375 0.8140625 0.1375 0.8140625 0.0015625
0 0.76875 0.1078125 0.659375 0.1078125 0.659375 0.2875 0.76875 0.2875 0.76875 0.1078125
0 0.0265625 0.64375 0.0015625 0.64375 0.0015625 0.7078125 0.0265625 0.7078125 0.0265625 0.64375
0 0.4359375 0.24375 0.3671875 0.24375 0.3671875 0.571875 0.4359375 0.571875 0.4359375 0.24375
0 0.234375 0.1109375 0.1515625 0.1109375 0.1515625 0.234375 0.234375 0.234375 0.234375 0.1109375
0 0.971875 0.715625 0.8515625 0.715625 0.8515625 0.9828125 0.971875 0.9828125 0.971875 0.715625
0 0.884375 0.2984375 0.715625 0.2984375 0.715625 0.45625 0.884375 0.45625 0.884375 0.2984375
0 0.10625 0.8078125 0.0015625 0.8078125 0.0015625 0.975 0.10625 0.975 0.10625 0.8078125
0 1.0 0.975 0.9578125 0.975 0.9578125 1.0 1.0 1.0 1.0 0.975
0 0.9078125 0.93125 0.7953125 0.93125 0.7953125 1.0 0.9078125 1.0 0.9078125 0.93125
0 1.0 0.675 0.940625 0.675 0.940625 0.9078125 1.0 0.9078125 1.0 0.675
0 1.0 0.5203125 0.9109375 0.5203125 0.9109375 0.6796875 1.0 0.6796875 1.0 0.5203125
0 1.0 0.0015625 0.8609375 0.0015625 0.8609375 0.3671875 1.0 0.3671875 1.0 0.0015625
0 0.8171875 0.0984375 0.746875 0.0984375 0.746875 0.284375 0.8171875 0.284375 0.8171875 0.0984375
0 0.675 0.0015625 0.540625 0.0015625 0.540625 0.05625 0.675 0.05625 0.675 0.0015625
0 0.125 0.8671875 0.0015625 0.8671875 0.0015625 1.0 0.125 1.0 0.125 0.8671875
0 0.040625 0.75 0.0015625 0.75 0.0015625 0.8640625 0.040625 0.8640625 0.040625 0.75
0 0.0390625 0.1890625 0.0015625 0.1890625 0.0015625 0.4609375 0.0390625 0.4609375 0.0390625 0.1890625
0 0.878125 0.80625 0.7921875 0.80625 0.7921875 0.9125 0.878125 0.9125 0.878125 0.80625
0 1.0 0.0015625 1.0 0.0015625 1.0 0.009375 1.0 0.009375 1.0 0.0015625
0 0.94375 0.0015625 0.88125 0.0015625 0.88125 0.028125 0.94375 0.028125 0.94375 0.0015625
0 1.0 0.0015625 0.0015625 0.0015625 0.0015625 1.0 1.0 1.0 1.0 0.0015625
0 0.6359375 0.5375 0.5234375 0.5375 0.5234375 0.6703125 0.6359375 0.6703125 0.6359375 0.5375
0 0.896875 0.0015625 0.45 0.0015625 0.45 0.5015625 0.896875 0.5015625 0.896875 0.0015625
0 0.7625 0.0015625 0.721875 0.0015625 0.721875 0.0109375 0.7625 0.0109375 0.7625 0.0015625
0 1.0 0.1328125 0.9578125 0.1328125 0.9578125 0.5046875 1.0 0.5046875 1.0 0.1328125
0 0.9859375 0.0015625 0.903125 0.0015625 0.903125 0.175 0.9859375 0.175 0.9859375 0.0015625
0 1.0 0.0015625 0.990625 0.0015625 0.990625 0.1046875 1.0 0.1046875 1.0 0.0015625
0 1.0 0.4921875 0.9640625 0.4921875 0.9640625 0.515625 1.0 0.515625 1.0 0.4921875
