0 0.2890625 0.396875 0.215625 0.396875 0.215625 0.5921875 0.2890625 0.5921875 0.2890625 0.396875
0 0.4453125 0.140625 0.365625 0.140625 0.365625 0.40625 0.4453125 0.40625 0.4453125 0.140625
0 0.6609375 0.6046875 0.5390625 0.6046875 0.5390625 0.9125 0.6609375 0.9125 0.6609375 0.6046875
0 0.9125 0.7203125 0.715625 0.7203125 0.715625 0.98125 0.9125 0.98125 0.9125 0.7203125
0 0.9046875 0.9578125 0.8046875 0.9578125 0.8046875 1.0 0.9046875 1.0 0.9046875 0.9578125
0 0.784375 0.678125 0.6390625 0.678125 0.6390625 0.83125 0.784375 0.83125 0.784375 0.678125
0 0.153125 0.13125 0.0015625 0.13125 0.0015625 0.2796875 0.153125 0.2796875 0.153125 0.13125
0 0.6734375 0.8984375 0.575 0.8984375 0.575 1.0 0.6734375 1.0 0.6734375 0.8984375
0 0.409375 0.8265625 0.303125 0.8265625 0.303125 0.9359375 0.409375 0.9359375 0.409375 0.8265625
0 1.0 0.0015625 0.0015625 0.0015625 0.0015625 1.0 1.0 1.0 1.0 0.0015625
0 0.1671875 0.1921875 0.0015625 0.1921875 0.0015625 0.5203125 0.1671875 0.5203125 0.1671875 0.1921875
0 0.13125 0.075 0.015625 0.075 0.015625 0.2515625 0.13125 0.2515625 0.13125 0.075
0 0.5421875 0.0015625 0.503125 0.0015625 0.503125 0.0109375 0.5421875 0.0109375 0.5421875 0.0015625
0 0.78125 0.73125 0.6390625 0.73125 0.6390625 0.9171875 0.78125 0.9171875 0.78125 0.73125
