0 1.0 0.9515625 0.959375 0.9515625 0.959375 1.0 1.0 1.0 1.0 0.9515625
0 1.0 0.559375 0.971875 0.559375 0.971875 0.6296875 1.0 0.6296875 1.0 0.559375
0 0.1953125 0.1890625 0.109375 0.1890625 0.109375 0.4 0.1953125 0.4 0.1953125 0.1890625
0 0.1734375 0.00625 0.0015625 0.00625 0.0015625 0.365625 0.1734375 0.365625 0.1734375 0.00625
0 0.490625 0.29375 0.3125 0.29375 0.3125 0.41875 0.490625 0.41875 0.490625 0.29375
0 1.0 0.2046875 0.8234375 0.2046875 0.8234375 0.4390625 1.0 0.4390625 1.0 0.2046875
0 0.003125 0.0015625 0.0015625 0.0015625 0.0015625 0.109375 0.003125 0.109375 0.003125 0.0015625
0 0.0828125 0.4015625 0.0015625 0.4015625 0.0015625 0.5265625 0.0828125 0.5265625 0.0828125 0.4015625
0 0.5046875 0.3515625 0.20625 0.3515625 0.20625 0.5015625 0.5046875 0.5015625 0.5046875 0.3515625
0 0.375 0.0015625 0.0359375 0.0015625 0.0359375 0.353125 0.375 0.353125 0.375 0.0015625
0 0.490625 0.0703125 0.35 0.0703125 0.35 0.303125 0.490625 0.303125 0.490625 0.0703125
0 0.0578125 0.10625 0.0015625 0.10625 0.0015625 0.2078125 0.0578125 0.2078125 0.0578125 0.10625
0 0.140625 0.040625 0.05625 0.040625 0.05625 0.296875 0.140625 0.296875 0.140625 0.040625
0 0.2515625 0.1125 0.1359375 0.1125 0.1359375 0.2078125 0.2515625 0.2078125 0.2515625 0.1125
0 1.0 0.85625 0.9984375 0.85625 0.9984375 0.865625 1.0 0.865625 1.0 0.85625
0 0.5125 0.5234375 0.0015625 0.5234375 0.0015625 1.0 0.5125 1.0 0.5125 0.5234375
0 0.8 0.434375 0.328125 0.434375 0.328125 0.5671875 0.8 0.5671875 0.8 0.434375
0 0.834375 0.7609375 0.7140625 0.7609375 0.7140625 1.0 0.834375 1.0 0.834375 0.7609375
0 0.70625 0.784375 0.459375 0.784375 0.459375 1.0 0.70625 1.0 0.70625 0.784375
0 0.0296875 0.4046875 0.0015625 0.4046875 0.0015625 0.503125 0.0296875 0.503125 0.0296875 0.4046875
0 0.05625 0.0015625 0.0015625 0.0015625 0.0015625 0.0890625 0.05625 0.0890625 0.05625 0.0015625
0 0.1875 0.2828125 0.015625 0.2828125 0.015625 0.4921875 0.1875 0.4921875 0.1875 0.2828125
0 0.38125 0.228125 0.1484375 0.228125 0.1484375 0.43125 0.38125 0.43125 0.38125 0.228125
0 0.9375 0.8265625 0.80625 0.8265625 0.80625 1.0 0.9375 1.0 0.9375 0.8265625
0 0.9203125 0.43125 0.825 0.43125 0.825 0.5609375 0.9203125 0.5609375 0.9203125 0.43125
0 0.8625 0.0015625 0.6828125 0.0015625 0.6828125 0.3328125 0.8625 0.3328125 0.8625 0.0015625
0 1.0 0.0015625 0.8921875 0.0015625 0.8921875 0.225 1.0 0.225 1.0 0.0015625
0 1.0 0.690625 0.965625 0.690625 0.965625 0.74375 1.0 0.74375 1.0 0.690625
0 0.5359375 0.8640625 0.428125 0.8640625 0.428125 1.0 0.5359375 1.0 0.5359375 0.8640625
