0 0.603125 0.9375 0.5734375 0.9375 0.5734375 1.0 0.603125 1.0 0.603125 0.9375
0 0.0109375 0.6640625 0.0015625 0.6640625 0.0015625 0.7046875 0.0109375 0.7046875 0.0109375 0.6640625
0 0.534375 0.3390625 0.0515625 0.3390625 0.0515625 0.625 0.534375 0.625 0.534375 0.3390625
0 0.475 0.9234375 0.371875 0.9234375 0.371875 1.0 0.475 1.0 0.475 0.9234375
0 0.1421875 0.4859375 0.003125 0.4859375 0.003125 0.6515625 0.1421875 0.6515625 0.1421875 0.4859375
0 0.234375 0.3828125 0.1640625 0.3828125 0.1640625 0.5875 0.234375 0.5875 0.234375 0.3828125
0 0.65625 0.0015625 0.0015625 0.0015625 0.0015625 0.60625 0.65625 0.60625 0.65625 0.0015625
0 0.1421875 0.64375 0.0015625 0.64375 0.0015625 0.7265625 0.1421875 0.7265625 0.1421875 0.64375
0 0.159375 0.94375 0.0015625 0.94375 0.0015625 1.0 0.159375 1.0 0.159375 0.94375
0 0.28125 0.7265625 0.0015625 0.7265625 0.0015625 0.8609375 0.28125 0.8609375 0.28125 0.7265625
0 0.6328125 0.915625 0.6078125 0.915625 0.6078125 1.0 0.6328125 1.0 0.6328125 0.915625
0 0.3765625 0.75625 0.3125 0.75625 0.3125 1.0 0.3765625 1.0 0.3765625 0.75625
0 0.575 0.6578125 0.4390625 0.6578125 0.4390625 0.8953125 0.575 0.8953125 0.575 0.6578125
0 1.0 0.0015625 0.853125 0.0015625 0.853125 0.3640625 1.0 0.3640625 1.0 0.0015625
0 0.9890625 0.3921875 0.575 0.3921875 0.575 1.0 0.9890625 1.0 0.9890625 0.3921875
