0 1.0 0.946875 0.915625 0.946875 0.915625 1.0 1.0 1.0 1.0 0.946875
0 0.921875 0.7421875 0.7515625 0.7421875 0.7515625 1.0 0.921875 1.0 0.921875 0.7421875
0 0.2796875 0.3859375 0.0859375 0.3859375 0.0859375 0.575 0.2796875 0.575 0.2796875 0.3859375
0 0.1125 0.2125 0.0015625 0.2125 0.0015625 0.3453125 0.1125 0.3453125 0.1125 0.2125
0 0.8390625 0.378125 0.703125 0.378125 0.703125 0.5953125 0.8390625 0.5953125 0.8390625 0.378125
0 0.8296875 0.08125 0.715625 0.08125 0.715625 0.265625 0.8296875 0.265625 0.8296875 0.08125
0 0.56875 0.096875 0.44375 0.096875 0.44375 0.1953125 0.56875 0.1953125 0.56875 0.096875
0 0.2484375 0.0015625 0.240625 0.0015625 0.240625 0.003125 0.2484375 0.003125 0.2484375 0.0015625
0 0.0859375 0.84375 0.0015625 0.84375 0.0015625 0.90625 0.0859375 0.90625 0.0859375 0.84375
0 0.1640625 0.25 0.0484375 0.25 0.0484375 0.459375 0.1640625 0.459375 0.1640625 0.25
0 0.334375 0.5390625 0.196875 0.5390625 0.196875 0.6390625 0.334375 0.6390625 0.334375 0.5390625
0 0.059375 0.9953125 0.0328125 0.9953125 0.0328125 1.0 0.059375 1.0 0.059375 0.9953125
0 0.5078125 0.48125 0.3140625 0.48125 0.3140625 0.915625 0.5078125 0.915625 0.5078125 0.48125
0 0.4859375 0.9125 0.353125 0.9125 0.353125 1.0 0.4859375 1.0 0.4859375 0.9125
0 0.7734375 0.85625 0.5 0.85625 0.5 0.990625 0.7734375 0.990625 0.7734375 0.85625
0 0.725 0.5734375 0.6078125 0.5734375 0.6078125 0.703125 0.725 0.703125 0.725 0.5734375
0 0.1203125 0.540625 0.0015625 0.540625 0.0015625 0.7 0.1203125 0.7 0.1203125 0.540625
0 0.2109375 0.4 0.075 0.4 0.075 0.54375 0.2109375 0.54375 0.2109375 0.4
0 0.228125 0.1640625 0.06875 0.1640625 0.06875 0.4234375 0.228125 0.4234375 0.228125 0.1640625
0 0.4078125 0.30625 0.25 0.30625 0.25 0.5734375 0.4078125 0.5734375 0.4078125 0.30625
0 0.2984375 0.0015625 0.2203125 0.0015625 0.2203125 0.0375 0.2984375 0.0375 0.2984375 0.0015625
0 1.0 0.7234375 0.884375 0.7234375 0.884375 0.8859375 1.0 0.8859375 1.0 0.7234375
0 1.0 0.421875 0.9375 0.421875 0.9375 0.6234375 1.0 0.6234375 1.0 0.421875
0 0.9953125 0.0015625 0.8078125 0.0015625 0.8078125 0.590625 0.9953125 0.590625 0.9953125 0.0015625
0 1.0 0.3671875 0.9890625 0.3671875 0.9890625 0.3859375 1.0 0.3859375 1.0 0.3671875
0 0.8296875 0.265625 0.6453125 0.265625 0.6453125 0.4625 0.8296875 0.4625 0.8296875 0.265625
0 0.8 0.0015625 0.6 0.0015625 0.6 0.24375 0.8 0.24375 0.8 0.0015625
0 0.5140625 0.0140625 0.421875 0.0140625 0.421875 0.1046875 0.5140625 0.1046875 0.5140625 0.0140625
0 0.6234375 0.0015625 0.553125 0.0015625 0.553125 0.090625 0.6234375 0.090625 0.6234375 0.0015625
0 0.9671875 0.0015625 0.8921875 0.0015625 0.8921875 0.04375 0.9671875 0.04375 0.9671875 0.0015625
0 0.425 0.353125 0.3265625 0.353125 0.3265625 0.603125 0.425 0.603125 0.425 0.353125
0 0.575 0.0015625 0.471875 0.0015625 0.471875 0.078125 0.575 0.078125 0.575 0.0015625
0 1.0 0.75625 0.915625 0.75625 0.915625 0.8203125 1.0 0.8203125 1.0 0.75625
0 0.9296875 0.0015625 0.6046875 0.0015625 0.6046875 0.6125 0.9296875 0.6125 0.9296875 0.0015625
0 1.0 0.1015625 0.95625 0.1015625 0.95625 0.2296875 1.0 0.2296875 1.0 0.1015625
0 0.31875 0.7390625 0.240625 0.7390625 0.240625 0.9578125 0.31875 0.9578125 0.31875 0.7390625
0 0.2578125 0.625 0.0671875 0.625 0.0671875 0.7890625 0.2578125 0.7890625 0.2578125 0.625
0 0.653125 0.60625 0.5265625 0.60625 0.5265625 0.7359375 0.653125 0.7359375 0.653125 0.60625
0 0.4640625 0.0015625 0.396875 0.0015625 0.396875 0.0203125 0.4640625 0.0203125 0.4640625 0.0015625
0 0.1078125 0.3234375 0.0015625 0.3234375 0.0015625 0.4546875 0.1078125 0.4546875 0.1078125 0.3234375
0 0.3328125 0.2828125 0.246875 0.2828125 0.246875 0.4421875 0.3328125 0.4421875 0.3328125 0.2828125
0 1.0 0.0734375 0.9890625 0.0734375 0.9890625 0.19375 1.0 0.19375 1.0 0.0734375
0 1.0 0.3984375 0.0015625 0.3984375 0.0015625 1.0 1.0 1.0 1.0 0.3984375
0 0.7046875 0.0015625 0.0015625 0.0015625 0.0015625 0.58125 0.7046875 0.58125 0.7046875 0.0015625
0 1.0 0.0015625 0.9625 0.0015625 0.9625 0.175 1.0 0.175 1.0 0.0015625
