0 1.0 0.9671875 0.990625 0.9671875 0.990625 0.9984375 1.0 0.9984375 1.0 0.9671875
0 0.675 0.4703125 0.5203125 0.4703125 0.5203125 0.6 0.675 0.6 0.675 0.4703125
0 0.6484375 0.26875 0.565625 0.26875 0.565625 0.4234375 0.6484375 0.4234375 0.6484375 0.26875
0 1.0 0.59375 0.90625 0.59375 0.90625 0.703125 1.0 0.703125 1.0 0.59375
0 1.0 0.0015625 0.8515625 0.0015625 0.8515625 0.115625 1.0 0.115625 1.0 0.0015625
0 0.03125 0.9984375 0.0203125 0.9984375 0.0203125 1.0 0.03125 1.0 0.03125 0.9984375
0 1.0 0.9609375 0.9734375 0.9609375 0.9734375 1.0 1.0 1.0 1.0 0.9609375
0 0.459375 0.0015625 0.15625 0.0015625 0.15625 0.34375 0.459375 0.34375 0.459375 0.0015625
0 0.2125 0.0015625 0.0953125 0.0015625 0.0953125 0.084375 0.2125 0.084375 0.2125 0.0015625
0 0.028125 0.0015625 0.0015625 0.0015625 0.0015625 0.0484375 0.028125 0.0484375 0.028125 0.0015625
0 0.971875 0.8171875 0.79375 0.8171875 0.79375 1.0 0.971875 1.0 0.971875 0.8171875
0 0.9203125 0.3984375 0.69375 0.3984375 0.69375 0.7765625 0.9203125 0.7765625 0.9203125 0.3984375
0 0.69375 0.5890625 0.5765625 0.5890625 0.5765625 0.6828125 0.69375 0.6828125 0.69375 0.5890625
0 0.85 0.4484375 0.76875 0.4484375 0.76875 0.6046875 0.85 0.6046875 0.85 0.4484375
0 0.678125 0.2078125 0.4984375 0.2078125 0.4984375 0.5640625 0.678125 0.5640625 0.678125 0.2078125
0 0.865625 0.0015625 0.61875 0.0015625 0.61875 0.18125 0.865625 0.18125 0.865625 0.0015625
0 0.9578125 0.0640625 0.7265625 0.0640625 0.7265625 0.1828125 0.9578125 0.1828125 0.9578125 0.0640625
0 0.99375 0.0015625 0.8625 0.0015625 0.8625 0.0515625 0.99375 0.0515625 0.99375 0.0015625
0 1.0 0.1859375 0.9859375 0.1859375 0.9859375 0.21875 1.0 0.21875 1.0 0.1859375
0 1.0 0.2359375 0.9890625 0.2359375 0.9890625 0.3296875 1.0 0.3296875 1.0 0.2359375
0 0.3640625 0.828125 0.13125 0.828125 0.13125 1.0 0.3640625 1.0 0.3640625 0.828125
0 0.1390625 0.0484375 0.0015625 0.0484375 0.0015625 0.221875 0.1390625 0.221875 0.1390625 0.0484375
0 0.3375 0.0015625 0.2625 0.0015625 0.2625 0.0859375 0.3375 0.0859375 0.3375 0.0015625
0 0.4734375 0.9390625 0.40625 0.9390625 0.40625 1.0 0.4734375 1.0 0.4734375 0.9390625
0 0.8671875 0.8734375 0.65 0.8734375 0.65 1.0 0.8671875 1.0 0.8671875 0.8734375
0 0.7140625 0.3484375 0.6171875 0.3484375 0.6171875 0.484375 0.7140625 0.484375 0.7140625 0.3484375
