0 0.5875 0.859375 0.4421875 0.859375 0.4421875 0.946875 0.5875 0.946875 0.5875 0.859375
0 0.0359375 0.9515625 0.0015625 0.9515625 0.0015625 1.0 0.0359375 1.0 0.0359375 0.9515625
0 0.028125 0.35625 0.0015625 0.35625 0.0015625 0.428125 0.028125 0.428125 0.028125 0.35625
0 0.1140625 0.2234375 0.0015625 0.2234375 0.0015625 0.3359375 0.1140625 0.3359375 0.1140625 0.2234375
0 0.05 0.103125 0.0015625 0.103125 0.0015625 0.15 0.05 0.15 0.05 0.103125
0 1.0 0.953125 0.9984375 0.953125 0.9984375 0.9765625 1.0 0.9765625 1.0 0.953125
0 0.74375 0.7453125 0.6578125 0.7453125 0.6578125 0.875 0.74375 0.875 0.74375 0.7453125
0 0.0984375 0.915625 0.0015625 0.915625 0.0015625 0.9984375 0.0984375 0.9984375 0.0984375 0.915625
0 0.8921875 0.65 0.7515625 0.65 0.7515625 0.7234375 0.8921875 0.7234375 0.8921875 0.65
0 0.2171875 0.8421875 0.109375 0.8421875 0.109375 1.0 0.2171875 1.0 0.2171875 0.8421875
0 0.015625 0.8484375 0.0015625 0.8484375 0.0015625 0.8984375 0.015625 0.8984375 0.015625 0.8484375
0 0.621875 0.90625 0.49375 0.90625 0.49375 1.0 0.621875 1.0 0.621875 0.90625
0 1.0 0.5359375 0.8171875 0.5359375 0.8171875 0.6078125 1.0 0.6078125 1.0 0.5359375
0 0.1625 0.89375 0.0546875 0.89375 0.0546875 1.0 0.1625 1.0 0.1625 0.89375
0 0.725 0.9875 0.6921875 0.9875 0.6921875 1.0 0.725 1.0 0.725 0.9875
0 0.228125 0.6265625 0.0015625 0.6265625 0.0015625 0.80625 0.228125 0.80625 0.228125 0.6265625
0 0.1296875 0.4078125 0.0171875 0.4078125 0.0171875 0.578125 0.1296875 0.578125 0.1296875 0.4078125
0 0.3921875 0.3203125 0.2390625 0.3203125 0.2390625 0.4609375 0.3921875 0.4609375 0.3921875 0.3203125
0 0.2171875 0.0015625 0.14375 0.0015625 0.14375 0.2953125 0.2171875 0.2953125 0.2171875 0.0015625
0 0.4140625 0.115625 0.203125 0.115625 0.203125 0.275 0.4140625 0.275 0.4140625 0.115625
0 0.2359375 0.0015625 0.21875 0.0015625 0.21875 0.00625 0.2359375 0.00625 0.2359375 0.0015625
0 0.5359375 0.328125 0.4546875 0.328125 0.4546875 0.4390625 0.5359375 0.4390625 0.5359375 0.328125
0 0.55625 0.0015625 0.4671875 0.0015625 0.4671875 0.1140625 0.55625 0.1140625 0.55625 0.0015625
0 0.9046875 0.0015625 0.7796875 0.0015625 0.7796875 0.06875 0.9046875 0.06875 0.9046875 0.0015625
0 0.484375 0.96875 0.425 0.96875 0.425 1.0 0.484375 1.0 0.484375 0.96875
0 0.696875 0.76875 0.5640625 0.76875 0.5640625 0.8734375 0.696875 0.8734375 0.696875 0.76875
0 0.9453125 0.0015625 0.8359375 0.0015625 0.8359375 0.1390625 0.9453125 0.1390625 0.9453125 0.0015625
0 0.109375 0.9828125 0.0375 0.9828125 0.0375 1.0 0.109375 1.0 0.109375 0.9828125
0 0.803125 0.96875 0.7171875 0.96875 0.7171875 1.0 0.803125 1.0 0.803125 0.96875
0 0.4234375 0.90625 0.35625 0.90625 0.35625 1.0 0.4234375 1.0 0.4234375 0.90625
0 0.021875 0.0015625 0.0015625 0.0015625 0.0015625 0.0484375 0.021875 0.0484375 0.021875 0.0015625
0 0.5765625 0.265625 0.484375 0.265625 0.484375 0.3859375 0.5765625 0.3859375 0.5765625 0.265625
0 0.6546875 0.809375 0.5421875 0.809375 0.5421875 0.909375 0.6546875 0.909375 0.6546875 0.809375
0 0.2359375 0.459375 0.1390625 0.459375 0.1390625 0.5703125 0.2359375 0.5703125 0.2359375 0.459375
0 0.3421875 0.4359375 0.253125 0.4359375 0.253125 0.546875 0.3421875 0.546875 0.3421875 0.4359375
0 0.221875 0.328125 0.0625 0.328125 0.0625 0.5125 0.221875 0.5125 0.221875 0.328125
0 0.7171875 0.234375 0.6078125 0.234375 0.6078125 0.340625 0.7171875 0.340625 0.7171875 0.234375
0 0.590625 0.1 0.515625 0.1 0.515625 0.30625 0.590625 0.30625 0.590625 0.1
0 0.471875 0.0015625 0.3890625 0.0015625 0.3890625 0.134375 0.471875 0.134375 0.471875 0.0015625
0 0.2140625 0.0015625 0.1734375 0.0015625 0.1734375 0.028125 0.2140625 0.028125 0.2140625 0.0015625
0 0.3578125 0.5625 0.1234375 0.5625 0.1234375 0.6703125 0.3578125 0.6703125 0.3578125 0.5625
0 0.396875 0.4375 0.3234375 0.4375 0.3234375 0.5734375 0.396875 0.5734375 0.396875 0.4375
0 0.8859375 0.9890625 0.84375 0.9890625 0.84375 1.0 0.8859375 1.0 0.8859375 0.9890625
0 0.534375 0.884375 0.390625 0.884375 0.390625 1.0 0.534375 1.0 0.534375 0.884375
0 0.928125 0.0015625 0.0015625 0.0015625 0.0015625 0.9265625 0.928125 0.9265625 0.928125 0.0015625
0 1.0 0.3484375 0.3125 0.3484375 0.3125 1.0 1.0 1.0 1.0 0.3484375
0 0.0328125 0.0015625 0.0140625 0.0015625 0.0140625 0.00625 0.0328125 0.00625 0.0328125 0.0015625
0 0.2453125 0.8046875 0.0421875 0.8046875 0.0421875 0.93125 0.2453125 0.93125 0.2453125 0.8046875
0 0.2734375 0.471875 0.0703125 0.471875 0.0703125 0.59375 0.2734375 0.59375 0.2734375 0.471875
0 0.578125 0.0515625 0.20625 0.0515625 0.20625 0.484375 0.578125 0.484375 0.578125 0.0515625
0 0.459375 0.784375 0.2859375 0.784375 0.2859375 1.0 0.459375 1.0 0.459375 0.784375
0 0.3453125 0.8 0.2296875 0.8 0.2296875 0.953125 0.3453125 0.953125 0.3453125 0.8
