0 0.7984375 0.228125 0.6984375 0.228125 0.6984375 0.4234375 0.7984375 0.4234375 0.7984375 0.228125
0 0.053125 0.4859375 0.0015625 0.4859375 0.0015625 0.5828125 0.053125 0.5828125 0.053125 0.4859375
0 0.6671875 0.80625 0.60625 0.80625 0.60625 0.9671875 0.6671875 0.9671875 0.6671875 0.80625
0 0.0703125 0.6390625 0.0015625 0.6390625 0.0015625 0.7234375 0.0703125 0.7234375 0.0703125 0.6390625
0 0.784375 0.0015625 0.70625 0.0015625 0.70625 0.1125 0.784375 0.1125 0.784375 0.0015625
0 0.871875 0.8671875 0.78125 0.8671875 0.78125 1.0 0.871875 1.0 0.871875 0.8671875
0 0.0234375 0.5203125 0.0015625 0.5203125 0.0015625 0.6078125 0.0234375 0.6078125 0.0234375 0.5203125
0 0.8859375 0.275 0.796875 0.275 0.796875 0.43125 0.8859375 0.43125 0.8859375 0.275
0 0.8484375 0.06875 0.7828125 0.06875 0.7828125 0.2453125 0.8484375 0.2453125 0.8484375 0.06875
0 0.9234375 0.0015625 0.896875 0.0015625 0.896875 0.0203125 0.9234375 0.0203125 0.9234375 0.0015625
0 0.40625 0.965625 0.3 0.965625 0.3 1.0 0.40625 1.0 0.40625 0.965625
0 0.478125 0.628125 0.3734375 0.628125 0.3734375 0.7953125 0.478125 0.7953125 0.478125 0.628125
0 1.0 0.259375 0.9203125 0.259375 0.9203125 0.403125 1.0 0.403125 1.0 0.259375
0 0.534375 0.0390625 0.396875 0.0390625 0.396875 0.2015625 0.534375 0.2015625 0.534375 0.0390625
0 0.6359375 0.0453125 0.5484375 0.0453125 0.5484375 0.1453125 0.6359375 0.1453125 0.6359375 0.0453125
0 0.39375 0.0015625 0.3125 0.0015625 0.3125 0.2015625 0.39375 0.2015625 0.39375 0.0015625
0 0.0109375 0.9859375 0.0015625 0.9859375 0.0015625 1.0 0.0109375 1.0 0.0109375 0.9859375
0 1.0 0.134375 0.3875 0.134375 0.3875 1.0 1.0 1.0 1.0 0.134375
0 0.159375 0.6921875 0.0015625 0.6921875 0.0015625 1.0 0.159375 1.0 0.159375 0.6921875
0 0.16875 0.5140625 0.0171875 0.5140625 0.0171875 0.6515625 0.16875 0.6515625 0.16875 0.5140625
0 0.3171875 0.0015625 0.2234375 0.0015625 0.2234375 0.2265625 0.3171875 0.2265625 0.3171875 0.0015625
0 0.8859375 0.753125 0.7484375 0.753125 0.7484375 0.9046875 0.8859375 0.9046875 0.8859375 0.753125
0 1.0 0.05625 0.890625 0.05625 0.890625 0.2953125 1.0 0.2953125 1.0 0.05625
0 0.934375 0.0015625 0.590625 0.0015625 0.590625 0.225 0.934375 0.225 0.934375 0.0015625
0 0.7296875 0.0015625 0.0015625 0.0015625 0.0015625 0.715625 0.7296875 0.715625 0.7296875 0.0015625
0 1.0 0.453125 0.0015625 0.453125 0.0015625 1.0 1.0 1.0 1.0 0.453125
0 0.1953125 0.559375 0.0015625 0.559375 0.0015625 0.7796875 0.1953125 0.7796875 0.1953125 0.559375
0 0.7625 0.984375 0.709375 0.984375 0.709375 1.0 0.7625 1.0 0.7625 0.984375
0 0.6 0.7578125 0.515625 0.7578125 0.515625 1.0 0.6 1.0 0.6 0.7578125
0 0.865625 0.7609375 0.6796875 0.7609375 0.6796875 0.9484375 0.865625 0.9484375 0.865625 0.7609375
0 0.8546875 0.5140625 0.728125 0.5140625 0.728125 0.7671875 0.8546875 0.7671875 0.8546875 0.5140625
0 0.990625 0.353125 0.7203125 0.353125 0.7203125 0.734375 0.990625 0.734375 0.990625 0.353125
0 0.7046875 0.1546875 0.584375 0.1546875 0.584375 0.4203125 0.7046875 0.4203125 0.7046875 0.1546875
0 0.890625 0.153125 0.7125 0.153125 0.7125 0.3140625 0.890625 0.3140625 0.890625 0.153125
0 1.0 0.703125 0.9375 0.703125 0.9375 0.890625 1.0 0.890625 1.0 0.703125
0 1.0 0.3796875 0.8828125 0.3796875 0.8828125 0.4640625 1.0 0.4640625 1.0 0.3796875
0 0.9390625 0.2640625 0.840625 0.2640625 0.840625 0.3640625 0.9390625 0.3640625 0.9390625 0.2640625
0 1.0 0.0015625 0.909375 0.0015625 0.909375 0.0796875 1.0 0.0796875 1.0 0.0015625
0 0.3265625 0.7109375 0.1390625 0.7109375 0.1390625 1.0 0.3265625 1.0 0.3265625 0.7109375
0 0.290625 0.621875 0.1796875 0.621875 0.1796875 0.7796875 0.290625 0.7796875 0.290625 0.621875
0 1.0 0.3203125 0.8390625 0.3203125 0.8390625 0.4984375 1.0 0.4984375 1.0 0.3203125
