0 0.996875 0.7796875 0.8578125 0.7796875 0.8578125 0.9015625 0.996875 0.9015625 0.996875 0.7796875
0 0.4875 0.20625 0.371875 0.20625 0.371875 0.396875 0.4875 0.396875 0.4875 0.20625
0 0.3640625 0.9 0.096875 0.9 0.096875 1.0 0.3640625 1.0 0.3640625 0.9
0 0.409375 0.340625 0.0015625 0.340625 0.0015625 0.8359375 0.409375 0.8359375 0.409375 0.340625
0 0.328125 0.7453125 0.21875 0.7453125 0.21875 0.84375 0.328125 0.84375 0.328125 0.7453125
0 0.309375 0.64375 0.2171875 0.64375 0.2171875 0.74375 0.309375 0.74375 0.309375 0.64375
0 0.4140625 0.0015625 0.1828125 0.0015625 0.1828125 0.490625 0.4140625 0.490625 0.4140625 0.0015625
0 1.0 0.109375 0.8828125 0.109375 0.8828125 0.2625 1.0 0.2625 1.0 0.109375
0 0.5578125 0.0734375 0.4515625 0.0734375 0.4515625 0.1828125 0.5578125 0.1828125 0.5578125 0.0734375
0 0.9609375 0.0015625 0.9375 0.0015625 0.9375 0.01875 0.9609375 0.01875 0.9609375 0.0015625
0 0.45625 0.0015625 0.4 0.0015625 0.4 0.0828125 0.45625 0.0828125 0.45625 0.0015625
0 0.26875 0.2328125 0.121875 0.2328125 0.121875 0.5109375 0.26875 0.5109375 0.26875 0.2328125
0 0.7125 0.95625 0.665625 0.95625 0.665625 1.0 0.7125 1.0 0.7125 0.95625
0 0.4328125 0.8921875 0.2703125 0.8921875 0.2703125 1.0 0.4328125 1.0 0.4328125 0.8921875
0 0.7828125 0.971875 0.721875 0.971875 0.721875 1.0 0.7828125 1.0 0.7828125 0.971875
0 0.3421875 0.75625 0.1765625 0.75625 0.1765625 0.859375 0.3421875 0.859375 0.3421875 0.75625
0 0.1296875 0.6796875 0.0015625 0.6796875 0.0015625 0.8078125 0.1296875 0.8078125 0.1296875 0.6796875
0 0.596875 0.484375 0.2125 0.484375 0.2125 0.7984375 0.596875 0.7984375 0.596875 0.484375
0 0.9578125 0.5953125 0.80625 0.5953125 0.80625 0.778125 0.9578125 0.778125 0.9578125 0.5953125
0 0.4515625 0.275 0.3109375 0.275 0.3109375 0.4296875 0.4515625 0.4296875 0.4515625 0.275
0 0.35 0.1875 0.2265625 0.1875 0.2265625 0.3578125 0.35 0.3578125 0.35 0.1875
0 0.128125 0.0828125 0.0015625 0.0828125 0.0015625 0.3515625 0.128125 0.3515625 0.128125 0.0828125
0 0.509375 0.0015625 0.3109375 0.0015625 0.3109375 0.1578125 0.509375 0.1578125 0.509375 0.0015625
0 0.9828125 0.0015625 0.9375 0.0015625 0.9375 0.025 0.9828125 0.025 0.9828125 0.0015625
0 0.20625 0.0015625 0.0953125 0.0015625 0.0953125 0.0609375 0.20625 0.0609375 0.20625 0.0015625
0 0.340625 0.8609375 0.0015625 0.8609375 0.0015625 0.9875 0.340625 0.9875 0.340625 0.8609375
0 0.1875 0.7359375 0.0015625 0.7359375 0.0015625 0.8703125 0.1875 0.8703125 0.1875 0.7359375
0 0.0890625 0.5859375 0.0015625 0.5859375 0.0015625 0.6828125 0.0890625 0.6828125 0.0890625 0.5859375
0 0.1671875 0.246875 0.0265625 0.246875 0.0265625 0.5296875 0.1671875 0.5296875 0.1671875 0.246875
0 0.7921875 0.746875 0.5625 0.746875 0.5625 1.0 0.7921875 1.0 0.7921875 0.746875
0 0.55 0.7640625 0.325 0.7640625 0.325 1.0 0.55 1.0 0.55 0.7640625
0 0.6078125 0.678125 0.4359375 0.678125 0.4359375 0.840625 0.6078125 0.840625 0.6078125 0.678125
0 0.41875 0.55 0.228125 0.55 0.228125 0.6671875 0.41875 0.6671875 0.41875 0.55
0 0.5078125 0.1484375 0.39375 0.1484375 0.39375 0.4296875 0.5078125 0.4296875 0.5078125 0.1484375
0 0.940625 0.9359375 0.871875 0.9359375 0.871875 1.0 0.940625 1.0 0.940625 0.9359375
0 0.93125 0.790625 0.8125 0.790625 0.8125 0.940625 0.93125 0.940625 0.93125 0.790625
0 0.80625 0.0015625 0.7859375 0.0015625 0.7859375 0.0125 0.80625 0.0125 0.80625 0.0015625
0 0.628125 0.7875 0.471875 0.7875 0.471875 0.90625 0.628125 0.90625 0.628125 0.7875
0 0.284375 0.6109375 0.175 0.6109375 0.175 0.7609375 0.284375 0.7609375 0.284375 0.6109375
0 0.1453125 0.015625 0.0203125 0.015625 0.0203125 0.225 0.1453125 0.225 0.1453125 0.015625
0 0.415625 0.6984375 0.271875 0.6984375 0.271875 0.859375 0.415625 0.859375 0.415625 0.6984375
0 0.096875 0.6765625 0.0015625 0.6765625 0.0015625 0.7546875 0.096875 0.7546875 0.096875 0.6765625
0 0.5859375 0.0015625 0.5140625 0.0015625 0.5140625 0.1171875 0.5859375 0.1171875 0.5859375 0.0015625
0 1.0 0.0015625 0.909375 0.0015625 0.909375 0.35 1.0 0.35 1.0 0.0015625
0 1.0 0.0875 0.934375 0.0875 0.934375 0.1453125 1.0 0.1453125 1.0 0.0875
0 0.35 0.8328125 0.0015625 0.8328125 0.0015625 0.9109375 0.35 0.9109375 0.35 0.8328125
0 0.13125 0.2390625 0.0015625 0.2390625 0.0015625 0.546875 0.13125 0.546875 0.13125 0.2390625
0 0.4734375 0.94375 0.3453125 0.94375 0.3453125 1.0 0.4734375 1.0 0.4734375 0.94375
0 0.2234375 0.590625 0.1390625 0.590625 0.1390625 0.7609375 0.2234375 0.7609375 0.2234375 0.590625
0 0.371875 0.3859375 0.2578125 0.3859375 0.2578125 0.5421875 0.371875 0.5421875 0.371875 0.3859375
0 0.271875 0.009375 0.14375 0.009375 0.14375 0.2984375 0.271875 0.2984375 0.271875 0.009375
0 0.2671875 0.0015625 0.25 0.0015625 0.25 0.0078125 0.2671875 0.0078125 0.2671875 0.0015625
0 0.1 0.0015625 0.021875 0.0015625 0.021875 0.0390625 0.1 0.0390625 0.1 0.0015625
0 1.0 0.88125 0.828125 0.88125 0.828125 1.0 1.0 1.0 1.0 0.88125
