0 0.746875 0.0484375 0.640625 0.0484375 0.640625 0.2375 0.746875 0.2375 0.746875 0.0484375
0 0.8921875 0.7953125 0.659375 0.7953125 0.659375 1.0 0.8921875 1.0 0.8921875 0.7953125
0 0.9453125 0.6609375 0.853125 0.6609375 0.853125 0.8125 0.9453125 0.8125 0.9453125 0.6609375
0 1.0 0.575 0.921875 0.575 0.921875 0.7359375 1.0 0.7359375 1.0 0.575
0 0.85 0.5453125 0.7546875 0.5453125 0.7546875 0.7125 0.85 0.7125 0.85 0.5453125
0 0.0484375 0.7875 0.0015625 0.7875 0.0015625 0.9484375 0.0484375 0.9484375 0.0484375 0.7875
0 1.0 0.3046875 0.9921875 0.3046875 0.9921875 0.3359375 1.0 0.3359375 1.0 0.3046875
0 0.0625 0.59375 0.0015625 0.59375 0.0015625 0.65625 0.0625 0.65625 0.0625 0.59375
0 0.2546875 0.15625 0.021875 0.15625 0.021875 0.4 0.2546875 0.4 0.2546875 0.15625
0 0.753125 0.8171875 0.5703125 0.8171875 0.5703125 1.0 0.753125 1.0 0.753125 0.8171875
0 0.6328125 0.753125 0.5109375 0.753125 0.5109375 0.96875 0.6328125 0.96875 0.6328125 0.753125
0 1.0 0.5703125 0.9625 0.5703125 0.9625 0.725 1.0 0.725 1.0 0.5703125
0 1.0 0.0015625 0.7703125 0.0015625 0.7703125 0.4078125 1.0 0.4078125 1.0 0.0015625
0 0.69375 0.228125 0.6109375 0.228125 0.6109375 0.434375 0.69375 0.434375 0.69375 0.228125
0 0.9953125 0.0015625 0.9109375 0.0015625 0.9109375 0.01875 0.9953125 0.01875 0.9953125 0.0015625
0 0.75 0.0015625 0.7078125 0.0015625 0.7078125 0.046875 0.75 0.046875 0.75 0.0015625
0 0.0234375 0.878125 0.0015625 0.878125 0.0015625 1.0 0.0234375 1.0 0.0234375 0.878125
0 0.1796875 0.821875 0.0578125 0.821875 0.0578125 1.0 0.1796875 1.0 0.1796875 0.821875
0 0.89375 0.8171875 0.759375 0.8171875 0.759375 1.0 0.89375 1.0 0.89375 0.8171875
0 0.4 0.76875 0.2046875 0.76875 0.2046875 0.9375 0.4 0.9375 0.4 0.76875
0 0.0515625 0.7171875 0.0015625 0.7171875 0.0015625 0.8859375 0.0515625 0.8859375 0.0515625 0.7171875
0 0.9546875 0.5203125 0.6796875 0.5203125 0.6796875 0.8203125 0.9546875 0.8203125 0.9546875 0.5203125
0 0.3328125 0.2671875 0.2 0.2671875 0.2 0.6046875 0.3328125 0.6046875 0.3328125 0.2671875
0 0.55625 0.0015625 0.3359375 0.0015625 0.3359375 0.6125 0.55625 0.6125 0.55625 0.0015625
0 0.9484375 0.425 0.753125 0.425 0.753125 0.5296875 0.9484375 0.5296875 0.9484375 0.425
0 0.6515625 0.2828125 0.55 0.2828125 0.55 0.5203125 0.6515625 0.5203125 0.6515625 0.2828125
0 0.8828125 0.2625 0.740625 0.2625 0.740625 0.4203125 0.8828125 0.4203125 0.8828125 0.2625
0 0.33125 0.0015625 0.096875 0.0015625 0.096875 0.2609375 0.33125 0.2609375 0.33125 0.0015625
0 0.065625 0.0015625 0.0015625 0.0015625 0.0015625 0.1375 0.065625 0.1375 0.065625 0.0015625
0 0.61875 0.0015625 0.4890625 0.0015625 0.4890625 0.1109375 0.61875 0.1109375 0.61875 0.0015625
0 0.9984375 0.0015625 0.790625 0.0015625 0.790625 0.2328125 0.9984375 0.2328125 0.9984375 0.0015625
0 1.0 0.796875 0.9125 0.796875 0.9125 0.8875 1.0 0.8875 1.0 0.796875
0 1.0 0.4265625 0.965625 0.4265625 0.965625 0.5828125 1.0 0.5828125 1.0 0.4265625
0 1.0 0.2453125 0.9296875 0.2453125 0.9296875 0.33125 1.0 0.33125 1.0 0.2453125
0 0.196875 0.296875 0.084375 0.296875 0.084375 0.45625 0.196875 0.45625 0.196875 0.296875
0 0.3359375 0.153125 0.184375 0.153125 0.184375 0.33125 0.3359375 0.33125 0.3359375 0.153125
0 1.0 0.9078125 0.9453125 0.9078125 0.9453125 1.0 1.0 1.0 1.0 0.9078125
0 0.6515625 0.0375 0.5421875 0.0375 0.5421875 0.2953125 0.6515625 0.2953125 0.6515625 0.0375
0 1.0 0.0015625 0.921875 0.0015625 0.921875 0.0796875 1.0 0.0796875 1.0 0.0015625
0 0.0734375 0.896875 0.0375 0.896875 0.0375 1.0 0.0734375 1.0 0.0734375 0.896875
0 0.528125 0.3578125 0.459375 0.3578125 0.459375 0.615625 0.528125 0.615625 0.528125 0.3578125
0 0.3125 0.275 0.15625 0.275 0.15625 0.45625 0.3125 0.45625 0.3125 0.275
0 0.175 0.0390625 0.0015625 0.0390625 0.0015625 0.1734375 0.175 0.1734375 0.175 0.0390625
0 0.6765625 0.915625 0.6265625 0.915625 0.6265625 1.0 0.6765625 1.0 0.6765625 0.915625
0 0.978125 0.0015625 0.653125 0.0015625 0.653125 0.8578125 0.978125 0.8578125 0.978125 0.0015625
0 0.5859375 0.0015625 0.2875 0.0015625 0.2875 0.371875 0.5859375 0.371875 0.5859375 0.0015625
0 0.728125 0.0015625 0.6140625 0.0015625 0.6140625 0.2421875 0.728125 0.2421875 0.728125 0.0015625
0 1.0 0.7765625 0.6390625 0.7765625 0.6390625 1.0 1.0 1.0 1.0 0.7765625
