0 0.80625 0.4390625 0.7171875 0.4390625 0.7171875 0.5875 0.80625 0.5875 0.80625 0.4390625
0 0.7125 0.3078125 0.5671875 0.3078125 0.5671875 0.4921875 0.7125 0.4921875 0.7125 0.3078125
0 0.2515625 0.0578125 0.1765625 0.0578125 0.1765625 0.1671875 0.2515625 0.1671875 0.2515625 0.0578125
0 0.796875 0.0015625 0.7 0.0015625 0.7 0.05625 0.796875 0.05625 0.796875 0.0015625
0 0.58125 0.61875 0.515625 0.61875 0.515625 0.7921875 0.58125 0.7921875 0.58125 0.61875
0 0.36875 0.2625 0.2703125 0.2625 0.2703125 0.4609375 0.36875 0.4609375 0.36875 0.2625
0 0.721875 0.365625 0.6234375 0.365625 0.6234375 0.478125 0.721875 0.478125 0.721875 0.365625
0 0.634375 0.0234375 0.503125 0.0234375 0.503125 0.1203125 0.634375 0.1203125 0.634375 0.0234375
0 0.178125 0.91875 0.1109375 0.91875 0.1109375 1.0 0.178125 1.0 0.178125 0.91875
0 0.1109375 0.578125 0.0421875 0.578125 0.0421875 0.7015625 0.1109375 0.7015625 0.1109375 0.578125
0 0.3375 0.4296875 0.2140625 0.4296875 0.2140625 0.584375 0.3375 0.584375 0.3375 0.4296875
0 0.06875 0.4109375 0.0015625 0.4109375 0.0015625 0.5046875 0.06875 0.5046875 0.06875 0.4109375
0 0.0375 0.0921875 0.0015625 0.0921875 0.0015625 0.3765625 0.0375 0.3765625 0.0375 0.0921875
0 0.46875 0.0015625 0.253125 0.0015625 0.253125 0.3390625 0.46875 0.3390625 0.46875 0.0015625
0 0.6984375 0.59375 0.65 0.59375 0.65 0.765625 0.6984375 0.765625 0.6984375 0.59375
0 1.0 0.396875 0.96875 0.396875 0.96875 0.4890625 1.0 0.4890625 1.0 0.396875
0 0.9828125 0.29375 0.8421875 0.29375 0.8421875 0.409375 0.9828125 0.409375 0.9828125 0.29375
0 0.5609375 0.3 0.4734375 0.3 0.4734375 0.425 0.5609375 0.425 0.5609375 0.3
0 0.6796875 0.0015625 0.584375 0.0015625 0.584375 0.128125 0.6796875 0.128125 0.6796875 0.0015625
0 0.1171875 0.8734375 0.0671875 0.8734375 0.0671875 1.0 0.1171875 1.0 0.1171875 0.8734375
0 0.2921875 0.503125 0.2125 0.503125 0.2125 0.6796875 0.2921875 0.6796875 0.2921875 0.503125
0 0.7234375 0.0015625 0.615625 0.0015625 0.615625 0.075 0.7234375 0.075 0.7234375 0.0015625
0 0.209375 0.0015625 0.15625 0.0015625 0.15625 0.04375 0.209375 0.04375 0.209375 0.0015625
0 0.43125 0.0015625 0.3359375 0.0015625 0.3359375 0.0421875 0.43125 0.0421875 0.43125 0.0015625
0 0.1046875 0.4390625 0.0390625 0.4390625 0.0390625 0.60625 0.1046875 0.60625 0.1046875 0.4390625
0 1.0 0.81875 0.946875 0.81875 0.946875 0.9671875 1.0 0.9671875 1.0 0.81875
0 0.0015625 0.65 0.0015625 0.65 0.0015625 0.671875 0.0015625 0.671875 0.0015625 0.65
0 0.8796875 0.578125 0.7375 0.578125 0.7375 0.759375 0.8796875 0.759375 0.8796875 0.578125
0 0.5703125 0.525 0.4375 0.525 0.4375 0.6921875 0.5703125 0.6921875 0.5703125 0.525
0 0.7328125 0.2015625 0.5796875 0.2015625 0.5796875 0.3359375 0.7328125 0.3359375 0.7328125 0.2015625
0 0.5578125 0.00625 0.2859375 0.00625 0.2859375 0.25625 0.5578125 0.25625 0.5578125 0.00625
0 0.99375 0.0015625 0.8734375 0.0015625 0.8734375 0.0859375 0.99375 0.0859375 0.99375 0.0015625
0 0.240625 0.1625 0.1765625 0.1625 0.1765625 0.303125 0.240625 0.303125 0.240625 0.1625
0 0.1578125 0.0015625 0.0375 0.0015625 0.0375 0.028125 0.1578125 0.028125 0.1578125 0.0015625
0 0.6453125 0.2296875 0.5453125 0.2296875 0.5453125 0.3609375 0.6453125 0.3609375 0.6453125 0.2296875
0 0.696875 0.0015625 0.65625 0.0015625 0.65625 0.01875 0.696875 0.01875 0.696875 0.0015625
0 0.04375 0.28125 0.0015625 0.28125 0.0015625 0.4140625 0.04375 0.4140625 0.04375 0.28125
0 0.115625 0.7015625 0.0578125 0.7015625 0.0578125 0.8984375 0.115625 0.8984375 0.115625 0.7015625
0 0.2265625 0.3015625 0.1640625 0.3015625 0.1640625 0.50625 0.2265625 0.50625 0.2265625 0.3015625
0 0.8 0.0015625 0.0015625 0.0015625 0.0015625 1.0 0.8 1.0 0.8 0.0015625
0 0.859375 0.58125 0.5546875 0.58125 0.5546875 1.0 0.859375 1.0 0.859375 0.58125
0 0.9046875 0.1234375 0.525 0.1234375 0.525 0.2421875 0.9046875 0.2421875 0.9046875 0.1234375
0 1.0 0.490625 0.8125 0.490625 0.8125 1.0 1.0 1.0 1.0 0.490625
0 1.0 0.05625 0.9078125 0.05625 0.9078125 0.26875 1.0 0.26875 1.0 0.05625
0 0.8328125 0.0015625 0.721875 0.0015625 0.721875 0.1265625 0.8328125 0.1265625 0.8328125 0.0015625
