0 1.0 0.928125 0.9890625 0.928125 0.9890625 1.0 1.0 1.0 1.0 0.928125
0 0.7890625 0.7421875 0.671875 0.7421875 0.671875 0.96875 0.7890625 0.96875 0.7890625 0.7421875
0 0.9640625 0.7046875 0.796875 0.7046875 0.796875 0.934375 0.9640625 0.934375 0.9640625 0.7046875
0 1.0 0.6265625 0.975 0.6265625 0.975 0.8171875 1.0 0.8171875 1.0 0.6265625
0 0.871875 0.4921875 0.709375 0.4921875 0.709375 0.74375 0.871875 0.74375 0.871875 0.4921875
0 0.7109375 0.5015625 0.5640625 0.5015625 0.5640625 0.6421875 0.7109375 0.6421875 0.7109375 0.5015625
0 0.9640625 0.0015625 0.7359375 0.0015625 0.7359375 0.0875 0.9640625 0.0875 0.9640625 0.0015625
0 0.7015625 0.578125 0.4984375 0.578125 0.4984375 1.0 0.7015625 1.0 0.7015625 0.578125
0 1.0 0.840625 0.909375 0.840625 0.909375 0.9578125 1.0 0.9578125 1.0 0.840625
0 0.6765625 0.6953125 0.5484375 0.6953125 0.5484375 0.9046875 0.6765625 0.9046875 0.6765625 0.6953125
0 1.0 0.728125 0.984375 0.728125 0.984375 0.8484375 1.0 0.8484375 1.0 0.728125
0 1.0 0.1546875 0.70625 0.1546875 0.70625 0.4609375 1.0 0.4609375 1.0 0.1546875
0 1.0 0.0109375 0.7203125 0.0109375 0.7203125 0.234375 1.0 0.234375 1.0 0.0109375
0 0.8296875 0.0015625 0.7359375 0.0015625 0.7359375 0.03125 0.8296875 0.03125 0.8296875 0.0015625
0 0.9875 0.8140625 0.8953125 0.8140625 0.8953125 1.0 0.9875 1.0 0.9875 0.8140625
0 0.56875 0.609375 0.490625 0.609375 0.490625 0.9015625 0.56875 0.9015625 0.56875 0.609375
0 0.6796875 0.5609375 0.5859375 0.5609375 0.5859375 0.7109375 0.6796875 0.7109375 0.6796875 0.5609375
0 0.99375 0.921875 0.95 0.921875 0.95 1.0 0.99375 1.0 0.99375 0.921875
0 1.0 0.6171875 0.9578125 0.6171875 0.9578125 0.6625 1.0 0.6625 1.0 0.6171875
