0 0.865625 0.390625 0.803125 0.390625 0.803125 0.5265625 0.865625 0.5265625 0.865625 0.390625
0 0.8109375 0.9609375 0.7625 0.9609375 0.7625 1.0 0.8109375 1.0 0.8109375 0.9609375
0 0.81875 0.840625 0.7375 0.840625 0.7375 0.9796875 0.81875 0.9796875 0.81875 0.840625
0 0.875 0.5328125 0.7921875 0.5328125 0.7921875 0.8046875 0.875 0.8046875 0.875 0.5328125
0 0.7296875 0.590625 0.64375 0.590625 0.64375 0.6984375 0.7296875 0.6984375 0.7296875 0.590625
0 0.684375 0.2453125 0.5484375 0.2453125 0.5484375 0.4 0.684375 0.4 0.684375 0.2453125
0 0.7609375 0.1765625 0.615625 0.1765625 0.615625 0.3328125 0.7609375 0.3328125 0.7609375 0.1765625
0 0.6109375 0.0453125 0.5375 0.0453125 0.5375 0.21875 0.6109375 0.21875 0.6109375 0.0453125
0 0.7375 0.0015625 0.703125 0.0015625 0.703125 0.040625 0.7375 0.040625 0.7375 0.0015625
0 0.7390625 0.9046875 0.634375 0.9046875 0.634375 1.0 0.7390625 1.0 0.7390625 0.9046875
0 0.2015625 0.9484375 0.0984375 0.9484375 0.0984375 1.0 0.2015625 1.0 0.2015625 0.9484375
0 0.821875 0.5375 0.7265625 0.5375 0.7265625 0.70625 0.821875 0.70625 0.821875 0.5375
0 0.8046875 0.446875 0.7078125 0.446875 0.7078125 0.5765625 0.8046875 0.5765625 0.8046875 0.446875
0 0.6359375 0.9421875 0.590625 0.9421875 0.590625 1.0 0.6359375 1.0 0.6359375 0.9421875
0 0.846875 0.5984375 0.7140625 0.5984375 0.7140625 1.0 0.846875 1.0 0.846875 0.5984375
0 0.653125 0.5890625 0.4171875 0.5890625 0.4171875 0.7828125 0.653125 0.7828125 0.653125 0.5890625
0 0.9 0.034375 0.6265625 0.034375 0.6265625 0.6234375 0.9 0.6234375 0.9 0.034375
0 0.5765625 0.0015625 0.4609375 0.0015625 0.4609375 0.0984375 0.5765625 0.0984375 0.5765625 0.0015625
0 0.2328125 0.784375 0.1046875 0.784375 0.1046875 1.0 0.2328125 1.0 0.2328125 0.784375
0 0.7296875 0.7796875 0.634375 0.7796875 0.634375 0.9546875 0.7296875 0.9546875 0.7296875 0.7796875
0 0.771875 0.621875 0.6453125 0.621875 0.6453125 0.7703125 0.771875 0.7703125 0.771875 0.621875
0 0.8921875 0.0390625 0.7375 0.0390625 0.7375 0.403125 0.8921875 0.403125 0.8921875 0.0390625
0 0.809375 0.6015625 0.0015625 0.6015625 0.0015625 1.0 0.809375 1.0 0.809375 0.6015625
0 0.971875 0.0015625 0.5703125 0.0015625 0.5703125 0.4875 0.971875 0.4875 0.971875 0.0015625
0 0.684375 0.95625 0.625 0.95625 0.625 1.0 0.684375 1.0 0.684375 0.95625
0 0.971875 0.9 0.8828125 0.9 0.8828125 1.0 0.971875 1.0 0.971875 0.9
0 1.0 0.5609375 0.853125 0.5609375 0.853125 0.9609375 1.0 0.9609375 1.0 0.5609375
0 1.0 0.36875 0.95625 0.36875 0.95625 0.5125 1.0 0.5125 1.0 0.36875
0 1.0 0.0015625 0.9703125 0.0015625 0.9703125 0.3625 1.0 0.3625 1.0 0.0015625
0 0.88125 0.9765625 0.8515625 0.9765625 0.8515625 1.0 0.88125 1.0 0.88125 0.9765625
0 1.0 0.4640625 0.90625 0.4640625 0.90625 0.6359375 1.0 0.6359375 1.0 0.4640625
