0 0.528125 0.4359375 0.3515625 0.4359375 0.3515625 0.584375 0.528125 0.584375 0.528125 0.4359375
0 0.3125 0.0015625 0.275 0.0015625 0.275 0.0203125 0.3125 0.0203125 0.3125 0.0015625
0 0.165625 0.0015625 0.0703125 0.0015625 0.0703125 0.04375 0.165625 0.04375 0.165625 0.0015625
0 0.103125 0.0296875 0.0015625 0.0296875 0.0015625 0.2015625 0.103125 0.2015625 0.103125 0.0296875
0 0.971875 0.5125 0.7953125 0.5125 0.7953125 0.596875 0.971875 0.596875 0.971875 0.5125
0 0.2359375 0.0015625 0.0015625 0.0015625 0.0015625 0.2421875 0.2359375 0.2421875 0.2359375 0.0015625
0 0.8859375 0.0015625 0.7625 0.0015625 0.7625 0.128125 0.8859375 0.128125 0.8859375 0.0015625
0 1.0 0.5671875 0.8328125 0.5671875 0.8328125 0.9375 1.0 0.9375 1.0 0.5671875
0 1.0 0.1484375 0.9 0.1484375 0.9 0.2921875 1.0 0.2921875 1.0 0.1484375
0 0.5375 0.0015625 0.2078125 0.0015625 0.2078125 0.4265625 0.5375 0.4265625 0.5375 0.0015625
0 0.00625 0.0015625 0.0015625 0.0015625 0.0015625 0.015625 0.00625 0.015625 0.00625 0.0015625
0 0.909375 0.2171875 0.7640625 0.2171875 0.7640625 0.3765625 0.909375 0.3765625 0.909375 0.2171875
0 0.8625 0.0203125 0.740625 0.0203125 0.740625 0.140625 0.8625 0.140625 0.8625 0.0203125
0 0.93125 0.0015625 0.7375 0.0015625 0.7375 0.1734375 0.93125 0.1734375 0.93125 0.0015625
0 0.2390625 0.9703125 0.0828125 0.9703125 0.0828125 1.0 0.2390625 1.0 0.2390625 0.9703125
0 0.146875 0.59375 0.0015625 0.59375 0.0015625 0.6859375 0.146875 0.6859375 0.146875 0.59375
0 0.1953125 0.259375 0.0015625 0.259375 0.0015625 0.55625 0.1953125 0.55625 0.1953125 0.259375
0 0.3875 0.815625 0.246875 0.815625 0.246875 1.0 0.3875 1.0 0.3875 0.815625
0 0.571875 0.6296875 0.31875 0.6296875 0.31875 0.8671875 0.571875 0.8671875 0.571875 0.6296875
0 0.525 0.28125 0.196875 0.28125 0.196875 0.61875 0.525 0.61875 0.525 0.28125
0 0.940625 0.0015625 0.4890625 0.0015625 0.4890625 0.5 0.940625 0.5 0.940625 0.0015625
0 0.4796875 0.1765625 0.35 0.1765625 0.35 0.309375 0.4796875 0.309375 0.4796875 0.1765625
0 0.5640625 0.0015625 0.3921875 0.0015625 0.3921875 0.1734375 0.5640625 0.1734375 0.5640625 0.0015625
0 0.4046875 0.0015625 0.2921875 0.0015625 0.2921875 0.1375 0.4046875 0.1375 0.4046875 0.0015625
0 0.990625 0.9375 0.8640625 0.9375 0.8640625 1.0 0.990625 1.0 0.990625 0.9375
0 0.7390625 0.890625 0.6265625 0.890625 0.6265625 1.0 0.7390625 1.0 0.7390625 0.890625
0 0.8921875 0.615625 0.60625 0.615625 0.60625 0.8578125 0.8921875 0.8578125 0.8921875 0.615625
0 1.0 0.61875 0.978125 0.61875 0.978125 0.7859375 1.0 0.7859375 1.0 0.61875
0 0.6453125 0.4375 0.528125 0.4375 0.528125 0.7546875 0.6453125 0.7546875 0.6453125 0.4375
0 0.834375 0.4921875 0.7109375 0.4921875 0.7109375 0.60625 0.834375 0.60625 0.834375 0.4921875
0 1.0 0.3921875 0.9859375 0.3921875 0.9859375 0.453125 1.0 0.453125 1.0 0.3921875
0 0.65625 0.0015625 0.5890625 0.0015625 0.5890625 0.0609375 0.65625 0.0609375 0.65625 0.0015625
0 0.340625 0.7390625 0.2203125 0.7390625 0.2203125 0.8421875 0.340625 0.8421875 0.340625 0.7390625
0 0.3484375 0.359375 0.0015625 0.359375 0.0015625 0.9828125 0.3484375 0.9828125 0.3484375 0.359375
0 0.2640625 0.9578125 0.225 0.9578125 0.225 1.0 0.2640625 1.0 0.2640625 0.9578125
0 0.0484375 0.7640625 0.0015625 0.7640625 0.0015625 1.0 0.0484375 1.0 0.0484375 0.7640625
0 0.290625 0.3234375 0.184375 0.3234375 0.184375 0.5921875 0.290625 0.5921875 0.290625 0.3234375
0 0.2984375 0.1609375 0.0015625 0.1609375 0.0015625 0.378125 0.2984375 0.378125 0.2984375 0.1609375
0 0.3359375 0.86875 0.2625 0.86875 0.2625 1.0 0.3359375 1.0 0.3359375 0.86875
0 0.8578125 0.85625 0.421875 0.85625 0.421875 1.0 0.8578125 1.0 0.8578125 0.85625
0 0.5890625 0.528125 0.34375 0.528125 0.34375 0.821875 0.5890625 0.821875 0.5890625 0.528125
0 0.8171875 0.2859375 0.5265625 0.2859375 0.5265625 0.615625 0.8171875 0.615625 0.8171875 0.2859375
0 0.76875 0.0015625 0.3921875 0.0015625 0.3921875 0.275 0.76875 0.275 0.76875 0.0015625
0 1.0 0.628125 0.659375 0.628125 0.659375 1.0 1.0 1.0 1.0 0.628125
0 1.0 0.46875 0.9609375 0.46875 0.9609375 0.8203125 1.0 0.8203125 1.0 0.46875
0 1.0 0.2609375 0.9765625 0.2609375 0.9765625 0.39375 1.0 0.39375 1.0 0.2609375
0 1.0 0.1109375 0.884375 0.1109375 0.884375 0.2125 1.0 0.2125 1.0 0.1109375
0 0.6484375 0.1609375 0.478125 0.1609375 0.478125 0.3515625 0.6484375 0.3515625 0.6484375 0.1609375
0 0.265625 0.8390625 0.1171875 0.8390625 0.1171875 1.0 0.265625 1.0 0.265625 0.8390625
0 0.8828125 0.6078125 0.740625 0.6078125 0.740625 0.7765625 0.8828125 0.7765625 0.8828125 0.6078125
0 1.0 0.409375 0.865625 0.409375 0.865625 0.55 1.0 0.55 1.0 0.409375
0 0.7359375 0.0015625 0.6546875 0.0015625 0.6546875 0.0390625 0.7359375 0.0390625 0.7359375 0.0015625
0 1.0 0.5015625 0.9828125 0.5015625 0.9828125 0.6234375 1.0 0.6234375 1.0 0.5015625
0 0.8828125 0.8375 0.5984375 0.8375 0.5984375 1.0 0.8828125 1.0 0.8828125 0.8375
0 1.0 0.19375 0.8875 0.19375 0.8875 0.440625 1.0 0.440625 1.0 0.19375
