0 0.359375 0.7671875 0.290625 0.7671875 0.290625 0.9828125 0.359375 0.9828125 0.359375 0.7671875
0 0.5375 0.49375 0.4296875 0.49375 0.4296875 0.565625 0.5375 0.565625 0.5375 0.49375
0 0.421875 0.0015625 0.3734375 0.0015625 0.3734375 0.0421875 0.421875 0.0421875 0.421875 0.0015625
0 0.978125 0.9984375 0.975 0.9984375 0.975 1.0 0.978125 1.0 0.978125 0.9984375
0 0.58125 0.475 0.4796875 0.475 0.4796875 0.58125 0.58125 0.58125 0.58125 0.475
0 0.74375 0.3921875 0.5546875 0.3921875 0.5546875 0.5390625 0.74375 0.5390625 0.74375 0.3921875
0 0.3046875 0.2375 0.1234375 0.2375 0.1234375 0.3546875 0.3046875 0.3546875 0.3046875 0.2375
0 0.3625 0.8984375 0.325 0.8984375 0.325 1.0 0.3625 1.0 0.3625 0.8984375
0 0.559375 0.6265625 0.4078125 0.6265625 0.4078125 0.784375 0.559375 0.784375 0.559375 0.6265625
0 0.0484375 0.05625 0.0015625 0.05625 0.0015625 0.1015625 0.0484375 0.1015625 0.0484375 0.05625
0 0.5375 0.1453125 0.3328125 0.1453125 0.3328125 0.2703125 0.5375 0.2703125 0.5375 0.1453125
0 0.69375 0.0015625 0.6390625 0.0015625 0.6390625 0.0328125 0.69375 0.0328125 0.69375 0.0015625
0 0.3703125 0.2375 0.1671875 0.2375 0.1671875 0.4109375 0.3703125 0.4109375 0.3703125 0.2375
0 0.1890625 0.0671875 0.1140625 0.0671875 0.1140625 0.190625 0.1890625 0.190625 0.1890625 0.0671875
0 0.484375 0.45625 0.3109375 0.45625 0.3109375 0.6421875 0.484375 0.6421875 0.484375 0.45625
0 0.015625 0.4484375 0.0015625 0.4484375 0.0015625 0.53125 0.015625 0.53125 0.015625 0.4484375
0 0.5875 0.7109375 0.4671875 0.7109375 0.4671875 0.8546875 0.5875 0.8546875 0.5875 0.7109375
0 0.665625 0.61875 0.4765625 0.61875 0.4765625 0.740625 0.665625 0.740625 0.665625 0.61875
0 0.515625 0.359375 0.3796875 0.359375 0.3796875 0.4734375 0.515625 0.4734375 0.515625 0.359375
0 0.7296875 0.503125 0.5328125 0.503125 0.5328125 0.6734375 0.7296875 0.6734375 0.7296875 0.503125
0 0.5671875 0.5453125 0.4296875 0.5453125 0.4296875 0.6640625 0.5671875 0.6640625 0.5671875 0.5453125
0 0.59375 0.296875 0.4984375 0.296875 0.4984375 0.46875 0.59375 0.46875 0.59375 0.296875
0 0.6296875 0.4109375 0.425 0.4109375 0.425 0.6359375 0.6296875 0.6359375 0.6296875 0.4109375
0 0.1921875 0.7171875 0.0359375 0.7171875 0.0359375 0.89375 0.1921875 0.89375 0.1921875 0.7171875
0 0.1609375 0.0015625 0.0015625 0.0015625 0.0015625 0.1203125 0.1609375 0.1203125 0.1609375 0.0015625
0 0.6234375 0.759375 0.4984375 0.759375 0.4984375 0.9078125 0.6234375 0.9078125 0.6234375 0.759375
0 0.015625 0.6125 0.0015625 0.6125 0.0015625 0.7109375 0.015625 0.7109375 0.015625 0.6125
0 0.0640625 0.803125 0.0015625 0.803125 0.0015625 1.0 0.0640625 1.0 0.0640625 0.803125
0 0.275 0.7734375 0.0015625 0.7734375 0.0015625 1.0 0.275 1.0 0.275 0.7734375
0 0.03125 0.2546875 0.0015625 0.2546875 0.0015625 0.34375 0.03125 0.34375 0.03125 0.2546875
0 0.546875 0.0015625 0.48125 0.0015625 0.48125 0.1265625 0.546875 0.1265625 0.546875 0.0015625
0 1.0 0.0265625 0.95 0.0265625 0.95 0.2859375 1.0 0.2859375 1.0 0.0265625
0 0.08125 0.521875 0.0015625 0.521875 0.0015625 0.809375 0.08125 0.809375 0.08125 0.521875
0 0.9984375 0.0953125 0.2765625 0.0953125 0.2765625 1.0 0.9984375 1.0 0.9984375 0.0953125
0 1.0 0.0671875 0.975 0.0671875 0.975 0.3 1.0 0.3 1.0 0.0671875
0 0.04375 0.3359375 0.0015625 0.3359375 0.0015625 0.4765625 0.04375 0.4765625 0.04375 0.3359375
0 0.365625 0.66875 0.0765625 0.66875 0.0765625 0.8671875 0.365625 0.8671875 0.365625 0.66875
0 0.2703125 0.3359375 0.0359375 0.3359375 0.0359375 0.68125 0.2703125 0.68125 0.2703125 0.3359375
0 0.41875 0.8984375 0.3546875 0.8984375 0.3546875 1.0 0.41875 1.0 0.41875 0.8984375
0 0.43125 0.5546875 0.309375 0.5546875 0.309375 0.734375 0.43125 0.734375 0.43125 0.5546875
0 1.0 0.9015625 0.9484375 0.9015625 0.9484375 0.9984375 1.0 0.9984375 1.0 0.9015625
