0 0.9578125 0.1828125 0.69375 0.1828125 0.69375 0.3390625 0.9578125 0.3390625 0.9578125 0.1828125
0 0.971875 0.940625 0.8828125 0.940625 0.8828125 1.0 0.971875 1.0 0.971875 0.940625
0 0.1984375 0.6578125 0.04375 0.6578125 0.04375 0.8234375 0.1984375 0.8234375 0.1984375 0.6578125
0 0.921875 0.0015625 0.65625 0.0015625 0.65625 0.1546875 0.921875 0.1546875 0.921875 0.0015625
0 1.0 0.853125 0.909375 0.853125 0.909375 0.9984375 1.0 0.9984375 1.0 0.853125
0 0.8453125 0.0015625 0.7765625 0.0015625 0.7765625 0.0546875 0.8453125 0.0546875 0.8453125 0.0015625
0 0.5140625 0.771875 0.2765625 0.771875 0.2765625 1.0 0.5140625 1.0 0.5140625 0.771875
0 0.278125 0.7171875 0.0015625 0.7171875 0.0015625 0.996875 0.278125 0.996875 0.278125 0.7171875
0 0.3734375 0.7109375 0.2890625 0.7109375 0.2890625 0.8265625 0.3734375 0.8265625 0.3734375 0.7109375
0 0.2375 0.4828125 0.0609375 0.4828125 0.0609375 0.7640625 0.2375 0.7640625 0.2375 0.4828125
0 0.4765625 0.4828125 0.3734375 0.4828125 0.3734375 0.7375 0.4765625 0.7375 0.4765625 0.4828125
0 0.18125 0.23125 0.0453125 0.23125 0.0453125 0.4140625 0.18125 0.4140625 0.18125 0.23125
0 0.7515625 0.934375 0.690625 0.934375 0.690625 1.0 0.7515625 1.0 0.7515625 0.934375
0 0.79375 0.0015625 0.75625 0.0015625 0.75625 0.075 0.79375 0.075 0.79375 0.0015625
0 0.3453125 0.8015625 0.2546875 0.8015625 0.2546875 0.9 0.3453125 0.9 0.3453125 0.8015625
0 0.440625 0.5640625 0.3578125 0.5640625 0.3578125 0.778125 0.440625 0.778125 0.440625 0.5640625
0 0.0234375 0.4375 0.0015625 0.4375 0.0015625 0.5375 0.0234375 0.5375 0.0234375 0.4375
0 0.7421875 0.2515625 0.584375 0.2515625 0.584375 0.36875 0.7421875 0.36875 0.7421875 0.2515625
0 0.003125 0.1515625 0.0015625 0.1515625 0.0015625 0.1875 0.003125 0.1875 0.003125 0.1515625
0 1.0 0.0015625 0.0015625 0.0015625 0.0015625 1.0 1.0 1.0 1.0 0.0015625
0 0.2984375 0.0015625 0.175 0.0015625 0.175 0.1046875 0.2984375 0.1046875 0.2984375 0.0015625
0 0.01875 0.9640625 0.0015625 0.9640625 0.0015625 1.0 0.01875 1.0 0.01875 0.9640625
