0 0.3078125 0.0890625 0.1953125 0.0890625 0.1953125 0.209375 0.3078125 0.209375 0.3078125 0.0890625
0 0.6328125 0.45 0.4921875 0.45 0.4921875 0.6875 0.6328125 0.6875 0.6328125 0.45
0 0.73125 0.109375 0.559375 0.109375 0.559375 0.20625 0.73125 0.20625 0.73125 0.109375
0 1.0 0.384375 0.9046875 0.384375 0.9046875 0.5609375 1.0 0.5609375 1.0 0.384375
0 0.903125 0.3109375 0.7734375 0.3109375 0.7734375 0.50625 0.903125 0.50625 0.903125 0.3109375
0 1.0 0.09375 0.8859375 0.09375 0.8859375 0.353125 1.0 0.353125 1.0 0.09375
0 0.521875 0.415625 0.4046875 0.415625 0.4046875 0.6 0.521875 0.6 0.521875 0.415625
0 0.653125 0.775 0.5578125 0.775 0.5578125 0.959375 0.653125 0.959375 0.653125 0.775
0 0.5859375 0.365625 0.50625 0.365625 0.50625 0.509375 0.5859375 0.509375 0.5859375 0.365625
0 0.8296875 0.0015625 0.7078125 0.0015625 0.7078125 0.1203125 0.8296875 0.1203125 0.8296875 0.0015625
0 0.8296875 0.525 0.6421875 0.525 0.6421875 0.715625 0.8296875 0.715625 0.8296875 0.525
0 0.4484375 0.2890625 0.3234375 0.2890625 0.3234375 0.46875 0.4484375 0.46875 0.4484375 0.2890625
0 0.15 0.0015625 0.1234375 0.0015625 0.1234375 0.009375 0.15 0.009375 0.15 0.0015625
0 0.4296875 0.0015625 0.3671875 0.0015625 0.3671875 0.053125 0.4296875 0.053125 0.4296875 0.0015625
0 0.1390625 0.4796875 0.0015625 0.4796875 0.0015625 0.6078125 0.1390625 0.6078125 0.1390625 0.4796875
0 0.0234375 0.315625 0.0015625 0.315625 0.0015625 0.371875 0.0234375 0.371875 0.0234375 0.315625
0 0.615625 0.8 0.503125 0.8 0.503125 1.0 0.615625 1.0 0.615625 0.8
0 0.5578125 0.63125 0.4125 0.63125 0.4125 0.8609375 0.5578125 0.8609375 0.5578125 0.63125
0 0.678125 0.2875 0.546875 0.2875 0.546875 0.4640625 0.678125 0.4640625 0.678125 0.2875
0 0.7640625 0.165625 0.609375 0.165625 0.609375 0.334375 0.7640625 0.334375 0.7640625 0.165625
0 0.825 0.0421875 0.765625 0.0421875 0.765625 0.221875 0.825 0.221875 0.825 0.0421875
0 0.9109375 0.0015625 0.8453125 0.0015625 0.8453125 0.1359375 0.9109375 0.1359375 0.9109375 0.0015625
0 0.6953125 0.2265625 0.553125 0.2265625 0.553125 0.3921875 0.6953125 0.3921875 0.6953125 0.2265625
0 0.1671875 0.6625 0.0015625 0.6625 0.0015625 0.85625 0.1671875 0.85625 0.1671875 0.6625
0 1.0 0.8640625 0.8859375 0.8640625 0.8859375 1.0 1.0 1.0 1.0 0.8640625
0 0.778125 0.7359375 0.6328125 0.7359375 0.6328125 0.890625 0.778125 0.890625 0.778125 0.7359375
0 0.603125 0.31875 0.478125 0.31875 0.478125 0.484375 0.603125 0.484375 0.603125 0.31875
0 0.3125 0.0015625 0.2828125 0.0015625 0.2828125 0.0046875 0.3125 0.0046875 0.3125 0.0015625
0 0.1578125 0.7609375 0.0390625 0.7609375 0.0390625 0.9484375 0.1578125 0.9484375 0.1578125 0.7609375
0 0.69375 0.6234375 0.553125 0.6234375 0.553125 0.8015625 0.69375 0.8015625 0.69375 0.6234375
0 0.409375 0.0015625 0.284375 0.0015625 0.284375 0.0625 0.409375 0.0625 0.409375 0.0015625
0 0.978125 0.5640625 0.89375 0.5640625 0.89375 0.7 0.978125 0.7 0.978125 0.5640625
0 0.7578125 0.34375 0.615625 0.34375 0.615625 0.4890625 0.7578125 0.4890625 0.7578125 0.34375
0 0.8890625 0.253125 0.790625 0.253125 0.790625 0.4171875 0.8890625 0.4171875 0.8890625 0.253125
0 0.5078125 0.6421875 0.3921875 0.6421875 0.3921875 0.7953125 0.5078125 0.7953125 0.5078125 0.6421875
0 0.753125 0.234375 0.6109375 0.234375 0.6109375 0.3625 0.753125 0.3625 0.753125 0.234375
0 0.865625 0.1171875 0.7625 0.1171875 0.7625 0.303125 0.865625 0.303125 0.865625 0.1171875
0 0.69375 0.0015625 0.4140625 0.0015625 0.4140625 0.1375 0.69375 0.1375 0.69375 0.0015625
0 0.775 0.04375 0.6515625 0.04375 0.6515625 0.1609375 0.775 0.1609375 0.775 0.04375
0 0.1265625 0.759375 0.0015625 0.759375 0.0015625 1.0 0.1265625 1.0 0.1265625 0.759375
0 0.846875 0.403125 0.6796875 0.403125 0.6796875 0.63125 0.846875 0.63125 0.846875 0.403125
0 0.0234375 0.9953125 0.015625 0.9953125 0.015625 1.0 0.0234375 1.0 0.0234375 0.9953125
0 0.0984375 0.690625 0.0015625 0.690625 0.0015625 0.8046875 0.0984375 0.8046875 0.0984375 0.690625
0 0.0359375 0.5890625 0.0015625 0.5890625 0.0015625 0.6703125 0.0359375 0.6703125 0.0359375 0.5890625
0 0.159375 0.5390625 0.059375 0.5390625 0.059375 0.7453125 0.159375 0.7453125 0.159375 0.5390625
0 0.940625 0.0015625 0.884375 0.0015625 0.884375 0.10625 0.940625 0.10625 0.940625 0.0015625
0 0.84375 0.0015625 0.8421875 0.0015625 0.8421875 0.003125 0.84375 0.003125 0.84375 0.0015625
0 0.79375 0.0015625 0.6640625 0.0015625 0.6640625 0.0796875 0.79375 0.0796875 0.79375 0.0015625
0 0.9734375 0.3921875 0.878125 0.3921875 0.878125 0.7328125 0.9734375 0.7328125 0.9734375 0.3921875
0 1.0 0.1328125 0.8359375 0.1328125 0.8359375 0.4203125 1.0 0.4203125 1.0 0.1328125
0 1.0 0.0015625 0.953125 0.0015625 0.953125 0.1109375 1.0 0.1109375 1.0 0.0015625
0 1.0 0.546875 0.965625 0.546875 0.965625 0.70625 1.0 0.70625 1.0 0.546875
0 1.0 0.028125 0.9125 0.028125 0.9125 0.3953125 1.0 0.3953125 1.0 0.028125
0 1.0 0.5171875 0.9703125 0.5171875 0.9703125 0.546875 1.0 0.546875 1.0 0.5171875
