0 0.184375 0.653125 0.0578125 0.653125 0.0578125 0.9703125 0.184375 0.9703125 0.184375 0.653125
0 0.9734375 0.0078125 0.8515625 0.0078125 0.8515625 0.1671875 0.9734375 0.1671875 0.9734375 0.0078125
0 0.7953125 0.0015625 0.6953125 0.0015625 0.6953125 0.1765625 0.7953125 0.1765625 0.7953125 0.0015625
0 0.7390625 0.0015625 0.6390625 0.0015625 0.6390625 0.0921875 0.7390625 0.0921875 0.7390625 0.0015625
0 0.796875 0.1625 0.7203125 0.1625 0.7203125 0.321875 0.796875 0.321875 0.796875 0.1625
0 0.8046875 0.3546875 0.728125 0.3546875 0.728125 0.5640625 0.8046875 0.5640625 0.8046875 0.3546875
0 0.0109375 0.78125 0.0015625 0.78125 0.0015625 0.8234375 0.0109375 0.8234375 0.0109375 0.78125
0 0.134375 0.965625 0.034375 0.965625 0.034375 1.0 0.134375 1.0 0.134375 0.965625
0 0.3609375 0.865625 0.25625 0.865625 0.25625 1.0 0.3609375 1.0 0.3609375 0.865625
0 0.2546875 0.0015625 0.0875 0.0015625 0.0875 0.66875 0.2546875 0.66875 0.2546875 0.0015625
0 0.659375 0.0015625 0.575 0.0015625 0.575 0.0765625 0.659375 0.0765625 0.659375 0.0015625
0 0.959375 0.0015625 0.9203125 0.0015625 0.9203125 0.03125 0.959375 0.03125 0.959375 0.0015625
0 0.990625 0.3640625 0.8890625 0.3640625 0.8890625 0.584375 0.990625 0.584375 0.990625 0.3640625
0 1.0 0.0015625 0.0015625 0.0015625 0.0015625 1.0 1.0 1.0 1.0 0.0015625
0 0.671875 0.0015625 0.6265625 0.0015625 0.6265625 0.0421875 0.671875 0.0421875 0.671875 0.0015625
0 0.6859375 0.8203125 0.596875 0.8203125 0.596875 1.0 0.6859375 1.0 0.6859375 0.8203125
0 1.0 0.953125 0.953125 0.953125 0.953125 1.0 1.0 1.0 1.0 0.953125
0 0.653125 0.50625 0.5390625 0.50625 0.5390625 0.6453125 0.653125 0.6453125 0.653125 0.50625
