0 0.4515625 0.0046875 0.36875 0.0046875 0.36875 0.234375 0.4515625 0.234375 0.4515625 0.0046875
0 0.1015625 0.0015625 0.090625 0.0015625 0.090625 0.0171875 0.1015625 0.0171875 0.1015625 0.0015625
0 0.2328125 0.56875 0.1265625 0.56875 0.1265625 0.8109375 0.2328125 0.8109375 0.2328125 0.56875
0 0.2921875 0.0015625 0.18125 0.0015625 0.18125 0.071875 0.2921875 0.071875 0.2921875 0.0015625
0 0.5984375 0.0015625 0.48125 0.0015625 0.48125 0.05625 0.5984375 0.05625 0.5984375 0.0015625
0 0.7546875 0.490625 0.58125 0.490625 0.58125 0.65 0.7546875 0.65 0.7546875 0.490625
0 0.796875 0.3109375 0.565625 0.3109375 0.565625 0.4953125 0.796875 0.4953125 0.796875 0.3109375
0 0.6765625 0.021875 0.5015625 0.021875 0.5015625 0.28125 0.6765625 0.28125 0.6765625 0.021875
0 0.496875 0.5125 0.390625 0.5125 0.390625 0.728125 0.496875 0.728125 0.496875 0.5125
0 0.8625 0.453125 0.8109375 0.453125 0.8109375 0.66875 0.8625 0.66875 0.8625 0.453125
0 0.765625 0.8015625 0.6890625 0.8015625 0.6890625 0.9859375 0.765625 0.9859375 0.765625 0.8015625
0 0.734375 0.5984375 0.6234375 0.5984375 0.6234375 0.7828125 0.734375 0.7828125 0.734375 0.5984375
0 1.0 0.0015625 0.0015625 0.0015625 0.0015625 1.0 1.0 1.0 1.0 0.0015625
0 0.8171875 0.709375 0.6578125 0.709375 0.6578125 0.8875 0.8171875 0.8875 0.8171875 0.709375
0 0.7265625 0.3296875 0.5640625 0.3296875 0.5640625 0.5640625 0.7265625 0.5640625 0.7265625 0.3296875
0 0.86875 0.9015625 0.7328125 0.9015625 0.7328125 1.0 0.86875 1.0 0.86875 0.9015625
