0 0.9296875 0.8140625 0.7734375 0.8140625 0.7734375 0.9359375 0.9296875 0.9359375 0.9296875 0.8140625
0 1.0 0.790625 0.99375 0.790625 0.99375 0.8296875 1.0 0.8296875 1.0 0.790625
0 1.0 0.0625 0.903125 0.0625 0.903125 0.5234375 1.0 0.5234375 1.0 0.0625
0 0.5890625 0.203125 0.5171875 0.203125 0.5171875 0.415625 0.5890625 0.415625 0.5890625 0.203125
0 0.9578125 0.0890625 0.865625 0.0890625 0.865625 0.3671875 0.9578125 0.3671875 0.9578125 0.0890625
0 0.9796875 0.0015625 0.8859375 0.0015625 0.8859375 0.0578125 0.9796875 0.0578125 0.9796875 0.0015625
0 0.196875 0.54375 0.1 0.54375 0.1 0.65625 0.196875 0.65625 0.196875 0.54375
0 0.1046875 0.2546875 0.0015625 0.2546875 0.0015625 0.3953125 0.1046875 0.3953125 0.1046875 0.2546875
0 0.9265625 0.953125 0.6890625 0.953125 0.6890625 1.0 0.9265625 1.0 0.9265625 0.953125
0 1.0 0.7484375 0.94375 0.7484375 0.94375 0.9203125 1.0 0.9203125 1.0 0.7484375
0 0.8109375 0.615625 0.734375 0.615625 0.734375 0.790625 0.8109375 0.790625 0.8109375 0.615625
0 0.7359375 0.4046875 0.6546875 0.4046875 0.6546875 0.6078125 0.7359375 0.6078125 0.7359375 0.4046875
0 0.246875 0.3015625 0.1421875 0.3015625 0.1421875 0.4234375 0.246875 0.4234375 0.246875 0.3015625
0 0.4578125 0.2265625 0.3625 0.2265625 0.3625 0.3828125 0.4578125 0.3828125 0.4578125 0.2265625
0 0.60625 0.0015625 0.5421875 0.0015625 0.5421875 0.1421875 0.60625 0.1421875 0.60625 0.0015625
0 0.528125 0.0015625 0.409375 0.0015625 0.409375 0.09375 0.528125 0.09375 0.528125 0.0015625
0 0.459375 0.91875 0.3609375 0.91875 0.3609375 1.0 0.459375 1.0 0.459375 0.91875
0 0.3546875 0.9734375 0.3234375 0.9734375 0.3234375 1.0 0.3546875 1.0 0.3546875 0.9734375
0 0.28125 0.621875 0.1390625 0.621875 0.1390625 0.8296875 0.28125 0.8296875 0.28125 0.621875
0 0.4546875 0.6859375 0.346875 0.6859375 0.346875 0.8 0.4546875 0.8 0.4546875 0.6859375
0 0.0765625 0.590625 0.0015625 0.590625 0.0015625 0.8875 0.0765625 0.8875 0.0765625 0.590625
0 0.4140625 0.3109375 0.2 0.3109375 0.2 0.575 0.4140625 0.575 0.4140625 0.3109375
0 0.1828125 0.4453125 0.075 0.4453125 0.075 0.575 0.1828125 0.575 0.1828125 0.4453125
0 0.0484375 0.3671875 0.0015625 0.3671875 0.0015625 0.571875 0.0484375 0.571875 0.0484375 0.3671875
0 0.4296875 0.1296875 0.2078125 0.1296875 0.2078125 0.3734375 0.4296875 0.3734375 0.4296875 0.1296875
0 0.1984375 0.2203125 0.1296875 0.2203125 0.1296875 0.3515625 0.1984375 0.3515625 0.1984375 0.2203125
0 0.1 0.0015625 0.0015625 0.0015625 0.0015625 0.3453125 0.1 0.3453125 0.1 0.0015625
0 0.328125 0.0015625 0.3046875 0.0015625 0.3046875 0.0109375 0.328125 0.0109375 0.328125 0.0015625
0 0.4234375 0.0015625 0.3890625 0.0015625 0.3890625 0.0109375 0.4234375 0.0109375 0.4234375 0.0015625
0 1.0 0.5 0.7109375 0.5 0.7109375 1.0 1.0 1.0 1.0 0.5
0 0.63125 0.821875 0.459375 0.821875 0.459375 1.0 0.63125 1.0 0.63125 0.821875
0 0.8265625 0.5078125 0.68125 0.5078125 0.68125 0.809375 0.8265625 0.809375 0.8265625 0.5078125
0 0.6828125 0.4890625 0.5640625 0.4890625 0.5640625 0.775 0.6828125 0.775 0.6828125 0.4890625
0 1.0 0.2515625 0.85 0.2515625 0.85 0.5625 1.0 0.5625 1.0 0.2515625
0 1.0 0.5046875 0.9875 0.5046875 0.9875 0.5171875 1.0 0.5171875 1.0 0.5046875
0 0.76875 0.2328125 0.625 0.2328125 0.625 0.475 0.76875 0.475 0.76875 0.2328125
0 0.5375 0.0625 0.4359375 0.0625 0.4359375 0.1796875 0.5375 0.1796875 0.5375 0.0625
0 0.86875 0.0078125 0.7171875 0.0078125 0.7171875 0.225 0.86875 0.225 0.86875 0.0078125
0 0.76875 0.0015625 0.665625 0.0015625 0.665625 0.10625 0.76875 0.10625 0.76875 0.0015625
0 0.8796875 0.0015625 0.8109375 0.0015625 0.8109375 0.0578125 0.8796875 0.0578125 0.8796875 0.0015625
0 0.5859375 0.0015625 0.53125 0.0015625 0.53125 0.0109375 0.5859375 0.0109375 0.5859375 0.0015625
0 0.8796875 0.1 0.7890625 0.1 0.7890625 0.2296875 0.8796875 0.2296875 0.8796875 0.1
0 0.9984375 0.053125 0.8859375 0.053125 0.8859375 0.2203125 0.9984375 0.2203125 0.9984375 0.053125
0 1.0 0.0015625 0.0015625 0.0015625 0.0015625 1.0 1.0 1.0 1.0 0.0015625
0 0.0609375 0.1171875 0.0015625 0.1171875 0.0015625 0.2328125 0.0609375 0.2328125 0.0609375 0.1171875
0 0.6421875 0.9515625 0.609375 0.9515625 0.609375 1.0 0.6421875 1.0 0.6421875 0.9515625
0 1.0 0.9203125 0.9578125 0.9203125 0.9578125 1.0 1.0 1.0 1.0 0.9203125
0 1.0 0.0015625 0.9890625 0.0015625 0.9890625 0.034375 1.0 0.034375 1.0 0.0015625
0 0.6828125 0.0015625 0.60625 0.0015625 0.60625 0.0359375 0.6828125 0.0359375 0.6828125 0.0015625
