0 0.1296875 0.0015625 0.046875 0.0015625 0.046875 0.0484375 0.1296875 0.0484375 0.1296875 0.0015625
0 0.8390625 0.278125 0.7203125 0.278125 0.7203125 0.446875 0.8390625 0.446875 0.8390625 0.278125
0 0.5984375 0.675 0.3765625 0.675 0.3765625 0.8421875 0.5984375 0.8421875 0.5984375 0.675
0 1.0 0.3890625 0.746875 0.3890625 0.746875 0.525 1.0 0.525 1.0 0.3890625
0 0.953125 0.8828125 0.8484375 0.8828125 0.8484375 1.0 0.953125 1.0 0.953125 0.8828125
0 0.1203125 0.4078125 0.0125 0.4078125 0.0125 0.6125 0.1203125 0.6125 0.1203125 0.4078125
0 1.0 0.5421875 0.9140625 0.5421875 0.9140625 0.6328125 1.0 0.6328125 1.0 0.5421875
0 0.965625 0.95 0.871875 0.95 0.871875 1.0 0.965625 1.0 0.965625 0.95
0 1.0 0.775 0.8921875 0.775 0.8921875 0.9203125 1.0 0.9203125 1.0 0.775
0 0.16875 0.6671875 0.0015625 0.6671875 0.0015625 0.809375 0.16875 0.809375 0.16875 0.6671875
0 0.6390625 0.9453125 0.5921875 0.9453125 0.5921875 1.0 0.6390625 1.0 0.6390625 0.9453125
0 0.140625 0.9546875 0.0015625 0.9546875 0.0015625 1.0 0.140625 1.0 0.140625 0.9546875
0 0.265625 0.8859375 0.1546875 0.8859375 0.1546875 1.0 0.265625 1.0 0.265625 0.8859375
0 0.3984375 0.8984375 0.2671875 0.8984375 0.2671875 1.0 0.3984375 1.0 0.3984375 0.8984375
0 0.709375 0.7625 0.4015625 0.7625 0.4015625 1.0 0.709375 1.0 0.709375 0.7625
0 0.1703125 0.8703125 0.0078125 0.8703125 0.0078125 0.9359375 0.1703125 0.9359375 0.1703125 0.8703125
0 0.21875 0.7015625 0.0015625 0.7015625 0.0015625 0.9140625 0.21875 0.9140625 0.21875 0.7015625
0 0.1484375 0.4921875 0.0015625 0.4921875 0.0015625 0.7828125 0.1484375 0.7828125 0.1484375 0.4921875
0 0.615625 0.5265625 0.3984375 0.5265625 0.3984375 0.7765625 0.615625 0.7765625 0.615625 0.5265625
0 0.4015625 0.559375 0.2640625 0.559375 0.2640625 0.7375 0.4015625 0.7375 0.4015625 0.559375
0 0.5171875 0.4125 0.3171875 0.4125 0.3171875 0.640625 0.5171875 0.640625 0.5171875 0.4125
0 0.2984375 0.434375 0.14375 0.434375 0.14375 0.609375 0.2984375 0.609375 0.2984375 0.434375
0 0.015625 0.371875 0.0015625 0.371875 0.0015625 0.4859375 0.015625 0.4859375 0.015625 0.371875
0 0.6296875 0.26875 0.453125 0.26875 0.453125 0.4265625 0.6296875 0.4265625 0.6296875 0.26875
0 0.6484375 0.0015625 0.2671875 0.0015625 0.2671875 0.3640625 0.6484375 0.3640625 0.6484375 0.0015625
0 0.196875 0.134375 0.1140625 0.134375 0.1140625 0.25625 0.196875 0.25625 0.196875 0.134375
0 0.1 0.1265625 0.0015625 0.1265625 0.0015625 0.20625 0.1 0.20625 0.1 0.1265625
0 0.2984375 0.0015625 0.203125 0.0015625 0.203125 0.2453125 0.2984375 0.2453125 0.2984375 0.0015625
0 0.053125 0.071875 0.0015625 0.071875 0.0015625 0.1140625 0.053125 0.1140625 0.053125 0.071875
0 0.4 0.0015625 0.3125 0.0015625 0.3125 0.0421875 0.4 0.0421875 0.4 0.0015625
0 1.0 0.953125 0.9640625 0.953125 0.9640625 1.0 1.0 1.0 1.0 0.953125
0 0.7578125 0.925 0.65 0.925 0.65 1.0 0.7578125 1.0 0.7578125 0.925
0 0.9375 0.7890625 0.8234375 0.7890625 0.8234375 0.953125 0.9375 0.953125 0.9375 0.7890625
0 0.8953125 0.4328125 0.64375 0.4328125 0.64375 0.9296875 0.8953125 0.9296875 0.8953125 0.4328125
0 1.0 0.415625 0.7953125 0.415625 0.7953125 0.628125 1.0 0.628125 1.0 0.415625
0 1.0 0.3125 0.7625 0.3125 0.7625 0.459375 1.0 0.459375 1.0 0.3125
0 0.75625 0.0828125 0.64375 0.0828125 0.64375 0.3015625 0.75625 0.3015625 0.75625 0.0828125
0 0.9453125 0.184375 0.8265625 0.184375 0.8265625 0.253125 0.9453125 0.253125 0.9453125 0.184375
0 0.80625 0.065625 0.7125 0.065625 0.7125 0.25 0.80625 0.25 0.80625 0.065625
0 0.9640625 0.0828125 0.8140625 0.0828125 0.8140625 0.1890625 0.9640625 0.1890625 0.9640625 0.0828125
0 0.7875 0.0015625 0.6828125 0.0015625 0.6828125 0.0625 0.7875 0.0625 0.7875 0.0015625
0 0.3640625 0.146875 0.2890625 0.146875 0.2890625 0.415625 0.3640625 0.415625 0.3640625 0.146875
0 0.0296875 0.2453125 0.0015625 0.2453125 0.0015625 0.2828125 0.0296875 0.2828125 0.0296875 0.2453125
0 0.190625 0.0015625 0.0703125 0.0015625 0.0703125 0.203125 0.190625 0.203125 0.190625 0.0015625
0 0.271875 0.0015625 0.2109375 0.0015625 0.2109375 0.103125 0.271875 0.103125 0.271875 0.0015625
0 0.04375 0.0015625 0.0015625 0.0015625 0.0015625 0.0171875 0.04375 0.0171875 0.04375 0.0015625
0 0.625 0.9640625 0.5703125 0.9640625 0.5703125 1.0 0.625 1.0 0.625 0.9640625
0 1.0 0.93125 0.9796875 0.93125 0.9796875 0.9734375 1.0 0.9734375 1.0 0.93125
0 0.5984375 0.8625 0.5015625 0.8625 0.5015625 0.9984375 0.5984375 0.9984375 0.5984375 0.8625
0 0.9 0.6453125 0.7859375 0.6453125 0.7859375 0.84375 0.9 0.84375 0.9 0.6453125
0 0.61875 0.4703125 0.475 0.4703125 0.475 0.590625 0.61875 0.590625 0.61875 0.4703125
0 0.7484375 0.296875 0.509375 0.296875 0.509375 0.4859375 0.7484375 0.4859375 0.7484375 0.296875
0 1.0 0.45625 0.99375 0.45625 0.99375 0.478125 1.0 0.478125 1.0 0.45625
0 0.8640625 0.0015625 0.8390625 0.0015625 0.8390625 0.0609375 0.8640625 0.0609375 0.8640625 0.0015625
0 0.4375 0.209375 0.06875 0.209375 0.06875 1.0 0.4375 1.0 0.4375 0.209375
0 1.0 0.0015625 0.3484375 0.0015625 0.3484375 0.6765625 1.0 0.6765625 1.0 0.0015625
0 0.9578125 0.665625 0.6 0.665625 0.6 1.0 0.9578125 1.0 0.9578125 0.665625
