0 0.05 0.1109375 0.0015625 0.1109375 0.0015625 0.15 0.05 0.15 0.05 0.1109375
0 0.240625 0.2484375 0.1 0.2484375 0.1 0.3734375 0.240625 0.3734375 0.240625 0.2484375
0 0.45 0.0921875 0.0921875 0.0921875 0.0921875 0.2921875 0.45 0.2921875 0.45 0.0921875
0 0.7171875 0.0015625 0.4703125 0.0015625 0.4703125 0.2375 0.7171875 0.2375 0.7171875 0.0015625
0 0.075 0.190625 0.0015625 0.190625 0.0015625 0.23125 0.075 0.23125 0.075 0.190625
0 1.0 0.675 0.9515625 0.675 0.9515625 0.7625 1.0 0.7625 1.0 0.675
0 0.103125 0.79375 0.0015625 0.79375 0.0015625 0.8671875 0.103125 0.8671875 0.103125 0.79375
0 1.0 0.2234375 0.915625 0.2234375 0.915625 0.340625 1.0 0.340625 1.0 0.2234375
0 0.6578125 0.21875 0.5609375 0.21875 0.5609375 0.3734375 0.6578125 0.3734375 0.6578125 0.21875
0 0.04375 0.2296875 0.0015625 0.2296875 0.0015625 0.271875 0.04375 0.271875 0.04375 0.2296875
0 0.2828125 0.6421875 0.1734375 0.6421875 0.1734375 0.75 0.2828125 0.75 0.2828125 0.6421875
0 0.428125 0.3140625 0.3453125 0.3140625 0.3453125 0.453125 0.428125 0.453125 0.428125 0.3140625
0 0.490625 0.0015625 0.3546875 0.0015625 0.3546875 0.1609375 0.490625 0.1609375 0.490625 0.0015625
0 0.2015625 0.4125 0.0015625 0.4125 0.0015625 0.571875 0.2015625 0.571875 0.2015625 0.4125
0 0.128125 0.459375 0.059375 0.459375 0.059375 0.6046875 0.128125 0.6046875 0.128125 0.459375
0 0.4046875 0.5203125 0.3375 0.5203125 0.3375 0.7421875 0.4046875 0.7421875 0.4046875 0.5203125
0 0.2375 0.0015625 0.015625 0.0015625 0.015625 0.1484375 0.2375 0.1484375 0.2375 0.0015625
0 0.86875 0.6640625 0.7953125 0.6640625 0.7953125 0.8859375 0.86875 0.8859375 0.86875 0.6640625
0 0.65625 0.628125 0.5125 0.628125 0.5125 0.85 0.65625 0.85 0.65625 0.628125
0 0.715625 0.190625 0.571875 0.190625 0.571875 0.4140625 0.715625 0.4140625 0.715625 0.190625
0 0.9203125 0.2234375 0.7578125 0.2234375 0.7578125 0.3640625 0.9203125 0.3640625 0.9203125 0.2234375
0 0.7296875 0.8328125 0.5890625 0.8328125 0.5890625 1.0 0.7296875 1.0 0.7296875 0.8328125
0 0.8421875 0.540625 0.6828125 0.540625 0.6828125 0.7484375 0.8421875 0.7484375 0.8421875 0.540625
0 0.55625 0.959375 0.45 0.959375 0.45 1.0 0.55625 1.0 0.55625 0.959375
0 0.3609375 0.4859375 0.1703125 0.4859375 0.1703125 0.646875 0.3609375 0.646875 0.3609375 0.4859375
0 0.4984375 0.503125 0.3859375 0.503125 0.3859375 0.628125 0.4984375 0.628125 0.4984375 0.503125
0 0.0296875 0.415625 0.0015625 0.415625 0.0015625 0.546875 0.0296875 0.546875 0.0296875 0.415625
0 0.328125 0.046875 0.1765625 0.046875 0.1765625 0.15 0.328125 0.15 0.328125 0.046875
0 0.6828125 0.4640625 0.5765625 0.4640625 0.5765625 0.5890625 0.6828125 0.5890625 0.6828125 0.4640625
0 0.796875 0.046875 0.61875 0.046875 0.61875 0.15 0.796875 0.15 0.796875 0.046875
0 0.0640625 0.0015625 0.01875 0.0015625 0.01875 0.0125 0.0640625 0.0125 0.0640625 0.0015625
0 0.134375 0.2796875 0.0015625 0.2796875 0.0015625 0.5078125 0.134375 0.5078125 0.134375 0.2796875
0 0.0484375 0.0515625 0.0015625 0.0515625 0.0015625 0.1375 0.0484375 0.1375 0.0484375 0.0515625
0 0.665625 0.4234375 0.5015625 0.4234375 0.5015625 0.5765625 0.665625 0.5765625 0.665625 0.4234375
0 0.559375 0.33125 0.3515625 0.33125 0.3515625 0.5109375 0.559375 0.5109375 0.559375 0.33125
0 0.5453125 0.046875 0.365625 0.046875 0.365625 0.2015625 0.5453125 0.2015625 0.5453125 0.046875
0 0.3734375 0.0015625 0.209375 0.0015625 0.209375 0.125 0.3734375 0.125 0.3734375 0.0015625
0 0.1890625 0.425 0.121875 0.425 0.121875 0.5578125 0.1890625 0.5578125 0.1890625 0.425
0 0.6015625 0.86875 0.4359375 0.86875 0.4359375 0.975 0.6015625 0.975 0.6015625 0.86875
0 0.859375 0.83125 0.7796875 0.83125 0.7796875 0.9546875 0.859375 0.9546875 0.859375 0.83125
0 0.55 0.7921875 0.3921875 0.7921875 0.3921875 0.8640625 0.55 0.8640625 0.55 0.7921875
0 1.0 0.0171875 0.0015625 0.0171875 0.0015625 1.0 1.0 1.0 1.0 0.0171875
0 0.603125 0.040625 0.4734375 0.040625 0.4734375 0.2140625 0.603125 0.2140625 0.603125 0.040625
0 0.465625 0.0015625 0.1546875 0.0015625 0.1546875 0.0671875 0.465625 0.0671875 0.465625 0.0015625
0 0.925 0.0015625 0.7890625 0.0015625 0.7890625 0.10625 0.925 0.10625 0.925 0.0015625
0 0.5109375 0.3390625 0.365625 0.3390625 0.365625 0.4671875 0.5109375 0.4671875 0.5109375 0.3390625
0 0.125 0.0015625 0.0015625 0.0015625 0.0015625 0.0265625 0.125 0.0265625 0.125 0.0015625
0 0.3203125 0.41875 0.1734375 0.41875 0.1734375 0.54375 0.3203125 0.54375 0.3203125 0.41875
