0 0.34375 0.8375 0.209375 0.8375 0.209375 0.93125 0.34375 0.93125 0.34375 0.8375
0 0.2984375 0.4375 0.20625 0.4375 0.20625 0.56875 0.2984375 0.56875 0.2984375 0.4375
0 0.528125 0.590625 0.2375 0.590625 0.2375 0.81875 0.528125 0.81875 0.528125 0.590625
0 0.2328125 0.5875 0.115625 0.5875 0.115625 0.7140625 0.2328125 0.7140625 0.2328125 0.5875
0 0.015625 0.584375 0.0015625 0.584375 0.0015625 0.6234375 0.015625 0.6234375 0.015625 0.584375
0 0.1484375 0.4578125 0.0203125 0.4578125 0.0203125 0.534375 0.1484375 0.534375 0.1484375 0.4578125
0 0.40625 0.8625 0.165625 0.8625 0.165625 0.99375 0.40625 0.99375 0.40625 0.8625
0 0.25625 0.346875 0.196875 0.346875 0.196875 0.525 0.25625 0.525 0.25625 0.346875
0 0.4 0.9015625 0.1875 0.9015625 0.1875 0.996875 0.4 0.996875 0.4 0.9015625
0 0.5578125 0.4953125 0.3265625 0.4953125 0.3265625 0.65 0.5578125 0.65 0.5578125 0.4953125
0 0.4421875 0.4453125 0.3125 0.4453125 0.3125 0.515625 0.4421875 0.515625 0.4421875 0.4453125
0 0.2171875 0.3296875 0.1453125 0.3296875 0.1453125 0.4859375 0.2171875 0.4859375 0.2171875 0.3296875
0 0.4015625 0.246875 0.2765625 0.246875 0.2765625 0.3734375 0.4015625 0.3734375 0.4015625 0.246875
0 0.246875 0.109375 0.1140625 0.109375 0.1140625 0.309375 0.246875 0.309375 0.246875 0.109375
0 0.365625 0.053125 0.271875 0.053125 0.271875 0.2109375 0.365625 0.2109375 0.365625 0.053125
0 0.0265625 0.08125 0.0015625 0.08125 0.0015625 0.184375 0.0265625 0.184375 0.0265625 0.08125
0 0.4109375 0.6765625 0.2484375 0.6765625 0.2484375 0.7625 0.4109375 0.7625 0.4109375 0.6765625
0 0.446875 0.925 0.0609375 0.925 0.0609375 1.0 0.446875 1.0 0.446875 0.925
0 0.4625 0.728125 0.290625 0.728125 0.290625 0.9296875 0.4625 0.9296875 0.4625 0.728125
0 0.1640625 0.634375 0.0015625 0.634375 0.0015625 0.7453125 0.1640625 0.7453125 0.1640625 0.634375
0 0.584375 0.446875 0.3671875 0.446875 0.3671875 0.5765625 0.584375 0.5765625 0.584375 0.446875
0 0.1234375 0.2109375 0.0015625 0.2109375 0.0015625 0.3875 0.1234375 0.3875 0.1234375 0.2109375
0 0.059375 0.8609375 0.0015625 0.8609375 0.0015625 0.9640625 0.059375 0.9640625 0.059375 0.8609375
0 0.60625 0.0015625 0.415625 0.0015625 0.415625 0.0765625 0.60625 0.0765625 0.60625 0.0015625
0 0.353125 0.0015625 0.290625 0.0015625 0.290625 0.0484375 0.353125 0.0484375 0.353125 0.0015625
0 0.0921875 0.5640625 0.0015625 0.5640625 0.0015625 0.69375 0.0921875 0.69375 0.0921875 0.5640625
0 0.6015625 0.49375 0.440625 0.49375 0.440625 0.6453125 0.6015625 0.6453125 0.6015625 0.49375
0 0.409375 0.3578125 0.25 0.3578125 0.25 0.465625 0.409375 0.465625 0.409375 0.3578125
0 0.6375 0.0015625 0.540625 0.0015625 0.540625 0.121875 0.6375 0.121875 0.6375 0.0015625
0 0.453125 0.8796875 0.378125 0.8796875 0.378125 1.0 0.453125 1.0 0.453125 0.8796875
0 0.428125 0.446875 0.0390625 0.446875 0.0390625 1.0 0.428125 1.0 0.428125 0.446875
0 0.54375 0.35 0.3453125 0.35 0.3453125 0.4609375 0.54375 0.4609375 0.54375 0.35
0 0.45625 0.0859375 0.3453125 0.0859375 0.3453125 0.1640625 0.45625 0.1640625 0.45625 0.0859375
0 0.0875 0.821875 0.0015625 0.821875 0.0015625 0.9609375 0.0875 0.9609375 0.0875 0.821875
0 0.0328125 0.0015625 0.003125 0.0015625 0.003125 0.01875 0.0328125 0.01875 0.0328125 0.0015625
0 0.4734375 0.0015625 0.2609375 0.0015625 0.2609375 0.228125 0.4734375 0.228125 0.4734375 0.0015625
0 0.4609375 0.0015625 0.40625 0.0015625 0.40625 0.021875 0.4609375 0.021875 0.4609375 0.0015625
0 0.1375 0.2203125 0.0015625 0.2203125 0.0015625 0.35625 0.1375 0.35625 0.1375 0.2203125
0 0.1046875 0.0015625 0.0859375 0.0015625 0.0859375 0.015625 0.1046875 0.015625 0.1046875 0.0015625
0 0.2359375 0.428125 0.0921875 0.428125 0.0921875 0.559375 0.2359375 0.559375 0.2359375 0.428125
0 0.0390625 0.35 0.0015625 0.35 0.0015625 0.3875 0.0390625 0.3875 0.0390625 0.35
0 0.096875 0.9171875 0.0015625 0.9171875 0.0015625 1.0 0.096875 1.0 0.096875 0.9171875
0 0.0875 0.6796875 0.0015625 0.6796875 0.0015625 0.8609375 0.0875 0.8609375 0.0875 0.6796875
0 0.2140625 0.54375 0.0609375 0.54375 0.0609375 0.64375 0.2140625 0.64375 0.2140625 0.54375
0 0.1890625 0.0953125 0.0015625 0.0953125 0.0015625 0.525 0.1890625 0.525 0.1890625 0.0953125
0 0.2046875 0.0015625 0.1296875 0.0015625 0.1296875 0.1265625 0.2046875 0.1265625 0.2046875 0.0015625
0 0.3875 0.0765625 0.209375 0.0765625 0.209375 0.4359375 0.3875 0.4359375 0.3875 0.0765625
0 0.603125 0.109375 0.453125 0.109375 0.453125 0.184375 0.603125 0.184375 0.603125 0.109375
0 0.5421875 0.0015625 0.5125 0.0015625 0.5125 0.0046875 0.5421875 0.0046875 0.5421875 0.0015625
