0 0.4 0.440625 0.290625 0.440625 0.290625 0.6109375 0.4 0.6109375 0.4 0.440625
0 0.2859375 0.3921875 0.175 0.3921875 0.175 0.521875 0.2859375 0.521875 0.2859375 0.3921875
0 0.0703125 0.0015625 0.0015625 0.0015625 0.0015625 0.271875 0.0703125 0.271875 0.0703125 0.0015625
0 0.3828125 0.409375 0.2078125 0.409375 0.2078125 0.646875 0.3828125 0.646875 0.3828125 0.409375
0 0.48125 0.16875 0.3421875 0.16875 0.3421875 0.415625 0.48125 0.415625 0.48125 0.16875
0 0.1625 0.1703125 0.0015625 0.1703125 0.0015625 0.4125 0.1625 0.4125 0.1625 0.1703125
0 0.1265625 0.0015625 0.0359375 0.0015625 0.0359375 0.1234375 0.1265625 0.1234375 0.1265625 0.0015625
0 0.3921875 0.0015625 0.0015625 0.0015625 0.0015625 1.0 0.3921875 1.0 0.3921875 0.0015625
0 0.375 0.8015625 0.2578125 0.8015625 0.2578125 1.0 0.375 1.0 0.375 0.8015625
0 0.74375 0.465625 0.3328125 0.465625 0.3328125 0.840625 0.74375 0.840625 0.74375 0.465625
0 1.0 0.475 0.615625 0.475 0.615625 0.95 1.0 0.95 1.0 0.475
0 0.6703125 0.309375 0.471875 0.309375 0.471875 0.4609375 0.6703125 0.4609375 0.6703125 0.309375
0 0.95625 0.0015625 0.784375 0.0015625 0.784375 0.325 0.95625 0.325 0.95625 0.0015625
0 1.0 0.28125 0.8703125 0.28125 0.8703125 0.5359375 1.0 0.5359375 1.0 0.28125
