0 1.0 0.3125 0.890625 0.3125 0.890625 0.40625 1.0 0.40625 1.0 0.3125
0 0.9421875 0.9546875 0.853125 0.9546875 0.853125 1.0 0.9421875 1.0 0.9421875 0.9546875
0 0.9890625 0.496875 0.8234375 0.496875 0.8234375 0.7625 0.9890625 0.7625 0.9890625 0.496875
0 0.8640625 0.528125 0.7453125 0.528125 0.7453125 0.6640625 0.8640625 0.6640625 0.8640625 0.528125
0 0.8796875 0.2390625 0.7453125 0.2390625 0.7453125 0.490625 0.8796875 0.490625 0.8796875 0.2390625
0 1.0 0.6625 0.9203125 0.6625 0.9203125 0.778125 1.0 0.778125 1.0 0.6625
0 1.0 0.328125 0.9046875 0.328125 0.9046875 0.48125 1.0 0.48125 1.0 0.328125
0 0.6828125 0.76875 0.61875 0.76875 0.61875 0.9328125 0.6828125 0.9328125 0.6828125 0.76875
0 0.215625 0.953125 0.15 0.953125 0.15 1.0 0.215625 1.0 0.215625 0.953125
0 0.25625 0.3765625 0.0953125 0.3765625 0.0953125 0.596875 0.25625 0.596875 0.25625 0.3765625
0 0.95625 0.9875 0.9046875 0.9875 0.9046875 1.0 0.95625 1.0 0.95625 0.9875
0 0.9 0.8453125 0.6703125 0.8453125 0.6703125 1.0 0.9 1.0 0.9 0.8453125
0 0.7625 0.7984375 0.68125 0.7984375 0.68125 0.909375 0.7625 0.909375 0.7625 0.7984375
0 0.790625 0.6 0.6734375 0.6 0.6734375 0.803125 0.790625 0.803125 0.790625 0.6
0 0.825 0.203125 0.5921875 0.203125 0.5921875 0.559375 0.825 0.559375 0.825 0.203125
0 1.0 0.1796875 0.8390625 0.1796875 0.8390625 0.2734375 1.0 0.2734375 1.0 0.1796875
0 1.0 0.85 0.9515625 0.85 0.9515625 0.953125 1.0 0.953125 1.0 0.85
0 1.0 0.609375 0.896875 0.609375 0.896875 0.7046875 1.0 0.7046875 1.0 0.609375
0 0.7765625 0.0015625 0.0015625 0.0015625 0.0015625 1.0 0.7765625 1.0 0.7765625 0.0015625
0 0.2015625 0.190625 0.0015625 0.190625 0.0015625 0.3046875 0.2015625 0.3046875 0.2015625 0.190625
0 0.2359375 0.0015625 0.0015625 0.0015625 0.0015625 0.2671875 0.2359375 0.2671875 0.2359375 0.0015625
0 1.0 0.409375 0.6078125 0.409375 0.6078125 1.0 1.0 1.0 1.0 0.409375
0 0.8546875 0.0015625 0.7765625 0.0015625 0.7765625 0.046875 0.8546875 0.046875 0.8546875 0.0015625
0 0.7375 0.0921875 0.3140625 0.0921875 0.3140625 1.0 0.7375 1.0 0.7375 0.0921875
0 1.0 0.2421875 0.828125 0.2421875 0.828125 0.378125 1.0 0.378125 1.0 0.2421875
