0 0.3390625 0.4609375 0.215625 0.4609375 0.215625 0.5859375 0.3390625 0.5859375 0.3390625 0.4609375
0 0.225 0.0015625 0.1859375 0.0015625 0.1859375 0.01875 0.225 0.01875 0.225 0.0015625
0 0.6625 0.0828125 0.5484375 0.0828125 0.5484375 0.221875 0.6625 0.221875 0.6625 0.0828125
0 0.3171875 0.678125 0.175 0.678125 0.175 0.8296875 0.3171875 0.8296875 0.3171875 0.678125
0 0.7828125 0.9734375 0.7359375 0.9734375 0.7359375 1.0 0.7828125 1.0 0.7828125 0.9734375
0 0.7015625 0.2875 0.4609375 0.2875 0.4609375 0.584375 0.7015625 0.584375 0.7015625 0.2875
0 1.0 0.275 0.746875 0.275 0.746875 0.64375 1.0 0.64375 1.0 0.275
0 1.0 0.4109375 0.990625 0.4109375 0.990625 0.4171875 1.0 0.4171875 1.0 0.4109375
0 0.3515625 0.0015625 0.225 0.0015625 0.225 0.0609375 0.3515625 0.0609375 0.3515625 0.0015625
0 0.8265625 0.0015625 0.74375 0.0015625 0.74375 0.0734375 0.8265625 0.0734375 0.8265625 0.0015625
0 0.5140625 0.0015625 0.5015625 0.0015625 0.5015625 0.0109375 0.5140625 0.0109375 0.5140625 0.0015625
0 0.3734375 0.8328125 0.2828125 0.8328125 0.2828125 0.9640625 0.3734375 0.9640625 0.3734375 0.8328125
0 0.7078125 0.5234375 0.5328125 0.5234375 0.5328125 0.6828125 0.7078125 0.6828125 0.7078125 0.5234375
0 0.2921875 0.5171875 0.225 0.5171875 0.225 0.63125 0.2921875 0.63125 0.2921875 0.5171875
0 0.4671875 0.0015625 0.334375 0.0015625 0.334375 0.1265625 0.4671875 0.1265625 0.4671875 0.0015625
0 1.0 0.1859375 0.89375 0.1859375 0.89375 0.2546875 1.0 0.2546875 1.0 0.1859375
0 1.0 0.79375 0.971875 0.79375 0.971875 0.8765625 1.0 0.8765625 1.0 0.79375
0 0.415625 0.559375 0.2875 0.559375 0.2875 0.640625 0.415625 0.640625 0.415625 0.559375
0 0.75625 0.0015625 0.56875 0.0015625 0.56875 0.08125 0.75625 0.08125 0.75625 0.0015625
0 0.90625 0.0015625 0.7828125 0.0015625 0.7828125 0.0296875 0.90625 0.0296875 0.90625 0.0015625
0 0.690625 0.8359375 0.5546875 0.8359375 0.5546875 0.940625 0.690625 0.940625 0.690625 0.8359375
0 0.8140625 0.69375 0.671875 0.69375 0.671875 0.83125 0.8140625 0.83125 0.8140625 0.69375
0 0.9296875 0.6375 0.8375 0.6375 0.8375 0.7671875 0.9296875 0.7671875 0.9296875 0.6375
0 0.5796875 0.434375 0.446875 0.434375 0.446875 0.6890625 0.5796875 0.6890625 0.5796875 0.434375
0 0.9265625 0.0015625 0.690625 0.0015625 0.690625 0.2328125 0.9265625 0.2328125 0.9265625 0.0015625
0 0.69375 0.0015625 0.59375 0.0015625 0.59375 0.1578125 0.69375 0.1578125 0.69375 0.0015625
0 1.0 0.9203125 0.9609375 0.9203125 0.9609375 1.0 1.0 1.0 1.0 0.9203125
0 1.0 0.43125 0.925 0.43125 0.925 0.6125 1.0 0.6125 1.0 0.43125
0 0.2515625 0.884375 0.0046875 0.884375 0.0046875 1.0 0.2515625 1.0 0.2515625 0.884375
0 0.1609375 0.6265625 0.0015625 0.6265625 0.0015625 0.934375 0.1609375 0.934375 0.1609375 0.6265625
0 0.221875 0.40625 0.0015625 0.40625 0.0015625 0.628125 0.221875 0.628125 0.221875 0.40625
0 0.090625 0.2796875 0.0015625 0.2796875 0.0015625 0.403125 0.090625 0.403125 0.090625 0.2796875
0 0.2140625 0.0015625 0.025 0.0015625 0.025 0.2125 0.2140625 0.2125 0.2140625 0.0015625
0 0.7609375 0.9109375 0.5296875 0.9109375 0.5296875 1.0 0.7609375 1.0 0.7609375 0.9109375
0 0.5125 0.8734375 0.2859375 0.8734375 0.2859375 1.0 0.5125 1.0 0.5125 0.8734375
0 0.39375 0.59375 0.0875 0.59375 0.0875 0.9328125 0.39375 0.9328125 0.39375 0.59375
0 0.54375 0.6109375 0.4046875 0.6109375 0.4046875 0.821875 0.54375 0.821875 0.54375 0.6109375
0 0.540625 0.340625 0.1875 0.340625 0.1875 0.5890625 0.540625 0.5890625 0.540625 0.340625
0 0.584375 0.13125 0.4390625 0.13125 0.4390625 0.4125 0.584375 0.4125 0.584375 0.13125
0 0.471875 0.1609375 0.240625 0.1609375 0.240625 0.3328125 0.471875 0.3328125 0.471875 0.1609375
0 0.4640625 0.0765625 0.3078125 0.0765625 0.3078125 0.1796875 0.4640625 0.1796875 0.4640625 0.0765625
0 0.6015625 0.0015625 0.3921875 0.0015625 0.3921875 0.1171875 0.6015625 0.1171875 0.6015625 0.0015625
0 1.0 0.8546875 0.9328125 0.8546875 0.9328125 0.9796875 1.0 0.9796875 1.0 0.8546875
0 0.9234375 0.6296875 0.6 0.6296875 0.6 0.9546875 0.9234375 0.9546875 0.9234375 0.6296875
0 1.0 0.66875 0.9171875 0.66875 0.9171875 0.8421875 1.0 0.8421875 1.0 0.66875
0 0.8640625 0.3421875 0.5796875 0.3421875 0.5796875 0.7125 0.8640625 0.7125 0.8640625 0.3421875
0 1.0 0.5171875 0.915625 0.5171875 0.915625 0.6515625 1.0 0.6515625 1.0 0.5171875
0 1.0 0.3890625 0.9609375 0.3890625 0.9609375 0.4359375 1.0 0.4359375 1.0 0.3890625
0 1.0 0.246875 0.8125 0.246875 0.8125 0.521875 1.0 0.521875 1.0 0.246875
0 0.9015625 0.1828125 0.6734375 0.1828125 0.6734375 0.2859375 0.9015625 0.2859375 0.9015625 0.1828125
0 1.0 0.2046875 0.9921875 0.2046875 0.9921875 0.2234375 1.0 0.2234375 1.0 0.2046875
0 0.978125 0.01875 0.834375 0.01875 0.834375 0.203125 0.978125 0.203125 0.978125 0.01875
0 0.853125 0.021875 0.653125 0.021875 0.653125 0.1984375 0.853125 0.1984375 0.853125 0.021875
0 0.8765625 0.0015625 0.828125 0.0015625 0.828125 0.0046875 0.8765625 0.0046875 0.8765625 0.0015625
0 0.6578125 0.0015625 0.6421875 0.0015625 0.6421875 0.0109375 0.6578125 0.0109375 0.6578125 0.0015625
0 0.5609375 0.7625 0.4375 0.7625 0.4375 0.91875 0.5609375 0.91875 0.5609375 0.7625
0 0.121875 0.259375 0.0015625 0.259375 0.0015625 0.36875 0.121875 0.36875 0.121875 0.259375
0 0.496875 0.134375 0.4 0.134375 0.4 0.2828125 0.496875 0.2828125 0.496875 0.134375
0 1.0 0.9828125 0.9890625 0.9828125 0.9890625 1.0 1.0 1.0 1.0 0.9828125
0 0.7390625 0.890625 0.5859375 0.890625 0.5859375 1.0 0.7390625 1.0 0.7390625 0.890625
0 0.853125 0.490625 0.7453125 0.490625 0.7453125 0.6609375 0.853125 0.6609375 0.853125 0.490625
0 0.7734375 0.178125 0.6375 0.178125 0.6375 0.3375 0.7734375 0.3375 0.7734375 0.178125
0 0.534375 0.0015625 0.0015625 0.0015625 0.0015625 1.0 0.534375 1.0 0.534375 0.0015625
0 0.0140625 0.9546875 0.0015625 0.9546875 0.0015625 1.0 0.0140625 1.0 0.0140625 0.9546875
0 0.475 0.68125 0.3421875 0.68125 0.3421875 0.8984375 0.475 0.8984375 0.475 0.68125
0 0.66875 0.7390625 0.515625 0.7390625 0.515625 0.8828125 0.66875 0.8828125 0.66875 0.7390625
0 0.3140625 0.0015625 0.171875 0.0015625 0.171875 0.26875 0.3140625 0.26875 0.3140625 0.0015625
0 0.8703125 0.946875 0.7703125 0.946875 0.7703125 1.0 0.8703125 1.0 0.8703125 0.946875
0 0.990625 0.7625 0.853125 0.7625 0.853125 0.984375 0.990625 0.984375 0.990625 0.7625
0 0.8453125 0.528125 0.6359375 0.528125 0.6359375 0.7328125 0.8453125 0.7328125 0.8453125 0.528125
0 1.0 0.30625 0.8703125 0.30625 0.8703125 0.4359375 1.0 0.4359375 1.0 0.30625
0 1.0 0.4796875 0.8671875 0.4796875 0.8671875 0.678125 1.0 0.678125 1.0 0.4796875
0 0.64375 0.4546875 0.55625 0.4546875 0.55625 0.590625 0.64375 0.590625 0.64375 0.4546875
0 0.7796875 0.3375 0.696875 0.3375 0.696875 0.4703125 0.7796875 0.4703125 0.7796875 0.3375
0 0.9796875 0.228125 0.76875 0.228125 0.76875 0.303125 0.9796875 0.303125 0.9796875 0.228125
0 0.1890625 0.059375 0.075 0.059375 0.075 0.20625 0.1890625 0.20625 0.1890625 0.059375
0 1.0 0.0015625 0.925 0.0015625 0.925 0.20625 1.0 0.20625 1.0 0.0015625
0 0.4859375 0.671875 0.378125 0.671875 0.378125 0.7765625 0.4859375 0.7765625 0.4859375 0.671875
0 1.0 0.0984375 0.96875 0.0984375 0.96875 0.21875 1.0 0.21875 1.0 0.0984375
0 0.5390625 0.4296875 0.4109375 0.4296875 0.4109375 0.5640625 0.5390625 0.5640625 0.5390625 0.4296875
0 0.209375 0.36875 0.0640625 0.36875 0.0640625 0.55 0.209375 0.55 0.209375 0.36875
0 0.1984375 0.1875 0.0671875 0.1875 0.0671875 0.3765625 0.1984375 0.3765625 0.1984375 0.1875
