0 0.140625 0.2140625 0.0015625 0.2140625 0.0015625 0.359375 0.140625 0.359375 0.140625 0.2140625
0 0.228125 0.16875 0.11875 0.16875 0.11875 0.2859375 0.228125 0.2859375 0.228125 0.16875
0 0.340625 0.38125 0.1484375 0.38125 0.1484375 0.5484375 0.340625 0.5484375 0.340625 0.38125
0 0.1296875 0.5359375 0.0015625 0.5359375 0.0015625 0.5828125 0.1296875 0.5828125 0.1296875 0.5359375
0 0.1015625 0.5546875 0.0015625 0.5546875 0.0015625 0.65625 0.1015625 0.65625 0.1015625 0.5546875
0 0.1296875 0.234375 0.0015625 0.234375 0.0015625 0.3859375 0.1296875 0.3859375 0.1296875 0.234375
0 0.40625 0.0015625 0.0015625 0.0015625 0.0015625 0.3875 0.40625 0.3875 0.40625 0.0015625
0 0.5703125 0.0015625 0.428125 0.0015625 0.428125 0.1203125 0.5703125 0.1203125 0.5703125 0.0015625
0 0.69375 0.0015625 0.5734375 0.0015625 0.5734375 0.0484375 0.69375 0.0484375 0.69375 0.0015625
0 0.84375 0.5390625 0.759375 0.5390625 0.759375 0.6734375 0.84375 0.6734375 0.84375 0.5390625
0 0.0015625 0.0015625 0.0015625 0.0015625 0.0015625 0.0015625 0.0015625 0.0015625 0.0015625 0.0015625
0 0.3828125 0.540625 0.2484375 0.540625 0.2484375 0.653125 0.3828125 0.653125 0.3828125 0.540625
0 0.284375 0.2734375 0.0828125 0.2734375 0.0828125 0.5515625 0.284375 0.5515625 0.284375 0.2734375
0 0.0234375 0.0109375 0.0015625 0.0109375 0.0015625 0.071875 0.0234375 0.071875 0.0234375 0.0109375
0 0.646875 0.0015625 0.525 0.0015625 0.525 0.0921875 0.646875 0.0921875 0.646875 0.0015625
0 0.3109375 0.0015625 0.2984375 0.0015625 0.2984375 0.0109375 0.3109375 0.0109375 0.3109375 0.0015625
0 0.1265625 0.9296875 0.0546875 0.9296875 0.0546875 1.0 0.1265625 1.0 0.1265625 0.9296875
0 0.2859375 0.759375 0.0015625 0.759375 0.0015625 0.8984375 0.2859375 0.8984375 0.2859375 0.759375
0 0.1453125 0.565625 0.0015625 0.565625 0.0015625 0.778125 0.1453125 0.778125 0.1453125 0.565625
0 0.040625 0.4578125 0.0015625 0.4578125 0.0015625 0.546875 0.040625 0.546875 0.040625 0.4578125
0 0.43125 0.6375 0.171875 0.6375 0.171875 1.0 0.43125 1.0 0.43125 0.6375
0 0.475 0.18125 0.1328125 0.18125 0.1328125 0.759375 0.475 0.759375 0.475 0.18125
0 0.34375 0.2921875 0.115625 0.2921875 0.115625 0.55625 0.34375 0.55625 0.34375 0.2921875
0 0.5015625 0.0015625 0.1359375 0.0015625 0.1359375 0.1609375 0.5015625 0.1609375 0.5015625 0.0015625
0 0.9734375 0.8765625 0.7921875 0.8765625 0.7921875 1.0 0.9734375 1.0 0.9734375 0.8765625
0 1.0 0.575 0.8125 0.575 0.8125 0.7734375 1.0 0.7734375 1.0 0.575
