0 0.103125 0.0015625 0.0390625 0.0015625 0.0390625 0.0328125 0.103125 0.0328125 0.103125 0.0015625
0 0.78125 0.6125 0.3859375 0.6125 0.3859375 1.0 0.78125 1.0 0.78125 0.6125
0 1.0 0.18125 0.9578125 0.18125 0.9578125 0.75625 1.0 0.75625 1.0 0.18125
0 0.7 0.2546875 0.4109375 0.2546875 0.4109375 0.7328125 0.7 0.7328125 0.7 0.2546875
0 0.4921875 0.0015625 0.365625 0.0015625 0.365625 0.10625 0.4921875 0.10625 0.4921875 0.0015625
0 1.0 0.7953125 0.90625 0.7953125 0.90625 1.0 1.0 1.0 1.0 0.7953125
0 0.834375 0.1703125 0.659375 0.1703125 0.659375 0.45625 0.834375 0.45625 0.834375 0.1703125
0 0.309375 0.1078125 0.1140625 0.1078125 0.1140625 0.2421875 0.309375 0.2421875 0.309375 0.1078125
0 0.86875 0.1234375 0.725 0.1234375 0.725 0.215625 0.86875 0.215625 0.86875 0.1234375
0 0.528125 0.0015625 0.0015625 0.0015625 0.0015625 0.16875 0.528125 0.16875 0.528125 0.0015625
0 0.00625 0.0015625 0.0015625 0.0015625 0.0015625 0.00625 0.00625 0.00625 0.00625 0.0015625
0 0.7640625 0.728125 0.60625 0.728125 0.60625 0.946875 0.7640625 0.946875 0.7640625 0.728125
0 1.0 0.290625 0.7265625 0.290625 0.7265625 0.6328125 1.0 0.6328125 1.0 0.290625
0 0.740625 0.021875 0.521875 0.021875 0.521875 0.6140625 0.740625 0.6140625 0.740625 0.021875
0 1.0 0.240625 0.9984375 0.240625 0.9984375 0.2515625 1.0 0.2515625 1.0 0.240625
0 0.9828125 0.2703125 0.8625 0.2703125 0.8625 0.3546875 0.9828125 0.3546875 0.9828125 0.2703125
0 0.359375 0.221875 0.1875 0.221875 0.1875 0.3578125 0.359375 0.3578125 0.359375 0.221875
0 0.9125 0.0015625 0.6359375 0.0015625 0.6359375 0.3203125 0.9125 0.3203125 0.9125 0.0015625
0 1.0 0.021875 0.8875 0.021875 0.8875 0.1703125 1.0 0.1703125 1.0 0.021875
0 0.55625 0.0015625 0.503125 0.0015625 0.503125 0.0265625 0.55625 0.0265625 0.55625 0.0015625
0 0.978125 0.0015625 0.91875 0.0015625 0.91875 0.0171875 0.978125 0.0171875 0.978125 0.0015625
0 0.0796875 0.4 0.0015625 0.4 0.0015625 0.615625 0.0796875 0.615625 0.0796875 0.4
0 0.9109375 0.0015625 0.8703125 0.0015625 0.8703125 0.18125 0.9109375 0.18125 0.9109375 0.0015625
0 0.2015625 0.1515625 0.0421875 0.1515625 0.0421875 0.4796875 0.2015625 0.4796875 0.2015625 0.1515625
0 0.3921875 0.3 0.2640625 0.3 0.2640625 0.390625 0.3921875 0.390625 0.3921875 0.3
0 0.475 0.0078125 0.225 0.0078125 0.225 0.115625 0.475 0.115625 0.475 0.0078125
0 0.7796875 0.1578125 0.6265625 0.1578125 0.6265625 0.6765625 0.7796875 0.6765625 0.7796875 0.1578125
0 0.6359375 0.725 0.4859375 0.725 0.4859375 1.0 0.6359375 1.0 0.6359375 0.725
0 0.053125 0.4953125 0.0015625 0.4953125 0.0015625 0.6390625 0.053125 0.6390625 0.053125 0.4953125
0 0.875 0.053125 0.746875 0.053125 0.746875 0.1203125 0.875 0.1203125 0.875 0.053125
0 0.803125 0.0015625 0.7421875 0.0015625 0.7421875 0.046875 0.803125 0.046875 0.803125 0.0015625
0 0.5375 0.10625 0.4421875 0.10625 0.4421875 0.2796875 0.5375 0.2796875 0.5375 0.10625
0 0.234375 0.0625 0.0796875 0.0625 0.0796875 0.2703125 0.234375 0.2703125 0.234375 0.0625
0 0.403125 0.90625 0.2921875 0.90625 0.2921875 1.0 0.403125 1.0 0.403125 0.90625
0 0.2703125 0.7734375 0.003125 0.7734375 0.003125 1.0 0.2703125 1.0 0.2703125 0.7734375
0 0.0484375 0.809375 0.0015625 0.809375 0.0015625 0.9875 0.0484375 0.9875 0.0484375 0.809375
0 0.225 0.7375 0.1015625 0.7375 0.1015625 0.8046875 0.225 0.8046875 0.225 0.7375
0 0.2 0.6265625 0.04375 0.6265625 0.04375 0.7390625 0.2 0.7390625 0.2 0.6265625
0 0.4578125 0.35625 0.1890625 0.35625 0.1890625 0.5390625 0.4578125 0.5390625 0.4578125 0.35625
0 0.6265625 0.0015625 0.5984375 0.0015625 0.5984375 0.046875 0.6265625 0.046875 0.6265625 0.0015625
0 0.7125 0.8828125 0.609375 0.8828125 0.609375 1.0 0.7125 1.0 0.7125 0.8828125
0 0.3953125 0.5375 0.1703125 0.5375 0.1703125 0.775 0.3953125 0.775 0.3953125 0.5375
0 0.109375 0.7015625 0.0015625 0.7015625 0.0015625 1.0 0.109375 1.0 0.109375 0.7015625
0 0.0984375 0.146875 0.0015625 0.146875 0.0015625 0.3671875 0.0984375 0.3671875 0.0984375 0.146875
0 0.3296875 0.16875 0.128125 0.16875 0.128125 0.315625 0.3296875 0.315625 0.3296875 0.16875
0 0.484375 0.0515625 0.26875 0.0515625 0.26875 0.1640625 0.484375 0.1640625 0.484375 0.0515625
0 0.8703125 0.4453125 0.775 0.4453125 0.775 0.6546875 0.8703125 0.6546875 0.8703125 0.4453125
0 0.571875 0.4359375 0.221875 0.4359375 0.221875 1.0 0.571875 1.0 0.571875 0.4359375
0 0.0234375 0.6390625 0.0015625 0.6390625 0.0015625 0.6625 0.0234375 0.6625 0.0234375 0.6390625
0 0.1125 0.3671875 0.0015625 0.3671875 0.0015625 0.6578125 0.1125 0.6578125 0.1125 0.3671875
0 0.48125 0.325 0.315625 0.325 0.315625 0.5171875 0.48125 0.5171875 0.48125 0.325
0 0.2484375 0.28125 0.1359375 0.28125 0.1359375 0.45 0.2484375 0.45 0.2484375 0.28125
0 0.4375 0.125 0.340625 0.125 0.340625 0.2296875 0.4375 0.2296875 0.4375 0.125
0 0.8046875 0.6921875 0.6828125 0.6921875 0.6828125 1.0 0.8046875 1.0 0.8046875 0.6921875
0 0.9359375 0.7109375 0.7765625 0.7109375 0.7765625 0.95 0.9359375 0.95 0.9359375 0.7109375
0 0.540625 0.7140625 0.4578125 0.7140625 0.4578125 0.896875 0.540625 0.896875 0.540625 0.7140625
0 0.68125 0.4265625 0.4359375 0.4265625 0.4359375 0.803125 0.68125 0.803125 0.68125 0.4265625
0 1.0 0.6390625 0.8125 0.6390625 0.8125 0.903125 1.0 0.903125 1.0 0.6390625
0 0.8015625 0.234375 0.51875 0.234375 0.51875 0.7875 0.8015625 0.7875 0.8015625 0.234375
0 0.5421875 0.2765625 0.4375 0.2765625 0.4375 0.4140625 0.5421875 0.4140625 0.5421875 0.2765625
0 0.728125 0.0015625 0.546875 0.0015625 0.546875 0.190625 0.728125 0.190625 0.728125 0.0015625
0 0.8890625 0.0015625 0.803125 0.0015625 0.803125 0.0171875 0.8890625 0.0171875 0.8890625 0.0015625
0 1.0 0.3953125 0.8984375 0.3953125 0.8984375 0.7328125 1.0 0.7328125 1.0 0.3953125
0 0.99375 0.215625 0.884375 0.215625 0.884375 0.39375 0.99375 0.39375 0.99375 0.215625
0 1.0 0.0015625 0.890625 0.0015625 0.890625 0.1171875 1.0 0.1171875 1.0 0.0015625
0 0.55 0.3375 0.4234375 0.3375 0.4234375 0.55 0.55 0.55 0.55 0.3375
0 0.5015625 0.2171875 0.3484375 0.2171875 0.3484375 0.3515625 0.5015625 0.3515625 0.5015625 0.2171875
0 0.1375 0.0015625 0.0015625 0.0015625 0.0015625 0.096875 0.1375 0.096875 0.1375 0.0015625
0 0.0953125 0.6265625 0.0015625 0.6265625 0.0015625 0.7203125 0.0953125 0.7203125 0.0953125 0.6265625
0 0.0171875 0.29375 0.0015625 0.29375 0.0015625 0.3671875 0.0171875 0.3671875 0.0171875 0.29375
0 0.44375 0.796875 0.06875 0.796875 0.06875 1.0 0.44375 1.0 0.44375 0.796875
0 0.265625 0.45 0.04375 0.45 0.04375 0.8578125 0.265625 0.8578125 0.265625 0.45
0 0.4453125 0.3625 0.0765625 0.3625 0.0765625 0.78125 0.4453125 0.78125 0.4453125 0.3625
0 0.5140625 0.503125 0.3515625 0.503125 0.3515625 0.6703125 0.5140625 0.6703125 0.5140625 0.503125
0 0.5875 0.0015625 0.4359375 0.0015625 0.4359375 0.2671875 0.5875 0.2671875 0.5875 0.0015625
0 0.3859375 0.0515625 0.228125 0.0515625 0.228125 0.171875 0.3859375 0.171875 0.3859375 0.0515625
0 0.9234375 0.5 0.7 0.5 0.7 1.0 0.9234375 1.0 0.9234375 0.5
0 0.9984375 0.45625 0.8125 0.45625 0.8125 0.6890625 0.9984375 0.6890625 0.9984375 0.45625
0 0.81875 0.9515625 0.49375 0.9515625 0.49375 1.0 0.81875 1.0 0.81875 0.9515625
0 0.703125 0.35625 0.63125 0.35625 0.63125 0.665625 0.703125 0.665625 0.703125 0.35625
