0 0.628125 0.303125 0.459375 0.303125 0.459375 0.5046875 0.628125 0.5046875 0.628125 0.303125
0 1.0 0.1421875 0.9828125 0.1421875 0.9828125 0.1609375 1.0 0.1609375 1.0 0.1421875
0 0.81875 0.63125 0.634375 0.63125 0.634375 0.7234375 0.81875 0.7234375 0.81875 0.63125
0 0.7203125 0.4421875 0.60625 0.4421875 0.60625 0.6359375 0.7203125 0.6359375 0.7203125 0.4421875
0 1.0 0.2421875 0.9390625 0.2421875 0.9390625 0.353125 1.0 0.353125 1.0 0.2421875
0 0.0453125 0.0453125 0.0015625 0.0453125 0.0015625 0.1875 0.0453125 0.1875 0.0453125 0.0453125
0 0.8140625 0.8796875 0.6265625 0.8796875 0.6265625 1.0 0.8140625 1.0 0.8140625 0.8796875
0 1.0 0.9203125 0.9484375 0.9203125 0.9484375 0.9859375 1.0 0.9859375 1.0 0.9203125
0 1.0 0.5203125 0.8328125 0.5203125 0.8328125 1.0 1.0 1.0 1.0 0.5203125
0 0.8453125 0.5734375 0.721875 0.5734375 0.721875 0.8359375 0.8453125 0.8359375 0.8453125 0.5734375
0 1.0 0.478125 0.9671875 0.478125 0.9671875 0.5234375 1.0 0.5234375 1.0 0.478125
0 0.9609375 0.396875 0.8015625 0.396875 0.8015625 0.5515625 0.9609375 0.5515625 0.9609375 0.396875
0 1.0 0.1 0.9328125 0.1 0.9328125 0.2671875 1.0 0.2671875 1.0 0.1
0 1.0 0.0015625 0.8734375 0.0015625 0.8734375 0.1046875 1.0 0.1046875 1.0 0.0015625
0 1.0 0.0015625 0.0015625 0.0015625 0.0015625 0.9390625 1.0 0.9390625 1.0 0.0015625
0 0.7734375 0.6546875 0.6234375 0.6546875 0.6234375 0.8921875 0.7734375 0.8921875 0.7734375 0.6546875
0 1.0 0.7140625 0.9125 0.7140625 0.9125 0.9703125 1.0 0.9703125 1.0 0.7140625
0 0.7609375 0.540625 0.603125 0.540625 0.603125 0.7125 0.7609375 0.7125 0.7609375 0.540625
