0 0.5640625 0.853125 0.38125 0.853125 0.38125 1.0 0.5640625 1.0 0.5640625 0.853125
0 0.38125 0.884375 0.309375 0.884375 0.309375 1.0 0.38125 1.0 0.38125 0.884375
0 0.078125 0.728125 0.025 0.728125 0.025 1.0 0.078125 1.0 0.078125 0.728125
0 0.5734375 0.5828125 0.33125 0.5828125 0.33125 0.78125 0.5734375 0.78125 0.5734375 0.5828125
0 0.4546875 0.3515625 0.275 0.3515625 0.275 0.434375 0.4546875 0.434375 0.4546875 0.3515625
0 0.3578125 0.1 0.2375 0.1 0.2375 0.2203125 0.3578125 0.2203125 0.3578125 0.1
0 0.7234375 0.0328125 0.4796875 0.0328125 0.4796875 0.3984375 0.7234375 0.3984375 0.7234375 0.0328125
0 0.69375 0.9515625 0.5625 0.9515625 0.5625 1.0 0.69375 1.0 0.69375 0.9515625
0 0.8703125 0.8 0.8015625 0.8 0.8015625 1.0 0.8703125 1.0 0.8703125 0.8
0 1.0 0.503125 0.8671875 0.503125 0.8671875 0.6734375 1.0 0.6734375 1.0 0.503125
0 1.0 0.0015625 0.875 0.0015625 0.875 0.171875 1.0 0.171875 1.0 0.0015625
0 0.890625 0.0015625 0.7828125 0.0015625 0.7828125 0.0796875 0.890625 0.0796875 0.890625 0.0015625
0 0.0421875 0.96875 0.0015625 0.96875 0.0015625 1.0 0.0421875 1.0 0.0421875 0.96875
0 0.040625 0.7265625 0.0015625 0.7265625 0.0015625 0.9515625 0.040625 0.9515625 0.040625 0.7265625
0 0.134375 0.5265625 0.0015625 0.5265625 0.0015625 0.7109375 0.134375 0.7109375 0.134375 0.5265625
0 0.3390625 0.6765625 0.053125 0.6765625 0.053125 1.0 0.3390625 1.0 0.3390625 0.6765625
0 0.80625 0.653125 0.6078125 0.653125 0.6078125 0.9078125 0.80625 0.9078125 0.80625 0.653125
0 1.0 0.6140625 0.8828125 0.6140625 0.8828125 1.0 1.0 1.0 1.0 0.6140625
0 1.0 0.2046875 0.9 0.2046875 0.9 0.4 1.0 0.4 1.0 0.2046875
0 0.81875 0.18125 0.73125 0.18125 0.73125 0.3234375 0.81875 0.3234375 0.81875 0.18125
0 1.0 0.0015625 0.0015625 0.0015625 0.0015625 1.0 1.0 1.0 1.0 0.0015625
0 0.1109375 0.9078125 0.0578125 0.9078125 0.0578125 1.0 0.1109375 1.0 0.1109375 0.9078125
