0 0.49375 0.6796875 0.4046875 0.6796875 0.4046875 1.0 0.49375 1.0 0.49375 0.6796875
0 0.4046875 0.234375 0.2796875 0.234375 0.2796875 0.6921875 0.4046875 0.6921875 0.4046875 0.234375
0 0.40625 0.0171875 0.31875 0.0171875 0.31875 0.15 0.40625 0.15 0.40625 0.0171875
0 0.084375 0.8734375 0.0171875 0.8734375 0.0171875 1.0 0.084375 1.0 0.084375 0.8734375
0 0.4171875 0.715625 0.3328125 0.715625 0.3328125 0.853125 0.4171875 0.853125 0.4171875 0.715625
0 0.365625 0.2296875 0.24375 0.2296875 0.24375 0.7734375 0.365625 0.7734375 0.365625 0.2296875
0 0.25625 0.0171875 0.0015625 0.0171875 0.0015625 0.2375 0.25625 0.2375 0.25625 0.0171875
0 0.390625 0.0015625 0.2625 0.0015625 0.2625 0.2265625 0.390625 0.2265625 0.390625 0.0015625
0 0.8078125 0.7734375 0.7515625 0.7734375 0.7515625 0.99375 0.8078125 0.99375 0.8078125 0.7734375
0 0.8609375 0.4109375 0.76875 0.4109375 0.76875 0.709375 0.8609375 0.709375 0.8609375 0.4109375
0 1.0 0.0015625 0.0015625 0.0015625 0.0015625 1.0 1.0 1.0 1.0 0.0015625
0 0.3140625 0.0015625 0.0859375 0.0015625 0.0859375 0.1375 0.3140625 0.1375 0.3140625 0.0015625
0 0.646875 0.3484375 0.478125 0.3484375 0.478125 1.0 0.646875 1.0 0.646875 0.3484375
