0 0.0953125 0.8109375 0.0015625 0.8109375 0.0015625 0.859375 0.0953125 0.859375 0.0953125 0.8109375
0 0.18125 0.684375 0.109375 0.684375 0.109375 0.8421875 0.18125 0.8421875 0.18125 0.684375
0 0.4328125 0.9484375 0.159375 0.9484375 0.159375 1.0 0.4328125 1.0 0.4328125 0.9484375
0 0.071875 0.8390625 0.0015625 0.8390625 0.0015625 1.0 0.071875 1.0 0.071875 0.8390625
0 0.2140625 0.778125 0.0765625 0.778125 0.0765625 0.8765625 0.2140625 0.8765625 0.2140625 0.778125
0 0.175 0.0015625 0.0015625 0.0015625 0.0015625 0.090625 0.175 0.090625 0.175 0.0015625
0 0.840625 0.2484375 0.7515625 0.2484375 0.7515625 0.43125 0.840625 0.43125 0.840625 0.2484375
0 0.3609375 0.028125 0.190625 0.028125 0.190625 0.140625 0.3609375 0.140625 0.3609375 0.028125
0 0.6609375 0.0015625 0.59375 0.0015625 0.59375 0.0453125 0.6609375 0.0453125 0.6609375 0.0015625
0 0.3125 0.2984375 0.2265625 0.2984375 0.2265625 0.4953125 0.3125 0.4953125 0.3125 0.2984375
0 0.5671875 0.0015625 0.521875 0.0015625 0.521875 0.0609375 0.5671875 0.0609375 0.5671875 0.0015625
0 0.753125 0.26875 0.6234375 0.26875 0.6234375 0.5296875 0.753125 0.5296875 0.753125 0.26875
0 0.0546875 0.284375 0.0015625 0.284375 0.0015625 0.3484375 0.0546875 0.3484375 0.0546875 0.284375
0 0.578125 0.021875 0.025 0.021875 0.025 0.8171875 0.578125 0.8171875 0.578125 0.021875
0 0.4875 0.303125 0.3515625 0.303125 0.3515625 0.4484375 0.4875 0.4484375 0.4875 0.303125
0 0.18125 0.021875 0.0234375 0.021875 0.0234375 0.1359375 0.18125 0.1359375 0.18125 0.021875
0 1.0 0.209375 0.8046875 0.209375 0.8046875 0.5265625 1.0 0.5265625 1.0 0.209375
0 0.8328125 0.0015625 0.4953125 0.0015625 0.4953125 0.421875 0.8328125 0.421875 0.8328125 0.0015625
0 1.0 0.9078125 0.9109375 0.9078125 0.9109375 1.0 1.0 1.0 1.0 0.9078125
0 0.6203125 0.628125 0.5 0.628125 0.5 0.7703125 0.6203125 0.7703125 0.6203125 0.628125
0 0.4484375 0.39375 0.3265625 0.39375 0.3265625 0.4890625 0.4484375 0.4890625 0.4484375 0.39375
0 0.4625 0.0015625 0.2296875 0.0015625 0.2296875 0.1859375 0.4625 0.1859375 0.4625 0.0015625
0 0.040625 0.8453125 0.0015625 0.8453125 0.0015625 0.909375 0.040625 0.909375 0.040625 0.8453125
0 1.0 0.43125 0.6546875 0.43125 0.6546875 0.5703125 1.0 0.5703125 1.0 0.43125
0 0.23125 0.8109375 0.065625 0.8109375 0.065625 0.9625 0.23125 0.9625 0.23125 0.8109375
0 0.2015625 0.365625 0.0125 0.365625 0.0125 0.684375 0.2015625 0.684375 0.2015625 0.365625
0 0.93125 0.0015625 0.8140625 0.0015625 0.8140625 0.0875 0.93125 0.0875 0.93125 0.0015625
0 0.2984375 0.7171875 0.1953125 0.7171875 0.1953125 0.9 0.2984375 0.9 0.2984375 0.7171875
0 0.3703125 0.490625 0.2984375 0.490625 0.2984375 0.7328125 0.3703125 0.7328125 0.3703125 0.490625
0 0.6921875 0.165625 0.3484375 0.165625 0.3484375 0.65625 0.6921875 0.65625 0.6921875 0.165625
0 0.15 0.240625 0.015625 0.240625 0.015625 0.3484375 0.15 0.3484375 0.15 0.240625
0 0.25625 0.2421875 0.171875 0.2421875 0.171875 0.340625 0.25625 0.340625 0.25625 0.2421875
0 0.25 0.0421875 0.0859375 0.0421875 0.0859375 0.2140625 0.25 0.2140625 0.25 0.0421875
0 0.525 0.0015625 0.284375 0.0015625 0.284375 0.065625 0.525 0.065625 0.525 0.0015625
0 0.0796875 0.0015625 0.0015625 0.0015625 0.0015625 0.028125 0.0796875 0.028125 0.0796875 0.0015625
0 0.215625 0.0015625 0.184375 0.0015625 0.184375 0.034375 0.215625 0.034375 0.215625 0.0015625
0 1.0 0.71875 0.8140625 0.71875 0.8140625 0.9109375 1.0 0.9109375 1.0 0.71875
0 0.921875 0.6875 0.834375 0.6875 0.834375 0.8078125 0.921875 0.8078125 0.921875 0.6875
0 0.85625 0.6484375 0.69375 0.6484375 0.69375 0.78125 0.85625 0.78125 0.85625 0.6484375
0 0.946875 0.50625 0.76875 0.50625 0.76875 0.6640625 0.946875 0.6640625 0.946875 0.50625
0 0.7796875 0.3125 0.6453125 0.3125 0.6453125 0.4703125 0.7796875 0.4703125 0.7796875 0.3125
0 0.7703125 0.184375 0.5828125 0.184375 0.5828125 0.3921875 0.7703125 0.3921875 0.7703125 0.184375
0 1.0 0.0328125 0.76875 0.0328125 0.76875 0.30625 1.0 0.30625 1.0 0.0328125
0 0.759375 0.1171875 0.6203125 0.1171875 0.6203125 0.2421875 0.759375 0.2421875 0.759375 0.1171875
0 0.8046875 0.0015625 0.53125 0.0015625 0.53125 0.128125 0.8046875 0.128125 0.8046875 0.0015625
0 1.0 0.9578125 0.984375 0.9578125 0.984375 0.9859375 1.0 0.9859375 1.0 0.9578125
0 1.0 0.5140625 0.95625 0.5140625 0.95625 0.6234375 1.0 0.6234375 1.0 0.5140625
0 1.0 0.009375 0.984375 0.009375 0.984375 0.071875 1.0 0.071875 1.0 0.009375
0 0.3484375 0.5515625 0.26875 0.5515625 0.26875 0.65625 0.3484375 0.65625 0.3484375 0.5515625
0 0.678125 0.459375 0.459375 0.459375 0.459375 0.5546875 0.678125 0.5546875 0.678125 0.459375
0 0.59375 0.09375 0.465625 0.09375 0.465625 0.403125 0.59375 0.403125 0.59375 0.09375
0 0.09375 0.078125 0.0015625 0.078125 0.0015625 0.2875 0.09375 0.2875 0.09375 0.078125
0 0.459375 0.99375 0.440625 0.99375 0.440625 1.0 0.459375 1.0 0.459375 0.99375
0 1.0 0.44375 0.2125 0.44375 0.2125 1.0 1.0 1.0 1.0 0.44375
0 0.3046875 0.0015625 0.171875 0.0015625 0.171875 0.0640625 0.3046875 0.0640625 0.3046875 0.0015625
0 0.9875 0.0015625 0.6734375 0.0015625 0.6734375 0.253125 0.9875 0.253125 0.9875 0.0015625
0 0.896875 0.0015625 0.7765625 0.0015625 0.7765625 0.0203125 0.896875 0.0203125 0.896875 0.0015625
0 0.246875 0.3328125 0.0015625 0.3328125 0.0015625 0.825 0.246875 0.825 0.246875 0.3328125
0 0.2875 0.6328125 0.1875 0.6328125 0.1875 0.7609375 0.2875 0.7609375 0.2875 0.6328125
0 0.0359375 0.65625 0.0015625 0.65625 0.0015625 0.7234375 0.0359375 0.7234375 0.0359375 0.65625
0 1.0 0.159375 0.9546875 0.159375 0.9546875 0.1828125 1.0 0.1828125 1.0 0.159375
0 0.175 0.6171875 0.0015625 0.6171875 0.0015625 0.8140625 0.175 0.8140625 0.175 0.6171875
0 0.115625 0.465625 0.0015625 0.465625 0.0015625 0.6390625 0.115625 0.6390625 0.115625 0.465625
0 0.878125 0.3421875 0.7296875 0.3421875 0.7296875 0.496875 0.878125 0.496875 0.878125 0.3421875
0 0.7890625 0.0015625 0.7515625 0.0015625 0.7515625 0.0328125 0.7890625 0.0328125 0.7890625 0.0015625
