0 0.6546875 0.9484375 0.53125 0.9484375 0.53125 1.0 0.6546875 1.0 0.6546875 0.9484375
0 1.0 0.534375 0.665625 0.534375 0.665625 1.0 1.0 1.0 1.0 0.534375
0 0.98125 0.20625 0.8515625 0.20625 0.8515625 0.421875 0.98125 0.421875 0.98125 0.20625
0 0.81875 0.4875 0.6734375 0.4875 0.6734375 0.646875 0.81875 0.646875 0.81875 0.4875
0 0.753125 0.878125 0.6578125 0.878125 0.6578125 1.0 0.753125 1.0 0.753125 0.878125
0 0.6109375 0.5453125 0.40625 0.5453125 0.40625 0.9359375 0.6109375 0.9359375 0.6109375 0.5453125
0 0.9265625 0.3265625 0.590625 0.3265625 0.590625 0.9 0.9265625 0.9 0.9265625 0.3265625
0 0.190625 0.2828125 0.14375 0.2828125 0.14375 0.4421875 0.190625 0.4421875 0.190625 0.2828125
0 0.99375 0.0015625 0.5796875 0.0015625 0.5796875 0.475 0.99375 0.475 0.99375 0.0015625
0 0.48125 0.0015625 0.2328125 0.0015625 0.2328125 0.125 0.48125 0.125 0.48125 0.0015625
0 0.55625 0.0015625 0.53125 0.0015625 0.53125 0.0453125 0.55625 0.0453125 0.55625 0.0015625
0 1.0 0.94375 0.928125 0.94375 0.928125 1.0 1.0 1.0 1.0 0.94375
0 1.0 0.7984375 0.9171875 0.7984375 0.9171875 0.8921875 1.0 0.8921875 1.0 0.7984375
0 1.0 0.0015625 0.0015625 0.0015625 0.0015625 1.0 1.0 1.0 1.0 0.0015625
0 0.8703125 0.1953125 0.74375 0.1953125 0.74375 0.3171875 0.8703125 0.3171875 0.8703125 0.1953125
0 0.8265625 0.1140625 0.68125 0.1140625 0.68125 0.1765625 0.8265625 0.1765625 0.8265625 0.1140625
0 0.409375 0.0015625 0.35 0.0015625 0.35 0.0203125 0.409375 0.0203125 0.409375 0.0015625
0 0.8921875 0.871875 0.78125 0.871875 0.78125 0.95 0.8921875 0.95 0.8921875 0.871875
0 1.0 0.8796875 0.9109375 0.8796875 0.9109375 0.9578125 1.0 0.9578125 1.0 0.8796875
