0 0.559375 0.103125 0.38125 0.103125 0.38125 0.440625 0.559375 0.440625 0.559375 0.103125
0 0.1078125 0.0671875 0.0015625 0.0671875 0.0015625 0.184375 0.1078125 0.184375 0.1078125 0.0671875
0 0.0171875 0.1890625 0.0015625 0.1890625 0.0015625 0.20625 0.0171875 0.20625 0.0171875 0.1890625
0 0.3953125 0.096875 0.303125 0.096875 0.303125 0.2375 0.3953125 0.2375 0.3953125 0.096875
0 0.3359375 0.0015625 0.075 0.0015625 0.075 0.2703125 0.3359375 0.2703125 0.3359375 0.0015625
0 0.0890625 0.1921875 0.0015625 0.1921875 0.0015625 0.2734375 0.0890625 0.2734375 0.0890625 0.1921875
0 0.021875 0.3375 0.0015625 0.3375 0.0015625 0.36875 0.021875 0.36875 0.021875 0.3375
0 0.5078125 0.2078125 0.290625 0.2078125 0.290625 0.4203125 0.5078125 0.4203125 0.5078125 0.2078125
0 0.4609375 0.0015625 0.3078125 0.0015625 0.3078125 0.1265625 0.4609375 0.1265625 0.4609375 0.0015625
0 0.6171875 0.253125 0.54375 0.253125 0.54375 0.4484375 0.6171875 0.4484375 0.6171875 0.253125
0 0.10625 0.0796875 0.0015625 0.0796875 0.0015625 0.2015625 0.10625 0.2015625 0.10625 0.0796875
0 0.0578125 0.209375 0.0015625 0.209375 0.0015625 0.3515625 0.0578125 0.3515625 0.0578125 0.209375
0 0.1375 0.0015625 0.0015625 0.0015625 0.0015625 0.10625 0.1375 0.10625 0.1375 0.0015625
0 0.309375 0.0015625 0.146875 0.0015625 0.146875 0.0390625 0.309375 0.0390625 0.309375 0.0015625
0 0.5359375 0.1421875 0.4171875 0.1421875 0.4171875 0.2828125 0.5359375 0.2828125 0.5359375 0.1421875
0 0.6859375 0.0015625 0.5640625 0.0015625 0.5640625 0.2609375 0.6859375 0.2609375 0.6859375 0.0015625
0 0.5765625 0.0015625 0.434375 0.0015625 0.434375 0.1265625 0.5765625 0.1265625 0.5765625 0.0015625
