0 0.203125 0.8328125 0.125 0.8328125 0.125 1.0 0.203125 1.0 0.203125 0.8328125
0 0.1703125 0.6578125 0.09375 0.6578125 0.09375 0.825 0.1703125 0.825 0.1703125 0.6578125
0 0.3078125 0.5625 0.1765625 0.5625 0.1765625 0.8421875 0.3078125 0.8421875 0.3078125 0.5625
0 0.015625 0.7515625 0.0015625 0.7515625 0.0015625 0.7890625 0.015625 0.7890625 0.015625 0.7515625
0 0.275 0.2171875 0.1484375 0.2171875 0.1484375 0.6265625 0.275 0.6265625 0.275 0.2171875
0 0.103125 0.2921875 0.0015625 0.2921875 0.0015625 0.5875 0.103125 0.5875 0.103125 0.2921875
0 0.028125 0.13125 0.0015625 0.13125 0.0015625 0.25 0.028125 0.25 0.028125 0.13125
0 0.1203125 0.0015625 0.0015625 0.0015625 0.0015625 0.1734375 0.1203125 0.1734375 0.1203125 0.0015625
0 0.8828125 0.0015625 0.7828125 0.0015625 0.7828125 0.128125 0.8828125 0.128125 0.8828125 0.0015625
0 0.184375 0.0015625 0.1453125 0.0015625 0.1453125 0.1203125 0.184375 0.1203125 0.184375 0.0015625
0 0.403125 0.4859375 0.2890625 0.4859375 0.2890625 0.971875 0.403125 0.971875 0.403125 0.4859375
0 0.7984375 0.340625 0.7171875 0.340625 0.7171875 0.7125 0.7984375 0.7125 0.7984375 0.340625
0 0.7171875 0.4125 0.6359375 0.4125 0.6359375 0.596875 0.7171875 0.596875 0.7171875 0.4125
0 0.946875 0.24375 0.7671875 0.24375 0.7671875 0.73125 0.946875 0.73125 0.946875 0.24375
0 0.5203125 0.05 0.3796875 0.05 0.3796875 0.2 0.5203125 0.2 0.5203125 0.05
0 0.6734375 0.0015625 0.55 0.0015625 0.55 0.075 0.6734375 0.075 0.6734375 0.0015625
0 0.4375 0.0015625 0.3078125 0.0015625 0.3078125 0.03125 0.4375 0.03125 0.4375 0.0015625
0 0.7296875 0.0015625 0.7234375 0.0015625 0.7234375 0.0078125 0.7296875 0.0078125 0.7296875 0.0015625
0 0.7375 0.0015625 0.35625 0.0015625 0.35625 1.0 0.7375 1.0 0.7375 0.0015625
0 0.2453125 0.8171875 0.0015625 0.8171875 0.0015625 1.0 0.2453125 1.0 0.2453125 0.8171875
0 0.3484375 0.8765625 0.18125 0.8765625 0.18125 1.0 0.3484375 1.0 0.3484375 0.8765625
0 0.1109375 0.359375 0.0375 0.359375 0.0375 0.559375 0.1109375 0.559375 0.1109375 0.359375
0 0.1265625 0.0015625 0.0015625 0.0015625 0.0015625 0.215625 0.1265625 0.215625 0.1265625 0.0015625
0 0.809375 0.9 0.746875 0.9 0.746875 1.0 0.809375 1.0 0.809375 0.9
0 1.0 0.0015625 0.8109375 0.0015625 0.8109375 0.4546875 1.0 0.4546875 1.0 0.0015625
0 1.0 0.69375 0.9984375 0.69375 0.9984375 0.715625 1.0 0.715625 1.0 0.69375
0 1.0 0.0015625 0.0015625 0.0015625 0.0015625 1.0 1.0 1.0 1.0 0.0015625
