0 0.10625 0.2625 0.0203125 0.2625 0.0203125 0.4234375 0.10625 0.4234375 0.10625 0.2625
0 0.5734375 0.009375 0.4015625 0.009375 0.4015625 0.2140625 0.5734375 0.2140625 0.5734375 0.009375
0 0.0453125 0.0015625 0.0015625 0.0015625 0.0015625 0.0875 0.0453125 0.0875 0.0453125 0.0015625
0 0.2109375 0.3390625 0.0015625 0.3390625 0.0015625 1.0 0.2109375 1.0 0.2109375 0.3390625
0 0.140625 0.215625 0.0015625 0.215625 0.0015625 0.459375 0.140625 0.459375 0.140625 0.215625
0 0.0140625 0.0015625 0.0015625 0.0015625 0.0015625 0.028125 0.0140625 0.028125 0.0140625 0.0015625
0 0.5140625 0.8890625 0.3640625 0.8890625 0.3640625 1.0 0.5140625 1.0 0.5140625 0.8890625
0 0.434375 0.1328125 0.2046875 0.1328125 0.2046875 0.3484375 0.434375 0.3484375 0.434375 0.1328125
0 0.0578125 0.0015625 0.04375 0.0015625 0.04375 0.009375 0.0578125 0.009375 0.0578125 0.0015625
0 1.0 0.0015625 0.6140625 0.0015625 0.6140625 1.0 1.0 1.0 1.0 0.0015625
0 0.5984375 0.021875 0.503125 0.021875 0.503125 0.2484375 0.5984375 0.2484375 0.5984375 0.021875
0 0.4984375 0.1 0.425 0.1 0.425 0.2359375 0.4984375 0.2359375 0.4984375 0.1
