0 1.0 0.0015625 0.0015625 0.0015625 0.0015625 0.6515625 1.0 0.6515625 1.0 0.0015625
0 1.0 0.2828125 0.759375 0.2828125 0.759375 1.0 1.0 1.0 1.0 0.2828125
0 0.2859375 0.7109375 0.0640625 0.7109375 0.0640625 0.94375 0.2859375 0.94375 0.2859375 0.7109375
0 0.359375 0.0015625 0.1671875 0.0015625 0.1671875 0.1390625 0.359375 0.1390625 0.359375 0.0015625
0 0.0671875 0.0015625 0.065625 0.0015625 0.065625 0.0015625 0.0671875 0.0015625 0.0671875 0.0015625
0 0.7984375 0.490625 0.390625 0.490625 0.390625 0.8828125 0.7984375 0.8828125 0.7984375 0.490625
0 0.5796875 0.0265625 0.296875 0.0265625 0.296875 0.23125 0.5796875 0.23125 0.5796875 0.0265625
0 1.0 0.396875 0.56875 0.396875 0.56875 0.6234375 1.0 0.6234375 1.0 0.396875
0 1.0 0.4375 0.0015625 0.4375 0.0015625 1.0 1.0 1.0 1.0 0.4375
0 0.3140625 0.1015625 0.1359375 0.1015625 0.1359375 0.2328125 0.3140625 0.2328125 0.3140625 0.1015625
