0 0.1078125 0.0015625 0.0015625 0.0015625 0.0015625 0.0984375 0.1078125 0.0984375 0.1078125 0.0015625
0 1.0 0.9984375 0.9890625 0.9984375 0.9890625 1.0 1.0 1.0 1.0 0.9984375
0 1.0 0.6078125 0.659375 0.6078125 0.659375 1.0 1.0 1.0 1.0 0.6078125
0 0.4859375 0.753125 0.365625 0.753125 0.365625 0.953125 0.4859375 0.953125 0.4859375 0.753125
0 0.2578125 0.675 0.1203125 0.675 0.1203125 0.875 0.2578125 0.875 0.2578125 0.675
0 0.565625 0.6703125 0.4890625 0.6703125 0.4890625 0.853125 0.565625 0.853125 0.565625 0.6703125
0 0.43125 0.5328125 0.2921875 0.5328125 0.2921875 0.6421875 0.43125 0.6421875 0.43125 0.5328125
0 1.0 0.2421875 0.759375 0.2421875 0.759375 0.646875 1.0 0.646875 1.0 0.2421875
0 0.75625 0.0953125 0.5609375 0.0953125 0.5609375 0.4359375 0.75625 0.4359375 0.75625 0.0953125
0 0.171875 0.240625 0.0125 0.240625 0.0125 0.4515625 0.171875 0.4515625 0.171875 0.240625
0 1.0 0.0015625 0.65625 0.0015625 0.65625 0.2421875 1.0 0.2421875 1.0 0.0015625
0 0.4953125 0.0421875 0.4125 0.0421875 0.4125 0.1421875 0.4953125 0.1421875 0.4953125 0.0421875
0 1.0 0.51875 0.946875 0.51875 0.946875 0.5875 1.0 0.5875 1.0 0.51875
0 0.2984375 0.840625 0.15625 0.840625 0.15625 1.0 0.2984375 1.0 0.2984375 0.840625
0 0.6640625 0.925 0.6140625 0.925 0.6140625 1.0 0.6640625 1.0 0.6640625 0.925
0 0.5484375 0.103125 0.4234375 0.103125 0.4234375 0.303125 0.5484375 0.303125 0.5484375 0.103125
0 0.0828125 0.9078125 0.0015625 0.9078125 0.0015625 1.0 0.0828125 1.0 0.0828125 0.9078125
0 0.3484375 0.0015625 0.0015625 0.0015625 0.0015625 0.5359375 0.3484375 0.5359375 0.3484375 0.0015625
0 0.715625 0.16875 0.15625 0.16875 0.15625 1.0 0.715625 1.0 0.715625 0.16875
0 1.0 0.0015625 0.6125 0.0015625 0.6125 0.39375 1.0 0.39375 1.0 0.0015625
0 0.2296875 0.8296875 0.1109375 0.8296875 0.1109375 0.9890625 0.2296875 0.9890625 0.2296875 0.8296875
0 1.0 0.35 0.6078125 0.35 0.6078125 0.8859375 1.0 0.8859375 1.0 0.35
0 1.0 0.740625 0.9671875 0.740625 0.9671875 0.8734375 1.0 0.8734375 1.0 0.740625
0 0.609375 0.240625 0.0015625 0.240625 0.0015625 1.0 0.609375 1.0 0.609375 0.240625
0 0.3921875 0.634375 0.1421875 0.634375 0.1421875 0.7890625 0.3921875 0.7890625 0.3921875 0.634375
0 0.275 0.046875 0.0203125 0.046875 0.0203125 0.2875 0.275 0.2875 0.275 0.046875
0 0.8203125 0.71875 0.590625 0.71875 0.590625 0.9859375 0.8203125 0.9859375 0.8203125 0.71875
0 0.6109375 0.5265625 0.5609375 0.5265625 0.5609375 0.753125 0.6109375 0.753125 0.6109375 0.5265625
0 0.61875 0.0015625 0.2765625 0.0015625 0.2765625 0.4796875 0.61875 0.4796875 0.61875 0.0015625
0 1.0 0.0015625 0.9515625 0.0015625 0.9515625 0.1828125 1.0 0.1828125 1.0 0.0015625
