0 0.890625 0.7515625 0.7734375 0.7515625 0.7734375 1.0 0.890625 1.0 0.890625 0.7515625
0 0.4640625 0.665625 0.3171875 0.665625 0.3171875 0.9859375 0.4640625 0.9859375 0.4640625 0.665625
0 0.41875 0.66875 0.315625 0.66875 0.315625 0.971875 0.41875 0.971875 0.41875 0.66875
0 0.4578125 0.3734375 0.328125 0.3734375 0.328125 0.5921875 0.4578125 0.5921875 0.4578125 0.3734375
0 0.090625 0.521875 0.0015625 0.521875 0.0015625 0.725 0.090625 0.725 0.090625 0.521875
0 0.2296875 0.9390625 0.121875 0.9390625 0.121875 1.0 0.2296875 1.0 0.2296875 0.9390625
0 0.20625 0.646875 0.10625 0.646875 0.10625 0.7484375 0.20625 0.7484375 0.20625 0.646875
0 0.184375 0.80625 0.0984375 0.80625 0.0984375 0.95625 0.184375 0.95625 0.184375 0.80625
0 0.2015625 0.59375 0.0734375 0.59375 0.0734375 0.784375 0.2015625 0.784375 0.2015625 0.59375
0 1.0 0.903125 0.975 0.903125 0.975 0.9421875 1.0 0.9421875 1.0 0.903125
0 0.0296875 0.6765625 0.0015625 0.6765625 0.0015625 0.70625 0.0296875 0.70625 0.0296875 0.6765625
0 0.053125 0.3515625 0.0015625 0.3515625 0.0015625 0.4890625 0.053125 0.4890625 0.053125 0.3515625
0 0.36875 0.9421875 0.1703125 0.9421875 0.1703125 1.0 0.36875 1.0 0.36875 0.9421875
0 0.7703125 0.0828125 0.628125 0.0828125 0.628125 0.240625 0.7703125 0.240625 0.7703125 0.0828125
0 0.31875 0.8203125 0.2125 0.8203125 0.2125 0.9484375 0.31875 0.9484375 0.31875 0.8203125
0 0.9515625 0.584375 0.803125 0.584375 0.803125 0.79375 0.9515625 0.79375 0.9515625 0.584375
0 0.5921875 0.515625 0.4328125 0.515625 0.4328125 0.7609375 0.5921875 0.7609375 0.5921875 0.515625
0 0.4359375 0.2390625 0.096875 0.2390625 0.096875 0.7078125 0.4359375 0.7078125 0.4359375 0.2390625
0 0.609375 0.4875 0.4859375 0.4875 0.4859375 0.625 0.609375 0.625 0.609375 0.4875
0 0.6 0.378125 0.4546875 0.378125 0.4546875 0.553125 0.6 0.553125 0.6 0.378125
0 0.2078125 0.0015625 0.0734375 0.0015625 0.0734375 0.0453125 0.2078125 0.0453125 0.2078125 0.0015625
0 1.0 0.8484375 0.8234375 0.8484375 0.8234375 1.0 1.0 1.0 1.0 0.8484375
0 1.0 0.9234375 0.9328125 0.9234375 0.9328125 1.0 1.0 1.0 1.0 0.9234375
0 0.4640625 0.0015625 0.2734375 0.0015625 0.2734375 0.1234375 0.4640625 0.1234375 0.4640625 0.0015625
0 0.5171875 0.215625 0.4078125 0.215625 0.4078125 0.315625 0.5171875 0.315625 0.5171875 0.215625
0 0.4171875 0.0796875 0.2875 0.0796875 0.2875 0.23125 0.4171875 0.23125 0.4171875 0.0796875
0 0.19375 0.7546875 0.0640625 0.7546875 0.0640625 0.9203125 0.19375 0.9203125 0.19375 0.7546875
0 0.33125 0.6546875 0.1890625 0.6546875 0.1890625 0.903125 0.33125 0.903125 0.33125 0.6546875
0 0.4765625 0.4203125 0.325 0.4203125 0.325 0.6671875 0.4765625 0.6671875 0.4765625 0.4203125
0 0.4375 0.2484375 0.3046875 0.2484375 0.3046875 0.36875 0.4375 0.36875 0.4375 0.2484375
0 0.1109375 0.0015625 0.0015625 0.0015625 0.0015625 0.03125 0.1109375 0.03125 0.1109375 0.0015625
0 1.0 0.946875 0.9203125 0.946875 0.9203125 1.0 1.0 1.0 1.0 0.946875
0 0.8453125 0.7265625 0.6265625 0.7265625 0.6265625 1.0 0.8453125 1.0 0.8453125 0.7265625
0 0.5796875 0.7390625 0.4765625 0.7390625 0.4765625 0.89375 0.5796875 0.89375 0.5796875 0.7390625
0 1.0 0.65625 0.925 0.65625 0.925 0.88125 1.0 0.88125 1.0 0.65625
0 0.771875 0.0015625 0.6546875 0.0015625 0.6546875 0.10625 0.771875 0.10625 0.771875 0.0015625
0 0.896875 0.0015625 0.0015625 0.0015625 0.0015625 0.6640625 0.896875 0.6640625 0.896875 0.0015625
0 0.7734375 0.7390625 0.359375 0.7390625 0.359375 1.0 0.7734375 1.0 0.7734375 0.7390625
0 0.31875 0.3921875 0.0015625 0.3921875 0.0015625 1.0 0.31875 1.0 0.31875 0.3921875
0 1.0 0.1609375 0.6796875 0.1609375 0.6796875 0.7734375 1.0 0.7734375 1.0 0.1609375
0 0.5390625 0.5453125 0.296875 0.5453125 0.296875 0.765625 0.5390625 0.765625 0.5390625 0.5453125
0 0.321875 0.390625 0.2015625 0.390625 0.2015625 0.6859375 0.321875 0.6859375 0.321875 0.390625
0 1.0 0.0015625 0.9515625 0.0015625 0.9515625 0.0703125 1.0 0.0703125 1.0 0.0015625
0 0.2046875 0.0015625 0.1828125 0.0015625 0.1828125 0.0078125 0.2046875 0.0078125 0.2046875 0.0015625
0 0.8921875 0.9171875 0.8125 0.9171875 0.8125 1.0 0.8921875 1.0 0.8921875 0.9171875
