0 0.3609375 0.7921875 0.2578125 0.7921875 0.2578125 0.9828125 0.3609375 0.9828125 0.3609375 0.7921875
0 0.7609375 0.253125 0.0015625 0.253125 0.0015625 0.8546875 0.7609375 0.8546875 0.7609375 0.253125
0 0.8484375 0.63125 0.6765625 0.63125 0.6765625 0.790625 0.8484375 0.790625 0.8484375 0.63125
0 0.0015625 0.396875 0.0015625 0.396875 0.0015625 0.3984375 0.0015625 0.3984375 0.0015625 0.396875
0 0.7359375 0.690625 0.6328125 0.690625 0.6328125 0.83125 0.7359375 0.83125 0.7359375 0.690625
0 0.6703125 0.546875 0.51875 0.546875 0.51875 0.775 0.6703125 0.775 0.6703125 0.546875
0 0.1734375 0.4 0.0015625 0.4 0.0015625 0.625 0.1734375 0.625 0.1734375 0.4
0 0.56875 0.1828125 0.1859375 0.1828125 0.1859375 0.575 0.56875 0.575 0.56875 0.1828125
0 0.15 0.290625 0.0015625 0.290625 0.0015625 0.440625 0.15 0.440625 0.15 0.290625
0 0.70625 0.2375 0.5671875 0.2375 0.5671875 0.396875 0.70625 0.396875 0.70625 0.2375
0 0.3359375 0.8203125 0.159375 0.8203125 0.159375 1.0 0.3359375 1.0 0.3359375 0.8203125
0 0.0515625 0.8140625 0.0015625 0.8140625 0.0015625 1.0 0.0515625 1.0 0.0515625 0.8140625
0 0.68125 0.7171875 0.565625 0.7171875 0.565625 0.859375 0.68125 0.859375 0.68125 0.7171875
