0 0.4296875 0.5828125 0.1953125 0.5828125 0.1953125 0.8796875 0.4296875 0.8796875 0.4296875 0.5828125
0 0.390625 0.909375 0.1890625 0.909375 0.1890625 1.0 0.390625 1.0 0.390625 0.909375
0 0.159375 0.0625 0.0015625 0.0625 0.0015625 0.9078125 0.159375 0.9078125 0.159375 0.0625
0 0.5015625 0.95 0.2484375 0.95 0.2484375 1.0 0.5015625 1.0 0.5015625 0.95
0 0.0203125 0.7953125 0.0015625 0.7953125 0.0015625 0.9890625 0.0203125 0.9890625 0.0203125 0.7953125
0 0.653125 0.6953125 0.2171875 0.6953125 0.2171875 0.965625 0.653125 0.965625 0.653125 0.6953125
0 0.4359375 0.865625 0.2734375 0.865625 0.2734375 0.9296875 0.4359375 0.9296875 0.4359375 0.865625
0 0.10625 0.7421875 0.0234375 0.7421875 0.0234375 0.890625 0.10625 0.890625 0.10625 0.7421875
0 0.7859375 0.7265625 0.68125 0.7265625 0.68125 0.9046875 0.7859375 0.9046875 0.7859375 0.7265625
0 0.94375 0.5984375 0.7875 0.5984375 0.7875 0.8 0.94375 0.8 0.94375 0.5984375
0 1.0 0.309375 0.81875 0.309375 0.81875 0.4859375 1.0 0.4859375 1.0 0.309375
0 0.7828125 0.1765625 0.6609375 0.1765625 0.6609375 0.2890625 0.7828125 0.2890625 0.7828125 0.1765625
0 0.871875 0.05625 0.7859375 0.05625 0.7859375 0.2125 0.871875 0.2125 0.871875 0.05625
0 0.9453125 0.95625 0.7671875 0.95625 0.7671875 1.0 0.9453125 1.0 0.9453125 0.95625
0 0.759375 0.903125 0.653125 0.903125 0.653125 0.9875 0.759375 0.9875 0.759375 0.903125
0 1.0 0.7984375 0.825 0.7984375 0.825 0.996875 1.0 0.996875 1.0 0.7984375
0 0.6484375 0.6484375 0.346875 0.6484375 0.346875 0.9453125 0.6484375 0.9453125 0.6484375 0.6484375
0 0.6453125 0.4078125 0.528125 0.4078125 0.528125 0.5953125 0.6453125 0.5953125 0.6453125 0.4078125
0 0.4984375 0.3453125 0.415625 0.3453125 0.415625 0.459375 0.4984375 0.459375 0.4984375 0.3453125
0 0.5984375 0.2078125 0.4671875 0.2078125 0.4671875 0.321875 0.5984375 0.321875 0.5984375 0.2078125
0 0.7 0.16875 0.578125 0.16875 0.578125 0.290625 0.7 0.290625 0.7 0.16875
0 0.55625 0.05 0.2703125 0.05 0.2703125 0.2078125 0.55625 0.2078125 0.55625 0.05
0 0.8 0.0171875 0.565625 0.0171875 0.565625 0.175 0.8 0.175 0.8 0.0171875
0 0.2078125 0.0015625 0.0875 0.0015625 0.0875 0.0578125 0.2078125 0.0578125 0.2078125 0.0015625
0 0.740625 0.0015625 0.6984375 0.0015625 0.6984375 0.0125 0.740625 0.0125 0.740625 0.0015625
0 0.40625 0.0015625 0.3703125 0.0015625 0.3703125 0.0078125 0.40625 0.0078125 0.40625 0.0015625
0 0.496875 0.5734375 0.4109375 0.5734375 0.4109375 0.6734375 0.496875 0.6734375 0.496875 0.5734375
0 0.0375 0.3171875 0.0015625 0.3171875 0.0015625 0.459375 0.0375 0.459375 0.0375 0.3171875
0 0.5890625 0.2984375 0.08125 0.2984375 0.08125 0.61875 0.5890625 0.61875 0.5890625 0.2984375
0 0.6484375 0.3125 0.5359375 0.3125 0.5359375 0.4296875 0.6484375 0.4296875 0.6484375 0.3125
0 0.1234375 0.184375 0.0015625 0.184375 0.0015625 0.4859375 0.1234375 0.4859375 0.1234375 0.184375
0 0.375 0.265625 0.225 0.265625 0.225 0.36875 0.375 0.36875 0.375 0.265625
0 0.0984375 0.0015625 0.0015625 0.0015625 0.0015625 0.1734375 0.0984375 0.1734375 0.0984375 0.0015625
0 0.740625 0.94375 0.5109375 0.94375 0.5109375 1.0 0.740625 1.0 0.740625 0.94375
0 0.4140625 0.66875 0.290625 0.66875 0.290625 0.7921875 0.4140625 0.7921875 0.4140625 0.66875
0 1.0 0.4140625 0.8828125 0.4140625 0.8828125 0.609375 1.0 0.609375 1.0 0.4140625
0 0.7859375 0.228125 0.428125 0.228125 0.428125 0.353125 0.7859375 0.353125 0.7859375 0.228125
0 0.56875 0.09375 0.3890625 0.09375 0.3890625 0.2609375 0.56875 0.2609375 0.56875 0.09375
0 0.08125 0.7640625 0.0015625 0.7640625 0.0015625 1.0 0.08125 1.0 0.08125 0.7640625
0 0.4171875 0.9625 0.2921875 0.9625 0.2921875 1.0 0.4171875 1.0 0.4171875 0.9625
0 0.1703125 0.728125 0.1125 0.728125 0.1125 0.9109375 0.1703125 0.9109375 0.1703125 0.728125
0 0.409375 0.5171875 0.146875 0.5171875 0.146875 0.878125 0.409375 0.878125 0.409375 0.5171875
0 0.08125 0.4546875 0.0015625 0.4546875 0.0015625 0.7796875 0.08125 0.7796875 0.08125 0.4546875
0 0.1578125 0.4828125 0.0640625 0.4828125 0.0640625 0.7203125 0.1578125 0.7203125 0.1578125 0.4828125
0 0.4453125 0.0015625 0.203125 0.0015625 0.203125 0.4640625 0.4453125 0.4640625 0.4453125 0.0015625
0 0.2 0.0015625 0.0203125 0.0015625 0.0203125 0.2125 0.2 0.2125 0.2 0.0015625
0 0.0484375 0.0015625 0.0015625 0.0015625 0.0015625 0.01875 0.0484375 0.01875 0.0484375 0.0015625
0 0.7703125 0.846875 0.6765625 0.846875 0.6765625 0.9671875 0.7703125 0.9671875 0.7703125 0.846875
0 1.0 0.4734375 0.45 0.4734375 0.45 0.94375 1.0 0.94375 1.0 0.4734375
0 0.675 0.540625 0.45625 0.540625 0.45625 0.675 0.675 0.675 0.675 0.540625
0 0.946875 0.290625 0.6171875 0.290625 0.6171875 0.5515625 0.946875 0.5515625 0.946875 0.290625
0 1.0 0.0015625 0.465625 0.0015625 0.465625 0.3328125 1.0 0.3328125 1.0 0.0015625
0 0.99375 0.1875 0.703125 0.1875 0.703125 0.3625 0.99375 0.3625 0.99375 0.1875
0 0.984375 0.725 0.7234375 0.725 0.7234375 1.0 0.984375 1.0 0.984375 0.725
0 0.71875 0.7875 0.5875 0.7875 0.5875 0.9171875 0.71875 0.9171875 0.71875 0.7875
0 0.596875 0.4078125 0.3171875 0.4078125 0.3171875 0.5078125 0.596875 0.5078125 0.596875 0.4078125
0 0.9875 0.284375 0.7796875 0.284375 0.7796875 0.4484375 0.9875 0.4484375 0.9875 0.284375
0 0.3171875 0.121875 0.15625 0.121875 0.15625 0.334375 0.3171875 0.334375 0.3171875 0.121875
0 0.5328125 0.0015625 0.4078125 0.0015625 0.4078125 0.0578125 0.5328125 0.0578125 0.5328125 0.0015625
0 1.0 0.0015625 0.990625 0.0015625 0.990625 0.0046875 1.0 0.0046875 1.0 0.0015625
0 0.9546875 0.0015625 0.9 0.0015625 0.9 0.03125 0.9546875 0.03125 0.9546875 0.0015625
0 0.271875 0.7421875 0.1171875 0.7421875 0.1171875 1.0 0.271875 1.0 0.271875 0.7421875
0 0.3171875 0.4015625 0.0875 0.4015625 0.0875 0.875 0.3171875 0.875 0.3171875 0.4015625
0 0.6609375 0.990625 0.5265625 0.990625 0.5265625 1.0 0.6609375 1.0 0.6609375 0.990625
0 0.8375 0.3171875 0.60625 0.3171875 0.60625 0.559375 0.8375 0.559375 0.8375 0.3171875
0 0.490625 0.0015625 0.35 0.0015625 0.35 0.0203125 0.490625 0.0203125 0.490625 0.0015625
0 1.0 0.9921875 0.9859375 0.9921875 0.9859375 1.0 1.0 1.0 1.0 0.9921875
0 0.303125 0.871875 0.1390625 0.871875 0.1390625 1.0 0.303125 1.0 0.303125 0.871875
0 0.2125 0.0765625 0.0734375 0.0765625 0.0734375 0.3953125 0.2125 0.3953125 0.2125 0.0765625
0 1.0 0.45625 0.8328125 0.45625 0.8328125 0.6703125 1.0 0.6703125 1.0 0.45625
0 0.69375 0.5 0.315625 0.5 0.315625 0.696875 0.69375 0.696875 0.69375 0.5
0 0.24375 0.0015625 0.0984375 0.0015625 0.0984375 0.2203125 0.24375 0.2203125 0.24375 0.0015625
0 1.0 0.2375 0.909375 0.2375 0.909375 0.3234375 1.0 0.3234375 1.0 0.2375
0 0.9625 0.0015625 0.9546875 0.0015625 0.9546875 0.0078125 0.9625 0.0078125 0.9625 0.0015625
