0 0.0234375 0.0015625 0.009375 0.0015625 0.009375 0.009375 0.0234375 0.009375 0.0234375 0.0015625
0 0.115625 0.51875 0.0015625 0.51875 0.0015625 0.634375 0.115625 0.634375 0.115625 0.51875
0 0.2140625 0.0546875 0.1078125 0.0546875 0.1078125 0.1828125 0.2140625 0.1828125 0.2140625 0.0546875
0 0.2328125 0.475 0.0953125 0.475 0.0953125 0.546875 0.2328125 0.546875 0.2328125 0.475
0 0.9578125 0.1390625 0.878125 0.1390625 0.878125 0.2609375 0.9578125 0.2609375 0.9578125 0.1390625
0 1.0 0.0859375 0.9765625 0.0859375 0.9765625 0.1625 1.0 0.1625 1.0 0.0859375
0 0.203125 0.7234375 0.0328125 0.7234375 0.0328125 0.9015625 0.203125 0.9015625 0.203125 0.7234375
0 0.3671875 0.5515625 0.2203125 0.5515625 0.2203125 0.646875 0.3671875 0.646875 0.3671875 0.5515625
0 0.1828125 0.0015625 0.0734375 0.0015625 0.0734375 0.034375 0.1828125 0.034375 0.1828125 0.0015625
0 0.6078125 0.0734375 0.3765625 0.0734375 0.3765625 0.428125 0.6078125 0.428125 0.6078125 0.0734375
0 0.4328125 0.8296875 0.2 0.8296875 0.2 0.915625 0.4328125 0.915625 0.4328125 0.8296875
0 0.4296875 0.4453125 0.303125 0.4453125 0.303125 0.59375 0.4296875 0.59375 0.4296875 0.4453125
0 0.8671875 0.175 0.63125 0.175 0.63125 0.3640625 0.8671875 0.3640625 0.8671875 0.175
0 0.1421875 0.0015625 0.0015625 0.0015625 0.0015625 0.146875 0.1421875 0.146875 0.1421875 0.0015625
0 0.1296875 0.80625 0.0015625 0.80625 0.0015625 0.959375 0.1296875 0.959375 0.1296875 0.80625
0 1.0 0.2953125 0.965625 0.2953125 0.965625 0.4109375 1.0 0.4109375 1.0 0.2953125
0 1.0 0.2109375 0.9625 0.2109375 0.9625 0.253125 1.0 0.253125 1.0 0.2109375
0 0.2703125 0.75625 0.084375 0.75625 0.084375 0.990625 0.2703125 0.990625 0.2703125 0.75625
0 0.0125 0.025 0.0015625 0.025 0.0015625 0.1234375 0.0125 0.1234375 0.0125 0.025
0 0.31875 0.50625 0.0015625 0.50625 0.0015625 1.0 0.31875 1.0 0.31875 0.50625
0 0.3703125 0.6390625 0.2515625 0.6390625 0.2515625 0.784375 0.3703125 0.784375 0.3703125 0.6390625
0 0.4875 0.609375 0.3296875 0.609375 0.3296875 0.7046875 0.4875 0.7046875 0.4875 0.609375
0 0.10625 0.4765625 0.0015625 0.4765625 0.0015625 0.5875 0.10625 0.5875 0.10625 0.4765625
0 1.0 0.7921875 0.8 0.7921875 0.8 1.0 1.0 1.0 1.0 0.7921875
0 0.753125 0.9640625 0.6875 0.9640625 0.6875 1.0 0.753125 1.0 0.753125 0.9640625
0 0.7546875 0.7484375 0.6015625 0.7484375 0.6015625 0.9125 0.7546875 0.9125 0.7546875 0.7484375
0 1.0 0.03125 0.815625 0.03125 0.815625 0.2640625 1.0 0.2640625 1.0 0.03125
0 0.3140625 0.6640625 0.1890625 0.6640625 0.1890625 0.79375 0.3140625 0.79375 0.3140625 0.6640625
0 0.7453125 0.409375 0.5703125 0.409375 0.5703125 0.5984375 0.7453125 0.5984375 0.7453125 0.409375
0 0.8984375 0.3390625 0.7375 0.3390625 0.7375 0.4953125 0.8984375 0.4953125 0.8984375 0.3390625
0 0.39375 0.1546875 0.2203125 0.1546875 0.2203125 0.3265625 0.39375 0.3265625 0.39375 0.1546875
0 0.6046875 0.0015625 0.490625 0.0015625 0.490625 0.1921875 0.6046875 0.1921875 0.6046875 0.0015625
0 0.2421875 0.00625 0.1546875 0.00625 0.1546875 0.153125 0.2421875 0.153125 0.2421875 0.00625
0 0.7625 0.0015625 0.60625 0.0015625 0.60625 0.11875 0.7625 0.11875 0.7625 0.0015625
0 1.0 0.534375 0.9546875 0.534375 0.9546875 0.634375 1.0 0.634375 1.0 0.534375
0 1.0 0.4515625 0.8 0.4515625 0.8 0.5859375 1.0 0.5859375 1.0 0.4515625
