0 0.2625 0.98125 0.2453125 0.98125 0.2453125 1.0 0.2625 1.0 0.2625 0.98125
0 0.7265625 0.575 0.5171875 0.575 0.5171875 0.9140625 0.7265625 0.9140625 0.7265625 0.575
0 0.4875 0.93125 0.4703125 0.93125 0.4703125 1.0 0.4875 1.0 0.4875 0.93125
0 0.9140625 0.8453125 0.7234375 0.8453125 0.7234375 1.0 0.9140625 1.0 0.9140625 0.8453125
0 1.0 0.884375 0.859375 0.884375 0.859375 1.0 1.0 1.0 1.0 0.884375
0 0.659375 0.65625 0.44375 0.65625 0.44375 0.9953125 0.659375 0.9953125 0.659375 0.65625
0 1.0 0.6453125 0.8671875 0.6453125 0.8671875 0.8171875 1.0 0.8171875 1.0 0.6453125
0 1.0 0.4875 0.88125 0.4875 0.88125 0.6140625 1.0 0.6140625 1.0 0.4875
0 1.0 0.2 0.765625 0.2 0.765625 0.6390625 1.0 0.6390625 1.0 0.2
0 1.0 0.38125 0.9578125 0.38125 0.9578125 0.4703125 1.0 0.4703125 1.0 0.38125
0 1.0 0.0015625 0.9828125 0.0015625 0.9828125 0.0234375 1.0 0.0234375 1.0 0.0015625
0 0.7875 0.9515625 0.65 0.9515625 0.65 1.0 0.7875 1.0 0.7875 0.9515625
0 0.996875 0.884375 0.8234375 0.884375 0.8234375 1.0 0.996875 1.0 0.996875 0.884375
0 1.0 0.790625 0.9578125 0.790625 0.9578125 0.821875 1.0 0.821875 1.0 0.790625
0 0.9890625 0.5390625 0.834375 0.5390625 0.834375 0.7125 0.9890625 0.7125 0.9890625 0.5390625
0 1.0 0.309375 0.9453125 0.309375 0.9453125 0.375 1.0 0.375 1.0 0.309375
0 1.0 0.1609375 0.9953125 0.1609375 0.9953125 0.1796875 1.0 0.1796875 1.0 0.1609375
0 0.9234375 0.021875 0.834375 0.021875 0.834375 0.1515625 0.9234375 0.1515625 0.9234375 0.021875
0 1.0 0.04375 0.990625 0.04375 0.990625 0.078125 1.0 0.078125 1.0 0.04375
0 0.571875 0.98125 0.49375 0.98125 0.49375 1.0 0.571875 1.0 0.571875 0.98125
0 0.7296875 0.3296875 0.559375 0.3296875 0.559375 0.4453125 0.7296875 0.4453125 0.7296875 0.3296875
0 0.9140625 0.0015625 0.4390625 0.0015625 0.4390625 0.365625 0.9140625 0.365625 0.9140625 0.0015625
0 1.0 0.0015625 0.91875 0.0015625 0.91875 0.1484375 1.0 0.1484375 1.0 0.0015625
0 0.1765625 0.6671875 0.0421875 0.6671875 0.0421875 0.8671875 0.1765625 0.8671875 0.1765625 0.6671875
0 0.146875 0.3734375 0.0015625 0.3734375 0.0015625 0.50625 0.146875 0.50625 0.146875 0.3734375
0 0.2265625 0.89375 0.0984375 0.89375 0.0984375 1.0 0.2265625 1.0 0.2265625 0.89375
0 0.4296875 0.6234375 0.140625 0.6234375 0.140625 0.765625 0.4296875 0.765625 0.4296875 0.6234375
0 0.771875 0.53125 0.578125 0.53125 0.578125 0.6421875 0.771875 0.6421875 0.771875 0.53125
0 0.13125 0.86875 0.0015625 0.86875 0.0015625 0.9921875 0.13125 0.9921875 0.13125 0.86875
0 0.31875 0.73125 0.1953125 0.73125 0.1953125 0.8125 0.31875 0.8125 0.31875 0.73125
0 0.61875 0.6046875 0.4953125 0.6046875 0.4953125 0.81875 0.61875 0.81875 0.61875 0.6046875
0 0.3640625 0.309375 0.2328125 0.309375 0.2328125 0.6328125 0.3640625 0.6328125 0.3640625 0.309375
0 0.5296875 0.0015625 0.0015625 0.0015625 0.0015625 1.0 0.5296875 1.0 0.5296875 0.0015625
0 0.53125 0.3546875 0.446875 0.3546875 0.446875 0.590625 0.53125 0.590625 0.53125 0.3546875
0 0.6109375 0.2640625 0.5109375 0.2640625 0.5109375 0.3546875 0.6109375 0.3546875 0.6109375 0.2640625
0 1.0 0.0015625 0.5015625 0.0015625 0.5015625 0.2734375 1.0 0.2734375 1.0 0.0015625
0 0.66875 0.9421875 0.571875 0.9421875 0.571875 1.0 0.66875 1.0 0.66875 0.9421875
0 0.8140625 0.821875 0.653125 0.821875 0.653125 0.9578125 0.8140625 0.9578125 0.8140625 0.821875
0 0.8734375 0.4359375 0.6609375 0.4359375 0.6609375 0.840625 0.8734375 0.840625 0.8734375 0.4359375
0 1.0 0.55 0.9265625 0.55 0.9265625 0.6484375 1.0 0.6484375 1.0 0.55
0 1.0 0.4078125 0.9125 0.4078125 0.9125 0.509375 1.0 0.509375 1.0 0.4078125
0 0.8984375 0.346875 0.734375 0.346875 0.734375 0.4640625 0.8984375 0.4640625 0.8984375 0.346875
0 0.7953125 0.2578125 0.615625 0.2578125 0.615625 0.4109375 0.7953125 0.4109375 0.7953125 0.2578125
0 1.0 0.225 0.9015625 0.225 0.9015625 0.321875 1.0 0.321875 1.0 0.225
0 1.0 0.0203125 0.8484375 0.0203125 0.8484375 0.2578125 1.0 0.2578125 1.0 0.0203125
