0 0.4078125 0.9984375 0.3921875 0.9984375 0.3921875 1.0 0.4078125 1.0 0.4078125 0.9984375
0 0.1640625 0.9671875 0.121875 0.9671875 0.121875 1.0 0.1640625 1.0 0.1640625 0.9671875
0 0.3328125 0.446875 0.171875 0.446875 0.171875 0.684375 0.3328125 0.684375 0.3328125 0.446875
0 0.34375 0.2078125 0.1609375 0.2078125 0.1609375 0.45 0.34375 0.45 0.34375 0.2078125
0 0.35625 0.8390625 0.271875 0.8390625 0.271875 0.96875 0.35625 0.96875 0.35625 0.8390625
0 0.915625 0.709375 0.825 0.709375 0.825 0.834375 0.915625 0.834375 0.915625 0.709375
0 0.346875 0.6640625 0.246875 0.6640625 0.246875 0.8046875 0.346875 0.8046875 0.346875 0.6640625
0 1.0 0.1875 0.959375 0.1875 0.959375 0.2234375 1.0 0.2234375 1.0 0.1875
0 0.9953125 0.8140625 0.8671875 0.8140625 0.8671875 0.921875 0.9953125 0.921875 0.9953125 0.8140625
0 0.36875 0.778125 0.0234375 0.778125 0.0234375 0.9453125 0.36875 0.9453125 0.36875 0.778125
0 0.26875 0.0015625 0.1171875 0.0015625 0.1171875 0.16875 0.26875 0.16875 0.26875 0.0015625
0 0.4109375 0.915625 0.296875 0.915625 0.296875 1.0 0.4109375 1.0 0.4109375 0.915625
0 1.0 0.5859375 0.88125 0.5859375 0.88125 0.8015625 1.0 0.8015625 1.0 0.5859375
0 0.390625 0.2703125 0.2953125 0.2703125 0.2953125 0.4046875 0.390625 0.4046875 0.390625 0.2703125
0 0.809375 0.0015625 0.7859375 0.0015625 0.7859375 0.0296875 0.809375 0.0296875 0.809375 0.0015625
0 0.053125 0.69375 0.0015625 0.69375 0.0015625 0.859375 0.053125 0.859375 0.053125 0.69375
0 0.159375 0.6546875 0.0609375 0.6546875 0.0609375 0.775 0.159375 0.775 0.159375 0.6546875
0 0.2046875 0.1390625 0.0828125 0.1390625 0.0828125 0.271875 0.2046875 0.271875 0.2046875 0.1390625
0 0.31875 0.9453125 0.20625 0.9453125 0.20625 1.0 0.31875 1.0 0.31875 0.9453125
0 0.653125 0.8671875 0.4515625 0.8671875 0.4515625 1.0 0.653125 1.0 0.653125 0.8671875
0 0.4328125 0.8359375 0.321875 0.8359375 0.321875 0.9546875 0.4328125 0.9546875 0.4328125 0.8359375
0 0.7140625 0.5984375 0.553125 0.5984375 0.553125 0.8609375 0.7140625 0.8609375 0.7140625 0.5984375
0 0.628125 0.465625 0.3203125 0.465625 0.3203125 0.8109375 0.628125 0.8109375 0.628125 0.465625
0 0.2375 0.5921875 0.13125 0.5921875 0.13125 0.70625 0.2375 0.70625 0.2375 0.5921875
0 0.559375 0.134375 0.35 0.134375 0.35 0.565625 0.559375 0.565625 0.559375 0.134375
0 0.209375 0.3078125 0.1171875 0.3078125 0.1171875 0.475 0.209375 0.475 0.209375 0.3078125
0 0.6953125 0.00625 0.496875 0.00625 0.496875 0.1484375 0.6953125 0.1484375 0.6953125 0.00625
0 0.3484375 0.0015625 0.2078125 0.0015625 0.2078125 0.053125 0.3484375 0.053125 0.3484375 0.0015625
0 0.7796875 0.4234375 0.6703125 0.4234375 0.6703125 0.5953125 0.7796875 0.5953125 0.7796875 0.4234375
0 1.0 0.20625 0.875 0.20625 0.875 0.4171875 1.0 0.4171875 1.0 0.20625
0 0.8125 0.1453125 0.659375 0.1453125 0.659375 0.3046875 0.8125 0.3046875 0.8125 0.1453125
0 1.0 0.1078125 0.9578125 0.1078125 0.9578125 0.209375 1.0 0.209375 1.0 0.1078125
0 0.9015625 0.0015625 0.728125 0.0015625 0.728125 0.14375 0.9015625 0.14375 0.9015625 0.0015625
0 0.4578125 0.8140625 0.3671875 0.8140625 0.3671875 1.0 0.4578125 1.0 0.4578125 0.8140625
0 0.5390625 0.3 0.4140625 0.3 0.4140625 0.434375 0.5390625 0.434375 0.5390625 0.3
0 0.484375 0.028125 0.265625 0.028125 0.265625 0.1921875 0.484375 0.1921875 0.484375 0.028125
0 0.2171875 0.046875 0.078125 0.046875 0.078125 0.1703125 0.2171875 0.1703125 0.2171875 0.046875
0 1.0 0.05 0.96875 0.05 0.96875 0.11875 1.0 0.11875 1.0 0.05
0 0.0984375 0.0015625 0.0015625 0.0015625 0.0015625 0.096875 0.0984375 0.096875 0.0984375 0.0015625
0 0.7484375 0.0015625 0.671875 0.0015625 0.671875 0.0875 0.7484375 0.0875 0.7484375 0.0015625
0 0.4046875 0.0015625 0.3703125 0.0015625 0.3703125 0.0078125 0.4046875 0.0078125 0.4046875 0.0015625
0 1.0 0.3078125 0.871875 0.3078125 0.871875 0.7234375 1.0 0.7234375 1.0 0.3078125
0 1.0 0.0015625 0.0015625 0.0015625 0.0015625 1.0 1.0 1.0 1.0 0.0015625
0 0.171875 0.0125 0.0015625 0.0125 0.0015625 0.409375 0.171875 0.409375 0.171875 0.0125
0 0.3875 0.403125 0.303125 0.403125 0.303125 0.596875 0.3875 0.596875 0.3875 0.403125
0 0.41875 0.140625 0.2265625 0.140625 0.2265625 0.2828125 0.41875 0.2828125 0.41875 0.140625
0 0.80625 0.5828125 0.7125 0.5828125 0.7125 0.7640625 0.80625 0.7640625 0.80625 0.5828125
