0 0.7328125 0.803125 0.56875 0.803125 0.56875 0.9375 0.7328125 0.9375 0.7328125 0.803125
0 0.96875 0.2953125 0.871875 0.2953125 0.871875 0.409375 0.96875 0.409375 0.96875 0.2953125
0 0.9296875 0.50625 0.8625 0.50625 0.8625 0.70625 0.9296875 0.70625 0.9296875 0.50625
0 0.4640625 0.271875 0.2859375 0.271875 0.2859375 0.396875 0.4640625 0.396875 0.4640625 0.271875
0 0.5484375 0.9078125 0.4265625 0.9078125 0.4265625 1.0 0.5484375 1.0 0.5484375 0.9078125
0 0.0265625 0.4453125 0.0015625 0.4453125 0.0015625 0.4828125 0.0265625 0.4828125 0.0265625 0.4453125
0 0.503125 0.646875 0.35625 0.646875 0.35625 0.85625 0.503125 0.85625 0.503125 0.646875
0 0.50625 0.128125 0.36875 0.128125 0.36875 0.275 0.50625 0.275 0.50625 0.128125
0 0.39375 0.0734375 0.23125 0.0734375 0.23125 0.23125 0.39375 0.23125 0.39375 0.0734375
0 0.134375 0.0015625 0.0546875 0.0015625 0.0546875 0.0421875 0.134375 0.0421875 0.134375 0.0015625
0 0.7265625 0.7296875 0.6078125 0.7296875 0.6078125 0.840625 0.7265625 0.840625 0.7265625 0.7296875
0 0.6140625 0.46875 0.4875 0.46875 0.4875 0.675 0.6140625 0.675 0.6140625 0.46875
0 1.0 0.3703125 0.8734375 0.3703125 0.8734375 0.5328125 1.0 0.5328125 1.0 0.3703125
0 1.0 0.0578125 0.9140625 0.0578125 0.9140625 0.3625 1.0 0.3625 1.0 0.0578125
0 0.8953125 0.225 0.7921875 0.225 0.7921875 0.3328125 0.8953125 0.3328125 0.8953125 0.225
0 0.6 0.0015625 0.553125 0.0015625 0.553125 0.0296875 0.6 0.0296875 0.6 0.0015625
0 0.5046875 0.4546875 0.403125 0.4546875 0.403125 0.709375 0.5046875 0.709375 0.5046875 0.4546875
0 0.5265625 0.4421875 0.4609375 0.4421875 0.4609375 0.609375 0.5265625 0.609375 0.5265625 0.4421875
0 0.3796875 0.4578125 0.290625 0.4578125 0.290625 0.5828125 0.3796875 0.5828125 0.3796875 0.4578125
0 0.8484375 0.4 0.771875 0.4 0.771875 0.5140625 0.8484375 0.5140625 0.8484375 0.4
0 0.746875 0.2984375 0.69375 0.2984375 0.69375 0.45 0.746875 0.45 0.746875 0.2984375
0 0.340625 0.290625 0.228125 0.290625 0.228125 0.3796875 0.340625 0.3796875 0.340625 0.290625
0 0.159375 0.15625 0.0375 0.15625 0.0375 0.290625 0.159375 0.290625 0.159375 0.15625
0 0.221875 0.0015625 0.1015625 0.0015625 0.1015625 0.075 0.221875 0.075 0.221875 0.0015625
0 0.8359375 0.8453125 0.7328125 0.8453125 0.7328125 0.9578125 0.8359375 0.9578125 0.8359375 0.8453125
0 0.946875 0.771875 0.86875 0.771875 0.86875 0.9359375 0.946875 0.9359375 0.946875 0.771875
0 0.8015625 0.5640625 0.634375 0.5640625 0.634375 0.725 0.8015625 0.725 0.8015625 0.5640625
0 1.0 0.484375 0.8875 0.484375 0.8875 0.6859375 1.0 0.6859375 1.0 0.484375
0 0.8859375 0.5078125 0.8421875 0.5078125 0.8421875 0.7171875 0.8859375 0.7171875 0.8859375 0.5078125
0 0.625 0.2 0.484375 0.2 0.484375 0.3453125 0.625 0.3453125 0.625 0.2
0 0.8125 0.0015625 0.553125 0.0015625 0.553125 0.1703125 0.8125 0.1703125 0.8125 0.0015625
0 0.5953125 0.0015625 0.3375 0.0015625 0.3375 0.1171875 0.5953125 0.1171875 0.5953125 0.0015625
0 0.909375 0.0015625 0.846875 0.0015625 0.846875 0.0546875 0.909375 0.0546875 0.909375 0.0015625
0 1.0 0.2765625 0.940625 0.2765625 0.940625 0.4140625 1.0 0.4140625 1.0 0.2765625
0 1.0 0.0015625 0.0015625 0.0015625 0.0015625 1.0 1.0 1.0 1.0 0.0015625
