0 0.415625 0.0015625 0.4 0.0015625 0.4 0.003125 0.415625 0.003125 0.415625 0.0015625
0 0.54375 0.6421875 0.3109375 0.6421875 0.3109375 0.7796875 0.54375 0.7796875 0.54375 0.6421875
0 0.2484375 0.7078125 0.0640625 0.7078125 0.0640625 0.9453125 0.2484375 0.9453125 0.2484375 0.7078125
0 0.8515625 0.5078125 0.6640625 0.5078125 0.6640625 0.8640625 0.8515625 0.8640625 0.8515625 0.5078125
0 0.35 0.746875 0.2375 0.746875 0.2375 1.0 0.35 1.0 0.35 0.746875
0 0.478125 0.765625 0.340625 0.765625 0.340625 1.0 0.478125 1.0 0.478125 0.765625
0 0.784375 0.23125 0.5890625 0.23125 0.5890625 0.421875 0.784375 0.421875 0.784375 0.23125
0 1.0 0.0015625 0.890625 0.0015625 0.890625 0.246875 1.0 0.246875 1.0 0.0015625
0 0.9890625 0.4171875 0.890625 0.4171875 0.890625 0.6765625 0.9890625 0.6765625 0.9890625 0.4171875
0 1.0 0.5640625 0.925 0.5640625 0.925 0.7421875 1.0 0.7421875 1.0 0.5640625
0 0.1125 0.6671875 0.0015625 0.6671875 0.0015625 0.7515625 0.1125 0.7515625 0.1125 0.6671875
0 0.778125 0.46875 0.534375 0.46875 0.534375 0.6515625 0.778125 0.6515625 0.778125 0.46875
0 0.4421875 0.090625 0.171875 0.090625 0.171875 0.6953125 0.4421875 0.6953125 0.4421875 0.090625
0 1.0 0.2828125 0.915625 0.2828125 0.915625 0.4265625 1.0 0.4265625 1.0 0.2828125
0 0.21875 0.0984375 0.140625 0.0984375 0.140625 0.225 0.21875 0.225 0.21875 0.0984375
0 0.1203125 0.0046875 0.0015625 0.0046875 0.0015625 0.1453125 0.1203125 0.1453125 0.1203125 0.0046875
0 0.8515625 1.0 0.846875 1.0 0.846875 1.0 0.8515625 1.0 0.8515625 1.0
0 0.45625 0.90625 0.3859375 0.90625 0.3859375 1.0 0.45625 1.0 0.45625 0.90625
0 1.0 0.9078125 0.9171875 0.9078125 0.9171875 0.9734375 1.0 0.9734375 1.0 0.9078125
0 0.6203125 0.8234375 0.4609375 0.8234375 0.4609375 0.9453125 0.6203125 0.9453125 0.6203125 0.8234375
0 0.4765625 0.696875 0.2921875 0.696875 0.2921875 0.90625 0.4765625 0.90625 0.4765625 0.696875
0 0.6625 0.6765625 0.5234375 0.6765625 0.5234375 0.80625 0.6625 0.80625 0.6625 0.6765625
0 0.9140625 0.6578125 0.715625 0.6578125 0.715625 0.7921875 0.9140625 0.7921875 0.9140625 0.6578125
0 0.4859375 0.284375 0.3609375 0.284375 0.3609375 0.4125 0.4859375 0.4125 0.4859375 0.284375
0 0.8 0.0015625 0.5015625 0.0015625 0.5015625 0.221875 0.8 0.221875 0.8 0.0015625
0 0.6328125 0.896875 0.184375 0.896875 0.184375 1.0 0.6328125 1.0 0.6328125 0.896875
0 0.3640625 0.8765625 0.265625 0.8765625 0.265625 1.0 0.3640625 1.0 0.3640625 0.8765625
0 0.25625 0.6359375 0.1625 0.6359375 0.1625 0.7453125 0.25625 0.7453125 0.25625 0.6359375
0 0.5765625 0.2296875 0.453125 0.2296875 0.453125 0.475 0.5765625 0.475 0.5765625 0.2296875
0 0.684375 0.2109375 0.5984375 0.2109375 0.5984375 0.3625 0.684375 0.3625 0.684375 0.2109375
0 0.13125 0.10625 0.0578125 0.10625 0.0578125 0.2875 0.13125 0.2875 0.13125 0.10625
0 0.053125 0.13125 0.0015625 0.13125 0.0015625 0.2 0.053125 0.2 0.053125 0.13125
0 0.5375 0.06875 0.3953125 0.06875 0.3953125 0.2265625 0.5375 0.2265625 0.5375 0.06875
0 0.1390625 0.0015625 0.078125 0.0015625 0.078125 0.003125 0.1390625 0.003125 0.1390625 0.0015625
0 0.1390625 0.1640625 0.0015625 0.1640625 0.0015625 0.346875 0.1390625 0.346875 0.1390625 0.1640625
0 0.1640625 0.6875 0.0015625 0.6875 0.0015625 0.8609375 0.1640625 0.8609375 0.1640625 0.6875
0 0.8828125 0.946875 0.696875 0.946875 0.696875 1.0 0.8828125 1.0 0.8828125 0.946875
0 0.59375 0.76875 0.403125 0.76875 0.403125 0.909375 0.59375 0.909375 0.59375 0.76875
0 0.8890625 0.709375 0.728125 0.709375 0.728125 0.8359375 0.8890625 0.8359375 0.8890625 0.709375
0 0.6890625 0.70625 0.609375 0.70625 0.609375 0.8515625 0.6890625 0.8515625 0.6890625 0.70625
0 0.5390625 0.21875 0.26875 0.21875 0.26875 0.753125 0.5390625 0.753125 0.5390625 0.21875
0 0.809375 0.4828125 0.5734375 0.4828125 0.5734375 0.6875 0.809375 0.6875 0.809375 0.4828125
0 0.2078125 0.30625 0.0015625 0.30625 0.0015625 0.4859375 0.2078125 0.4859375 0.2078125 0.30625
0 0.378125 0.30625 0.2578125 0.30625 0.2578125 0.39375 0.378125 0.39375 0.378125 0.30625
0 0.7703125 0.1421875 0.5546875 0.1421875 0.5546875 0.4265625 0.7703125 0.4265625 0.7703125 0.1421875
0 0.234375 0.0015625 0.0015625 0.0015625 0.0015625 0.309375 0.234375 0.309375 0.234375 0.0015625
0 0.440625 0.121875 0.259375 0.121875 0.259375 0.2734375 0.440625 0.2734375 0.440625 0.121875
0 0.515625 0.0453125 0.4234375 0.0453125 0.4234375 0.203125 0.515625 0.203125 0.515625 0.0453125
0 0.8125 0.0015625 0.728125 0.0015625 0.728125 0.0890625 0.8125 0.0890625 0.8125 0.0015625
0 1.0 0.93125 0.884375 0.93125 0.884375 1.0 1.0 1.0 1.0 0.93125
0 1.0 0.646875 0.9 0.646875 0.9 0.7796875 1.0 0.7796875 1.0 0.646875
0 1.0 0.5875 0.9890625 0.5875 0.9890625 0.61875 1.0 0.61875 1.0 0.5875
0 0.9828125 0.5515625 0.903125 0.5515625 0.903125 0.6796875 0.9828125 0.6796875 0.9828125 0.5515625
0 1.0 0.4046875 0.93125 0.4046875 0.93125 0.5046875 1.0 0.5046875 1.0 0.4046875
0 1.0 0.171875 0.91875 0.171875 0.91875 0.3890625 1.0 0.3890625 1.0 0.171875
0 0.2328125 0.3078125 0.0921875 0.3078125 0.0921875 0.66875 0.2328125 0.66875 0.2328125 0.3078125
0 1.0 0.8078125 0.6453125 0.8078125 0.6453125 1.0 1.0 1.0 1.0 0.8078125
0 0.6703125 0.9234375 0.6140625 0.9234375 0.6140625 1.0 0.6703125 1.0 0.6703125 0.9234375
0 0.821875 0.24375 0.4796875 0.24375 0.4796875 0.678125 0.821875 0.678125 0.821875 0.24375
0 1.0 0.296875 0.9484375 0.296875 0.9484375 0.41875 1.0 0.41875 1.0 0.296875
0 0.9703125 0.1 0.8828125 0.1 0.8828125 0.2515625 0.9703125 0.2515625 0.9703125 0.1
0 0.70625 0.0015625 0.565625 0.0015625 0.565625 0.1 0.70625 0.1 0.70625 0.0015625
0 0.0640625 0.4296875 0.0015625 0.4296875 0.0015625 0.6 0.0640625 0.6 0.0640625 0.4296875
0 0.46875 0.3140625 0.0546875 0.3140625 0.0546875 1.0 0.46875 1.0 0.46875 0.3140625
0 0.3890625 0.890625 0.284375 0.890625 0.284375 1.0 0.3890625 1.0 0.3890625 0.890625
0 0.2140625 0.721875 0.0015625 0.721875 0.0015625 0.9859375 0.2140625 0.9859375 0.2140625 0.721875
0 0.240625 0.434375 0.0171875 0.434375 0.0171875 0.709375 0.240625 0.709375 0.240625 0.434375
0 0.41875 0.2203125 0.246875 0.2203125 0.246875 0.340625 0.41875 0.340625 0.41875 0.2203125
0 0.2421875 0.190625 0.15 0.190625 0.15 0.296875 0.2421875 0.296875 0.2421875 0.190625
0 0.409375 0.0015625 0.2609375 0.0015625 0.2609375 0.184375 0.409375 0.184375 0.409375 0.0015625
0 0.6015625 0.88125 0.4421875 0.88125 0.4421875 1.0 0.6015625 1.0 0.6015625 0.88125
0 0.8828125 0.86875 0.703125 0.86875 0.703125 1.0 0.8828125 1.0 0.8828125 0.86875
0 0.665625 0.7609375 0.5296875 0.7609375 0.5296875 0.884375 0.665625 0.884375 0.665625 0.7609375
0 0.671875 0.5984375 0.5296875 0.5984375 0.5296875 0.725 0.671875 0.725 0.671875 0.5984375
0 0.9328125 0.4453125 0.8015625 0.4453125 0.8015625 0.7203125 0.9328125 0.7203125 0.9328125 0.4453125
0 0.7671875 0.3375 0.5453125 0.3375 0.5453125 0.559375 0.7671875 0.559375 0.7671875 0.3375
0 0.9484375 0.0015625 0.409375 0.0015625 0.409375 0.3546875 0.9484375 0.3546875 0.9484375 0.0015625
0 1.0 0.6203125 0.9171875 0.6203125 0.9171875 0.909375 1.0 0.909375 1.0 0.6203125
0 1.0 0.4671875 0.928125 0.4671875 0.928125 0.578125 1.0 0.578125 1.0 0.4671875
0 0.975 0.2375 0.859375 0.2375 0.859375 0.4484375 0.975 0.4484375 0.975 0.2375
0 1.0 0.0015625 0.934375 0.0015625 0.934375 0.1984375 1.0 0.1984375 1.0 0.0015625
