0 0.978125 0.8984375 0.9125 0.8984375 0.9125 1.0 0.978125 1.0 0.978125 0.8984375
0 0.2171875 0.5984375 0.03125 0.5984375 0.03125 0.8 0.2171875 0.8 0.2171875 0.5984375
0 0.33125 0.3609375 0.2375 0.3609375 0.2375 0.453125 0.33125 0.453125 0.33125 0.3609375
0 0.06875 0.2203125 0.0015625 0.2203125 0.0015625 0.503125 0.06875 0.503125 0.06875 0.2203125
0 0.659375 0.940625 0.5125 0.940625 0.5125 1.0 0.659375 1.0 0.659375 0.940625
0 0.3984375 0.896875 0.2625 0.896875 0.2625 1.0 0.3984375 1.0 0.3984375 0.896875
0 0.63125 0.171875 0.5375 0.171875 0.5375 0.3046875 0.63125 0.3046875 0.63125 0.171875
0 0.6484375 0.9984375 0.64375 0.9984375 0.64375 1.0 0.6484375 1.0 0.6484375 0.9984375
0 0.4640625 0.865625 0.3234375 0.865625 0.3234375 1.0 0.4640625 1.0 0.4640625 0.865625
0 0.9265625 0.6484375 0.778125 0.6484375 0.778125 0.9390625 0.9265625 0.9390625 0.9265625 0.6484375
0 0.7171875 0.7515625 0.5890625 0.7515625 0.5890625 0.9703125 0.7171875 0.9703125 0.7171875 0.7515625
0 0.021875 0.8375 0.0015625 0.8375 0.0015625 0.9921875 0.021875 0.9921875 0.021875 0.8375
0 0.1640625 0.7828125 0.0296875 0.7828125 0.0296875 0.959375 0.1640625 0.959375 0.1640625 0.7828125
0 0.2296875 0.61875 0.1078125 0.61875 0.1078125 0.7765625 0.2296875 0.7765625 0.2296875 0.61875
0 0.2171875 0.575 0.0015625 0.575 0.0015625 0.809375 0.2171875 0.809375 0.2171875 0.575
0 0.1546875 0.2265625 0.0140625 0.2265625 0.0140625 0.5109375 0.1546875 0.5109375 0.1546875 0.2265625
0 0.0203125 0.2921875 0.0015625 0.2921875 0.0015625 0.375 0.0203125 0.375 0.0203125 0.2921875
0 0.35625 0.0015625 0.3265625 0.0015625 0.3265625 0.1015625 0.35625 0.1015625 0.35625 0.0015625
0 0.63125 0.90625 0.509375 0.90625 0.509375 1.0 0.63125 1.0 0.63125 0.90625
0 0.8890625 0.675 0.7265625 0.675 0.7265625 0.85625 0.8890625 0.85625 0.8890625 0.675
0 0.6015625 0.671875 0.4625 0.671875 0.4625 0.7390625 0.6015625 0.7390625 0.6015625 0.671875
0 0.6984375 0.171875 0.6171875 0.171875 0.6171875 0.359375 0.6984375 0.359375 0.6984375 0.171875
0 0.8375 0.0015625 0.725 0.0015625 0.725 0.315625 0.8375 0.315625 0.8375 0.0015625
0 1.0 0.0453125 0.975 0.0453125 0.975 0.290625 1.0 0.290625 1.0 0.0453125
0 0.9609375 0.0015625 0.8484375 0.0015625 0.8484375 0.2171875 0.9609375 0.2171875 0.9609375 0.0015625
0 0.696875 0.0015625 0.509375 0.0015625 0.509375 0.1125 0.696875 0.1125 0.696875 0.0015625
0 0.534375 0.0015625 0.509375 0.0015625 0.509375 0.0203125 0.534375 0.0203125 0.534375 0.0015625
0 0.4078125 0.0015625 0.3703125 0.0015625 0.3703125 0.0515625 0.4078125 0.0515625 0.4078125 0.0015625
0 0.9265625 0.9109375 0.88125 0.9109375 0.88125 1.0 0.9265625 1.0 0.9265625 0.9109375
0 0.4 0.25625 0.2515625 0.25625 0.2515625 0.396875 0.4 0.396875 0.4 0.25625
0 0.3390625 0.0015625 0.221875 0.0015625 0.221875 0.10625 0.3390625 0.10625 0.3390625 0.0015625
0 0.5140625 0.0015625 0.39375 0.0015625 0.39375 0.0609375 0.5140625 0.0609375 0.5140625 0.0015625
0 0.0421875 0.0015625 0.0015625 0.0015625 0.0015625 0.0625 0.0421875 0.0625 0.0421875 0.0015625
0 0.15625 0.0015625 0.1171875 0.0015625 0.1171875 0.0078125 0.15625 0.0078125 0.15625 0.0015625
0 0.609375 0.71875 0.4453125 0.71875 0.4453125 0.8109375 0.609375 0.8109375 0.609375 0.71875
0 0.715625 0.6265625 0.6234375 0.6265625 0.6234375 0.821875 0.715625 0.821875 0.715625 0.6265625
0 1.0 0.0015625 0.0015625 0.0015625 0.0015625 1.0 1.0 1.0 1.0 0.0015625
0 0.6109375 0.8046875 0.39375 0.8046875 0.39375 1.0 0.6109375 1.0 0.6109375 0.8046875
