0 0.7671875 0.7546875 0.6015625 0.7546875 0.6015625 0.91875 0.7671875 0.91875 0.7671875 0.7546875
0 0.8984375 0.471875 0.775 0.471875 0.775 0.571875 0.8984375 0.571875 0.8984375 0.471875
0 0.7328125 0.934375 0.6265625 0.934375 0.6265625 1.0 0.7328125 1.0 0.7328125 0.934375
0 1.0 0.296875 0.653125 0.296875 0.653125 0.9734375 1.0 0.9734375 1.0 0.296875
0 1.0 0.00625 0.978125 0.00625 0.978125 0.0984375 1.0 0.0984375 1.0 0.00625
0 0.6609375 0.74375 0.54375 0.74375 0.54375 0.9140625 0.6609375 0.9140625 0.6609375 0.74375
0 0.253125 0.7890625 0.1078125 0.7890625 0.1078125 0.915625 0.253125 0.915625 0.253125 0.7890625
0 0.034375 0.8234375 0.0015625 0.8234375 0.0015625 1.0 0.034375 1.0 0.034375 0.8234375
0 0.3828125 0.4546875 0.0875 0.4546875 0.0875 1.0 0.3828125 1.0 0.3828125 0.4546875
0 0.46875 0.7453125 0.39375 0.7453125 0.39375 0.8609375 0.46875 0.8609375 0.46875 0.7453125
0 0.1390625 0.6921875 0.0109375 0.6921875 0.0109375 0.8421875 0.1390625 0.8421875 0.1390625 0.6921875
0 0.2484375 0.55625 0.053125 0.55625 0.053125 0.6984375 0.2484375 0.6984375 0.2484375 0.55625
0 1.0 0.0015625 0.9921875 0.0015625 0.9921875 0.01875 1.0 0.01875 1.0 0.0015625
0 0.6453125 0.5921875 0.5140625 0.5921875 0.5140625 0.821875 0.6453125 0.821875 0.6453125 0.5921875
0 0.6546875 0.303125 0.51875 0.303125 0.51875 0.525 0.6546875 0.525 0.6546875 0.303125
0 0.984375 0.03125 0.9140625 0.03125 0.9140625 0.146875 0.984375 0.146875 0.984375 0.03125
0 0.8125 0.0015625 0.6828125 0.0015625 0.6828125 0.0875 0.8125 0.0875 0.8125 0.0015625
0 0.1578125 0.325 0.0765625 0.325 0.0765625 0.4921875 0.1578125 0.4921875 0.1578125 0.325
0 0.5484375 0.0640625 0.4296875 0.0640625 0.4296875 0.14375 0.5484375 0.14375 0.5484375 0.0640625
0 0.725 0.2 0.6125 0.2 0.6125 0.3640625 0.725 0.3640625 0.725 0.2
0 0.684375 0.45 0.553125 0.45 0.553125 0.60625 0.684375 0.60625 0.684375 0.45
0 0.778125 0.3578125 0.596875 0.3578125 0.596875 0.4484375 0.778125 0.4484375 0.778125 0.3578125
0 0.48125 0.146875 0.371875 0.146875 0.371875 0.321875 0.48125 0.321875 0.48125 0.146875
0 0.9671875 0.1390625 0.85625 0.1390625 0.85625 0.31875 0.9671875 0.31875 0.9671875 0.1390625
0 0.9296875 0.0015625 0.6703125 0.0015625 0.6703125 0.24375 0.9296875 0.24375 0.9296875 0.0015625
0 0.715625 0.1171875 0.5 0.1171875 0.5 0.2640625 0.715625 0.2640625 0.715625 0.1171875
0 0.15 0.0359375 0.065625 0.0359375 0.065625 0.190625 0.15 0.190625 0.15 0.0359375
0 0.4265625 0.0015625 0.23125 0.0015625 0.23125 0.103125 0.4265625 0.103125 0.4265625 0.0015625
0 0.6328125 0.0015625 0.5609375 0.0015625 0.5609375 0.109375 0.6328125 0.109375 0.6328125 0.0015625
0 0.5546875 0.0015625 0.4609375 0.0015625 0.4609375 0.059375 0.5546875 0.059375 0.5546875 0.0015625
0 0.821875 0.3796875 0.590625 0.3796875 0.590625 0.5015625 0.821875 0.5015625 0.821875 0.3796875
0 0.81875 0.1796875 0.721875 0.1796875 0.721875 0.3625 0.81875 0.3625 0.81875 0.1796875
0 0.9421875 0.084375 0.76875 0.084375 0.76875 0.4453125 0.9421875 0.4453125 0.9421875 0.084375
0 0.625 0.8984375 0.4890625 0.8984375 0.4890625 1.0 0.625 1.0 0.625 0.8984375
0 0.590625 0.2296875 0.0015625 0.2296875 0.0015625 1.0 0.590625 1.0 0.590625 0.2296875
0 0.2984375 0.65625 0.1296875 0.65625 0.1296875 0.865625 0.2984375 0.865625 0.2984375 0.65625
0 0.0125 0.1828125 0.0015625 0.1828125 0.0015625 0.2109375 0.0125 0.2109375 0.0125 0.1828125
0 0.86875 0.45625 0.5578125 0.45625 0.5578125 0.85 0.86875 0.85 0.86875 0.45625
0 0.703125 0.2671875 0.565625 0.2671875 0.565625 0.39375 0.703125 0.39375 0.703125 0.2671875
0 0.6921875 0.0015625 0.6390625 0.0015625 0.6390625 0.0453125 0.6921875 0.0453125 0.6921875 0.0015625
0 0.765625 0.8171875 0.5890625 0.8171875 0.5890625 0.9984375 0.765625 0.9984375 0.765625 0.8171875
0 0.8078125 0.7203125 0.6609375 0.7203125 0.6609375 0.79375 0.8078125 0.79375 0.8078125 0.7203125
0 0.8625 0.58125 0.671875 0.58125 0.671875 0.7234375 0.8625 0.7234375 0.8625 0.58125
0 0.8703125 0.5234375 0.721875 0.5234375 0.721875 0.6109375 0.8703125 0.6109375 0.8703125 0.5234375
0 1.0 0.1953125 0.8203125 0.1953125 0.8203125 0.5203125 1.0 0.5203125 1.0 0.1953125
0 0.2640625 0.6953125 0.1671875 0.6953125 0.1671875 0.81875 0.2640625 0.81875 0.2640625 0.6953125
0 0.5046875 0.6234375 0.4359375 0.6234375 0.4359375 0.7546875 0.5046875 0.7546875 0.5046875 0.6234375
0 0.065625 0.5984375 0.0015625 0.5984375 0.0015625 0.6609375 0.065625 0.6609375 0.065625 0.5984375
0 0.384375 0.0625 0.259375 0.0625 0.259375 0.225 0.384375 0.225 0.384375 0.0625
0 0.8671875 0.0171875 0.7 0.0171875 0.7 0.159375 0.8671875 0.159375 0.8671875 0.0171875
0 0.1984375 0.0015625 0.0015625 0.0015625 0.0015625 0.51875 0.1984375 0.51875 0.1984375 0.0015625
0 0.2078125 0.5234375 0.00625 0.5234375 0.00625 0.65 0.2078125 0.65 0.2078125 0.5234375
0 0.71875 0.0015625 0.1203125 0.0015625 0.1203125 0.51875 0.71875 0.51875 0.71875 0.0015625
