0 0.796875 0.909375 0.628125 0.909375 0.628125 1.0 0.796875 1.0 0.796875 0.909375
0 0.75625 0.44375 0.440625 0.44375 0.440625 0.8078125 0.75625 0.8078125 0.75625 0.44375
0 0.00625 0.965625 0.0015625 0.965625 0.0015625 0.9828125 0.00625 0.9828125 0.00625 0.965625
0 0.365625 0.09375 0.1453125 0.09375 0.1453125 0.234375 0.365625 0.234375 0.365625 0.09375
0 0.3125 0.521875 0.1609375 0.521875 0.1609375 0.628125 0.3125 0.628125 0.3125 0.521875
0 0.159375 0.6453125 0.0015625 0.6453125 0.0015625 0.759375 0.159375 0.759375 0.159375 0.6453125
0 0.2546875 0.3859375 0.146875 0.3859375 0.146875 0.5390625 0.2546875 0.5390625 0.2546875 0.3859375
0 0.38125 0.2171875 0.253125 0.2171875 0.253125 0.515625 0.38125 0.515625 0.38125 0.2171875
0 0.1703125 0.0015625 0.1015625 0.0015625 0.1015625 0.0390625 0.1703125 0.0390625 0.1703125 0.0015625
0 0.9 0.3484375 0.8359375 0.3484375 0.8359375 0.515625 0.9 0.515625 0.9 0.3484375
0 0.53125 0.2703125 0.425 0.2703125 0.425 0.4484375 0.53125 0.4484375 0.53125 0.2703125
0 0.7734375 0.0609375 0.6609375 0.0609375 0.6609375 0.2109375 0.7734375 0.2109375 0.7734375 0.0609375
0 0.8859375 0.1890625 0.7453125 0.1890625 0.7453125 0.3484375 0.8859375 0.3484375 0.8859375 0.1890625
0 0.2671875 0.7265625 0.134375 0.7265625 0.134375 0.909375 0.2671875 0.909375 0.2671875 0.7265625
0 0.634375 0.5578125 0.5125 0.5578125 0.5125 0.7140625 0.634375 0.7140625 0.634375 0.5578125
0 1.0 0.840625 0.9953125 0.840625 0.9953125 0.8625 1.0 0.8625 1.0 0.840625
0 0.896875 0.28125 0.7390625 0.28125 0.7390625 0.38125 0.896875 0.38125 0.896875 0.28125
0 0.084375 0.8 0.0015625 0.8 0.0015625 0.859375 0.084375 0.859375 0.084375 0.8
0 0.5890625 0.659375 0.44375 0.659375 0.44375 0.815625 0.5890625 0.815625 0.5890625 0.659375
0 0.703125 0.0984375 0.5359375 0.0984375 0.5359375 0.33125 0.703125 0.33125 0.703125 0.0984375
0 0.7890625 0.0015625 0.6765625 0.0015625 0.6765625 0.0921875 0.7890625 0.0921875 0.7890625 0.0015625
0 0.5015625 0.940625 0.4453125 0.940625 0.4453125 1.0 0.5015625 1.0 0.5015625 0.940625
0 0.2359375 0.9859375 0.0953125 0.9859375 0.0953125 1.0 0.2359375 1.0 0.2359375 0.9859375
0 0.675 0.9296875 0.5453125 0.9296875 0.5453125 1.0 0.675 1.0 0.675 0.9296875
0 0.7453125 0.6109375 0.371875 0.6109375 0.371875 0.975 0.7453125 0.975 0.7453125 0.6109375
0 0.0421875 0.665625 0.0015625 0.665625 0.0015625 0.7671875 0.0421875 0.7671875 0.0421875 0.665625
0 0.4609375 0.5734375 0.34375 0.5734375 0.34375 0.734375 0.4609375 0.734375 0.4609375 0.5734375
0 0.115625 0.4546875 0.0015625 0.4546875 0.0015625 0.5859375 0.115625 0.5859375 0.115625 0.4546875
0 0.8546875 0.3203125 0.690625 0.3203125 0.690625 0.5953125 0.8546875 0.5953125 0.8546875 0.3203125
0 0.76875 0.25625 0.5296875 0.25625 0.5296875 0.46875 0.76875 0.46875 0.76875 0.25625
0 0.571875 0.1125 0.4953125 0.1125 0.4953125 0.3015625 0.571875 0.3015625 0.571875 0.1125
0 0.4171875 0.0015625 0.30625 0.0015625 0.30625 0.1265625 0.4171875 0.1265625 0.4171875 0.0015625
0 0.603125 0.0015625 0.5625 0.0015625 0.5625 0.0359375 0.603125 0.0359375 0.603125 0.0015625
0 0.8671875 0.9296875 0.7546875 0.9296875 0.7546875 1.0 0.8671875 1.0 0.8671875 0.9296875
0 1.0 0.7890625 0.9375 0.7890625 0.9375 0.975 1.0 0.975 1.0 0.7890625
0 0.8296875 0.6015625 0.71875 0.6015625 0.71875 0.7328125 0.8296875 0.7328125 0.8296875 0.6015625
0 0.0546875 0.853125 0.0015625 0.853125 0.0015625 0.9828125 0.0546875 0.9828125 0.0546875 0.853125
0 0.2515625 0.7359375 0.034375 0.7359375 0.034375 0.9640625 0.2515625 0.9640625 0.2515625 0.7359375
0 0.578125 0.0015625 0.0015625 0.0015625 0.0015625 0.6625 0.578125 0.6625 0.578125 0.0015625
0 0.409375 0.9625 0.3109375 0.9625 0.3109375 1.0 0.409375 1.0 0.409375 0.9625
0 0.759375 0.971875 0.721875 0.971875 0.721875 1.0 0.759375 1.0 0.759375 0.971875
0 0.565625 0.8640625 0.45 0.8640625 0.45 1.0 0.565625 1.0 0.565625 0.8640625
0 0.5828125 0.8328125 0.5125 0.8328125 0.5125 0.9546875 0.5828125 0.9546875 0.5828125 0.8328125
0 0.48125 0.6859375 0.3140625 0.6859375 0.3140625 0.8734375 0.48125 0.8734375 0.48125 0.6859375
0 0.83125 0.375 0.5125 0.375 0.5125 0.8359375 0.83125 0.8359375 0.83125 0.375
0 1.0 0.0640625 0.9328125 0.0640625 0.9328125 0.3171875 1.0 0.3171875 1.0 0.0640625
0 1.0 0.0015625 0.5609375 0.0015625 0.5609375 1.0 1.0 1.0 1.0 0.0015625
0 0.1265625 0.690625 0.0015625 0.690625 0.0015625 1.0 0.1265625 1.0 0.1265625 0.690625
0 0.5890625 0.4765625 0.1109375 0.4765625 0.1109375 1.0 0.5890625 1.0 0.5890625 0.4765625
0 0.15625 0.375 0.0390625 0.375 0.0390625 0.546875 0.15625 0.546875 0.15625 0.375
0 0.559375 0.0078125 0.3453125 0.0078125 0.3453125 0.459375 0.559375 0.459375 0.559375 0.0078125
0 0.703125 0.0015625 0.528125 0.0015625 0.528125 0.321875 0.703125 0.321875 0.703125 0.0015625
0 1.0 0.9625 0.9703125 0.9625 0.9703125 1.0 1.0 1.0 1.0 0.9625
0 0.14375 0.4703125 0.0015625 0.4703125 0.0015625 0.61875 0.14375 0.61875 0.14375 0.4703125
0 0.134375 0.3796875 0.0015625 0.3796875 0.0015625 0.4734375 0.134375 0.4734375 0.134375 0.3796875
0 0.334375 0.2171875 0.19375 0.2171875 0.19375 0.375 0.334375 0.375 0.334375 0.2171875
0 0.5375 0.0015625 0.4046875 0.0015625 0.4046875 0.025 0.5375 0.025 0.5375 0.0015625
