0 0.1609375 0.8359375 0.0546875 0.8359375 0.0546875 1.0 0.1609375 1.0 0.1609375 0.8359375
0 0.084375 0.375 0.0015625 0.375 0.0015625 0.5875 0.084375 0.5875 0.084375 0.375
0 0.0125 0.2359375 0.0015625 0.2359375 0.0015625 0.3015625 0.0125 0.3015625 0.0125 0.2359375
0 0.3984375 0.5953125 0.2578125 0.5953125 0.2578125 0.965625 0.3984375 0.965625 0.3984375 0.5953125
0 0.2578125 0.425 0.1328125 0.425 0.1328125 0.6734375 0.2578125 0.6734375 0.2578125 0.425
0 0.3640625 0.7453125 0.265625 0.7453125 0.265625 0.9671875 0.3640625 0.9671875 0.3640625 0.7453125
0 0.215625 0.2578125 0.1078125 0.2578125 0.1078125 0.478125 0.215625 0.478125 0.215625 0.2578125
0 0.5921875 0.9359375 0.5125 0.9359375 0.5125 1.0 0.5921875 1.0 0.5921875 0.9359375
0 0.071875 0.7953125 0.0015625 0.7953125 0.0015625 0.9921875 0.071875 0.9921875 0.071875 0.7953125
0 0.3203125 0.69375 0.203125 0.69375 0.203125 0.7703125 0.3203125 0.7703125 0.3203125 0.69375
0 0.103125 0.6125 0.0015625 0.6125 0.0015625 0.778125 0.103125 0.778125 0.103125 0.6125
0 0.246875 0.378125 0.1796875 0.378125 0.1796875 0.5828125 0.246875 0.5828125 0.246875 0.378125
0 0.4671875 0.0015625 0.38125 0.0015625 0.38125 0.0265625 0.4671875 0.0265625 0.4671875 0.0015625
0 0.3203125 0.78125 0.1828125 0.78125 0.1828125 0.9375 0.3203125 0.9375 0.3203125 0.78125
0 0.2 0.5421875 0.1171875 0.5421875 0.1171875 0.7390625 0.2 0.7390625 0.2 0.5421875
0 0.0421875 0.1390625 0.0015625 0.1390625 0.0015625 0.1984375 0.0421875 0.1984375 0.0421875 0.1390625
0 0.2015625 0.0015625 0.0890625 0.0015625 0.0890625 0.159375 0.2015625 0.159375 0.2015625 0.0015625
0 0.4515625 0.0015625 0.3015625 0.0015625 0.3015625 0.1140625 0.4515625 0.1140625 0.4515625 0.0015625
0 0.609375 0.2125 0.4875 0.2125 0.4875 0.4375 0.609375 0.4375 0.609375 0.2125
0 0.5171875 0.0015625 0.5140625 0.0015625 0.5140625 0.0015625 0.5171875 0.0015625 0.5171875 0.0015625
0 0.0390625 0.5015625 0.0015625 0.5015625 0.0015625 0.6140625 0.0390625 0.6140625 0.0390625 0.5015625
0 0.1953125 0.1921875 0.1109375 0.1921875 0.1109375 0.38125 0.1953125 0.38125 0.1953125 0.1921875
0 0.0484375 0.3234375 0.0015625 0.3234375 0.0015625 0.3796875 0.0484375 0.3796875 0.0484375 0.3234375
0 0.5484375 0.8375 0.4703125 0.8375 0.4703125 0.978125 0.5484375 0.978125 0.5484375 0.8375
0 0.0265625 0.8234375 0.0015625 0.8234375 0.0015625 0.9328125 0.0265625 0.9328125 0.0265625 0.8234375
0 0.296875 0.5765625 0.2140625 0.5765625 0.2140625 0.70625 0.296875 0.70625 0.296875 0.5765625
0 0.021875 0.6859375 0.0015625 0.6859375 0.0015625 0.73125 0.021875 0.73125 0.021875 0.6859375
0 0.3015625 0.334375 0.2234375 0.334375 0.2234375 0.4703125 0.3015625 0.4703125 0.3015625 0.334375
0 0.265625 0.153125 0.15 0.153125 0.15 0.3296875 0.265625 0.3296875 0.265625 0.153125
0 0.9453125 0.0015625 0.896875 0.0015625 0.896875 0.0625 0.9453125 0.0625 0.9453125 0.0015625
0 0.1171875 0.9578125 0.0015625 0.9578125 0.0015625 1.0 0.1171875 1.0 0.1171875 0.9578125
0 0.0203125 0.7265625 0.0015625 0.7265625 0.0015625 0.821875 0.0203125 0.821875 0.0203125 0.7265625
0 0.1640625 0.3859375 0.0015625 0.3859375 0.0015625 0.778125 0.1640625 0.778125 0.1640625 0.3859375
0 0.6953125 0.4578125 0.3703125 0.4578125 0.3703125 0.746875 0.6953125 0.746875 0.6953125 0.4578125
0 0.5078125 0.346875 0.359375 0.346875 0.359375 0.453125 0.5078125 0.453125 0.5078125 0.346875
0 0.6890625 0.134375 0.5328125 0.134375 0.5328125 0.490625 0.6890625 0.490625 0.6890625 0.134375
0 0.5984375 0.0015625 0.515625 0.0015625 0.515625 0.09375 0.5984375 0.09375 0.5984375 0.0015625
0 0.9296875 0.6578125 0.7875 0.6578125 0.7875 0.81875 0.9296875 0.81875 0.9296875 0.6578125
0 1.0 0.5828125 0.91875 0.5828125 0.91875 0.7109375 1.0 0.7109375 1.0 0.5828125
0 0.903125 0.4484375 0.7765625 0.4484375 0.7765625 0.6359375 0.903125 0.6359375 0.903125 0.4484375
0 1.0 0.3609375 0.921875 0.3609375 0.921875 0.5453125 1.0 0.5453125 1.0 0.3609375
0 0.93125 0.0015625 0.715625 0.0015625 0.715625 0.253125 0.93125 0.253125 0.93125 0.0015625
0 1.0 0.0015625 0.225 0.0015625 0.225 1.0 1.0 1.0 1.0 0.0015625
0 0.1796875 0.63125 0.0015625 0.63125 0.0015625 1.0 0.1796875 1.0 0.1796875 0.63125
0 0.1921875 0.4640625 0.0921875 0.4640625 0.0921875 0.7015625 0.1921875 0.7015625 0.1921875 0.4640625
0 0.0875 0.209375 0.0015625 0.209375 0.0015625 0.3625 0.0875 0.3625 0.0875 0.209375
0 0.1359375 0.0015625 0.0015625 0.0015625 0.0015625 0.146875 0.1359375 0.146875 0.1359375 0.0015625
0 0.315625 0.8828125 0.1921875 0.8828125 0.1921875 1.0 0.315625 1.0 0.315625 0.8828125
0 0.265625 0.7609375 0.134375 0.7609375 0.134375 0.9015625 0.265625 0.9015625 0.265625 0.7609375
0 0.2609375 0.2671875 0.178125 0.2671875 0.178125 0.45625 0.2609375 0.45625 0.2609375 0.2671875
0 0.2875 0.0015625 0.1421875 0.0015625 0.1421875 0.1625 0.2875 0.1625 0.2875 0.0015625
