0 0.15625 0.0015625 0.0015625 0.0015625 0.0015625 0.0921875 0.15625 0.0921875 0.15625 0.0015625
0 0.184375 0.80625 0.090625 0.80625 0.090625 0.90625 0.184375 0.90625 0.184375 0.80625
0 0.3609375 0.0171875 0.0125 0.0171875 0.0125 0.740625 0.3609375 0.740625 0.3609375 0.0171875
0 0.275 0.4953125 0.1921875 0.4953125 0.1921875 0.6265625 0.275 0.6265625 0.275 0.4953125
0 0.5421875 0.0015625 0.0015625 0.0015625 0.0015625 1.0 0.5421875 1.0 0.5421875 0.0015625
0 0.540625 0.2796875 0.4171875 0.2796875 0.4171875 0.525 0.540625 0.525 0.540625 0.2796875
0 0.2765625 0.309375 0.1328125 0.309375 0.1328125 0.440625 0.2765625 0.440625 0.2765625 0.309375
0 0.634375 0.0015625 0.565625 0.0015625 0.565625 0.0671875 0.634375 0.0671875 0.634375 0.0015625
0 0.2265625 0.6859375 0.0515625 0.6859375 0.0515625 1.0 0.2265625 1.0 0.2265625 0.6859375
0 0.3859375 0.6578125 0.234375 0.6578125 0.234375 0.9171875 0.3859375 0.9171875 0.3859375 0.6578125
0 0.065625 0.3859375 0.0015625 0.3859375 0.0015625 0.8640625 0.065625 0.8640625 0.065625 0.3859375
0 0.221875 0.5 0.065625 0.5 0.065625 0.68125 0.221875 0.68125 0.221875 0.5
0 0.540625 0.25 0.2515625 0.25 0.2515625 0.6984375 0.540625 0.6984375 0.540625 0.25
0 0.2765625 0.25 0.1296875 0.25 0.1296875 0.359375 0.2765625 0.359375 0.2765625 0.25
0 0.3953125 0.1984375 0.2984375 0.1984375 0.2984375 0.3078125 0.3953125 0.3078125 0.3953125 0.1984375
0 0.2171875 0.0015625 0.14375 0.0015625 0.14375 0.0546875 0.2171875 0.0546875 0.2171875 0.0015625
0 0.640625 0.0015625 0.515625 0.0015625 0.515625 0.25625 0.640625 0.25625 0.640625 0.0015625
0 0.515625 0.071875 0.4109375 0.071875 0.4109375 0.221875 0.515625 0.221875 0.515625 0.071875
0 0.4765625 0.0015625 0.4265625 0.0015625 0.4265625 0.0765625 0.4765625 0.0765625 0.4765625 0.0015625
