0 0.1296875 0.8921875 0.0953125 0.8921875 0.0953125 1.0 0.1296875 1.0 0.1296875 0.8921875
0 0.053125 0.0015625 0.0015625 0.0015625 0.0015625 0.0296875 0.053125 0.0296875 0.053125 0.0015625
0 0.9859375 0.7140625 0.790625 0.7140625 0.790625 1.0 0.9859375 1.0 0.9859375 0.7140625
0 0.7984375 0.575 0.71875 0.575 0.71875 0.7265625 0.7984375 0.7265625 0.7984375 0.575
0 0.0671875 0.51875 0.0015625 0.51875 0.0015625 0.796875 0.0671875 0.796875 0.0671875 0.51875
0 0.1671875 0.10625 0.0015625 0.10625 0.0015625 0.3125 0.1671875 0.3125 0.1671875 0.10625
0 0.0359375 0.0671875 0.0015625 0.0671875 0.0015625 0.1140625 0.0359375 0.1140625 0.0359375 0.0671875
0 0.8328125 0.86875 0.684375 0.86875 0.684375 1.0 0.8328125 1.0 0.8328125 0.86875
0 0.3390625 0.609375 0.21875 0.609375 0.21875 0.9171875 0.3390625 0.9171875 0.3390625 0.609375
0 0.196875 0.4875 0.0734375 0.4875 0.0734375 0.859375 0.196875 0.859375 0.196875 0.4875
0 0.5078125 0.5109375 0.3828125 0.5109375 0.3828125 0.7515625 0.5078125 0.7515625 0.5078125 0.5109375
0 0.6265625 0.5328125 0.4984375 0.5328125 0.4984375 0.71875 0.6265625 0.71875 0.6265625 0.5328125
0 0.6765625 0.0015625 0.4453125 0.0015625 0.4453125 0.4390625 0.6765625 0.4390625 0.6765625 0.0015625
0 1.0 0.0140625 0.9546875 0.0140625 0.9546875 0.284375 1.0 0.284375 1.0 0.0140625
0 0.2515625 0.0015625 0.246875 0.0015625 0.246875 0.0015625 0.2515625 0.0015625 0.2515625 0.0015625
0 0.20625 0.053125 0.14375 0.053125 0.14375 0.2015625 0.20625 0.2015625 0.20625 0.053125
0 0.9734375 0.5671875 0.7859375 0.5671875 0.7859375 0.778125 0.9734375 0.778125 0.9734375 0.5671875
0 0.4140625 0.0328125 0.2671875 0.0328125 0.2671875 0.190625 0.4140625 0.190625 0.4140625 0.0328125
0 0.925 0.1875 0.875 0.1875 0.875 0.54375 0.925 0.54375 0.925 0.1875
0 0.815625 0.678125 0.253125 0.678125 0.253125 1.0 0.815625 1.0 0.815625 0.678125
0 0.3265625 0.7609375 0.0859375 0.7609375 0.0859375 1.0 0.3265625 1.0 0.3265625 0.7609375
0 0.4125 0.2875 0.14375 0.2875 0.14375 0.80625 0.4125 0.80625 0.4125 0.2875
0 0.9859375 0.1328125 0.496875 0.1328125 0.496875 0.7515625 0.9859375 0.7515625 0.9859375 0.1328125
0 0.3671875 0.1046875 0.2484375 0.1046875 0.2484375 0.3328125 0.3671875 0.3328125 0.3671875 0.1046875
0 0.4078125 0.0015625 0.221875 0.0015625 0.221875 0.1203125 0.4078125 0.1203125 0.4078125 0.0015625
0 0.8078125 0.0015625 0.6953125 0.0015625 0.6953125 0.15 0.8078125 0.15 0.8078125 0.0015625
0 1.0 0.2609375 0.9171875 0.2609375 0.9171875 0.559375 1.0 0.559375 1.0 0.2609375
0 1.0 0.0015625 0.8109375 0.0015625 0.8109375 0.31875 1.0 0.31875 1.0 0.0015625
0 0.325 0.9453125 0.26875 0.9453125 0.26875 1.0 0.325 1.0 0.325 0.9453125
0 0.040625 0.79375 0.0015625 0.79375 0.0015625 0.925 0.040625 0.925 0.040625 0.79375
0 0.05 0.153125 0.0015625 0.153125 0.0015625 0.29375 0.05 0.29375 0.05 0.153125
0 0.28125 0.0015625 0.2078125 0.0015625 0.2078125 0.2484375 0.28125 0.2484375 0.28125 0.0015625
0 0.1234375 0.0015625 0.0484375 0.0015625 0.0484375 0.08125 0.1234375 0.08125 0.1234375 0.0015625
0 0.740625 0.9796875 0.690625 0.9796875 0.690625 1.0 0.740625 1.0 0.740625 0.9796875
0 0.5546875 0.846875 0.4671875 0.846875 0.4671875 1.0 0.5546875 1.0 0.5546875 0.846875
0 0.8 0.7765625 0.6765625 0.7765625 0.6765625 0.9203125 0.8 0.9203125 0.8 0.7765625
0 0.5078125 0.7171875 0.3328125 0.7171875 0.3328125 0.8671875 0.5078125 0.8671875 0.5078125 0.7171875
0 1.0 0.6015625 0.94375 0.6015625 0.94375 0.8578125 1.0 0.8578125 1.0 0.6015625
0 0.459375 0.5484375 0.3 0.5484375 0.3 0.8328125 0.459375 0.8328125 0.459375 0.5484375
0 0.8703125 0.6359375 0.74375 0.6359375 0.74375 0.7734375 0.8703125 0.7734375 0.8703125 0.6359375
0 0.6125 0.3765625 0.45 0.3765625 0.45 0.640625 0.6125 0.640625 0.6125 0.3765625
0 0.840625 0.43125 0.765625 0.43125 0.765625 0.5828125 0.840625 0.5828125 0.840625 0.43125
0 0.9625 0.190625 0.915625 0.190625 0.915625 0.3609375 0.9625 0.3609375 0.9625 0.190625
0 0.9546875 0.0015625 0.8375 0.0015625 0.8375 0.1484375 0.9546875 0.1484375 0.9546875 0.0015625
0 0.1296875 0.534375 0.0015625 0.534375 0.0015625 0.8953125 0.1296875 0.8953125 0.1296875 0.534375
0 0.746875 0.6078125 0.5625 0.6078125 0.5625 0.7734375 0.746875 0.7734375 0.746875 0.6078125
0 0.1640625 0.3765625 0.0921875 0.3765625 0.0921875 0.6359375 0.1640625 0.6359375 0.1640625 0.3765625
0 0.015625 0.6953125 0.0015625 0.6953125 0.0015625 0.759375 0.015625 0.759375 0.015625 0.6953125
0 0.025 0.1109375 0.0015625 0.1109375 0.0015625 0.1453125 0.025 0.1453125 0.025 0.1109375
0 0.8109375 0.0015625 0.0015625 0.0015625 0.0015625 0.8671875 0.8109375 0.8671875 0.8109375 0.0015625
0 0.103125 0.8859375 0.0015625 0.8859375 0.0015625 1.0 0.103125 1.0 0.103125 0.8859375
0 0.2328125 0.946875 0.1859375 0.946875 0.1859375 1.0 0.2328125 1.0 0.2328125 0.946875
0 0.1546875 0.740625 0.071875 0.740625 0.071875 1.0 0.1546875 1.0 0.1546875 0.740625
0 0.1640625 0.290625 0.0015625 0.290625 0.0015625 0.540625 0.1640625 0.540625 0.1640625 0.290625
0 0.484375 0.9265625 0.4078125 0.9265625 0.4078125 1.0 0.484375 1.0 0.484375 0.9265625
0 0.4640625 0.0015625 0.4109375 0.0015625 0.4109375 0.103125 0.4640625 0.103125 0.4640625 0.0015625
0 0.8734375 0.91875 0.8046875 0.91875 0.8046875 1.0 0.8734375 1.0 0.8734375 0.91875
0 1.0 0.8359375 0.9640625 0.8359375 0.9640625 1.0 1.0 1.0 1.0 0.8359375
0 1.0 0.396875 0.896875 0.396875 0.896875 0.63125 1.0 0.63125 1.0 0.396875
0 0.9203125 0.0015625 0.9046875 0.0015625 0.9046875 0.0046875 0.9203125 0.0046875 0.9203125 0.0015625
