0 0.2125 0.8875 0.015625 0.8875 0.015625 1.0 0.2125 1.0 0.2125 0.8875
0 0.2390625 0.46875 0.03125 0.46875 0.03125 0.9125 0.2390625 0.9125 0.2390625 0.46875
0 0.6546875 0.8078125 0.471875 0.8078125 0.471875 1.0 0.6546875 1.0 0.6546875 0.8078125
0 0.453125 0.61875 0.1453125 0.61875 0.1453125 1.0 0.453125 1.0 0.453125 0.61875
0 0.728125 0.590625 0.625 0.590625 0.625 0.7734375 0.728125 0.7734375 0.728125 0.590625
0 0.5796875 0.5265625 0.4453125 0.5265625 0.4453125 0.6390625 0.5796875 0.6390625 0.5796875 0.5265625
0 0.6890625 0.4171875 0.615625 0.4171875 0.615625 0.528125 0.6890625 0.528125 0.6890625 0.4171875
0 0.378125 0.0015625 0.253125 0.0015625 0.253125 0.384375 0.378125 0.384375 0.378125 0.0015625
0 0.1734375 0.0484375 0.10625 0.0484375 0.10625 0.3796875 0.1734375 0.3796875 0.1734375 0.0484375
0 0.584375 0.0640625 0.446875 0.0640625 0.446875 0.225 0.584375 0.225 0.584375 0.0640625
0 0.3046875 0.0015625 0.165625 0.0015625 0.165625 0.184375 0.3046875 0.184375 0.3046875 0.0015625
0 0.9703125 0.6953125 0.8421875 0.6953125 0.8421875 0.8421875 0.9703125 0.8421875 0.9703125 0.6953125
0 1.0 0.0859375 0.8859375 0.0859375 0.8859375 0.5953125 1.0 0.5953125 1.0 0.0859375
0 0.1671875 0.7828125 0.065625 0.7828125 0.065625 0.9921875 0.1671875 0.9921875 0.1671875 0.7828125
0 0.0765625 0.3734375 0.0109375 0.3734375 0.0109375 0.61875 0.0765625 0.61875 0.0765625 0.3734375
0 0.734375 0.8109375 0.6484375 0.8109375 0.6484375 1.0 0.734375 1.0 0.734375 0.8109375
0 0.7171875 0.6078125 0.4046875 0.6078125 0.4046875 0.79375 0.7171875 0.79375 0.7171875 0.6078125
0 0.7296875 0.203125 0.56875 0.203125 0.56875 0.5203125 0.7296875 0.5203125 0.7296875 0.203125
0 0.528125 0.359375 0.3921875 0.359375 0.3921875 0.5015625 0.528125 0.5015625 0.528125 0.359375
0 0.1328125 0.3171875 0.0390625 0.3171875 0.0390625 0.415625 0.1328125 0.415625 0.1328125 0.3171875
0 0.584375 0.178125 0.4671875 0.178125 0.4671875 0.4046875 0.584375 0.4046875 0.584375 0.178125
0 0.71875 0.134375 0.5890625 0.134375 0.5890625 0.2125 0.71875 0.2125 0.71875 0.134375
0 0.8875 0.0015625 0.4453125 0.0015625 0.4453125 0.25 0.8875 0.25 0.8875 0.0015625
0 0.9953125 0.8109375 0.8921875 0.8109375 0.8921875 1.0 0.9953125 1.0 0.9953125 0.8109375
0 0.9765625 0.565625 0.90625 0.565625 0.90625 0.8015625 0.9765625 0.8015625 0.9765625 0.565625
0 1.0 0.071875 0.8421875 0.071875 0.8421875 0.428125 1.0 0.428125 1.0 0.071875
0 0.8375 0.209375 0.7578125 0.209375 0.7578125 0.3671875 0.8375 0.3671875 0.8375 0.209375
0 0.0984375 0.6796875 0.0015625 0.6796875 0.0015625 0.9375 0.0984375 0.9375 0.0984375 0.6796875
0 0.05625 0.1890625 0.0015625 0.1890625 0.0015625 0.678125 0.05625 0.678125 0.05625 0.1890625
0 0.1390625 0.4015625 0.0484375 0.4015625 0.0484375 0.5328125 0.1390625 0.5328125 0.1390625 0.4015625
0 0.0484375 0.0015625 0.0015625 0.0015625 0.0015625 0.1515625 0.0484375 0.1515625 0.0484375 0.0015625
0 0.8453125 0.846875 0.659375 0.846875 0.659375 1.0 0.8453125 1.0 0.8453125 0.846875
0 0.3171875 0.8453125 0.178125 0.8453125 0.178125 1.0 0.3171875 1.0 0.3171875 0.8453125
0 0.5859375 0.784375 0.4765625 0.784375 0.4765625 0.9625 0.5859375 0.9625 0.5859375 0.784375
0 0.315625 0.7171875 0.178125 0.7171875 0.178125 0.775 0.315625 0.775 0.315625 0.7171875
0 0.6703125 0.6734375 0.4765625 0.6734375 0.4765625 0.7875 0.6703125 0.7875 0.6703125 0.6734375
0 0.78125 0.5328125 0.475 0.5328125 0.475 0.80625 0.78125 0.80625 0.78125 0.5328125
0 0.4015625 0.478125 0.25 0.478125 0.25 0.61875 0.4015625 0.61875 0.4015625 0.478125
0 0.4421875 0.0203125 0.253125 0.0203125 0.253125 0.446875 0.4421875 0.446875 0.4421875 0.0203125
0 0.7109375 0.2859375 0.615625 0.2859375 0.615625 0.3640625 0.7109375 0.3640625 0.7109375 0.2859375
0 0.2703125 0.115625 0.209375 0.115625 0.209375 0.2578125 0.2703125 0.2578125 0.2703125 0.115625
0 0.54375 0.0046875 0.4453125 0.0046875 0.4453125 0.134375 0.54375 0.134375 0.54375 0.0046875
0 0.59375 0.0015625 0.55 0.0015625 0.55 0.0203125 0.59375 0.0203125 0.59375 0.0015625
0 0.3203125 0.0015625 0.3140625 0.0015625 0.3140625 0.0015625 0.3203125 0.0015625 0.3203125 0.0015625
0 0.925 0.909375 0.8984375 0.909375 0.8984375 1.0 0.925 1.0 0.925 0.909375
0 1.0 0.990625 0.996875 0.990625 0.996875 1.0 1.0 1.0 1.0 0.990625
0 1.0 0.609375 0.98125 0.609375 0.98125 0.7453125 1.0 0.7453125 1.0 0.609375
0 0.8484375 0.6234375 0.76875 0.6234375 0.76875 0.7859375 0.8484375 0.7859375 0.8484375 0.6234375
0 0.9625 0.3296875 0.7953125 0.3296875 0.7953125 0.5796875 0.9625 0.5796875 0.9625 0.3296875
0 0.7796875 0.31875 0.70625 0.31875 0.70625 0.475 0.7796875 0.475 0.7796875 0.31875
0 0.9546875 0.153125 0.80625 0.153125 0.80625 0.35 0.9546875 0.35 0.9546875 0.153125
0 1.0 0.0015625 0.7921875 0.0015625 0.7921875 0.196875 1.0 0.196875 1.0 0.0015625
0 0.815625 0.9984375 0.8109375 0.9984375 0.8109375 1.0 0.815625 1.0 0.815625 0.9984375
0 0.0640625 0.9890625 0.0078125 0.9890625 0.0078125 1.0 0.0640625 1.0 0.0640625 0.9890625
0 0.7015625 0.771875 0.553125 0.771875 0.553125 0.9125 0.7015625 0.9125 0.7015625 0.771875
0 0.178125 0.2046875 0.0515625 0.2046875 0.0515625 0.6734375 0.178125 0.6734375 0.178125 0.2046875
0 0.553125 0.35625 0.4734375 0.35625 0.4734375 0.5328125 0.553125 0.5328125 0.553125 0.35625
0 0.2375 0.3140625 0.1734375 0.3140625 0.1734375 0.4796875 0.2375 0.4796875 0.2375 0.3140625
0 0.7140625 0.1796875 0.5578125 0.1796875 0.5578125 0.384375 0.7140625 0.384375 0.7140625 0.1796875
0 0.1453125 0.1875 0.04375 0.1875 0.04375 0.3609375 0.1453125 0.3609375 0.1453125 0.1875
0 0.3578125 0.0015625 0.1953125 0.0015625 0.1953125 0.2921875 0.3578125 0.2921875 0.3578125 0.0015625
0 0.1890625 0.0015625 0.034375 0.0015625 0.034375 0.1671875 0.1890625 0.1671875 0.1890625 0.0015625
0 0.0203125 0.0015625 0.0015625 0.0015625 0.0015625 0.0328125 0.0203125 0.0328125 0.0203125 0.0015625
0 1.0 0.3390625 0.9703125 0.3390625 0.9703125 0.5875 1.0 0.5875 1.0 0.3390625
0 1.0 0.0015625 0.0015625 0.0015625 0.0015625 1.0 1.0 1.0 1.0 0.0015625
0 0.228125 0.54375 0.1296875 0.54375 0.1296875 0.8265625 0.228125 0.8265625 0.228125 0.54375
0 0.2828125 0.0375 0.1484375 0.0375 0.1484375 0.471875 0.2828125 0.471875 0.2828125 0.0375
0 0.5453125 0.6875 0.4265625 0.6875 0.4265625 0.7859375 0.5453125 0.7859375 0.5453125 0.6875
0 0.40625 0.6203125 0.2484375 0.6203125 0.2484375 0.7578125 0.40625 0.7578125 0.40625 0.6203125
0 0.4765625 0.4796875 0.403125 0.4796875 0.403125 0.6171875 0.4765625 0.6171875 0.4765625 0.4796875
0 0.6703125 0.2984375 0.534375 0.2984375 0.534375 0.5203125 0.6703125 0.5203125 0.6703125 0.2984375
0 0.471875 0.0015625 0.3671875 0.0015625 0.3671875 0.159375 0.471875 0.159375 0.471875 0.0015625
0 1.0 0.05625 0.975 0.05625 0.975 0.0796875 1.0 0.0796875 1.0 0.05625
