0 0.6046875 0.434375 0.38125 0.434375 0.38125 0.640625 0.6046875 0.640625 0.6046875 0.434375
0 0.64375 0.309375 0.53125 0.309375 0.53125 0.390625 0.64375 0.390625 0.64375 0.309375
0 0.0796875 0.878125 0.0015625 0.878125 0.0015625 0.9984375 0.0796875 0.9984375 0.0796875 0.878125
0 0.4359375 0.6734375 0.321875 0.6734375 0.321875 0.8265625 0.4359375 0.8265625 0.4359375 0.6734375
0 0.2828125 0.5421875 0.0015625 0.5421875 0.0015625 0.9375 0.2828125 0.9375 0.2828125 0.5421875
0 0.74375 0.43125 0.5453125 0.43125 0.5453125 0.565625 0.74375 0.565625 0.74375 0.43125
0 0.2109375 0.34375 0.0515625 0.34375 0.0515625 0.575 0.2109375 0.575 0.2109375 0.34375
0 0.5125 0.3109375 0.2703125 0.3109375 0.2703125 0.5453125 0.5125 0.5453125 0.5125 0.3109375
0 0.1890625 0.284375 0.0015625 0.284375 0.0015625 0.43125 0.1890625 0.43125 0.1890625 0.284375
0 0.375 0.2765625 0.30625 0.2765625 0.30625 0.4296875 0.375 0.4296875 0.375 0.2765625
0 0.171875 0.9625 0.1171875 0.9625 0.1171875 1.0 0.171875 1.0 0.171875 0.9625
0 0.45 0.9890625 0.425 0.9890625 0.425 1.0 0.45 1.0 0.45 0.9890625
0 0.5078125 0.23125 0.3515625 0.23125 0.3515625 0.4046875 0.5078125 0.4046875 0.5078125 0.23125
0 0.6703125 0.3625 0.50625 0.3625 0.50625 0.4703125 0.6703125 0.4703125 0.6703125 0.3625
0 1.0 0.0015625 0.7171875 0.0015625 0.7171875 0.278125 1.0 0.278125 1.0 0.0015625
0 0.596875 0.0640625 0.46875 0.0640625 0.46875 0.1734375 0.596875 0.1734375 0.596875 0.0640625
0 0.153125 0.3828125 0.0015625 0.3828125 0.0015625 0.54375 0.153125 0.54375 0.153125 0.3828125
0 0.0625 0.28125 0.0015625 0.28125 0.0015625 0.3953125 0.0625 0.3953125 0.0625 0.28125
0 0.2796875 0.009375 0.1921875 0.009375 0.1921875 0.1 0.2796875 0.1 0.2796875 0.009375
0 0.878125 0.5390625 0.5796875 0.5390625 0.5796875 0.8484375 0.878125 0.8484375 0.878125 0.5390625
0 1.0 0.271875 0.9625 0.271875 0.9625 0.5703125 1.0 0.5703125 1.0 0.271875
0 0.1328125 0.9046875 0.0015625 0.9046875 0.0015625 1.0 0.1328125 1.0 0.1328125 0.9046875
0 0.11875 0.3875 0.0015625 0.3875 0.0015625 0.54375 0.11875 0.54375 0.11875 0.3875
0 1.0 0.321875 0.7078125 0.321875 0.7078125 0.828125 1.0 0.828125 1.0 0.321875
0 0.6359375 0.0015625 0.2734375 0.0015625 0.2734375 0.2921875 0.6359375 0.2921875 0.6359375 0.0015625
0 0.4046875 0.0015625 0.3546875 0.0015625 0.3546875 0.028125 0.4046875 0.028125 0.4046875 0.0015625
0 1.0 0.0765625 0.5109375 0.0765625 0.5109375 0.6125 1.0 0.6125 1.0 0.0765625
0 0.5828125 0.0015625 0.4734375 0.0015625 0.4734375 0.1265625 0.5828125 0.1265625 0.5828125 0.0015625
0 0.3046875 0.8046875 0.0015625 0.8046875 0.0015625 1.0 0.3046875 1.0 0.3046875 0.8046875
0 0.534375 0.196875 0.296875 0.196875 0.296875 0.31875 0.534375 0.31875 0.534375 0.196875
0 0.678125 0.2546875 0.46875 0.2546875 0.46875 0.5234375 0.678125 0.5234375 0.678125 0.2546875
0 0.38125 0.2875 0.0015625 0.2875 0.0015625 0.790625 0.38125 0.790625 0.38125 0.2875
0 0.0203125 0.603125 0.0015625 0.603125 0.0015625 0.628125 0.0203125 0.628125 0.0203125 0.603125
0 0.6609375 0.9578125 0.571875 0.9578125 0.571875 1.0 0.6609375 1.0 0.6609375 0.9578125
0 0.48125 0.7359375 0.2625 0.7359375 0.2625 1.0 0.48125 1.0 0.48125 0.7359375
0 0.60625 0.5109375 0.36875 0.5109375 0.36875 0.746875 0.60625 0.746875 0.60625 0.5109375
0 0.2328125 0.0359375 0.140625 0.0359375 0.140625 0.2875 0.2328125 0.2875 0.2328125 0.0359375
0 0.2640625 0.0015625 0.2140625 0.0015625 0.2140625 0.0171875 0.2640625 0.0171875 0.2640625 0.0015625
