0 0.1765625 0.71875 0.0640625 0.71875 0.0640625 1.0 0.1765625 1.0 0.1765625 0.71875
0 0.084375 0.68125 0.0015625 0.68125 0.0015625 0.9765625 0.084375 0.9765625 0.084375 0.68125
0 0.575 0.515625 0.378125 0.515625 0.378125 0.796875 0.575 0.796875 0.575 0.515625
0 0.0734375 0.30625 0.0015625 0.30625 0.0015625 0.6828125 0.0734375 0.6828125 0.0734375 0.30625
0 0.0421875 0.0015625 0.0015625 0.0015625 0.0015625 0.1140625 0.0421875 0.1140625 0.0421875 0.0015625
0 0.0375 0.103125 0.0015625 0.103125 0.0015625 0.29375 0.0375 0.29375 0.0375 0.103125
0 0.16875 0.3453125 0.0015625 0.3453125 0.0015625 1.0 0.16875 1.0 0.16875 0.3453125
0 0.8046875 0.159375 0.2640625 0.159375 0.2640625 0.965625 0.8046875 0.965625 0.8046875 0.159375
0 1.0 0.434375 0.90625 0.434375 0.90625 0.5609375 1.0 0.5609375 1.0 0.434375
0 1.0 0.0015625 0.9 0.0015625 0.9 0.15 1.0 0.15 1.0 0.0015625
0 0.60625 0.0015625 0.31875 0.0015625 0.31875 0.125 0.60625 0.125 0.60625 0.0015625
0 0.434375 0.615625 0.1078125 0.615625 0.1078125 1.0 0.434375 1.0 0.434375 0.615625
0 1.0 0.0015625 0.715625 0.0015625 0.715625 0.703125 1.0 0.703125 1.0 0.0015625
0 0.2921875 0.359375 0.1984375 0.359375 0.1984375 0.7546875 0.2921875 0.7546875 0.2921875 0.359375
0 0.0671875 0.2671875 0.0015625 0.2671875 0.0015625 0.4109375 0.0671875 0.4109375 0.0671875 0.2671875
0 0.3546875 0.1390625 0.065625 0.1390625 0.065625 0.3578125 0.3546875 0.3578125 0.3546875 0.1390625
