0 0.715625 0.6296875 0.55625 0.6296875 0.55625 0.796875 0.715625 0.796875 0.715625 0.6296875
0 0.5421875 0.6515625 0.3890625 0.6515625 0.3890625 0.759375 0.5421875 0.759375 0.5421875 0.6515625
0 0.2390625 0.7875 0.1140625 0.7875 0.1140625 1.0 0.2390625 1.0 0.2390625 0.7875
0 0.2609375 0.4140625 0.18125 0.4140625 0.18125 0.665625 0.2609375 0.665625 0.2609375 0.4140625
0 0.084375 0.171875 0.0015625 0.171875 0.0015625 0.321875 0.084375 0.321875 0.084375 0.171875
0 0.6453125 0.0015625 0.546875 0.0015625 0.546875 0.16875 0.6453125 0.16875 0.6453125 0.0015625
0 1.0 0.675 0.946875 0.675 0.946875 0.771875 1.0 0.771875 1.0 0.675
0 0.81875 0.14375 0.7640625 0.14375 0.7640625 0.371875 0.81875 0.371875 0.81875 0.14375
0 0.13125 0.596875 0.0015625 0.596875 0.0015625 0.7984375 0.13125 0.7984375 0.13125 0.596875
0 0.0890625 0.2890625 0.0015625 0.2890625 0.0015625 0.421875 0.0890625 0.421875 0.0890625 0.2890625
0 0.5234375 0.21875 0.43125 0.21875 0.43125 0.434375 0.5234375 0.434375 0.5234375 0.21875
0 0.2984375 0.2046875 0.1203125 0.2046875 0.1203125 0.3484375 0.2984375 0.3484375 0.2984375 0.2046875
0 0.1078125 0.0390625 0.0015625 0.0390625 0.0015625 0.2234375 0.1078125 0.2234375 0.1078125 0.0390625
0 0.58125 0.2 0.4921875 0.2 0.4921875 0.4078125 0.58125 0.4078125 0.58125 0.2
0 0.4171875 0.0015625 0.40625 0.0015625 0.40625 0.0046875 0.4171875 0.0046875 0.4171875 0.0015625
0 0.1578125 0.965625 0.0671875 0.965625 0.0671875 1.0 0.1578125 1.0 0.1578125 0.965625
0 0.5265625 0.8359375 0.309375 0.8359375 0.309375 0.965625 0.5265625 0.965625 0.5265625 0.8359375
0 0.753125 0.0015625 0.0015625 0.0015625 0.0015625 0.7875 0.753125 0.7875 0.753125 0.0015625
0 0.9859375 0.6578125 0.725 0.6578125 0.725 1.0 0.9859375 1.0 0.9859375 0.6578125
0 0.76875 0.128125 0.63125 0.128125 0.63125 0.253125 0.76875 0.253125 0.76875 0.128125
0 0.68125 0.0015625 0.5171875 0.0015625 0.5171875 0.3046875 0.68125 0.3046875 0.68125 0.0015625
0 0.396875 0.684375 0.1796875 0.684375 0.1796875 0.8625 0.396875 0.8625 0.396875 0.684375
0 0.08125 0.4515625 0.0015625 0.4515625 0.0015625 0.6828125 0.08125 0.6828125 0.08125 0.4515625
