0 1.0 0.190625 0.9546875 0.190625 0.9546875 0.3484375 1.0 0.3484375 1.0 0.190625
0 0.696875 0.5546875 0.565625 0.5546875 0.565625 0.709375 0.696875 0.709375 0.696875 0.5546875
0 0.8015625 0.3421875 0.6640625 0.3421875 0.6640625 0.471875 0.8015625 0.471875 0.8015625 0.3421875
0 1.0 0.15625 0.9875 0.15625 0.9875 0.1828125 1.0 0.1828125 1.0 0.15625
0 1.0 0.0015625 0.9 0.0015625 0.9 0.0953125 1.0 0.0953125 1.0 0.0015625
0 0.5546875 0.5234375 0.41875 0.5234375 0.41875 0.7453125 0.5546875 0.7453125 0.5546875 0.5234375
0 0.9390625 0.2453125 0.6984375 0.2453125 0.6984375 0.3890625 0.9390625 0.3890625 0.9390625 0.2453125
0 1.0 0.1703125 0.9640625 0.1703125 0.9640625 0.3796875 1.0 0.3796875 1.0 0.1703125
0 0.3 0.9671875 0.2828125 0.9671875 0.2828125 1.0 0.3 1.0 0.3 0.9671875
0 0.1875 0.921875 0.034375 0.921875 0.034375 1.0 0.1875 1.0 0.1875 0.921875
0 0.2671875 0.0015625 0.0015625 0.0015625 0.0015625 0.35625 0.2671875 0.35625 0.2671875 0.0015625
0 0.4859375 0.653125 0.3640625 0.653125 0.3640625 0.9171875 0.4859375 0.9171875 0.4859375 0.653125
0 0.621875 0.1421875 0.484375 0.1421875 0.484375 0.259375 0.621875 0.259375 0.621875 0.1421875
0 0.875 0.8484375 0.828125 0.8484375 0.828125 1.0 0.875 1.0 0.875 0.8484375
0 0.4578125 0.3109375 0.35 0.3109375 0.35 0.54375 0.4578125 0.54375 0.4578125 0.3109375
0 0.1328125 0.0015625 0.0015625 0.0015625 0.0015625 0.128125 0.1328125 0.128125 0.1328125 0.0015625
0 0.2546875 0.425 0.178125 0.425 0.178125 0.69375 0.2546875 0.69375 0.2546875 0.425
0 0.4109375 0.6890625 0.1484375 0.6890625 0.1484375 0.815625 0.4109375 0.815625 0.4109375 0.6890625
0 0.6890625 0.728125 0.625 0.728125 0.625 1.0 0.6890625 1.0 0.6890625 0.728125
0 0.4578125 0.9265625 0.3953125 0.9265625 0.3953125 1.0 0.4578125 1.0 0.4578125 0.9265625
0 0.365625 0.5265625 0.0015625 0.5265625 0.0015625 1.0 0.365625 1.0 0.365625 0.5265625
0 1.0 0.0015625 0.1875 0.0015625 0.1875 0.7234375 1.0 0.7234375 1.0 0.0015625
0 0.14375 0.3453125 0.0015625 0.3453125 0.0015625 0.51875 0.14375 0.51875 0.14375 0.3453125
0 0.5359375 0.9625 0.503125 0.9625 0.503125 1.0 0.5359375 1.0 0.5359375 0.9625
0 0.9796875 1.0 0.96875 1.0 0.96875 1.0 0.9796875 1.0 0.9796875 1.0
0 0.8578125 0.3890625 0.5796875 0.3890625 0.5796875 1.0 0.8578125 1.0 0.8578125 0.3890625
0 0.51875 0.7234375 0.3328125 0.7234375 0.3328125 0.9703125 0.51875 0.9703125 0.51875 0.7234375
0 0.9546875 0.81875 0.8765625 0.81875 0.8765625 1.0 0.9546875 1.0 0.9546875 0.81875
0 0.6640625 0.5828125 0.50625 0.5828125 0.50625 0.7671875 0.6640625 0.7671875 0.6640625 0.5828125
0 0.490625 0.2359375 0.4046875 0.2359375 0.4046875 0.371875 0.490625 0.371875 0.490625 0.2359375
0 0.928125 0.0015625 0.74375 0.0015625 0.74375 0.1015625 0.928125 0.1015625 0.928125 0.0015625
0 1.0 0.8 0.9515625 0.8 0.9515625 0.990625 1.0 0.990625 1.0 0.8
0 1.0 0.7015625 0.9078125 0.7015625 0.9078125 0.8125 1.0 0.8125 1.0 0.7015625
0 0.2234375 0.0015625 0.05 0.0015625 0.05 0.1875 0.2234375 0.1875 0.2234375 0.0015625
0 0.55 0.7875 0.45 0.7875 0.45 1.0 0.55 1.0 0.55 0.7875
0 0.984375 0.25 0.8828125 0.25 0.8828125 0.4125 0.984375 0.4125 0.984375 0.25
0 0.85625 0.571875 0.765625 0.571875 0.765625 0.7578125 0.85625 0.7578125 0.85625 0.571875
0 0.1625 0.284375 0.0015625 0.284375 0.0015625 0.5328125 0.1625 0.5328125 0.1625 0.284375
0 0.3515625 0.334375 0.2390625 0.334375 0.2390625 0.4671875 0.3515625 0.4671875 0.3515625 0.334375
0 0.26875 0.2109375 0.1484375 0.2109375 0.1484375 0.4171875 0.26875 0.4171875 0.26875 0.2109375
0 0.478125 0.0984375 0.3203125 0.0984375 0.3203125 0.2484375 0.478125 0.2484375 0.478125 0.0984375
0 0.4015625 0.0015625 0.2609375 0.0015625 0.2609375 0.115625 0.4015625 0.115625 0.4015625 0.0015625
