0 1.0 0.3984375 0.9875 0.3984375 0.9875 0.46875 1.0 0.46875 1.0 0.3984375
0 0.7984375 0.190625 0.5375 0.190625 0.5375 0.3796875 0.7984375 0.3796875 0.7984375 0.190625
0 0.0390625 0.95625 0.0015625 0.95625 0.0015625 1.0 0.0390625 1.0 0.0390625 0.95625
0 0.684375 0.7125 0.5921875 0.7125 0.5921875 0.8078125 0.684375 0.8078125 0.684375 0.7125
0 0.8296875 0.4703125 0.73125 0.4703125 0.73125 0.5703125 0.8296875 0.5703125 0.8296875 0.4703125
0 0.13125 0.9 0.0015625 0.9 0.0015625 1.0 0.13125 1.0 0.13125 0.9
0 0.0171875 0.6296875 0.0015625 0.6296875 0.0015625 0.675 0.0171875 0.675 0.0171875 0.6296875
0 0.078125 0.9375 0.0015625 0.9375 0.0015625 1.0 0.078125 1.0 0.078125 0.9375
0 0.721875 0.5125 0.578125 0.5125 0.578125 0.7234375 0.721875 0.7234375 0.721875 0.5125
0 0.003125 0.5390625 0.0015625 0.5390625 0.0015625 0.54375 0.003125 0.54375 0.003125 0.5390625
0 0.875 0.5703125 0.6875 0.5703125 0.6875 0.796875 0.875 0.796875 0.875 0.5703125
0 0.96875 0.0015625 0.80625 0.0015625 0.80625 0.128125 0.96875 0.128125 0.96875 0.0015625
0 0.796875 0.565625 0.6765625 0.565625 0.6765625 0.7640625 0.796875 0.7640625 0.796875 0.565625
0 0.9296875 0.1625 0.65 0.1625 0.65 0.4046875 0.9296875 0.4046875 0.9296875 0.1625
0 0.6421875 0.0015625 0.4375 0.0015625 0.4375 0.3421875 0.6421875 0.3421875 0.6421875 0.0015625
0 0.8484375 0.028125 0.5296875 0.028125 0.5296875 0.246875 0.8484375 0.246875 0.8484375 0.028125
0 0.24375 0.5453125 0.0015625 0.5453125 0.0015625 1.0 0.24375 1.0 0.24375 0.5453125
0 0.40625 0.0015625 0.3265625 0.0015625 0.3265625 0.1796875 0.40625 0.1796875 0.40625 0.0015625
0 0.81875 0.0015625 0.409375 0.0015625 0.409375 0.8578125 0.81875 0.8578125 0.81875 0.0015625
0 0.9484375 0.0015625 0.73125 0.0015625 0.73125 0.459375 0.9484375 0.459375 0.9484375 0.0015625
0 1.0 0.2234375 0.971875 0.2234375 0.971875 0.328125 1.0 0.328125 1.0 0.2234375
0 0.853125 0.3453125 0.725 0.3453125 0.725 0.4953125 0.853125 0.4953125 0.853125 0.3453125
0 0.5203125 0.0015625 0.471875 0.0015625 0.471875 0.0640625 0.5203125 0.0640625 0.5203125 0.0015625
