0 0.375 0.8421875 0.265625 0.8421875 0.265625 1.0 0.375 1.0 0.375 0.8421875
0 0.475 0.90625 0.3734375 0.90625 0.3734375 1.0 0.475 1.0 0.475 0.90625
0 0.61875 0.746875 0.5078125 0.746875 0.5078125 0.9953125 0.61875 0.9953125 0.61875 0.746875
0 0.284375 0.70625 0.1171875 0.70625 0.1171875 0.8375 0.284375 0.8375 0.284375 0.70625
0 0.93125 0.328125 0.721875 0.328125 0.721875 0.590625 0.93125 0.590625 0.93125 0.328125
0 1.0 0.2953125 0.915625 0.2953125 0.915625 0.465625 1.0 0.465625 1.0 0.2953125
0 1.0 0.0015625 0.8734375 0.0015625 0.8734375 0.328125 1.0 0.328125 1.0 0.0015625
0 0.9890625 0.5984375 0.9453125 0.5984375 0.9453125 0.828125 0.9890625 0.828125 0.9890625 0.5984375
0 0.7234375 0.0015625 0.6453125 0.0015625 0.6453125 0.0765625 0.7234375 0.0765625 0.7234375 0.0015625
0 0.3421875 0.715625 0.0015625 0.715625 0.0015625 1.0 0.3421875 1.0 0.3421875 0.715625
0 0.2015625 0.6921875 0.05 0.6921875 0.05 0.7921875 0.2015625 0.7921875 0.2015625 0.6921875
0 0.2078125 0.0015625 0.0234375 0.0015625 0.0234375 0.140625 0.2078125 0.140625 0.2078125 0.0015625
0 1.0 0.0015625 0.10625 0.0015625 0.10625 1.0 1.0 1.0 1.0 0.0015625
0 0.95 0.3078125 0.8296875 0.3078125 0.8296875 0.51875 0.95 0.51875 0.95 0.3078125
0 0.4546875 0.709375 0.3359375 0.709375 0.3359375 1.0 0.4546875 1.0 0.4546875 0.709375
