0 0.4890625 0.925 0.428125 0.925 0.428125 1.0 0.4890625 1.0 0.4890625 0.925
0 0.6078125 0.9375 0.509375 0.9375 0.509375 1.0 0.6078125 1.0 0.6078125 0.9375
0 0.7671875 0.8140625 0.653125 0.8140625 0.653125 1.0 0.7671875 1.0 0.7671875 0.8140625
0 0.0421875 0.8796875 0.0015625 0.8796875 0.0015625 1.0 0.0421875 1.0 0.0421875 0.8796875
0 1.0 0.86875 0.765625 0.86875 0.765625 1.0 1.0 1.0 1.0 0.86875
0 0.3984375 0.7921875 0.3 0.7921875 0.3 0.9171875 0.3984375 0.9171875 0.3984375 0.7921875
0 0.946875 0.7171875 0.7984375 0.7171875 0.7984375 0.84375 0.946875 0.84375 0.946875 0.7171875
0 0.8109375 0.640625 0.71875 0.640625 0.71875 0.8 0.8109375 0.8 0.8109375 0.640625
0 0.103125 0.6234375 0.0109375 0.6234375 0.0109375 0.80625 0.103125 0.80625 0.103125 0.6234375
0 0.8546875 0.4078125 0.7546875 0.4078125 0.7546875 0.6265625 0.8546875 0.6265625 0.8546875 0.4078125
0 0.0296875 0.4578125 0.0015625 0.4578125 0.0015625 0.5609375 0.0296875 0.5609375 0.0296875 0.4578125
0 0.1640625 0.246875 0.0640625 0.246875 0.0640625 0.4 0.1640625 0.4 0.1640625 0.246875
0 0.8578125 0.1125 0.746875 0.1125 0.746875 0.3671875 0.8578125 0.3671875 0.8578125 0.1125
0 0.6140625 0.0015625 0.49375 0.0015625 0.49375 0.1203125 0.6140625 0.1203125 0.6140625 0.0015625
0 0.4984375 0.0015625 0.0890625 0.0015625 0.0890625 0.10625 0.4984375 0.10625 0.4984375 0.0015625
0 0.0640625 0.0015625 0.0328125 0.0015625 0.0328125 0.015625 0.0640625 0.015625 0.0640625 0.0015625
0 0.73125 0.240625 0.6375 0.240625 0.6375 0.3421875 0.73125 0.3421875 0.73125 0.240625
0 0.703125 0.6734375 0.590625 0.6734375 0.590625 0.8015625 0.703125 0.8015625 0.703125 0.6734375
0 0.0609375 0.99375 0.028125 0.99375 0.028125 1.0 0.0609375 1.0 0.0609375 0.99375
0 0.3328125 0.975 0.2734375 0.975 0.2734375 1.0 0.3328125 1.0 0.3328125 0.975
0 0.053125 0.4375 0.0015625 0.4375 0.0015625 0.6296875 0.053125 0.6296875 0.053125 0.4375
0 0.375 0.2765625 0.3 0.2765625 0.3 0.46875 0.375 0.46875 0.375 0.2765625
0 0.078125 0.0078125 0.0015625 0.0078125 0.0015625 0.371875 0.078125 0.371875 0.078125 0.0078125
0 0.4046875 0.0015625 0.2625 0.0015625 0.2625 0.084375 0.4046875 0.084375 0.4046875 0.0015625
0 0.634375 0.903125 0.478125 0.903125 0.478125 1.0 0.634375 1.0 0.634375 0.903125
0 0.4890625 0.7453125 0.3671875 0.7453125 0.3671875 1.0 0.4890625 1.0 0.4890625 0.7453125
0 0.9046875 0.9296875 0.765625 0.9296875 0.765625 1.0 0.9046875 1.0 0.9046875 0.9296875
0 0.975 0.7984375 0.8453125 0.7984375 0.8453125 0.978125 0.975 0.978125 0.975 0.7984375
0 0.565625 0.384375 0.428125 0.384375 0.428125 0.4984375 0.565625 0.4984375 0.565625 0.384375
0 0.4 0.1046875 0.3328125 0.1046875 0.3328125 0.278125 0.4 0.278125 0.4 0.1046875
0 0.759375 0.1109375 0.625 0.1109375 0.625 0.2109375 0.759375 0.2109375 0.759375 0.1109375
0 0.1765625 0.9578125 0.14375 0.9578125 0.14375 1.0 0.1765625 1.0 0.1765625 0.9578125
0 0.6671875 0.871875 0.5765625 0.871875 0.5765625 1.0 0.6671875 1.0 0.6671875 0.871875
0 0.4046875 0.9078125 0.290625 0.9078125 0.290625 1.0 0.4046875 1.0 0.4046875 0.9078125
0 0.4234375 0.640625 0.353125 0.640625 0.353125 0.7640625 0.4234375 0.7640625 0.4234375 0.640625
0 0.034375 0.6140625 0.0015625 0.6140625 0.0015625 0.69375 0.034375 0.69375 0.034375 0.6140625
0 0.4671875 0.275 0.3609375 0.275 0.3609375 0.5171875 0.4671875 0.5171875 0.4671875 0.275
0 0.0921875 0.35 0.0015625 0.35 0.0015625 0.5296875 0.0921875 0.5296875 0.0921875 0.35
0 0.253125 0.35 0.1796875 0.35 0.1796875 0.459375 0.253125 0.459375 0.253125 0.35
0 0.184375 0.0296875 0.04375 0.0296875 0.04375 0.125 0.184375 0.125 0.184375 0.0296875
0 0.128125 0.0015625 0.0875 0.0015625 0.0875 0.028125 0.128125 0.028125 0.128125 0.0015625
0 0.25625 0.84375 0.1875 0.84375 0.1875 0.9859375 0.25625 0.9859375 0.25625 0.84375
0 0.853125 0.0015625 0.740625 0.0015625 0.740625 0.240625 0.853125 0.240625 0.853125 0.0015625
0 1.0 0.0015625 0.915625 0.0015625 0.915625 0.046875 1.0 0.046875 1.0 0.0015625
0 1.0 0.521875 0.9890625 0.521875 0.9890625 0.64375 1.0 0.64375 1.0 0.521875
0 1.0 0.3453125 0.9609375 0.3453125 0.9609375 0.453125 1.0 0.453125 1.0 0.3453125
0 0.728125 0.0015625 0.6796875 0.0015625 0.6796875 0.1375 0.728125 0.1375 0.728125 0.0015625
0 0.4796875 0.0015625 0.0015625 0.0015625 0.0015625 1.0 0.4796875 1.0 0.4796875 0.0015625
0 0.090625 0.0015625 0.0078125 0.0015625 0.0078125 0.034375 0.090625 0.034375 0.090625 0.0015625
0 0.9140625 0.0921875 0.384375 0.0921875 0.384375 0.9375 0.9140625 0.9375 0.9140625 0.0921875
0 0.603125 0.0015625 0.4609375 0.0015625 0.4609375 0.078125 0.603125 0.078125 0.603125 0.0015625
0 1.0 0.0015625 0.64375 0.0015625 0.64375 1.0 1.0 1.0 1.0 0.0015625
0 0.8265625 0.0015625 0.809375 0.0015625 0.809375 0.0546875 0.8265625 0.0546875 0.8265625 0.0015625
