0 0.75 0.0015625 0.7265625 0.0015625 0.7265625 0.0703125 0.75 0.0703125 0.75 0.0015625
0 0.7390625 0.628125 0.5546875 0.628125 0.5546875 0.8625 0.7390625 0.8625 0.7390625 0.628125
0 0.0546875 0.890625 0.0015625 0.890625 0.0015625 1.0 0.0546875 1.0 0.0546875 0.890625
0 0.8984375 0.2359375 0.75625 0.2359375 0.75625 0.565625 0.8984375 0.565625 0.8984375 0.2359375
0 0.6828125 0.2125 0.5578125 0.2125 0.5578125 0.3890625 0.6828125 0.3890625 0.6828125 0.2125
0 0.940625 0.3546875 0.8265625 0.3546875 0.8265625 0.60625 0.940625 0.60625 0.940625 0.3546875
0 0.425 0.790625 0.1703125 0.790625 0.1703125 0.984375 0.425 0.984375 0.425 0.790625
0 0.4609375 0.70625 0.325 0.70625 0.325 0.8203125 0.4609375 0.8203125 0.4609375 0.70625
0 0.915625 0.05625 0.7203125 0.05625 0.7203125 0.43125 0.915625 0.43125 0.915625 0.05625
0 0.678125 0.0140625 0.559375 0.0140625 0.559375 0.1984375 0.678125 0.1984375 0.678125 0.0140625
0 0.6171875 0.0203125 0.496875 0.0203125 0.496875 0.1828125 0.6171875 0.1828125 0.6171875 0.0203125
0 0.4765625 0.0015625 0.465625 0.0015625 0.465625 0.0046875 0.4765625 0.0046875 0.4765625 0.0015625
0 0.0921875 0.91875 0.0359375 0.91875 0.0359375 1.0 0.0921875 1.0 0.0921875 0.91875
0 0.2640625 0.0015625 0.2578125 0.0015625 0.2578125 0.0171875 0.2640625 0.0171875 0.2640625 0.0015625
0 0.6390625 0.0015625 0.4171875 0.0015625 0.4171875 0.2375 0.6390625 0.2375 0.6390625 0.0015625
0 0.8828125 0.0015625 0.7421875 0.0015625 0.7421875 0.096875 0.8828125 0.096875 0.8828125 0.0015625
0 1.0 0.0015625 0.9671875 0.0015625 0.9671875 0.0359375 1.0 0.0359375 1.0 0.0015625
0 1.0 0.0015625 0.9109375 0.0015625 0.9109375 0.1203125 1.0 0.1203125 1.0 0.0015625
0 0.96875 0.684375 0.821875 0.684375 0.821875 0.8390625 0.96875 0.8390625 0.96875 0.684375
0 0.9609375 0.3640625 0.859375 0.3640625 0.859375 0.5296875 0.9609375 0.5296875 0.9609375 0.3640625
0 0.896875 0.0578125 0.7375 0.0578125 0.7375 0.3640625 0.896875 0.3640625 0.896875 0.0578125
0 0.3296875 0.0015625 0.225 0.0015625 0.225 0.184375 0.3296875 0.184375 0.3296875 0.0015625
0 0.9078125 0.9640625 0.8125 0.9640625 0.8125 1.0 0.9078125 1.0 0.9078125 0.9640625
0 0.9921875 0.528125 0.8734375 0.528125 0.8734375 0.753125 0.9921875 0.753125 0.9921875 0.528125
0 1.0 0.9765625 0.99375 0.9765625 0.99375 0.9859375 1.0 0.9859375 1.0 0.9765625
0 0.0453125 0.946875 0.0015625 0.946875 0.0015625 1.0 0.0453125 1.0 0.0453125 0.946875
0 0.1828125 0.853125 0.05625 0.853125 0.05625 1.0 0.1828125 1.0 0.1828125 0.853125
0 0.2265625 0.8 0.103125 0.8 0.103125 0.921875 0.2265625 0.921875 0.2265625 0.8
0 0.0953125 0.7140625 0.0015625 0.7140625 0.0015625 0.846875 0.0953125 0.846875 0.0953125 0.7140625
0 0.4 0.3234375 0.0015625 0.3234375 0.0015625 0.8671875 0.4 0.8671875 0.4 0.3234375
0 0.646875 0.0015625 0.5484375 0.0015625 0.5484375 0.0296875 0.646875 0.0296875 0.646875 0.0015625
0 0.521875 0.0984375 0.415625 0.0984375 0.415625 0.3140625 0.521875 0.3140625 0.521875 0.0984375
0 0.034375 0.0375 0.0015625 0.0375 0.0015625 0.1078125 0.034375 0.1078125 0.034375 0.0375
0 0.3484375 0.0015625 0.0015625 0.0015625 0.0015625 0.3828125 0.3484375 0.3828125 0.3484375 0.0015625
0 1.0 0.5421875 0.4828125 0.5421875 0.4828125 1.0 1.0 1.0 1.0 0.5421875
0 0.5453125 0.896875 0.465625 0.896875 0.465625 1.0 0.5453125 1.0 0.5453125 0.896875
0 0.4703125 0.0015625 0.415625 0.0015625 0.415625 0.0421875 0.4703125 0.0421875 0.4703125 0.0015625
