0 0.1015625 0.25625 0.0015625 0.25625 0.0015625 0.3140625 0.1015625 0.3140625 0.1015625 0.25625
0 0.128125 0.990625 0.0203125 0.990625 0.0203125 1.0 0.128125 1.0 0.128125 0.990625
0 0.490625 0.840625 0.3 0.840625 0.3 0.9984375 0.490625 0.9984375 0.490625 0.840625
0 0.44375 0.7390625 0.2421875 0.7390625 0.2421875 0.9046875 0.44375 0.9046875 0.44375 0.7390625
0 0.2015625 0.2859375 0.01875 0.2859375 0.01875 0.4796875 0.2015625 0.4796875 0.2015625 0.2859375
0 0.3359375 0.678125 0.1703125 0.678125 0.1703125 0.88125 0.3359375 0.88125 0.3359375 0.678125
0 0.1296875 0.3421875 0.0015625 0.3421875 0.0015625 0.6203125 0.1296875 0.6203125 0.1296875 0.3421875
0 0.5109375 0.9234375 0.390625 0.9234375 0.390625 1.0 0.5109375 1.0 0.5109375 0.9234375
0 0.0703125 0.7484375 0.0015625 0.7484375 0.0015625 0.88125 0.0703125 0.88125 0.0703125 0.7484375
0 0.3359375 0.609375 0.0015625 0.609375 0.0015625 0.7703125 0.3359375 0.7703125 0.3359375 0.609375
0 0.08125 0.4140625 0.0015625 0.4140625 0.0015625 0.5703125 0.08125 0.5703125 0.08125 0.4140625
0 0.1890625 0.3390625 0.1078125 0.3390625 0.1078125 0.515625 0.1890625 0.515625 0.1890625 0.3390625
0 0.190625 0.184375 0.13125 0.184375 0.13125 0.309375 0.190625 0.309375 0.190625 0.184375
0 0.371875 0.046875 0.2015625 0.046875 0.2015625 0.1890625 0.371875 0.1890625 0.371875 0.046875
0 0.7921875 0.0015625 0.0015625 0.0015625 0.0015625 1.0 0.7921875 1.0 0.7921875 0.0015625
0 0.0625 0.26875 0.0015625 0.26875 0.0015625 0.434375 0.0625 0.434375 0.0625 0.26875
0 1.0 0.7953125 0.8984375 0.7953125 0.8984375 1.0 1.0 1.0 1.0 0.7953125
0 1.0 0.0015625 0.8265625 0.0015625 0.8265625 0.359375 1.0 0.359375 1.0 0.0015625
0 0.9421875 0.2234375 0.8109375 0.2234375 0.8109375 0.3515625 0.9421875 0.3515625 0.9421875 0.2234375
