0 0.034375 0.10625 0.0015625 0.10625 0.0015625 0.1515625 0.034375 0.1515625 0.034375 0.10625
0 0.628125 0.878125 0.4515625 0.878125 0.4515625 1.0 0.628125 1.0 0.628125 0.878125
0 1.0 0.4 0.8765625 0.4 0.8765625 0.55625 1.0 0.55625 1.0 0.4
0 0.259375 0.0171875 0.084375 0.0171875 0.084375 0.165625 0.259375 0.165625 0.259375 0.0171875
0 0.121875 0.0015625 0.0015625 0.0015625 0.0015625 0.1265625 0.121875 0.1265625 0.121875 0.0015625
0 0.2578125 0.0015625 0.159375 0.0015625 0.159375 0.0453125 0.2578125 0.0453125 0.2578125 0.0015625
0 0.3265625 0.0015625 0.271875 0.0015625 0.271875 0.0625 0.3265625 0.0625 0.3265625 0.0015625
0 0.45625 0.7765625 0.3515625 0.7765625 0.3515625 0.884375 0.45625 0.884375 0.45625 0.7765625
0 0.9859375 0.6625 0.7609375 0.6625 0.7609375 0.7828125 0.9859375 0.7828125 0.9859375 0.6625
0 0.921875 0.0015625 0.809375 0.0015625 0.809375 0.071875 0.921875 0.071875 0.921875 0.0015625
0 0.009375 0.8125 0.0015625 0.8125 0.0015625 0.834375 0.009375 0.834375 0.009375 0.8125
0 0.390625 0.934375 0.346875 0.934375 0.346875 1.0 0.390625 1.0 0.390625 0.934375
0 0.68125 0.99375 0.6359375 0.99375 0.6359375 1.0 0.68125 1.0 0.68125 0.99375
0 0.5671875 0.6796875 0.4734375 0.6796875 0.4734375 0.89375 0.5671875 0.89375 0.5671875 0.6796875
0 0.3640625 0.6328125 0.0671875 0.6328125 0.0671875 0.771875 0.3640625 0.771875 0.3640625 0.6328125
0 0.671875 0.340625 0.5140625 0.340625 0.5140625 0.4828125 0.671875 0.4828125 0.671875 0.340625
0 0.29375 0.0015625 0.2265625 0.0015625 0.2265625 0.0875 0.29375 0.0875 0.29375 0.0015625
0 1.0 0.49375 0.9875 0.49375 0.9875 0.6078125 1.0 0.6078125 1.0 0.49375
0 0.009375 0.0359375 0.0015625 0.0359375 0.0015625 0.0484375 0.009375 0.0484375 0.009375 0.0359375
0 0.296875 0.7859375 0.234375 0.7859375 0.234375 1.0 0.296875 1.0 0.296875 0.7859375
0 0.740625 0.49375 0.4921875 0.49375 0.4921875 0.8484375 0.740625 0.8484375 0.740625 0.49375
0 0.0375 0.35625 0.0015625 0.35625 0.0015625 0.5078125 0.0375 0.5078125 0.0375 0.35625
0 0.7296875 0.284375 0.6296875 0.284375 0.6296875 0.4390625 0.7296875 0.4390625 0.7296875 0.284375
0 0.3515625 0.721875 0.0015625 0.721875 0.0015625 1.0 0.3515625 1.0 0.3515625 0.721875
0 0.7046875 0.85 0.496875 0.85 0.496875 1.0 0.7046875 1.0 0.7046875 0.85
0 0.903125 0.75 0.7 0.75 0.7 1.0 0.903125 1.0 0.903125 0.75
0 0.571875 0.5859375 0.3375 0.5859375 0.3375 0.86875 0.571875 0.86875 0.571875 0.5859375
0 0.3625 0.371875 0.2125 0.371875 0.2125 0.7203125 0.3625 0.7203125 0.3625 0.371875
0 0.7203125 0.4265625 0.5265625 0.4265625 0.5265625 0.628125 0.7203125 0.628125 0.7203125 0.4265625
0 0.24375 0.0640625 0.1484375 0.0640625 0.1484375 0.2046875 0.24375 0.2046875 0.24375 0.0640625
0 0.203125 0.0015625 0.0015625 0.0015625 0.0015625 0.16875 0.203125 0.16875 0.203125 0.0015625
0 0.0953125 0.0015625 0.025 0.0015625 0.025 0.04375 0.0953125 0.04375 0.0953125 0.0015625
0 0.7421875 0.0015625 0.665625 0.0015625 0.665625 0.04375 0.7421875 0.04375 0.7421875 0.0015625
0 0.978125 0.5015625 0.7703125 0.5015625 0.7703125 0.690625 0.978125 0.690625 0.978125 0.5015625
0 0.9953125 0.7625 0.78125 0.7625 0.78125 0.915625 0.9953125 0.915625 0.9953125 0.7625
0 0.3609375 0.7015625 0.2640625 0.7015625 0.2640625 0.915625 0.3609375 0.915625 0.3609375 0.7015625
0 0.5359375 0.45 0.4375 0.45 0.4375 0.571875 0.5359375 0.571875 0.5359375 0.45
0 0.034375 0.6703125 0.0015625 0.6703125 0.0015625 0.7640625 0.034375 0.7640625 0.034375 0.6703125
0 1.0 0.9125 0.8875 0.9125 0.8875 1.0 1.0 1.0 1.0 0.9125
0 0.503125 0.884375 0.3609375 0.884375 0.3609375 1.0 0.503125 1.0 0.503125 0.884375
0 0.753125 0.7421875 0.5734375 0.7421875 0.5734375 0.9859375 0.753125 0.9859375 0.753125 0.7421875
0 0.2765625 0.746875 0.1609375 0.746875 0.1609375 0.9453125 0.2765625 0.9453125 0.2765625 0.746875
0 0.0671875 0.578125 0.0015625 0.578125 0.0015625 0.725 0.0671875 0.725 0.0671875 0.578125
0 0.7328125 0.0546875 0.3328125 0.0546875 0.3328125 0.634375 0.7328125 0.634375 0.7328125 0.0546875
0 0.284375 0.3421875 0.1921875 0.3421875 0.1921875 0.6234375 0.284375 0.6234375 0.284375 0.3421875
0 0.8765625 0.359375 0.78125 0.359375 0.78125 0.490625 0.8765625 0.490625 0.8765625 0.359375
0 0.2625 0.09375 0.0015625 0.09375 0.0015625 0.2921875 0.2625 0.2921875 0.2625 0.09375
0 0.853125 0.0015625 0.75625 0.0015625 0.75625 0.0640625 0.853125 0.0640625 0.853125 0.0015625
0 1.0 0.7296875 0.9203125 0.7296875 0.9203125 0.871875 1.0 0.871875 1.0 0.7296875
0 1.0 0.24375 0.9 0.24375 0.9 0.3984375 1.0 0.3984375 1.0 0.24375
0 0.6328125 0.56875 0.48125 0.56875 0.48125 0.7140625 0.6328125 0.7140625 0.6328125 0.56875
0 0.478125 0.1671875 0.3625 0.1671875 0.3625 0.4296875 0.478125 0.4296875 0.478125 0.1671875
0 0.2640625 0.865625 0.159375 0.865625 0.159375 1.0 0.2640625 1.0 0.2640625 0.865625
0 0.028125 0.5078125 0.0015625 0.5078125 0.0015625 0.61875 0.028125 0.61875 0.028125 0.5078125
0 0.0328125 0.6578125 0.0015625 0.6578125 0.0015625 0.7171875 0.0328125 0.7171875 0.0328125 0.6578125
0 0.271875 0.1875 0.0015625 0.1875 0.0015625 0.7296875 0.271875 0.7296875 0.271875 0.1875
0 0.4078125 0.4671875 0.3109375 0.4671875 0.3109375 0.6609375 0.4078125 0.6609375 0.4078125 0.4671875
0 0.0640625 0.0015625 0.0015625 0.0015625 0.0015625 0.0515625 0.0640625 0.0515625 0.0640625 0.0015625
0 0.9359375 0.7109375 0.7453125 0.7109375 0.7453125 0.8625 0.9359375 0.8625 0.9359375 0.7109375
0 0.5625 0.5 0.3921875 0.5 0.3921875 0.6734375 0.5625 0.6734375 0.5625 0.5
0 0.7640625 0.4296875 0.69375 0.4296875 0.69375 0.7171875 0.7640625 0.7171875 0.7640625 0.4296875
0 1.0 0.0203125 0.38125 0.0203125 0.38125 0.590625 1.0 0.590625 1.0 0.0203125
0 0.753125 0.0015625 0.3828125 0.0015625 0.3828125 0.178125 0.753125 0.178125 0.753125 0.0015625
0 1.0 0.8171875 0.8578125 0.8171875 0.8578125 1.0 1.0 1.0 1.0 0.8171875
0 1.0 0.4921875 0.7921875 0.4921875 0.7921875 0.7515625 1.0 0.7515625 1.0 0.4921875
0 0.9625 0.0015625 0.89375 0.0015625 0.89375 0.0125 0.9625 0.0125 0.9625 0.0015625
