0 0.3921875 0.953125 0.346875 0.953125 0.346875 1.0 0.3921875 1.0 0.3921875 0.953125
0 1.0 0.8515625 0.9390625 0.8515625 0.9390625 0.90625 1.0 0.90625 1.0 0.8515625
0 0.7125 0.634375 0.4625 0.634375 0.4625 0.7734375 0.7125 0.7734375 0.7125 0.634375
0 0.6609375 0.8203125 0.4703125 0.8203125 0.4703125 0.925 0.6609375 0.925 0.6609375 0.8203125
0 0.6640625 0.7546875 0.4890625 0.7546875 0.4890625 0.853125 0.6640625 0.853125 0.6640625 0.7546875
0 1.0 0.80625 0.971875 0.80625 0.971875 0.83125 1.0 0.83125 1.0 0.80625
0 1.0 0.9140625 0.9203125 0.9140625 0.9203125 1.0 1.0 1.0 1.0 0.9140625
0 0.846875 0.7890625 0.3765625 0.7890625 0.3765625 1.0 0.846875 1.0 0.846875 0.7890625
0 0.8609375 0.6421875 0.69375 0.6421875 0.69375 0.821875 0.8609375 0.821875 0.8609375 0.6421875
0 1.0 0.5671875 0.9375 0.5671875 0.9375 0.678125 1.0 0.678125 1.0 0.5671875
0 1.0 0.290625 0.9046875 0.290625 0.9046875 0.5875 1.0 0.5875 1.0 0.290625
0 0.9234375 0.5765625 0.190625 0.5765625 0.190625 0.9546875 0.9234375 0.9546875 0.9234375 0.5765625
0 0.8828125 0.915625 0.7484375 0.915625 0.7484375 1.0 0.8828125 1.0 0.8828125 0.915625
0 1.0 0.7109375 0.875 0.7109375 0.875 0.9765625 1.0 0.9765625 1.0 0.7109375
