0 0.8078125 0.0015625 0.675 0.0015625 0.675 0.2421875 0.8078125 0.2421875 0.8078125 0.0015625
0 0.0015625 0.153125 0.0015625 0.153125 0.0015625 0.15625 0.0015625 0.15625 0.0015625 0.153125
0 0.496875 0.0015625 0.353125 0.0015625 0.353125 0.1703125 0.496875 0.1703125 0.496875 0.0015625
0 0.353125 0.0015625 0.240625 0.0015625 0.240625 0.09375 0.353125 0.09375 0.353125 0.0015625
0 0.5390625 0.89375 0.3453125 0.89375 0.3453125 1.0 0.5390625 1.0 0.5390625 0.89375
0 0.9453125 0.8375 0.859375 0.8375 0.859375 1.0 0.9453125 1.0 0.9453125 0.8375
0 1.0 0.3078125 0.8609375 0.3078125 0.8609375 0.534375 1.0 0.534375 1.0 0.3078125
0 0.6640625 0.846875 0.5640625 0.846875 0.5640625 0.990625 0.6640625 0.990625 0.6640625 0.846875
0 0.7453125 0.6625 0.371875 0.6625 0.371875 0.9125 0.7453125 0.9125 0.7453125 0.6625
0 0.8359375 0.053125 0.3921875 0.053125 0.3921875 0.39375 0.8359375 0.39375 0.8359375 0.053125
0 1.0 0.5953125 0.95625 0.5953125 0.95625 0.709375 1.0 0.709375 1.0 0.5953125
0 0.8765625 0.31875 0.753125 0.31875 0.753125 0.4625 0.8765625 0.4625 0.8765625 0.31875
0 0.0296875 0.0984375 0.0015625 0.0984375 0.0015625 0.1546875 0.0296875 0.1546875 0.0296875 0.0984375
0 0.7734375 0.9296875 0.7 0.9296875 0.7 1.0 0.7734375 1.0 0.7734375 0.9296875
0 0.4828125 0.8421875 0.296875 0.8421875 0.296875 1.0 0.4828125 1.0 0.4828125 0.8421875
0 0.5953125 0.8984375 0.4828125 0.8984375 0.4828125 1.0 0.5953125 1.0 0.5953125 0.8984375
0 0.6890625 0.915625 0.628125 0.915625 0.628125 1.0 0.6890625 1.0 0.6890625 0.915625
0 0.8953125 0.825 0.7953125 0.825 0.7953125 1.0 0.8953125 1.0 0.8953125 0.825
0 0.9765625 0.371875 0.6421875 0.371875 0.6421875 0.6734375 0.9765625 0.6734375 0.9765625 0.371875
0 0.68125 0.0015625 0.5140625 0.0015625 0.5140625 0.125 0.68125 0.125 0.68125 0.0015625
0 0.8296875 0.0015625 0.6953125 0.0015625 0.6953125 0.053125 0.8296875 0.053125 0.8296875 0.0015625
0 0.5203125 0.065625 0.4234375 0.065625 0.4234375 0.253125 0.5203125 0.253125 0.5203125 0.065625
0 0.15 0.66875 0.03125 0.66875 0.03125 0.884375 0.15 0.884375 0.15 0.66875
0 0.2328125 0.0015625 0.015625 0.0015625 0.015625 0.240625 0.2328125 0.240625 0.2328125 0.0015625
0 0.6734375 0.9453125 0.490625 0.9453125 0.490625 1.0 0.6734375 1.0 0.6734375 0.9453125
0 0.3375 0.921875 0.209375 0.921875 0.209375 1.0 0.3375 1.0 0.3375 0.921875
0 0.840625 0.9640625 0.771875 0.9640625 0.771875 1.0 0.840625 1.0 0.840625 0.9640625
0 0.996875 0.8671875 0.915625 0.8671875 0.915625 1.0 0.996875 1.0 0.996875 0.8671875
0 0.8921875 0.6859375 0.4390625 0.6859375 0.4390625 0.959375 0.8921875 0.959375 0.8921875 0.6859375
0 0.784375 0.5109375 0.496875 0.5109375 0.496875 0.75625 0.784375 0.75625 0.784375 0.5109375
0 0.93125 0.4140625 0.8515625 0.4140625 0.8515625 0.596875 0.93125 0.596875 0.93125 0.4140625
0 1.0 0.1859375 0.7828125 0.1859375 0.7828125 0.2734375 1.0 0.2734375 1.0 0.1859375
0 0.1578125 0.0015625 0.0015625 0.0015625 0.0015625 0.259375 0.1578125 0.259375 0.1578125 0.0015625
0 0.3515625 0.0015625 0.2015625 0.0015625 0.2015625 0.1703125 0.3515625 0.1703125 0.3515625 0.0015625
0 1.0 0.6609375 0.9265625 0.6609375 0.9265625 1.0 1.0 1.0 1.0 0.6609375
0 1.0 0.4203125 0.7265625 0.4203125 0.7265625 0.86875 1.0 0.86875 1.0 0.4203125
0 0.975 0.275 0.8078125 0.275 0.8078125 0.384375 0.975 0.384375 0.975 0.275
0 0.8265625 0.0015625 0.5484375 0.0015625 0.5484375 0.36875 0.8265625 0.36875 0.8265625 0.0015625
0 1.0 0.1984375 0.8296875 0.1984375 0.8296875 0.34375 1.0 0.34375 1.0 0.1984375
0 0.58125 0.1 0.440625 0.1 0.440625 0.2953125 0.58125 0.2953125 0.58125 0.1
0 0.4609375 0.0015625 0.33125 0.0015625 0.33125 0.246875 0.4609375 0.246875 0.4609375 0.0015625
0 0.540625 0.0015625 0.4359375 0.0015625 0.4359375 0.090625 0.540625 0.090625 0.540625 0.0015625
0 0.3625 0.0015625 0.2625 0.0015625 0.2625 0.08125 0.3625 0.08125 0.3625 0.0015625
0 0.8234375 0.0015625 0.7703125 0.0015625 0.7703125 0.01875 0.8234375 0.01875 0.8234375 0.0015625
0 0.2078125 0.7421875 0.0015625 0.7421875 0.0015625 1.0 0.2078125 1.0 0.2078125 0.7421875
0 0.4359375 0.0015625 0.1953125 0.0015625 0.1953125 0.259375 0.4359375 0.259375 0.4359375 0.0015625
