0 0.18125 0.0015625 0.1546875 0.0015625 0.1546875 0.0125 0.18125 0.0125 0.18125 0.0015625
0 0.58125 0.9546875 0.5375 0.9546875 0.5375 1.0 0.58125 1.0 0.58125 0.9546875
0 1.0 0.70625 0.921875 0.70625 0.921875 0.8453125 1.0 0.8453125 1.0 0.70625
0 0.69375 0.38125 0.534375 0.38125 0.534375 0.5703125 0.69375 0.5703125 0.69375 0.38125
0 0.9828125 0.1796875 0.85625 0.1796875 0.85625 0.36875 0.9828125 0.36875 0.9828125 0.1796875
0 0.3359375 0.7203125 0.25625 0.7203125 0.25625 0.8484375 0.3359375 0.8484375 0.3359375 0.7203125
0 0.4 0.49375 0.259375 0.49375 0.259375 0.8234375 0.4 0.8234375 0.4 0.49375
0 0.034375 0.628125 0.0015625 0.628125 0.0015625 0.68125 0.034375 0.68125 0.034375 0.628125
0 0.2203125 0.4640625 0.128125 0.4640625 0.128125 0.6 0.2203125 0.6 0.2203125 0.4640625
0 0.2875 0.28125 0.1921875 0.28125 0.1921875 0.4640625 0.2875 0.4640625 0.2875 0.28125
0 0.34375 0.6453125 0.1828125 0.6453125 0.1828125 0.790625 0.34375 0.790625 0.34375 0.6453125
0 0.678125 0.9828125 0.659375 0.9828125 0.659375 1.0 0.678125 1.0 0.678125 0.9828125
0 0.3015625 0.740625 0.221875 0.740625 0.221875 0.9375 0.3015625 0.9375 0.3015625 0.740625
0 0.93125 0.2625 0.4609375 0.2625 0.4609375 0.896875 0.93125 0.896875 0.93125 0.2625
0 0.3078125 0.303125 0.1421875 0.303125 0.1421875 0.64375 0.3078125 0.64375 0.3078125 0.303125
0 0.4390625 0.175 0.3140625 0.175 0.3140625 0.38125 0.4390625 0.38125 0.4390625 0.175
0 0.65 0.0734375 0.4515625 0.0734375 0.4515625 0.30625 0.65 0.30625 0.65 0.0734375
0 0.715625 0.0015625 0.596875 0.0015625 0.596875 0.090625 0.715625 0.090625 0.715625 0.0015625
0 0.821875 0.8421875 0.653125 0.8421875 0.653125 1.0 0.821875 1.0 0.821875 0.8421875
0 1.0 0.54375 0.921875 0.54375 0.921875 0.671875 1.0 0.671875 1.0 0.54375
0 0.896875 0.190625 0.7296875 0.190625 0.7296875 0.4859375 0.896875 0.4859375 0.896875 0.190625
0 1.0 0.0015625 0.8234375 0.0015625 0.8234375 0.4421875 1.0 0.4421875 1.0 0.0015625
0 0.034375 0.596875 0.0015625 0.596875 0.0015625 0.6609375 0.034375 0.6609375 0.034375 0.596875
0 0.4765625 0.60625 0.3515625 0.60625 0.3515625 0.775 0.4765625 0.775 0.4765625 0.60625
0 0.4640625 0.4515625 0.375 0.4515625 0.375 0.6203125 0.4640625 0.6203125 0.4640625 0.4515625
0 0.60625 0.0015625 0.571875 0.0015625 0.571875 0.009375 0.60625 0.009375 0.60625 0.0015625
0 1.0 0.8234375 0.821875 0.8234375 0.821875 0.94375 1.0 0.94375 1.0 0.8234375
0 0.046875 0.975 0.0015625 0.975 0.0015625 1.0 0.046875 1.0 0.046875 0.975
0 0.3765625 0.825 0.271875 0.825 0.271875 1.0 0.3765625 1.0 0.3765625 0.825
0 0.0359375 0.8953125 0.0015625 0.8953125 0.0015625 0.965625 0.0359375 0.965625 0.0359375 0.8953125
0 0.2671875 0.846875 0.1359375 0.846875 0.1359375 1.0 0.2671875 1.0 0.2671875 0.846875
0 0.5625 0.8109375 0.4109375 0.8109375 0.4109375 1.0 0.5625 1.0 0.5625 0.8109375
0 0.134375 0.6734375 0.0015625 0.6734375 0.0015625 0.95625 0.134375 0.95625 0.134375 0.6734375
0 0.24375 0.4265625 0.0828125 0.4265625 0.0828125 0.7296875 0.24375 0.7296875 0.24375 0.4265625
0 0.1265625 0.0109375 0.0015625 0.0109375 0.0015625 0.34375 0.1265625 0.34375 0.1265625 0.0109375
0 0.284375 0.45625 0.1578125 0.45625 0.1578125 0.615625 0.284375 0.615625 0.284375 0.45625
0 0.115625 0.3234375 0.0140625 0.3234375 0.0140625 0.5890625 0.115625 0.5890625 0.115625 0.3234375
0 0.359375 0.0015625 0.19375 0.0015625 0.19375 0.284375 0.359375 0.284375 0.359375 0.0015625
0 1.0 0.853125 0.8578125 0.853125 0.8578125 1.0 1.0 1.0 1.0 0.853125
0 0.975 0.7359375 0.7890625 0.7359375 0.7890625 0.8609375 0.975 0.8609375 0.975 0.7359375
0 0.925 0.5203125 0.8234375 0.5203125 0.8234375 0.7296875 0.925 0.7296875 0.925 0.5203125
0 0.6234375 0.0015625 0.0015625 0.0015625 0.0015625 0.2765625 0.6234375 0.2765625 0.6234375 0.0015625
0 1.0 0.0015625 0.0015625 0.0015625 0.0015625 1.0 1.0 1.0 1.0 0.0015625
0 0.21875 0.259375 0.0015625 0.259375 0.0015625 0.7359375 0.21875 0.7359375 0.21875 0.259375
0 0.56875 0.63125 0.4796875 0.63125 0.4796875 0.8375 0.56875 0.8375 0.56875 0.63125
0 0.5328125 0.3390625 0.284375 0.3390625 0.284375 0.7484375 0.5328125 0.7484375 0.5328125 0.3390625
0 0.51875 0.1359375 0.2484375 0.1359375 0.2484375 0.396875 0.51875 0.396875 0.51875 0.1359375
0 0.6703125 0.428125 0.5328125 0.428125 0.5328125 0.5984375 0.6703125 0.5984375 0.6703125 0.428125
0 0.75 0.328125 0.628125 0.328125 0.628125 0.4625 0.75 0.4625 0.75 0.328125
