0 0.053125 0.525 0.0015625 0.525 0.0015625 0.584375 0.053125 0.584375 0.053125 0.525
0 0.1203125 0.015625 0.021875 0.015625 0.021875 0.14375 0.1203125 0.14375 0.1203125 0.015625
0 0.4625 0.0015625 0.3859375 0.0015625 0.3859375 0.0671875 0.4625 0.0671875 0.4625 0.0015625
0 0.0546875 0.0125 0.0015625 0.0125 0.0015625 0.14375 0.0546875 0.14375 0.0546875 0.0125
0 0.075 0.7140625 0.0015625 0.7140625 0.0015625 0.834375 0.075 0.834375 0.075 0.7140625
0 0.18125 0.378125 0.0546875 0.378125 0.0546875 0.65 0.18125 0.65 0.18125 0.378125
0 0.553125 0.66875 0.3671875 0.66875 0.3671875 0.8421875 0.553125 0.8421875 0.553125 0.66875
0 0.765625 0.6796875 0.69375 0.6796875 0.69375 0.7796875 0.765625 0.7796875 0.765625 0.6796875
0 0.5515625 0.4015625 0.378125 0.4015625 0.378125 0.6109375 0.5515625 0.6109375 0.5515625 0.4015625
0 0.8109375 0.190625 0.69375 0.190625 0.69375 0.3765625 0.8109375 0.3765625 0.8109375 0.190625
0 0.2984375 0.540625 0.0328125 0.540625 0.0328125 0.7328125 0.2984375 0.7328125 0.2984375 0.540625
0 0.4921875 0.3640625 0.253125 0.3640625 0.253125 0.5421875 0.4921875 0.5421875 0.4921875 0.3640625
0 0.959375 0.0015625 0.7828125 0.0015625 0.7828125 0.2078125 0.959375 0.2078125 0.959375 0.0015625
0 0.3859375 0.984375 0.375 0.984375 0.375 1.0 0.3859375 1.0 0.3859375 0.984375
0 1.0 0.0015625 0.0015625 0.0015625 0.0015625 1.0 1.0 1.0 1.0 0.0015625
0 0.0734375 0.071875 0.0015625 0.071875 0.0015625 0.2546875 0.0734375 0.2546875 0.0734375 0.071875
0 0.00625 0.6921875 0.0015625 0.6921875 0.0015625 0.7 0.00625 0.7 0.00625 0.6921875
0 0.1140625 0.41875 0.0015625 0.41875 0.0015625 0.68125 0.1140625 0.68125 0.1140625 0.41875
0 0.25625 0.271875 0.1 0.271875 0.1 0.6328125 0.25625 0.6328125 0.25625 0.271875
