0 0.14375 0.6328125 0.046875 0.6328125 0.046875 0.771875 0.14375 0.771875 0.14375 0.6328125
0 0.2203125 0.2578125 0.153125 0.2578125 0.153125 0.5375 0.2203125 0.5375 0.2203125 0.2578125
0 0.315625 0.9828125 0.2671875 0.9828125 0.2671875 1.0 0.315625 1.0 0.315625 0.9828125
0 0.15 0.175 0.0484375 0.175 0.0484375 0.29375 0.15 0.29375 0.15 0.175
0 0.60625 0.7296875 0.4765625 0.7296875 0.4765625 0.8953125 0.60625 0.8953125 0.60625 0.7296875
0 0.8625 0.58125 0.6875 0.58125 0.6875 0.7109375 0.8625 0.7109375 0.8625 0.58125
0 0.9390625 0.5046875 0.8 0.5046875 0.8 0.6171875 0.9390625 0.6171875 0.9390625 0.5046875
0 1.0 0.209375 0.5765625 0.209375 0.5765625 0.540625 1.0 0.540625 1.0 0.209375
0 0.9875 0.375 0.8625 0.375 0.8625 0.525 0.9875 0.525 0.9875 0.375
0 0.625 0.0015625 0.3734375 0.0015625 0.3734375 0.4328125 0.625 0.4328125 0.625 0.0015625
0 0.6609375 0.1703125 0.571875 0.1703125 0.571875 0.3984375 0.6609375 0.3984375 0.6609375 0.1703125
0 0.7734375 0.103125 0.6890625 0.103125 0.6890625 0.2078125 0.7734375 0.2078125 0.7734375 0.103125
0 1.0 0.08125 0.915625 0.08125 0.915625 0.1875 1.0 0.1875 1.0 0.08125
0 1.0 0.0140625 0.9890625 0.0140625 0.9890625 0.046875 1.0 0.046875 1.0 0.0140625
0 0.0265625 0.678125 0.0015625 0.678125 0.0015625 0.7890625 0.0265625 0.7890625 0.0265625 0.678125
0 0.1140625 0.88125 0.0015625 0.88125 0.0015625 1.0 0.1140625 1.0 0.1140625 0.88125
0 0.434375 0.9515625 0.35 0.9515625 0.35 1.0 0.434375 1.0 0.434375 0.9515625
0 0.3 0.0234375 0.2328125 0.0234375 0.2328125 0.153125 0.3 0.153125 0.3 0.0234375
0 0.73125 0.7015625 0.6453125 0.7015625 0.6453125 0.8671875 0.73125 0.8671875 0.73125 0.7015625
0 0.7625 0.45 0.6578125 0.45 0.6578125 0.6109375 0.7625 0.6109375 0.7625 0.45
0 0.0609375 0.8453125 0.0015625 0.8453125 0.0015625 0.9234375 0.0609375 0.9234375 0.0609375 0.8453125
0 0.24375 0.8234375 0.0828125 0.8234375 0.0828125 0.9796875 0.24375 0.9796875 0.24375 0.8234375
0 0.309375 0.1875 0.175 0.1875 0.175 0.7046875 0.309375 0.7046875 0.309375 0.1875
0 0.1546875 0.4359375 0.0015625 0.4359375 0.0015625 0.634375 0.1546875 0.634375 0.1546875 0.4359375
0 0.021875 0.0015625 0.0015625 0.0015625 0.0015625 0.0140625 0.021875 0.0140625 0.021875 0.0015625
0 0.6296875 0.884375 0.5109375 0.884375 0.5109375 1.0 0.6296875 1.0 0.6296875 0.884375
0 1.0 0.85625 0.909375 0.85625 0.909375 0.9765625 1.0 0.9765625 1.0 0.85625
0 1.0 0.5484375 0.946875 0.5484375 0.946875 0.6625 1.0 0.6625 1.0 0.5484375
0 0.1125 0.4296875 0.0015625 0.4296875 0.0015625 0.5625 0.1125 0.5625 0.1125 0.4296875
0 0.159375 0.8359375 0.0578125 0.8359375 0.0578125 1.0 0.159375 1.0 0.159375 0.8359375
