0 0.315625 0.5515625 0.1796875 0.5515625 0.1796875 0.66875 0.315625 0.66875 0.315625 0.5515625
0 1.0 0.09375 0.9875 0.09375 0.9875 0.1375 1.0 0.1375 1.0 0.09375
0 0.7390625 0.9296875 0.6046875 0.9296875 0.6046875 1.0 0.7390625 1.0 0.7390625 0.9296875
0 0.540625 0.29375 0.434375 0.29375 0.434375 0.5125 0.540625 0.5125 0.540625 0.29375
0 0.909375 0.2765625 0.6921875 0.2765625 0.6921875 1.0 0.909375 1.0 0.909375 0.2765625
0 0.7890625 0.7125 0.5296875 0.7125 0.5296875 0.93125 0.7890625 0.93125 0.7890625 0.7125
0 0.6953125 0.803125 0.5140625 0.803125 0.5140625 0.9578125 0.6953125 0.9578125 0.6953125 0.803125
0 0.403125 0.6171875 0.2953125 0.6171875 0.2953125 0.95625 0.403125 0.95625 0.403125 0.6171875
0 0.4640625 0.4671875 0.3421875 0.4671875 0.3421875 0.6265625 0.4640625 0.6265625 0.4640625 0.4671875
0 0.2703125 0.4015625 0.1484375 0.4015625 0.1484375 0.6125 0.2703125 0.6125 0.2703125 0.4015625
0 0.5796875 0.0015625 0.2796875 0.0015625 0.2796875 0.428125 0.5796875 0.428125 0.5796875 0.0015625
0 0.85 0.6234375 0.74375 0.6234375 0.74375 1.0 0.85 1.0 0.85 0.6234375
0 0.9046875 0.78125 0.8578125 0.78125 0.8578125 1.0 0.9046875 1.0 0.9046875 0.78125
0 0.7921875 0.0015625 0.68125 0.0015625 0.68125 0.484375 0.7921875 0.484375 0.7921875 0.0015625
