0 0.4328125 0.259375 0.3703125 0.259375 0.3703125 0.409375 0.4328125 0.409375 0.4328125 0.259375
0 0.990625 0.8703125 0.8703125 0.8703125 0.8703125 1.0 0.990625 1.0 0.990625 0.8703125
0 1.0 0.7375 0.9359375 0.7375 0.9359375 0.8671875 1.0 0.8671875 1.0 0.7375
0 0.2640625 0.278125 0.1515625 0.278125 0.1515625 0.4421875 0.2640625 0.4421875 0.2640625 0.278125
0 0.678125 0.0546875 0.5875 0.0546875 0.5875 0.1703125 0.678125 0.1703125 0.678125 0.0546875
0 0.246875 0.8078125 0.109375 0.8078125 0.109375 0.971875 0.246875 0.971875 0.246875 0.8078125
0 0.8296875 0.98125 0.7625 0.98125 0.7625 1.0 0.8296875 1.0 0.8296875 0.98125
0 0.5328125 0.765625 0.390625 0.765625 0.390625 0.928125 0.5328125 0.928125 0.5328125 0.765625
0 0.00625 0.8109375 0.0015625 0.8109375 0.0015625 0.8234375 0.00625 0.8234375 0.00625 0.8109375
0 0.490625 0.54375 0.3546875 0.54375 0.3546875 0.728125 0.490625 0.728125 0.490625 0.54375
0 0.2515625 0.0359375 0.1703125 0.0359375 0.1703125 0.3203125 0.2515625 0.3203125 0.2515625 0.0359375
0 0.6765625 0.1421875 0.575 0.1421875 0.575 0.290625 0.6765625 0.290625 0.6765625 0.1421875
0 0.1375 0.0015625 0.071875 0.0015625 0.071875 0.1109375 0.1375 0.1109375 0.1375 0.0015625
0 0.6390625 0.0015625 0.575 0.0015625 0.575 0.0890625 0.6390625 0.0890625 0.6390625 0.0015625
0 0.4375 0.79375 0.221875 0.79375 0.221875 1.0 0.4375 1.0 0.4375 0.79375
0 0.203125 0.7796875 0.0015625 0.7796875 0.0015625 1.0 0.203125 1.0 0.203125 0.7796875
0 0.265625 0.7421875 0.1453125 0.7421875 0.1453125 0.8640625 0.265625 0.8640625 0.265625 0.7421875
0 0.184375 0.228125 0.0015625 0.228125 0.0015625 0.815625 0.184375 0.815625 0.184375 0.228125
0 0.31875 0.4328125 0.1203125 0.4328125 0.1203125 0.74375 0.31875 0.74375 0.31875 0.4328125
0 0.3640625 0.309375 0.2875 0.309375 0.2875 0.4484375 0.3640625 0.4484375 0.3640625 0.309375
0 0.121875 0.0015625 0.0015625 0.0015625 0.0015625 0.2421875 0.121875 0.2421875 0.121875 0.0015625
0 0.1984375 0.1390625 0.134375 0.1390625 0.134375 0.346875 0.1984375 0.346875 0.1984375 0.1390625
0 1.0 0.765625 0.971875 0.765625 0.971875 0.865625 1.0 0.865625 1.0 0.765625
0 0.6453125 0.7109375 0.525 0.7109375 0.525 0.809375 0.6453125 0.809375 0.6453125 0.7109375
0 0.9671875 0.7015625 0.7875 0.7015625 0.7875 0.8125 0.9671875 0.8125 0.9671875 0.7015625
0 0.990625 0.4796875 0.8296875 0.4796875 0.8296875 0.69375 0.990625 0.69375 0.990625 0.4796875
0 0.734375 0.5625 0.6515625 0.5625 0.6515625 0.65625 0.734375 0.65625 0.734375 0.5625
0 0.63125 0.5046875 0.44375 0.5046875 0.44375 0.69375 0.63125 0.69375 0.63125 0.5046875
0 1.0 0.5390625 0.9828125 0.5390625 0.9828125 0.621875 1.0 0.621875 1.0 0.5390625
0 0.603125 0.3515625 0.453125 0.3515625 0.453125 0.5265625 0.603125 0.5265625 0.603125 0.3515625
0 0.8765625 0.325 0.7421875 0.325 0.7421875 0.4953125 0.8765625 0.4953125 0.8765625 0.325
0 0.7171875 0.2375 0.6140625 0.2375 0.6140625 0.4375 0.7171875 0.4375 0.7171875 0.2375
0 1.0 0.2484375 0.934375 0.2484375 0.934375 0.4 1.0 0.4 1.0 0.2484375
0 0.8703125 0.1015625 0.7171875 0.1015625 0.7171875 0.3609375 0.8703125 0.3609375 0.8703125 0.1015625
0 1.0 0.0875 0.8828125 0.0875 0.8828125 0.2890625 1.0 0.2890625 1.0 0.0875
0 0.6015625 0.0015625 0.515625 0.0015625 0.515625 0.209375 0.6015625 0.209375 0.6015625 0.0015625
0 0.7234375 0.046875 0.659375 0.046875 0.659375 0.20625 0.7234375 0.20625 0.7234375 0.046875
0 1.0 0.0078125 0.91875 0.0078125 0.91875 0.0921875 1.0 0.0921875 1.0 0.0078125
0 0.903125 0.0015625 0.703125 0.0015625 0.703125 0.0578125 0.903125 0.0578125 0.903125 0.0015625
0 0.6984375 0.0015625 0.61875 0.0015625 0.61875 0.0296875 0.6984375 0.0296875 0.6984375 0.0015625
0 0.26875 0.571875 0.08125 0.571875 0.08125 0.853125 0.26875 0.853125 0.26875 0.571875
0 0.2578125 0.0015625 0.2328125 0.0015625 0.2328125 0.065625 0.2578125 0.065625 0.2578125 0.0015625
0 0.1671875 0.396875 0.06875 0.396875 0.06875 0.51875 0.1671875 0.51875 0.1671875 0.396875
0 0.1171875 0.346875 0.0015625 0.346875 0.0015625 0.4921875 0.1171875 0.4921875 0.1171875 0.346875
0 0.328125 0.0015625 0.1734375 0.0015625 0.1734375 0.4890625 0.328125 0.4890625 0.328125 0.0015625
0 0.6140625 0.803125 0.465625 0.803125 0.465625 1.0 0.6140625 1.0 0.6140625 0.803125
0 0.4640625 0.7953125 0.3140625 0.7953125 0.3140625 0.878125 0.4640625 0.878125 0.4640625 0.7953125
0 1.0 0.5796875 0.753125 0.5796875 0.753125 0.9078125 1.0 0.9078125 1.0 0.5796875
0 0.56875 0.5390625 0.38125 0.5390625 0.38125 0.809375 0.56875 0.809375 0.56875 0.5390625
0 0.715625 0.5734375 0.58125 0.5734375 0.58125 0.71875 0.715625 0.71875 0.715625 0.5734375
0 0.8234375 0.5125 0.7421875 0.5125 0.7421875 0.7484375 0.8234375 0.7484375 0.8234375 0.5125
0 0.4234375 0.4046875 0.3125 0.4046875 0.3125 0.8 0.4234375 0.8 0.4234375 0.4046875
0 0.8859375 0.1546875 0.6703125 0.1546875 0.6703125 0.446875 0.8859375 0.446875 0.8859375 0.1546875
0 1.0 0.3953125 0.9640625 0.3953125 0.9640625 0.465625 1.0 0.465625 1.0 0.3953125
0 0.5890625 0.221875 0.403125 0.221875 0.403125 0.38125 0.5890625 0.38125 0.5890625 0.221875
0 0.5390625 0.0015625 0.3765625 0.0015625 0.3765625 0.1015625 0.5390625 0.1015625 0.5390625 0.0015625
0 0.7109375 0.0015625 0.6953125 0.0015625 0.6953125 0.025 0.7109375 0.025 0.7109375 0.0015625
0 0.1953125 0.0015625 0.0015625 0.0015625 0.0015625 0.83125 0.1953125 0.83125 0.1953125 0.0015625
0 1.0 0.0015625 0.2125 0.0015625 0.2125 1.0 1.0 1.0 1.0 0.0015625
0 0.0953125 0.825 0.0015625 0.825 0.0015625 1.0 0.0953125 1.0 0.0953125 0.825
0 0.3828125 0.0015625 0.1671875 0.0015625 0.1671875 0.8734375 0.3828125 0.8734375 0.3828125 0.0015625
0 0.1609375 0.5546875 0.0828125 0.5546875 0.0828125 0.759375 0.1609375 0.759375 0.1609375 0.5546875
0 0.078125 0.496875 0.0015625 0.496875 0.0015625 0.5921875 0.078125 0.5921875 0.078125 0.496875
0 0.2546875 0.4328125 0.1453125 0.4328125 0.1453125 0.5171875 0.2546875 0.5171875 0.2546875 0.4328125
0 0.725 0.31875 0.3890625 0.31875 0.3890625 0.58125 0.725 0.58125 0.725 0.31875
0 0.6765625 0.2375 0.559375 0.2375 0.559375 0.5265625 0.6765625 0.5265625 0.6765625 0.2375
