0 0.3875 0.16875 0.315625 0.16875 0.315625 0.3578125 0.3875 0.3578125 0.3875 0.16875
0 0.1421875 0.3109375 0.0015625 0.3109375 0.0015625 0.475 0.1421875 0.475 0.1421875 0.3109375
0 0.328125 0.221875 0.246875 0.221875 0.246875 0.4046875 0.328125 0.4046875 0.328125 0.221875
0 0.5515625 0.0015625 0.3375 0.0015625 0.3375 0.325 0.5515625 0.325 0.5515625 0.0015625
0 0.1234375 0.1109375 0.015625 0.1109375 0.015625 0.246875 0.1234375 0.246875 0.1234375 0.1109375
0 0.4015625 0.35625 0.29375 0.35625 0.29375 0.503125 0.4015625 0.503125 0.4015625 0.35625
0 0.2765625 0.215625 0.0015625 0.215625 0.0015625 0.43125 0.2765625 0.43125 0.2765625 0.215625
0 0.4234375 0.0015625 0.1140625 0.0015625 0.1140625 0.23125 0.4234375 0.23125 0.4234375 0.0015625
0 0.21875 0.0015625 0.059375 0.0015625 0.059375 0.1578125 0.21875 0.1578125 0.21875 0.0015625
0 0.0828125 0.0015625 0.0015625 0.0015625 0.0015625 0.5 0.0828125 0.5 0.0828125 0.0015625
0 0.55625 0.0015625 0.3734375 0.0015625 0.3734375 0.1640625 0.55625 0.1640625 0.55625 0.0015625
