0 0.665625 0.0078125 0.571875 0.0078125 0.571875 0.1625 0.665625 0.1625 0.665625 0.0078125
0 0.5390625 0.078125 0.421875 0.078125 0.421875 0.2703125 0.5390625 0.2703125 0.5390625 0.078125
0 0.5484375 0.0015625 0.4703125 0.0015625 0.4703125 0.0546875 0.5484375 0.0546875 0.5484375 0.0015625
0 0.715625 0.3921875 0.615625 0.3921875 0.615625 0.578125 0.715625 0.578125 0.715625 0.3921875
0 0.65 0.1828125 0.484375 0.1828125 0.484375 0.2828125 0.65 0.2828125 0.65 0.1828125
0 0.6453125 0.2703125 0.509375 0.2703125 0.509375 0.44375 0.6453125 0.44375 0.6453125 0.2703125
0 0.140625 0.096875 0.0015625 0.096875 0.0015625 0.359375 0.140625 0.359375 0.140625 0.096875
0 0.6 0.4546875 0.4875 0.4546875 0.4875 0.5859375 0.6 0.5859375 0.6 0.4546875
0 0.7859375 0.2015625 0.5921875 0.2015625 0.5921875 0.4015625 0.7859375 0.4015625 0.7859375 0.2015625
0 0.809375 0.4453125 0.7203125 0.4453125 0.7203125 0.6125 0.809375 0.6125 0.809375 0.4453125
0 0.7125 0.315625 0.5390625 0.315625 0.5390625 0.4125 0.7125 0.4125 0.7125 0.315625
0 0.1 0.9765625 0.0015625 0.9765625 0.0015625 1.0 0.1 1.0 0.1 0.9765625
0 0.653125 0.0015625 0.5921875 0.0015625 0.5921875 0.1296875 0.653125 0.1296875 0.653125 0.0015625
0 0.8328125 0.3796875 0.596875 0.3796875 0.596875 0.609375 0.8328125 0.609375 0.8328125 0.3796875
0 0.8765625 0.0015625 0.66875 0.0015625 0.66875 0.171875 0.8765625 0.171875 0.8765625 0.0015625
0 0.1109375 0.8390625 0.0015625 0.8390625 0.0015625 0.9625 0.1109375 0.9625 0.1109375 0.8390625
0 0.08125 0.690625 0.0015625 0.690625 0.0015625 0.759375 0.08125 0.759375 0.08125 0.690625
