0 0.7546875 0.0921875 0.55625 0.0921875 0.55625 0.3375 0.7546875 0.3375 0.7546875 0.0921875
0 0.24375 0.9875 0.2125 0.9875 0.2125 1.0 0.24375 1.0 0.24375 0.9875
0 0.3796875 0.0015625 0.2921875 0.0015625 0.2921875 0.1328125 0.3796875 0.1328125 0.3796875 0.0015625
0 0.7859375 0.43125 0.6609375 0.43125 0.6609375 0.84375 0.7859375 0.84375 0.7859375 0.43125
0 0.70625 0.2609375 0.5765625 0.2609375 0.5765625 0.403125 0.70625 0.403125 0.70625 0.2609375
0 0.5453125 0.1 0.4359375 0.1 0.4359375 0.234375 0.5453125 0.234375 0.5453125 0.1
0 0.3921875 0.15625 0.2890625 0.15625 0.2890625 0.4984375 0.3921875 0.4984375 0.3921875 0.15625
0 0.475 0.3609375 0.30625 0.3609375 0.30625 0.6296875 0.475 0.6296875 0.475 0.3609375
0 0.765625 0.8 0.690625 0.8 0.690625 0.9984375 0.765625 0.9984375 0.765625 0.8
0 1.0 0.4734375 0.9015625 0.4734375 0.9015625 0.7125 1.0 0.7125 1.0 0.4734375
0 0.765625 0.221875 0.596875 0.221875 0.596875 0.3765625 0.765625 0.3765625 0.765625 0.221875
0 0.3296875 0.16875 0.2375 0.16875 0.2375 0.340625 0.3296875 0.340625 0.3296875 0.16875
0 0.859375 0.1453125 0.7453125 0.1453125 0.7453125 0.290625 0.859375 0.290625 0.859375 0.1453125
0 0.3015625 0.828125 0.2015625 0.828125 0.2015625 1.0 0.3015625 1.0 0.3015625 0.828125
0 0.2828125 0.7171875 0.1671875 0.7171875 0.1671875 0.8796875 0.2828125 0.8796875 0.2828125 0.7171875
0 0.65 0.2796875 0.5265625 0.2796875 0.5265625 0.4515625 0.65 0.4515625 0.65 0.2796875
0 0.89375 0.1609375 0.78125 0.1609375 0.78125 0.396875 0.89375 0.396875 0.89375 0.1609375
0 0.8625 0.0125 0.7734375 0.0125 0.7734375 0.2015625 0.8625 0.2015625 0.8625 0.0125
0 0.571875 0.0015625 0.3453125 0.0015625 0.3453125 0.171875 0.571875 0.171875 0.571875 0.0015625
0 1.0 0.1171875 0.996875 0.1171875 0.996875 0.1296875 1.0 0.1296875 1.0 0.1171875
0 0.2421875 0.5875 0.1328125 0.5875 0.1328125 0.9703125 0.2421875 0.9703125 0.2421875 0.5875
0 0.321875 0.8 0.1921875 0.8 0.1921875 0.975 0.321875 0.975 0.321875 0.8
0 0.34375 0.184375 0.2140625 0.184375 0.2140625 0.584375 0.34375 0.584375 0.34375 0.184375
0 0.6515625 0.6234375 0.49375 0.6234375 0.49375 0.840625 0.6515625 0.840625 0.6515625 0.6234375
0 1.0 0.5828125 0.9640625 0.5828125 0.9640625 0.7796875 1.0 0.7796875 1.0 0.5828125
0 0.7328125 0.4796875 0.6625 0.4796875 0.6625 0.6625 0.7328125 0.6625 0.7328125 0.4796875
0 0.3046875 0.340625 0.228125 0.340625 0.228125 0.7046875 0.3046875 0.7046875 0.3046875 0.340625
0 0.234375 0.1078125 0.1640625 0.1078125 0.1640625 0.515625 0.234375 0.515625 0.234375 0.1078125
0 0.8328125 0.0015625 0.6609375 0.0015625 0.6609375 0.2765625 0.8328125 0.2765625 0.8328125 0.0015625
0 0.5828125 0.0015625 0.5359375 0.0015625 0.5359375 0.0953125 0.5828125 0.0953125 0.5828125 0.0015625
0 0.215625 0.0015625 0.165625 0.0015625 0.165625 0.0265625 0.215625 0.0265625 0.215625 0.0015625
0 0.821875 0.840625 0.7125 0.840625 0.7125 1.0 0.821875 1.0 0.821875 0.840625
0 0.8734375 0.1421875 0.8109375 0.1421875 0.8109375 0.3546875 0.8734375 0.3546875 0.8734375 0.1421875
0 1.0 0.059375 0.8796875 0.059375 0.8796875 0.3140625 1.0 0.3140625 1.0 0.059375
0 0.903125 0.0015625 0.8921875 0.0015625 0.8921875 0.0109375 0.903125 0.0109375 0.903125 0.0015625
0 0.3046875 0.3171875 0.2359375 0.3171875 0.2359375 0.4640625 0.3046875 0.4640625 0.3046875 0.3171875
0 1.0 0.1859375 0.9 0.1859375 0.9 0.3578125 1.0 0.3578125 1.0 0.1859375
0 0.896875 0.0015625 0.8078125 0.0015625 0.8078125 0.1140625 0.896875 0.1140625 0.896875 0.0015625
0 0.7453125 0.0015625 0.7296875 0.0015625 0.7296875 0.00625 0.7453125 0.00625 0.7453125 0.0015625
0 0.171875 0.73125 0.08125 0.73125 0.08125 0.9578125 0.171875 0.9578125 0.171875 0.73125
0 0.259375 0.0015625 0.153125 0.0015625 0.153125 0.634375 0.259375 0.634375 0.259375 0.0015625
0 0.615625 0.0015625 0.5828125 0.0015625 0.5828125 0.1828125 0.615625 0.1828125 0.615625 0.0015625
0 1.0 0.2578125 0.9125 0.2578125 0.9125 0.384375 1.0 0.384375 1.0 0.2578125
0 1.0 0.0578125 1.0 0.0578125 1.0 0.0578125 1.0 0.0578125 1.0 0.0578125
0 0.9125 0.0015625 0.8671875 0.0015625 0.8671875 0.1296875 0.9125 0.1296875 0.9125 0.0015625
0 1.0 0.384375 0.9546875 0.384375 0.9546875 0.4734375 1.0 0.4734375 1.0 0.384375
0 0.3203125 0.9546875 0.26875 0.9546875 0.26875 1.0 0.3203125 1.0 0.3203125 0.9546875
0 0.365625 0.70625 0.2953125 0.70625 0.2953125 0.903125 0.365625 0.903125 0.365625 0.70625
0 0.54375 0.4453125 0.434375 0.4453125 0.434375 0.6640625 0.54375 0.6640625 0.54375 0.4453125
0 0.9140625 0.5078125 0.8453125 0.5078125 0.8453125 0.6640625 0.9140625 0.6640625 0.9140625 0.5078125
0 0.625 0.1453125 0.3328125 0.1453125 0.3328125 0.6171875 0.625 0.6171875 0.625 0.1453125
0 0.8859375 0.3046875 0.6421875 0.3046875 0.6421875 0.6078125 0.8859375 0.6078125 0.8859375 0.3046875
0 0.3890625 0.0015625 0.253125 0.0015625 0.253125 0.190625 0.3890625 0.190625 0.3890625 0.0015625
0 0.475 0.0015625 0.3359375 0.0015625 0.3359375 0.21875 0.475 0.21875 0.475 0.0015625
