0 0.9546875 0.2734375 0.796875 0.2734375 0.796875 0.3859375 0.9546875 0.3859375 0.9546875 0.2734375
0 1.0 0.4 0.975 0.4 0.975 0.496875 1.0 0.496875 1.0 0.4
0 0.7328125 0.1671875 0.5453125 0.1671875 0.5453125 0.325 0.7328125 0.325 0.7328125 0.1671875
0 1.0 0.1171875 0.815625 0.1171875 0.815625 0.3125 1.0 0.3125 1.0 0.1171875
0 0.546875 0.0015625 0.4125 0.0015625 0.4125 0.16875 0.546875 0.16875 0.546875 0.0015625
0 0.4390625 0.14375 0.328125 0.14375 0.328125 0.2875 0.4390625 0.2875 0.4390625 0.14375
0 0.0125 0.6515625 0.0015625 0.6515625 0.0015625 0.815625 0.0125 0.815625 0.0125 0.6515625
0 0.3765625 0.81875 0.053125 0.81875 0.053125 1.0 0.3765625 1.0 0.3765625 0.81875
0 0.5859375 0.9359375 0.5171875 0.9359375 0.5171875 1.0 0.5859375 1.0 0.5859375 0.9359375
0 0.8640625 0.8109375 0.6703125 0.8109375 0.6703125 0.925 0.8640625 0.925 0.8640625 0.8109375
0 0.7734375 0.6203125 0.6078125 0.6203125 0.6078125 0.8015625 0.7734375 0.8015625 0.7734375 0.6203125
0 0.6109375 0.0015625 0.134375 0.0015625 0.134375 0.5390625 0.6109375 0.5390625 0.6109375 0.0015625
0 0.1765625 0.146875 0.025 0.146875 0.025 0.3453125 0.1765625 0.3453125 0.1765625 0.146875
0 1.0 0.7953125 0.9609375 0.7953125 0.9609375 0.934375 1.0 0.934375 1.0 0.7953125
0 1.0 0.6171875 0.99375 0.6171875 0.99375 0.628125 1.0 0.628125 1.0 0.6171875
0 0.078125 0.0015625 0.0078125 0.0015625 0.0078125 0.2484375 0.078125 0.2484375 0.078125 0.0015625
0 0.2578125 0.0015625 0.065625 0.0015625 0.065625 0.13125 0.2578125 0.13125 0.2578125 0.0015625
0 0.5015625 0.0015625 0.4703125 0.0015625 0.4703125 0.046875 0.5015625 0.046875 0.5015625 0.0015625
0 0.2109375 0.0015625 0.165625 0.0015625 0.165625 0.0109375 0.2109375 0.0109375 0.2109375 0.0015625
0 0.7953125 0.8796875 0.6875 0.8796875 0.6875 1.0 0.7953125 1.0 0.7953125 0.8796875
0 1.0 0.0203125 0.9359375 0.0203125 0.9359375 0.1625 1.0 0.1625 1.0 0.0203125
0 0.9265625 0.0015625 0.8765625 0.0015625 0.8765625 0.10625 0.9265625 0.10625 0.9265625 0.0015625
0 1.0 0.396875 0.9484375 0.396875 0.9484375 0.6171875 1.0 0.6171875 1.0 0.396875
0 1.0 0.2578125 0.796875 0.2578125 0.796875 0.40625 1.0 0.40625 1.0 0.2578125
0 0.8359375 0.2921875 0.61875 0.2921875 0.61875 0.4296875 0.8359375 0.4296875 0.8359375 0.2921875
0 0.9515625 0.4953125 0.296875 0.4953125 0.296875 1.0 0.9515625 1.0 0.9515625 0.4953125
0 0.0015625 0.8796875 0.0015625 0.8796875 0.0015625 0.8828125 0.0015625 0.8828125 0.0015625 0.8796875
0 0.484375 0.390625 0.384375 0.390625 0.384375 0.54375 0.484375 0.54375 0.484375 0.390625
0 0.2734375 0.2953125 0.128125 0.2953125 0.128125 0.415625 0.2734375 0.415625 0.2734375 0.2953125
0 0.1984375 0.0015625 0.0078125 0.0015625 0.0078125 0.2515625 0.1984375 0.2515625 0.1984375 0.0015625
0 0.6265625 0.940625 0.5796875 0.940625 0.5796875 1.0 0.6265625 1.0 0.6265625 0.940625
0 1.0 0.7296875 0.909375 0.7296875 0.909375 0.9078125 1.0 0.9078125 1.0 0.7296875
0 1.0 0.4265625 0.8578125 0.4265625 0.8578125 0.7234375 1.0 0.7234375 1.0 0.4265625
0 0.865625 0.096875 0.74375 0.096875 0.74375 0.2296875 0.865625 0.2296875 0.865625 0.096875
0 0.721875 0.003125 0.634375 0.003125 0.634375 0.16875 0.721875 0.16875 0.721875 0.003125
0 0.1671875 0.0015625 0.115625 0.0015625 0.115625 0.0203125 0.1671875 0.0203125 0.1671875 0.0015625
0 0.2921875 0.890625 0.1828125 0.890625 0.1828125 1.0 0.2921875 1.0 0.2921875 0.890625
0 0.571875 0.91875 0.4421875 0.91875 0.4421875 0.9875 0.571875 0.9875 0.571875 0.91875
0 0.5078125 0.0015625 0.3265625 0.0015625 0.3265625 0.2125 0.5078125 0.2125 0.5078125 0.0015625
0 1.0 0.921875 0.9265625 0.921875 0.9265625 1.0 1.0 1.0 1.0 0.921875
0 1.0 0.5609375 0.8578125 0.5609375 0.8578125 0.79375 1.0 0.79375 1.0 0.5609375
0 1.0 0.5359375 0.996875 0.5359375 0.996875 0.5515625 1.0 0.5515625 1.0 0.5359375
0 0.815625 0.359375 0.6703125 0.359375 0.6703125 0.5625 0.815625 0.5625 0.815625 0.359375
0 0.990625 0.4140625 0.890625 0.4140625 0.890625 0.6125 0.990625 0.6125 0.990625 0.4140625
0 0.6828125 0.321875 0.5625 0.321875 0.5625 0.5078125 0.6828125 0.5078125 0.6828125 0.321875
0 0.965625 0.0828125 0.6359375 0.0828125 0.6359375 0.390625 0.965625 0.390625 0.965625 0.0828125
0 0.7515625 0.209375 0.515625 0.209375 0.515625 0.3515625 0.7515625 0.3515625 0.7515625 0.209375
0 0.1 0.728125 0.0015625 0.728125 0.0015625 1.0 0.1 1.0 0.1 0.728125
0 0.2375 0.7671875 0.1515625 0.7671875 0.1515625 0.946875 0.2375 0.946875 0.2375 0.7671875
0 0.234375 0.221875 0.109375 0.221875 0.109375 0.390625 0.234375 0.390625 0.234375 0.221875
0 0.1484375 0.0015625 0.0015625 0.0015625 0.0015625 0.1234375 0.1484375 0.1234375 0.1484375 0.0015625
0 0.6515625 0.978125 0.6453125 0.978125 0.6453125 1.0 0.6515625 1.0 0.6515625 0.978125
0 0.3984375 0.9375 0.365625 0.9375 0.365625 1.0 0.3984375 1.0 0.3984375 0.9375
0 0.7578125 0.8828125 0.5640625 0.8828125 0.5640625 1.0 0.7578125 1.0 0.7578125 0.8828125
0 0.4203125 0.7765625 0.303125 0.7765625 0.303125 0.896875 0.4203125 0.896875 0.4203125 0.7765625
0 0.65 0.403125 0.4015625 0.403125 0.4015625 0.896875 0.65 0.896875 0.65 0.403125
0 0.9703125 0.159375 0.40625 0.159375 0.40625 0.9375 0.9703125 0.9375 0.9703125 0.159375
0 0.425 0.0015625 0.3125 0.0015625 0.3125 0.0625 0.425 0.0625 0.425 0.0015625
0 1.0 0.428125 0.86875 0.428125 0.86875 0.690625 1.0 0.690625 1.0 0.428125
0 0.9375 0.884375 0.7890625 0.884375 0.7890625 1.0 0.9375 1.0 0.9375 0.884375
0 0.878125 0.35625 0.7625 0.35625 0.7625 0.571875 0.878125 0.571875 0.878125 0.35625
0 1.0 0.09375 0.815625 0.09375 0.815625 0.225 1.0 0.225 1.0 0.09375
0 1.0 0.0015625 0.90625 0.0015625 0.90625 0.1328125 1.0 0.1328125 1.0 0.0015625
