0 0.2 0.1734375 0.134375 0.1734375 0.134375 0.39375 0.2 0.39375 0.2 0.1734375
0 0.6359375 0.14375 0.5296875 0.14375 0.5296875 0.2875 0.6359375 0.2875 0.6359375 0.14375
0 1.0 0.2078125 0.8359375 0.2078125 0.8359375 0.3859375 1.0 0.3859375 1.0 0.2078125
0 0.2953125 0.065625 0.1921875 0.065625 0.1921875 0.2828125 0.2953125 0.2828125 0.2953125 0.065625
0 1.0 0.3453125 0.76875 0.3453125 0.76875 0.640625 1.0 0.640625 1.0 0.3453125
0 0.8984375 0.1765625 0.7546875 0.1765625 0.7546875 0.421875 0.8984375 0.421875 0.8984375 0.1765625
0 1.0 0.153125 0.4875 0.153125 0.4875 1.0 1.0 1.0 1.0 0.153125
0 0.0203125 0.03125 0.0015625 0.03125 0.0015625 0.0453125 0.0203125 0.0453125 0.0203125 0.03125
0 0.2921875 0.8265625 0.0015625 0.8265625 0.0015625 1.0 0.2921875 1.0 0.2921875 0.8265625
0 0.55 0.0015625 0.0015625 0.0015625 0.0015625 0.803125 0.55 0.803125 0.55 0.0015625
0 0.9984375 0.7984375 0.7890625 0.7984375 0.7890625 1.0 0.9984375 1.0 0.9984375 0.7984375
0 0.984375 0.26875 0.7109375 0.26875 0.7109375 0.703125 0.984375 0.703125 0.984375 0.26875
