0 0.853125 0.340625 0.68125 0.340625 0.68125 0.4015625 0.853125 0.4015625 0.853125 0.340625
0 0.5359375 0.3515625 0.1046875 0.3515625 0.1046875 0.4859375 0.5359375 0.4859375 0.5359375 0.3515625
0 0.1125 0.39375 0.0015625 0.39375 0.0015625 0.478125 0.1125 0.478125 0.1125 0.39375
0 0.0203125 0.0015625 0.00625 0.0015625 0.00625 0.0078125 0.0203125 0.0078125 0.0203125 0.0015625
0 1.0 0.21875 0.965625 0.21875 0.965625 0.2578125 1.0 0.2578125 1.0 0.21875
0 1.0 0.4078125 0.984375 0.4078125 0.984375 0.4390625 1.0 0.4390625 1.0 0.4078125
0 0.68125 0.1984375 0.5765625 0.1984375 0.5765625 0.375 0.68125 0.375 0.68125 0.1984375
0 1.0 0.0015625 0.95625 0.0015625 0.95625 0.175 1.0 0.175 1.0 0.0015625
0 0.41875 0.58125 0.28125 0.58125 0.28125 0.8375 0.41875 0.8375 0.41875 0.58125
0 0.478125 0.0015625 0.2859375 0.0015625 0.2859375 0.2203125 0.478125 0.2203125 0.478125 0.0015625
0 0.096875 0.0046875 0.0015625 0.0046875 0.0015625 0.1265625 0.096875 0.1265625 0.096875 0.0046875
0 0.971875 0.2359375 0.89375 0.2359375 0.89375 0.3984375 0.971875 0.3984375 0.971875 0.2359375
0 0.80625 0.0015625 0.8015625 0.0015625 0.8015625 0.0171875 0.80625 0.0171875 0.80625 0.0015625
0 0.31875 0.628125 0.025 0.628125 0.025 0.8390625 0.31875 0.8390625 0.31875 0.628125
0 0.28125 0.4734375 0.1375 0.4734375 0.1375 0.59375 0.28125 0.59375 0.28125 0.4734375
0 0.4421875 0.3078125 0.2453125 0.3078125 0.2453125 0.4578125 0.4421875 0.4578125 0.4421875 0.3078125
0 1.0 0.2984375 0.9578125 0.2984375 0.9578125 0.403125 1.0 0.403125 1.0 0.2984375
0 0.8109375 0.2359375 0.6828125 0.2359375 0.6828125 0.375 0.8109375 0.375 0.8109375 0.2359375
0 0.921875 0.0671875 0.8609375 0.0671875 0.8609375 0.2453125 0.921875 0.2453125 0.921875 0.0671875
0 0.6875 0.3265625 0.5140625 0.3265625 0.5140625 0.434375 0.6875 0.434375 0.6875 0.3265625
0 1.0 0.3484375 0.846875 0.3484375 0.846875 0.453125 1.0 0.453125 1.0 0.3484375
0 0.0609375 0.71875 0.0015625 0.71875 0.0015625 0.8140625 0.0609375 0.8140625 0.0609375 0.71875
0 0.1828125 0.4375 0.0015625 0.4375 0.0015625 0.5828125 0.1828125 0.5828125 0.1828125 0.4375
0 0.30625 0.2984375 0.10625 0.2984375 0.10625 0.4578125 0.30625 0.4578125 0.30625 0.2984375
0 0.109375 0.215625 0.05 0.215625 0.05 0.4203125 0.109375 0.4203125 0.109375 0.215625
0 0.33125 0.0015625 0.1921875 0.0015625 0.1921875 0.1296875 0.33125 0.1296875 0.33125 0.0015625
0 0.00625 0.0015625 0.0015625 0.0015625 0.0015625 0.00625 0.00625 0.00625 0.00625 0.0015625
0 1.0 0.9375 0.9578125 0.9375 0.9578125 1.0 1.0 1.0 1.0 0.9375
0 0.5859375 0.04375 0.428125 0.04375 0.428125 0.2515625 0.5859375 0.2515625 0.5859375 0.04375
0 0.221875 0.0015625 0.1296875 0.0015625 0.1296875 0.165625 0.221875 0.165625 0.221875 0.0015625
0 1.0 0.934375 1.0 0.934375 1.0 0.9375 1.0 0.9375 1.0 0.934375
0 1.0 0.25 0.9703125 0.25 0.9703125 0.2828125 1.0 0.2828125 1.0 0.25
0 1.0 0.1203125 0.934375 0.1203125 0.934375 0.2296875 1.0 0.2296875 1.0 0.1203125
0 1.0 0.0015625 0.9046875 0.0015625 0.9046875 0.159375 1.0 0.159375 1.0 0.0015625
0 0.2328125 0.7390625 0.04375 0.7390625 0.04375 0.9296875 0.2328125 0.9296875 0.2328125 0.7390625
0 0.046875 0.6921875 0.0015625 0.6921875 0.0015625 0.7234375 0.046875 0.7234375 0.046875 0.6921875
0 0.096875 0.1875 0.0015625 0.1875 0.0015625 0.425 0.096875 0.425 0.096875 0.1875
0 0.2640625 0.0015625 0.0546875 0.0015625 0.0546875 0.1203125 0.2640625 0.1203125 0.2640625 0.0015625
0 0.1328125 0.0015625 0.0125 0.0015625 0.0125 0.0484375 0.1328125 0.0484375 0.1328125 0.0015625
0 0.315625 0.5234375 0.0890625 0.5234375 0.0890625 0.7265625 0.315625 0.7265625 0.315625 0.5234375
0 0.44375 0.0171875 0.2234375 0.0171875 0.2234375 0.1609375 0.44375 0.1609375 0.44375 0.0171875
0 0.8203125 0.3921875 0.521875 0.3921875 0.521875 0.5171875 0.8203125 0.5171875 0.8203125 0.3921875
0 0.709375 0.0015625 0.54375 0.0015625 0.54375 0.2765625 0.709375 0.2765625 0.709375 0.0015625
0 0.925 0.0015625 0.78125 0.0015625 0.78125 0.3609375 0.925 0.3609375 0.925 0.0015625
