0 0.29375 0.265625 0.084375 0.265625 0.084375 1.0 0.29375 1.0 0.29375 0.265625
0 0.1203125 0.021875 0.0015625 0.021875 0.0015625 0.334375 0.1203125 0.334375 0.1203125 0.021875
0 0.0953125 0.3 0.009375 0.3 0.009375 0.4859375 0.0953125 0.4859375 0.0953125 0.3
0 0.2109375 0.0015625 0.1296875 0.0015625 0.1296875 0.115625 0.2109375 0.115625 0.2109375 0.0015625
0 1.0 0.7375 0.765625 0.7375 0.765625 1.0 1.0 1.0 1.0 0.7375
0 0.7921875 0.76875 0.696875 0.76875 0.696875 0.915625 0.7921875 0.915625 0.7921875 0.76875
0 0.6015625 0.6140625 0.4546875 0.6140625 0.4546875 0.8265625 0.6015625 0.8265625 0.6015625 0.6140625
0 1.0 0.2328125 0.7078125 0.2328125 0.7078125 0.73125 1.0 0.73125 1.0 0.2328125
0 0.584375 0.31875 0.4875 0.31875 0.4875 0.4578125 0.584375 0.4578125 0.584375 0.31875
0 0.209375 0.0359375 0.13125 0.0359375 0.13125 0.171875 0.209375 0.171875 0.209375 0.0359375
0 1.0 0.9921875 0.9734375 0.9921875 0.9734375 1.0 1.0 1.0 1.0 0.9921875
0 0.3546875 0.6703125 0.246875 0.6703125 0.246875 0.825 0.3546875 0.825 0.3546875 0.6703125
0 0.25625 0.821875 0.1125 0.821875 0.1125 1.0 0.25625 1.0 0.25625 0.821875
0 0.18125 0.4203125 0.109375 0.4203125 0.109375 0.5703125 0.18125 0.5703125 0.18125 0.4203125
0 0.015625 0.1265625 0.0015625 0.1265625 0.0015625 0.2359375 0.015625 0.2359375 0.015625 0.1265625
0 0.175 0.0015625 0.11875 0.0015625 0.11875 0.0453125 0.175 0.0453125 0.175 0.0015625
0 0.3140625 0.0015625 0.303125 0.0015625 0.303125 0.0234375 0.3140625 0.0234375 0.3140625 0.0015625
0 0.71875 0.875 0.6234375 0.875 0.6234375 1.0 0.71875 1.0 0.71875 0.875
0 1.0 0.7390625 0.909375 0.7390625 0.909375 0.8875 1.0 0.8875 1.0 0.7390625
0 1.0 0.609375 0.975 0.609375 0.975 0.703125 1.0 0.703125 1.0 0.609375
0 0.1015625 0.9296875 0.0015625 0.9296875 0.0015625 1.0 0.1015625 1.0 0.1015625 0.9296875
0 0.1390625 0.609375 0.0015625 0.609375 0.0015625 0.8421875 0.1390625 0.8421875 0.1390625 0.609375
0 0.146875 0.6421875 0.0546875 0.6421875 0.0546875 0.771875 0.146875 0.771875 0.146875 0.6421875
0 0.1625 0.4703125 0.0953125 0.4703125 0.0953125 0.6328125 0.1625 0.6328125 0.1625 0.4703125
0 0.346875 0.13125 0.075 0.13125 0.075 0.4234375 0.346875 0.4234375 0.346875 0.13125
0 0.04375 0.0078125 0.0015625 0.0078125 0.0015625 0.0546875 0.04375 0.0546875 0.04375 0.0078125
0 0.3640625 0.0015625 0.2265625 0.0015625 0.2265625 0.1203125 0.3640625 0.1203125 0.3640625 0.0015625
0 0.1265625 0.0015625 0.071875 0.0015625 0.071875 0.0546875 0.1265625 0.0546875 0.1265625 0.0015625
0 0.8953125 0.7953125 0.7109375 0.7953125 0.7109375 1.0 0.8953125 1.0 0.8953125 0.7953125
0 0.578125 0.840625 0.44375 0.840625 0.44375 1.0 0.578125 1.0 0.578125 0.840625
0 0.715625 0.7640625 0.6296875 0.7640625 0.6296875 0.8859375 0.715625 0.8859375 0.715625 0.7640625
0 0.76875 0.5984375 0.65625 0.5984375 0.65625 0.7453125 0.76875 0.7453125 0.76875 0.5984375
0 0.6171875 0.5609375 0.484375 0.5609375 0.484375 0.678125 0.6171875 0.678125 0.6171875 0.5609375
0 0.9046875 0.3453125 0.815625 0.3453125 0.815625 0.6578125 0.9046875 0.6578125 0.9046875 0.3453125
0 0.6421875 0.365625 0.484375 0.365625 0.484375 0.5609375 0.6421875 0.5609375 0.6421875 0.365625
0 0.8375 0.3953125 0.7328125 0.3953125 0.7328125 0.596875 0.8375 0.596875 0.8375 0.3953125
0 0.7828125 0.2078125 0.665625 0.2078125 0.665625 0.5421875 0.7828125 0.5421875 0.7828125 0.2078125
0 0.9765625 0.0953125 0.7390625 0.0953125 0.7390625 0.3421875 0.9765625 0.3421875 0.9765625 0.0953125
0 0.5890625 0.0015625 0.40625 0.0015625 0.40625 0.3484375 0.5890625 0.3484375 0.5890625 0.0015625
0 0.71875 0.0890625 0.6203125 0.0890625 0.6203125 0.3375 0.71875 0.3375 0.71875 0.0890625
0 0.871875 0.0015625 0.7625 0.0015625 0.7625 0.040625 0.871875 0.040625 0.871875 0.0015625
0 1.0 0.7125 0.9046875 0.7125 0.9046875 0.809375 1.0 0.809375 1.0 0.7125
0 0.040625 0.2703125 0.0015625 0.2703125 0.0015625 0.559375 0.040625 0.559375 0.040625 0.2703125
0 0.2484375 0.04375 0.1015625 0.04375 0.1015625 0.2015625 0.2484375 0.2015625 0.2484375 0.04375
0 0.85 0.8625 0.7515625 0.8625 0.7515625 1.0 0.85 1.0 0.85 0.8625
0 0.384375 0.4515625 0.0015625 0.4515625 0.0015625 1.0 0.384375 1.0 0.384375 0.4515625
0 0.415625 0.0015625 0.0015625 0.0015625 0.0015625 0.234375 0.415625 0.234375 0.415625 0.0015625
0 0.1984375 0.2328125 0.015625 0.2328125 0.015625 0.5671875 0.1984375 0.5671875 0.1984375 0.2328125
0 1.0 0.0015625 0.19375 0.0015625 0.19375 1.0 1.0 1.0 1.0 0.0015625
0 0.8671875 0.2265625 0.775 0.2265625 0.775 0.3421875 0.8671875 0.3421875 0.8671875 0.2265625
