0 1.0 0.05625 0.8296875 0.05625 0.8296875 0.2421875 1.0 0.2421875 1.0 0.05625
0 0.7921875 0.75 0.5484375 0.75 0.5484375 1.0 0.7921875 1.0 0.7921875 0.75
0 0.5140625 0.3609375 0.396875 0.3609375 0.396875 0.5828125 0.5140625 0.5828125 0.5140625 0.3609375
0 0.7453125 0.86875 0.6796875 0.86875 0.6796875 1.0 0.7453125 1.0 0.7453125 0.86875
0 0.225 0.9125 0.1375 0.9125 0.1375 1.0 0.225 1.0 0.225 0.9125
0 0.3390625 0.3390625 0.1296875 0.3390625 0.1296875 0.7078125 0.3390625 0.7078125 0.3390625 0.3390625
0 0.0390625 0.578125 0.0015625 0.578125 0.0015625 0.6421875 0.0390625 0.6421875 0.0390625 0.578125
0 0.49375 0.2578125 0.3375 0.2578125 0.3375 0.478125 0.49375 0.478125 0.49375 0.2578125
0 0.6234375 0.8296875 0.56875 0.8296875 0.56875 1.0 0.6234375 1.0 0.6234375 0.8296875
0 1.0 0.709375 0.8453125 0.709375 0.8453125 1.0 1.0 1.0 1.0 0.709375
0 0.7203125 0.7609375 0.6 0.7609375 0.6 0.8625 0.7203125 0.8625 0.7203125 0.7609375
0 0.8390625 0.6109375 0.6703125 0.6109375 0.6703125 0.765625 0.8390625 0.765625 0.8390625 0.6109375
0 1.0 0.6546875 0.9734375 0.6546875 0.9734375 0.7046875 1.0 0.7046875 1.0 0.6546875
0 0.815625 0.20625 0.61875 0.20625 0.61875 0.60625 0.815625 0.60625 0.815625 0.20625
0 1.0 0.0015625 0.0015625 0.0015625 0.0015625 1.0 1.0 1.0 1.0 0.0015625
0 0.671875 0.875 0.603125 0.875 0.603125 1.0 0.671875 1.0 0.671875 0.875
