0 0.584375 0.803125 0.4796875 0.803125 0.4796875 0.9109375 0.584375 0.9109375 0.584375 0.803125
0 0.68125 0.6828125 0.5671875 0.6828125 0.5671875 0.8515625 0.68125 0.8515625 0.68125 0.6828125
0 0.4375 0.78125 0.15625 0.78125 0.15625 1.0 0.4375 1.0 0.4375 0.78125
0 0.8453125 0.60625 0.6515625 0.60625 0.6515625 0.73125 0.8453125 0.73125 0.8453125 0.60625
0 0.678125 0.234375 0.5 0.234375 0.5 0.3515625 0.678125 0.3515625 0.678125 0.234375
0 0.89375 0.6890625 0.83125 0.6890625 0.83125 0.8234375 0.89375 0.8234375 0.89375 0.6890625
0 1.0 0.86875 0.965625 0.86875 0.965625 1.0 1.0 1.0 1.0 0.86875
0 0.88125 0.9109375 0.825 0.9109375 0.825 1.0 0.88125 1.0 0.88125 0.9109375
0 0.3515625 0.459375 0.2890625 0.459375 0.2890625 0.5984375 0.3515625 0.5984375 0.3515625 0.459375
0 0.0890625 0.2 0.0015625 0.2 0.0015625 0.353125 0.0890625 0.353125 0.0890625 0.2
0 0.8796875 0.5234375 0.7328125 0.5234375 0.7328125 0.6234375 0.8796875 0.6234375 0.8796875 0.5234375
0 0.871875 0.2703125 0.7234375 0.2703125 0.7234375 0.4015625 0.871875 0.4015625 0.871875 0.2703125
0 0.646875 0.534375 0.5234375 0.534375 0.5234375 0.6671875 0.646875 0.6671875 0.646875 0.534375
0 0.346875 0.934375 0.2265625 0.934375 0.2265625 1.0 0.346875 1.0 0.346875 0.934375
0 0.48125 0.915625 0.3859375 0.915625 0.3859375 1.0 0.48125 1.0 0.48125 0.915625
0 0.6453125 0.446875 0.5265625 0.446875 0.5265625 0.5125 0.6453125 0.5125 0.6453125 0.446875
0 0.9890625 0.09375 0.6703125 0.09375 0.6703125 0.2734375 0.9890625 0.2734375 0.9890625 0.09375
0 1.0 0.1421875 0.9796875 0.1421875 0.9796875 0.1921875 1.0 0.1921875 1.0 0.1421875
0 0.8375 0.0015625 0.734375 0.0015625 0.734375 0.0828125 0.8375 0.0828125 0.8375 0.0015625
0 0.921875 0.95 0.8578125 0.95 0.8578125 1.0 0.921875 1.0 0.921875 0.95
0 0.809375 0.315625 0.6484375 0.315625 0.6484375 0.415625 0.809375 0.415625 0.809375 0.315625
0 0.68125 0.0015625 0.4765625 0.0015625 0.4765625 0.225 0.68125 0.225 0.68125 0.0015625
0 0.0296875 0.140625 0.0015625 0.140625 0.0015625 0.2046875 0.0296875 0.2046875 0.0296875 0.140625
0 0.2234375 0.26875 0.1015625 0.26875 0.1015625 0.5265625 0.2234375 0.5265625 0.2234375 0.26875
0 0.4828125 0.8421875 0.4125 0.8421875 0.4125 0.96875 0.4828125 0.96875 0.4828125 0.8421875
0 0.8265625 0.440625 0.728125 0.440625 0.728125 0.540625 0.8265625 0.540625 0.8265625 0.440625
0 0.7640625 0.2203125 0.625 0.2203125 0.625 0.3078125 0.7640625 0.3078125 0.7640625 0.2203125
0 0.11875 0.2921875 0.0015625 0.2921875 0.0015625 0.9515625 0.11875 0.9515625 0.11875 0.2921875
0 1.0 0.0015625 0.090625 0.0015625 0.090625 1.0 1.0 1.0 1.0 0.0015625
0 0.384375 0.8828125 0.2421875 0.8828125 0.2421875 1.0 0.384375 1.0 0.384375 0.8828125
0 0.11875 0.0625 0.0078125 0.0625 0.0078125 0.2828125 0.11875 0.2828125 0.11875 0.0625
