0 0.25625 0.640625 0.1703125 0.640625 0.1703125 0.796875 0.25625 0.796875 0.25625 0.640625
0 0.071875 0.5453125 0.0015625 0.5453125 0.0015625 0.709375 0.071875 0.709375 0.071875 0.5453125
0 0.7359375 0.1234375 0.0015625 0.1234375 0.0015625 1.0 0.7359375 1.0 0.7359375 0.1234375
0 0.1109375 0.015625 0.0015625 0.015625 0.0015625 0.128125 0.1109375 0.128125 0.1109375 0.015625
0 0.971875 0.0015625 0.575 0.0015625 0.575 0.3453125 0.971875 0.3453125 0.971875 0.0015625
0 0.771875 0.4046875 0.50625 0.4046875 0.50625 0.828125 0.771875 0.828125 0.771875 0.4046875
0 0.5609375 0.028125 0.2109375 0.028125 0.2109375 0.3890625 0.5609375 0.3890625 0.5609375 0.028125
0 0.8515625 0.671875 0.7671875 0.671875 0.7671875 0.8828125 0.8515625 0.8828125 0.8515625 0.671875
0 0.9859375 0.31875 0.8484375 0.31875 0.8484375 0.5203125 0.9859375 0.5203125 0.9859375 0.31875
0 1.0 0.140625 0.9703125 0.140625 0.9703125 0.36875 1.0 0.36875 1.0 0.140625
