0 0.9609375 0.928125 0.89375 0.928125 0.89375 1.0 0.9609375 1.0 0.9609375 0.928125
0 1.0 0.878125 0.921875 0.878125 0.921875 0.9578125 1.0 0.9578125 1.0 0.878125
0 0.1484375 0.39375 0.021875 0.39375 0.021875 0.6328125 0.1484375 0.6328125 0.1484375 0.39375
0 0.0078125 0.146875 0.0015625 0.146875 0.0015625 0.2234375 0.0078125 0.2234375 0.0078125 0.146875
0 0.2359375 0.996875 0.2265625 0.996875 0.2265625 1.0 0.2359375 1.0 0.2359375 0.996875
0 0.08125 0.7 0.0015625 0.7 0.0015625 1.0 0.08125 1.0 0.08125 0.7
0 0.3015625 0.5625 0.14375 0.5625 0.14375 0.759375 0.3015625 0.759375 0.3015625 0.5625
0 0.04375 0.3796875 0.0015625 0.3796875 0.0015625 0.6203125 0.04375 0.6203125 0.04375 0.3796875
0 0.9328125 0.859375 0.8484375 0.859375 0.8484375 1.0 0.9328125 1.0 0.9328125 0.859375
0 0.9015625 0.34375 0.8359375 0.34375 0.8359375 0.5046875 0.9015625 0.5046875 0.9015625 0.34375
0 1.0 0.525 0.8921875 0.525 0.8921875 0.7828125 1.0 0.7828125 1.0 0.525
0 0.1234375 0.1359375 0.0015625 0.1359375 0.0015625 0.3859375 0.1234375 0.3859375 0.1234375 0.1359375
0 0.478125 0.215625 0.2984375 0.215625 0.2984375 0.4015625 0.478125 0.4015625 0.478125 0.215625
0 0.43125 0.06875 0.290625 0.06875 0.290625 0.1671875 0.43125 0.1671875 0.43125 0.06875
0 1.0 0.0015625 0.0015625 0.0015625 0.0015625 1.0 1.0 1.0 1.0 0.0015625
0 0.0265625 0.8921875 0.0015625 0.8921875 0.0015625 1.0 0.0265625 1.0 0.0265625 0.8921875
0 0.1 0.81875 0.05625 0.81875 0.05625 1.0 0.1 1.0 0.1 0.81875
0 0.353125 0.6078125 0.125 0.6078125 0.125 1.0 0.353125 1.0 0.353125 0.6078125
0 0.00625 0.2234375 0.0015625 0.2234375 0.0015625 0.3015625 0.00625 0.3015625 0.00625 0.2234375
0 0.70625 0.6703125 0.5328125 0.6703125 0.5328125 1.0 0.70625 1.0 0.70625 0.6703125
0 0.9984375 0.3171875 0.65625 0.3171875 0.65625 0.7625 0.9984375 0.7625 0.9984375 0.3171875
0 0.9234375 0.828125 0.8109375 0.828125 0.8109375 1.0 0.9234375 1.0 0.9234375 0.828125
0 1.0 0.3640625 0.9484375 0.3640625 0.9484375 0.740625 1.0 0.740625 1.0 0.3640625
