0 0.415625 0.521875 0.2546875 0.521875 0.2546875 0.6984375 0.415625 0.6984375 0.415625 0.521875
0 0.15 0.0015625 0.1171875 0.0015625 0.1171875 0.0296875 0.15 0.0296875 0.15 0.0015625
0 0.05625 0.85 0.0015625 0.85 0.0015625 0.9640625 0.05625 0.9640625 0.05625 0.85
0 0.9703125 0.2390625 0.8625 0.2390625 0.8625 0.3609375 0.9703125 0.3609375 0.9703125 0.2390625
0 0.0875 0.0015625 0.0015625 0.0015625 0.0015625 0.0953125 0.0875 0.0953125 0.0875 0.0015625
0 0.8625 0.5765625 0.7625 0.5765625 0.7625 0.6828125 0.8625 0.6828125 0.8625 0.5765625
0 0.040625 0.4296875 0.0015625 0.4296875 0.0015625 0.5359375 0.040625 0.5359375 0.040625 0.4296875
0 0.3265625 0.2671875 0.2015625 0.2671875 0.2015625 0.490625 0.3265625 0.490625 0.3265625 0.2671875
0 0.4453125 0.396875 0.353125 0.396875 0.353125 0.5078125 0.4453125 0.5078125 0.4453125 0.396875
0 0.25625 0.3859375 0.125 0.3859375 0.125 0.5109375 0.25625 0.5109375 0.25625 0.3859375
0 0.10625 0.0015625 0.0015625 0.0015625 0.0015625 0.3015625 0.10625 0.3015625 0.10625 0.0015625
0 0.36875 0.0625 0.2375 0.0625 0.2375 0.190625 0.36875 0.190625 0.36875 0.0625
0 0.75 0.7765625 0.665625 0.7765625 0.665625 0.9234375 0.75 0.9234375 0.75 0.7765625
0 1.0 0.73125 0.90625 0.73125 0.90625 0.8921875 1.0 0.8921875 1.0 0.73125
0 0.8140625 0.5515625 0.7265625 0.5515625 0.7265625 0.678125 0.8140625 0.678125 0.8140625 0.5515625
0 0.8171875 0.28125 0.6671875 0.28125 0.6671875 0.359375 0.8171875 0.359375 0.8171875 0.28125
0 0.128125 0.86875 0.021875 0.86875 0.021875 1.0 0.128125 1.0 0.128125 0.86875
0 0.5859375 0.7578125 0.3921875 0.7578125 0.3921875 1.0 0.5859375 1.0 0.5859375 0.7578125
0 0.1625 0.6484375 0.05625 0.6484375 0.05625 0.86875 0.1625 0.86875 0.1625 0.6484375
0 0.7203125 0.6625 0.5890625 0.6625 0.5890625 0.8421875 0.7203125 0.8421875 0.7203125 0.6625
0 0.90625 0.5015625 0.8328125 0.5015625 0.8328125 0.6625 0.90625 0.6625 0.90625 0.5015625
0 0.65625 0.7625 0.5546875 0.7625 0.5546875 0.8765625 0.65625 0.8765625 0.65625 0.7625
0 1.0 0.5140625 0.9234375 0.5140625 0.9234375 0.6046875 1.0 0.6046875 1.0 0.5140625
0 0.6921875 0.3328125 0.5828125 0.3328125 0.5828125 0.4328125 0.6921875 0.4328125 0.6921875 0.3328125
0 0.30625 0.7984375 0.18125 0.7984375 0.18125 0.890625 0.30625 0.890625 0.30625 0.7984375
0 0.4640625 0.853125 0.334375 0.853125 0.334375 1.0 0.4640625 1.0 0.4640625 0.853125
0 1.0 0.4046875 0.925 0.4046875 0.925 0.578125 1.0 0.578125 1.0 0.4046875
0 0.0046875 0.159375 0.0015625 0.159375 0.0015625 0.171875 0.0046875 0.171875 0.0046875 0.159375
0 0.0296875 0.9640625 0.0015625 0.9640625 0.0015625 1.0 0.0296875 1.0 0.0296875 0.9640625
0 0.225 0.7328125 0.1265625 0.7328125 0.1265625 0.9296875 0.225 0.9296875 0.225 0.7328125
0 0.1421875 0.590625 0.0015625 0.590625 0.0015625 0.778125 0.1421875 0.778125 0.1421875 0.590625
0 0.3125 0.2296875 0.0609375 0.2296875 0.0609375 0.7265625 0.3125 0.7265625 0.3125 0.2296875
0 0.70625 0.403125 0.3296875 0.403125 0.3296875 0.6765625 0.70625 0.6765625 0.70625 0.403125
0 0.0640625 0.2453125 0.0015625 0.2453125 0.0015625 0.4296875 0.0640625 0.4296875 0.0640625 0.2453125
0 0.4140625 0.18125 0.2875 0.18125 0.2875 0.33125 0.4140625 0.33125 0.4140625 0.18125
0 0.3109375 0.1640625 0.1484375 0.1640625 0.1484375 0.3375 0.3109375 0.3375 0.3109375 0.1640625
0 0.4765625 0.0015625 0.290625 0.0015625 0.290625 0.171875 0.4765625 0.171875 0.4765625 0.0015625
0 0.29375 0.0015625 0.2265625 0.0015625 0.2265625 0.0453125 0.29375 0.0453125 0.29375 0.0015625
0 0.1109375 0.0015625 0.0828125 0.0015625 0.0828125 0.025 0.1109375 0.025 0.1109375 0.0015625
0 0.7515625 0.6171875 0.634375 0.6171875 0.634375 0.834375 0.7515625 0.834375 0.7515625 0.6171875
0 0.9578125 0.3890625 0.853125 0.3890625 0.853125 0.5109375 0.9578125 0.5109375 0.9578125 0.3890625
0 0.825 0.025 0.5921875 0.025 0.5921875 0.30625 0.825 0.30625 0.825 0.025
0 0.94375 0.0015625 0.7953125 0.0015625 0.7953125 0.184375 0.94375 0.184375 0.94375 0.0015625
0 0.4078125 0.6421875 0.23125 0.6421875 0.23125 0.84375 0.4078125 0.84375 0.4078125 0.6421875
0 0.1078125 0.6265625 0.0109375 0.6265625 0.0109375 0.775 0.1078125 0.775 0.1078125 0.6265625
0 0.034375 0.534375 0.0015625 0.534375 0.0015625 0.6296875 0.034375 0.6296875 0.034375 0.534375
0 0.6421875 0.528125 0.515625 0.528125 0.515625 0.7109375 0.6421875 0.7109375 0.6421875 0.528125
0 0.0359375 0.325 0.0015625 0.325 0.0015625 0.4296875 0.0359375 0.4296875 0.0359375 0.325
0 0.171875 0.496875 0.0015625 0.496875 0.0015625 0.8609375 0.171875 0.8609375 0.171875 0.496875
0 0.621875 0.25625 0.1546875 0.25625 0.1546875 0.9953125 0.621875 0.9953125 0.621875 0.25625
0 0.6109375 0.0015625 0.053125 0.0015625 0.053125 0.4453125 0.6109375 0.4453125 0.6109375 0.0015625
0 0.034375 0.046875 0.0015625 0.046875 0.0015625 0.1 0.034375 0.1 0.034375 0.046875
0 0.6203125 0.859375 0.534375 0.859375 0.534375 0.9828125 0.6203125 0.9828125 0.6203125 0.859375
0 0.8421875 0.7296875 0.753125 0.7296875 0.753125 0.8921875 0.8421875 0.8921875 0.8421875 0.7296875
0 0.8734375 0.2546875 0.4484375 0.2546875 0.4484375 0.6328125 0.8734375 0.6328125 0.8734375 0.2546875
0 1.0 0.0015625 0.5734375 0.0015625 0.5734375 0.4234375 1.0 0.4234375 1.0 0.0015625
0 0.775 0.0015625 0.6125 0.0015625 0.6125 0.140625 0.775 0.140625 0.775 0.0015625
0 0.8875 0.0203125 0.79375 0.0203125 0.79375 0.165625 0.8875 0.165625 0.8875 0.0203125
0 0.6625 0.925 0.6 0.925 0.6 1.0 0.6625 1.0 0.6625 0.925
0 0.965625 0.84375 0.790625 0.84375 0.790625 0.990625 0.965625 0.990625 0.965625 0.84375
0 0.2171875 0.9203125 0.103125 0.9203125 0.103125 1.0 0.2171875 1.0 0.2171875 0.9203125
0 0.9453125 0.7921875 0.8375 0.7921875 0.8375 0.903125 0.9453125 0.903125 0.9453125 0.7921875
