0 0.803125 0.709375 0.69375 0.709375 0.69375 0.8609375 0.803125 0.8609375 0.803125 0.709375
0 0.6921875 0.4984375 0.453125 0.4984375 0.453125 0.6015625 0.6921875 0.6015625 0.6921875 0.4984375
0 0.396875 0.3734375 0.1609375 0.3734375 0.1609375 0.45625 0.396875 0.45625 0.396875 0.3734375
0 0.5140625 0.86875 0.3421875 0.86875 0.3421875 1.0 0.5140625 1.0 0.5140625 0.86875
0 0.2484375 0.946875 0.121875 0.946875 0.121875 1.0 0.2484375 1.0 0.2484375 0.946875
0 0.5125 0.621875 0.3296875 0.621875 0.3296875 0.8109375 0.5125 0.8109375 0.5125 0.621875
0 0.7765625 0.5546875 0.678125 0.5546875 0.678125 0.665625 0.7765625 0.665625 0.7765625 0.5546875
0 0.4875 0.259375 0.2828125 0.259375 0.2828125 0.321875 0.4875 0.321875 0.4875 0.259375
0 0.9140625 0.278125 0.740625 0.278125 0.740625 0.3890625 0.9140625 0.3890625 0.9140625 0.278125
0 0.45 0.521875 0.290625 0.521875 0.290625 0.6859375 0.45 0.6859375 0.45 0.521875
0 0.2359375 0.3765625 0.1328125 0.3765625 0.1328125 0.503125 0.2359375 0.503125 0.2359375 0.3765625
0 0.765625 0.6625 0.6828125 0.6625 0.6828125 0.8140625 0.765625 0.8140625 0.765625 0.6625
0 0.1046875 0.8609375 0.0015625 0.8609375 0.0015625 1.0 0.1046875 1.0 0.1046875 0.8609375
0 0.1171875 0.690625 0.021875 0.690625 0.021875 0.840625 0.1171875 0.840625 0.1171875 0.690625
0 0.334375 0.471875 0.190625 0.471875 0.190625 0.596875 0.334375 0.596875 0.334375 0.471875
0 0.4234375 0.1125 0.1734375 0.1125 0.1734375 0.1984375 0.4234375 0.1984375 0.4234375 0.1125
0 0.7953125 0.9796875 0.7359375 0.9796875 0.7359375 1.0 0.7953125 1.0 0.7953125 0.9796875
0 0.975 0.5453125 0.7578125 0.5453125 0.7578125 0.8140625 0.975 0.8140625 0.975 0.5453125
0 0.65 0.5546875 0.4765625 0.5546875 0.4765625 0.6265625 0.65 0.6265625 0.65 0.5546875
0 0.4953125 0.44375 0.3609375 0.44375 0.3609375 0.55 0.4953125 0.55 0.4953125 0.44375
0 0.9734375 0.3453125 0.8046875 0.3453125 0.8046875 0.525 0.9734375 0.525 0.9734375 0.3453125
0 0.846875 0.15625 0.68125 0.15625 0.68125 0.31875 0.846875 0.31875 0.846875 0.15625
0 1.0 0.00625 0.9296875 0.00625 0.9296875 0.25 1.0 0.25 1.0 0.00625
0 0.678125 0.0015625 0.6046875 0.0015625 0.6046875 0.246875 0.678125 0.246875 0.678125 0.0015625
0 0.94375 0.0015625 0.7140625 0.0015625 0.7140625 0.15 0.94375 0.15 0.94375 0.0015625
0 0.3796875 0.553125 0.240625 0.553125 0.240625 0.63125 0.3796875 0.63125 0.3796875 0.553125
0 0.83125 0.8921875 0.6953125 0.8921875 0.6953125 1.0 0.83125 1.0 0.83125 0.8921875
0 1.0 0.690625 0.909375 0.690625 0.909375 0.8828125 1.0 0.8828125 1.0 0.690625
0 0.784375 0.175 0.65 0.175 0.65 0.28125 0.784375 0.28125 0.784375 0.175
0 0.4265625 0.0015625 0.3453125 0.0015625 0.3453125 0.0796875 0.4265625 0.0796875 0.4265625 0.0015625
0 0.946875 0.8453125 0.7640625 0.8453125 0.7640625 1.0 0.946875 1.0 0.946875 0.8453125
0 1.0 0.8796875 0.9765625 0.8796875 0.9765625 0.96875 1.0 0.96875 1.0 0.8796875
0 0.146875 0.7484375 0.084375 0.7484375 0.084375 0.9203125 0.146875 0.9203125 0.146875 0.7484375
0 1.0 0.615625 0.9109375 0.615625 0.9109375 0.7046875 1.0 0.7046875 1.0 0.615625
0 0.6640625 0.3765625 0.384375 0.3765625 0.384375 0.703125 0.6640625 0.703125 0.6640625 0.3765625
0 0.6140625 0.203125 0.390625 0.203125 0.390625 0.26875 0.6140625 0.26875 0.6140625 0.203125
0 1.0 0.0015625 0.9140625 0.0015625 0.9140625 0.2109375 1.0 0.2109375 1.0 0.0015625
0 0.6109375 0.3578125 0.5328125 0.3578125 0.5328125 0.528125 0.6109375 0.528125 0.6109375 0.3578125
0 0.4609375 0.278125 0.3046875 0.278125 0.3046875 0.371875 0.4609375 0.371875 0.4609375 0.278125
0 0.6265625 0.1859375 0.4625 0.1859375 0.4625 0.2875 0.6265625 0.2875 0.6265625 0.1859375
0 1.0 0.896875 0.85 0.896875 0.85 1.0 1.0 1.0 1.0 0.896875
0 1.0 0.44375 0.9484375 0.44375 0.9484375 0.534375 1.0 0.534375 1.0 0.44375
0 0.3984375 0.0015625 0.3296875 0.0015625 0.3296875 0.134375 0.3984375 0.134375 0.3984375 0.0015625
0 0.00625 0.85625 0.0015625 0.85625 0.0015625 0.8703125 0.00625 0.8703125 0.00625 0.85625
0 0.128125 0.8765625 0.0015625 0.8765625 0.0015625 1.0 0.128125 1.0 0.128125 0.8765625
0 0.28125 0.1203125 0.121875 0.1203125 0.121875 0.271875 0.28125 0.271875 0.28125 0.1203125
0 0.775 0.8390625 0.64375 0.8390625 0.64375 0.9171875 0.775 0.9171875 0.775 0.8390625
0 1.0 0.7796875 0.7859375 0.7796875 0.7859375 0.95625 1.0 0.95625 1.0 0.7796875
0 0.4765625 0.7578125 0.328125 0.7578125 0.328125 0.9015625 0.4765625 0.9015625 0.4765625 0.7578125
0 0.565625 0.309375 0.24375 0.309375 0.24375 0.56875 0.565625 0.56875 0.565625 0.309375
0 0.4125 0.4515625 0.2890625 0.4515625 0.2890625 0.54375 0.4125 0.54375 0.4125 0.4515625
0 1.0 0.41875 0.9234375 0.41875 0.9234375 0.5265625 1.0 0.5265625 1.0 0.41875
0 0.75625 0.259375 0.5953125 0.259375 0.5953125 0.4765625 0.75625 0.4765625 0.75625 0.259375
0 0.8265625 0.290625 0.7515625 0.290625 0.7515625 0.4328125 0.8265625 0.4328125 0.8265625 0.290625
0 0.5109375 0.15 0.2765625 0.15 0.2765625 0.284375 0.5109375 0.284375 0.5109375 0.15
0 0.9265625 0.371875 0.78125 0.371875 0.78125 0.4578125 0.9265625 0.4578125 0.9265625 0.371875
0 0.965625 0.11875 0.8265625 0.11875 0.8265625 0.29375 0.965625 0.29375 0.965625 0.11875
0 0.2796875 0.9109375 0.1421875 0.9109375 0.1421875 1.0 0.2796875 1.0 0.2796875 0.9109375
0 0.3703125 0.74375 0.259375 0.74375 0.259375 1.0 0.3703125 1.0 0.3703125 0.74375
0 0.04375 0.871875 0.0015625 0.871875 0.0015625 0.9125 0.04375 0.9125 0.04375 0.871875
0 0.046875 0.6484375 0.0015625 0.6484375 0.0015625 0.765625 0.046875 0.765625 0.046875 0.6484375
0 1.0 0.6796875 0.83125 0.6796875 0.83125 0.759375 1.0 0.759375 1.0 0.6796875
0 0.9296875 0.084375 0.8609375 0.084375 0.8609375 0.2234375 0.9296875 0.2234375 0.9296875 0.084375
0 0.84375 0.053125 0.690625 0.053125 0.690625 0.2203125 0.84375 0.2203125 0.84375 0.053125
0 1.0 0.0015625 0.98125 0.0015625 0.98125 0.0140625 1.0 0.0140625 1.0 0.0015625
0 0.321875 0.378125 0.0015625 0.378125 0.0015625 1.0 0.321875 1.0 0.321875 0.378125
0 0.1265625 0.0015625 0.0015625 0.0015625 0.0015625 0.0796875 0.1265625 0.0796875 0.1265625 0.0015625
0 0.28125 0.2046875 0.121875 0.2046875 0.121875 0.4296875 0.28125 0.4296875 0.28125 0.2046875
0 0.8953125 0.73125 0.8109375 0.73125 0.8109375 0.875 0.8953125 0.875 0.8953125 0.73125
