0 0.10625 0.709375 0.0203125 0.709375 0.0203125 0.9625 0.10625 0.9625 0.10625 0.709375
0 0.35 0.6734375 0.2109375 0.6734375 0.2109375 0.7953125 0.35 0.7953125 0.35 0.6734375
0 0.3484375 0.78125 0.2203125 0.78125 0.2203125 0.84375 0.3484375 0.84375 0.3484375 0.78125
0 0.1625 0.7140625 0.0015625 0.7140625 0.0015625 1.0 0.1625 1.0 0.1625 0.7140625
0 0.090625 0.671875 0.0015625 0.671875 0.0015625 0.859375 0.090625 0.859375 0.090625 0.671875
0 0.55 0.684375 0.134375 0.684375 0.134375 1.0 0.55 1.0 0.55 0.684375
0 0.215625 0.8171875 0.0015625 0.8171875 0.0015625 1.0 0.215625 1.0 0.215625 0.8171875
0 0.3125 0.884375 0.2015625 0.884375 0.2015625 1.0 0.3125 1.0 0.3125 0.884375
0 0.2109375 0.603125 0.0015625 0.603125 0.0015625 0.7140625 0.2109375 0.7140625 0.2109375 0.603125
0 0.078125 0.540625 0.0015625 0.540625 0.0015625 0.615625 0.078125 0.615625 0.078125 0.540625
0 0.103125 0.534375 0.0015625 0.534375 0.0015625 0.6734375 0.103125 0.6734375 0.103125 0.534375
0 0.0140625 0.7375 0.0015625 0.7375 0.0015625 0.8140625 0.0140625 0.8140625 0.0140625 0.7375
