0 0.159375 0.9125 0.0015625 0.9125 0.0015625 1.0 0.159375 1.0 0.159375 0.9125
0 0.1640625 0.5359375 0.0015625 0.5359375 0.0015625 0.6421875 0.1640625 0.6421875 0.1640625 0.5359375
0 0.8265625 0.4125 0.7234375 0.4125 0.7234375 0.6109375 0.8265625 0.6109375 0.8265625 0.4125
0 0.7578125 0.0015625 0.7078125 0.0015625 0.7078125 0.0140625 0.7578125 0.0140625 0.7578125 0.0015625
0 0.2296875 0.9140625 0.071875 0.9140625 0.071875 1.0 0.2296875 1.0 0.2296875 0.9140625
0 0.7984375 0.6109375 0.69375 0.6109375 0.69375 0.6921875 0.7984375 0.6921875 0.7984375 0.6109375
0 0.3984375 0.6765625 0.20625 0.6765625 0.20625 0.8109375 0.3984375 0.8109375 0.3984375 0.6765625
0 0.2765625 0.55 0.19375 0.55 0.19375 0.6671875 0.2765625 0.6671875 0.2765625 0.55
0 0.1890625 0.3734375 0.003125 0.3734375 0.003125 0.6734375 0.1890625 0.6734375 0.1890625 0.3734375
0 0.2484375 0.0015625 0.2359375 0.0015625 0.2359375 0.0078125 0.2484375 0.0078125 0.2484375 0.0015625
0 1.0 0.7828125 0.8875 0.7828125 0.8875 0.93125 1.0 0.93125 1.0 0.7828125
0 0.9515625 0.4078125 0.746875 0.4078125 0.746875 0.684375 0.9515625 0.684375 0.9515625 0.4078125
0 0.80625 0.015625 0.6546875 0.015625 0.6546875 0.20625 0.80625 0.20625 0.80625 0.015625
0 0.640625 0.0015625 0.421875 0.0015625 0.421875 0.103125 0.640625 0.103125 0.640625 0.0015625
0 0.071875 0.9953125 0.046875 0.9953125 0.046875 1.0 0.071875 1.0 0.071875 0.9953125
0 0.7921875 0.2125 0.6734375 0.2125 0.6734375 0.3015625 0.7921875 0.3015625 0.7921875 0.2125
0 0.128125 0.809375 0.0015625 0.809375 0.0015625 0.925 0.128125 0.925 0.128125 0.809375
0 0.85625 0.0015625 0.025 0.0015625 0.025 0.8578125 0.85625 0.8578125 0.85625 0.0015625
0 0.0484375 0.0015625 0.0015625 0.0015625 0.0015625 0.2234375 0.0484375 0.2234375 0.0484375 0.0015625
0 0.7875 0.284375 0.665625 0.284375 0.665625 0.4109375 0.7875 0.4109375 0.7875 0.284375
0 0.7203125 0.0015625 0.5796875 0.0015625 0.5796875 0.2125 0.7203125 0.2125 0.7203125 0.0015625
0 0.5875 0.80625 0.475 0.80625 0.475 1.0 0.5875 1.0 0.5875 0.80625
0 0.803125 0.8671875 0.6359375 0.8671875 0.6359375 1.0 0.803125 1.0 0.803125 0.8671875
0 0.1421875 0.6671875 0.0015625 0.6671875 0.0015625 0.8140625 0.1421875 0.8140625 0.1421875 0.6671875
