0 0.096875 0.0421875 0.0015625 0.0421875 0.0015625 0.196875 0.096875 0.196875 0.096875 0.0421875
0 0.3078125 0.0015625 0.08125 0.0015625 0.08125 0.1765625 0.3078125 0.1765625 0.3078125 0.0015625
0 1.0 0.5765625 0.959375 0.5765625 0.959375 0.75 1.0 0.75 1.0 0.5765625
0 1.0 0.8484375 1.0 0.8484375 1.0 0.853125 1.0 0.853125 1.0 0.8484375
0 0.946875 0.6140625 0.8375 0.6140625 0.8375 0.7609375 0.946875 0.7609375 0.946875 0.6140625
0 0.1546875 0.0015625 0.059375 0.0015625 0.059375 0.2734375 0.1546875 0.2734375 0.1546875 0.0015625
0 0.4921875 0.6609375 0.1640625 0.6609375 0.1640625 1.0 0.4921875 1.0 0.4921875 0.6609375
0 0.175 0.1796875 0.0015625 0.1796875 0.0015625 0.4421875 0.175 0.4421875 0.175 0.1796875
0 0.503125 0.0015625 0.1015625 0.0015625 0.1015625 0.73125 0.503125 0.73125 0.503125 0.0015625
0 0.665625 0.0015625 0.503125 0.0015625 0.503125 0.6671875 0.665625 0.6671875 0.665625 0.0015625
0 0.0578125 0.08125 0.0015625 0.08125 0.0015625 0.1640625 0.0578125 0.1640625 0.0578125 0.08125
0 1.0 0.53125 0.603125 0.53125 0.603125 1.0 1.0 1.0 1.0 0.53125
0 1.0 0.09375 0.725 0.09375 0.725 0.6234375 1.0 0.6234375 1.0 0.09375
0 0.7171875 0.0015625 0.6 0.0015625 0.6 0.2078125 0.7171875 0.2078125 0.7171875 0.0015625
0 0.296875 0.403125 0.0015625 0.403125 0.0015625 1.0 0.296875 1.0 0.296875 0.403125
0 0.0390625 0.1359375 0.0015625 0.1359375 0.0015625 0.346875 0.0390625 0.346875 0.0390625 0.1359375
0 0.7296875 0.3375 0.31875 0.3375 0.31875 1.0 0.7296875 1.0 0.7296875 0.3375
0 0.3375 0.2640625 0.128125 0.2640625 0.128125 0.4625 0.3375 0.4625 0.3375 0.2640625
0 1.0 0.0015625 0.5859375 0.0015625 0.5859375 0.8765625 1.0 0.8765625 1.0 0.0015625
0 1.0 0.0015625 0.7171875 0.0015625 0.7171875 0.065625 1.0 0.065625 1.0 0.0015625
0 0.953125 0.784375 0.875 0.784375 0.875 0.959375 0.953125 0.959375 0.953125 0.784375
0 0.6640625 0.70625 0.5671875 0.70625 0.5671875 0.915625 0.6640625 0.915625 0.6640625 0.70625
