0 0.0640625 0.0015625 0.0578125 0.0015625 0.0578125 0.0015625 0.0640625 0.0015625 0.0640625 0.0015625
0 0.590625 0.7109375 0.5140625 0.7109375 0.5140625 0.975 0.590625 0.975 0.590625 0.7109375
0 0.4015625 0.0953125 0.340625 0.0953125 0.340625 0.24375 0.4015625 0.24375 0.4015625 0.0953125
0 0.3046875 0.065625 0.1265625 0.065625 0.1265625 0.225 0.3046875 0.225 0.3046875 0.065625
0 0.571875 0.8140625 0.4875 0.8140625 0.4875 0.9671875 0.571875 0.9671875 0.571875 0.8140625
0 0.9734375 0.334375 0.84375 0.334375 0.84375 0.425 0.9734375 0.425 0.9734375 0.334375
0 0.3453125 0.0015625 0.2390625 0.0015625 0.2390625 0.13125 0.3453125 0.13125 0.3453125 0.0015625
0 0.021875 0.8390625 0.0015625 0.8390625 0.0015625 0.9703125 0.021875 0.9703125 0.021875 0.8390625
0 0.8546875 0.6375 0.7515625 0.6375 0.7515625 0.7484375 0.8546875 0.7484375 0.8546875 0.6375
0 0.2859375 0.2140625 0.125 0.2140625 0.125 0.35625 0.2859375 0.35625 0.2859375 0.2140625
0 0.2578125 0.0015625 0.1546875 0.0015625 0.1546875 0.08125 0.2578125 0.08125 0.2578125 0.0015625
0 0.3703125 0.0015625 0.3234375 0.0015625 0.3234375 0.0390625 0.3703125 0.0390625 0.3703125 0.0015625
0 0.0828125 0.9453125 0.0015625 0.9453125 0.0015625 1.0 0.0828125 1.0 0.0828125 0.9453125
0 0.34375 0.9125 0.2453125 0.9125 0.2453125 1.0 0.34375 1.0 0.34375 0.9125
0 0.3375 0.5671875 0.1578125 0.5671875 0.1578125 0.9125 0.3375 0.9125 0.3375 0.5671875
0 0.0796875 0.6765625 0.0015625 0.6765625 0.0015625 0.8375 0.0796875 0.8375 0.0796875 0.6765625
0 0.91875 0.05 0.8140625 0.05 0.8140625 0.353125 0.91875 0.353125 0.91875 0.05
0 0.3609375 0.0609375 0.1625 0.0609375 0.1625 0.240625 0.3609375 0.240625 0.3609375 0.0609375
0 0.0046875 0.734375 0.0015625 0.734375 0.0015625 0.759375 0.0046875 0.759375 0.0046875 0.734375
0 0.571875 0.0015625 0.4359375 0.0015625 0.4359375 0.0671875 0.571875 0.0671875 0.571875 0.0015625
0 0.7703125 0.0015625 0.721875 0.0015625 0.721875 0.028125 0.7703125 0.028125 0.7703125 0.0015625
0 1.0 0.0015625 0.9359375 0.0015625 0.9359375 0.040625 1.0 0.040625 1.0 0.0015625
0 0.1796875 0.790625 0.078125 0.790625 0.078125 1.0 0.1796875 1.0 0.1796875 0.790625
0 0.5921875 0.896875 0.4890625 0.896875 0.4890625 1.0 0.5921875 1.0 0.5921875 0.896875
0 0.7640625 0.41875 0.6296875 0.41875 0.6296875 0.6078125 0.7640625 0.6078125 0.7640625 0.41875
0 0.79375 0.0015625 0.771875 0.0015625 0.771875 0.0046875 0.79375 0.0046875 0.79375 0.0015625
0 0.15 0.8171875 0.0015625 0.8171875 0.0015625 0.96875 0.15 0.96875 0.15 0.8171875
0 0.3234375 0.5953125 0.1875 0.5953125 0.1875 0.740625 0.3234375 0.740625 0.3234375 0.5953125
0 0.2078125 0.43125 0.00625 0.43125 0.00625 0.6 0.2078125 0.6 0.2078125 0.43125
0 0.425 0.1203125 0.2484375 0.1203125 0.2484375 0.50625 0.425 0.50625 0.425 0.1203125
0 0.2328125 0.203125 0.065625 0.203125 0.065625 0.3 0.2328125 0.3 0.2328125 0.203125
0 0.1703125 0.0015625 0.0265625 0.0015625 0.0265625 0.065625 0.1703125 0.065625 0.1703125 0.0015625
0 0.4890625 0.7609375 0.3296875 0.7609375 0.3296875 1.0 0.4890625 1.0 0.4890625 0.7609375
0 0.5546875 0.60625 0.48125 0.60625 0.48125 0.834375 0.5546875 0.834375 0.5546875 0.60625
0 0.5 0.465625 0.4 0.465625 0.4 0.640625 0.5 0.640625 0.5 0.465625
0 0.9828125 0.2375 0.875 0.2375 0.875 0.365625 0.9828125 0.365625 0.9828125 0.2375
0 0.8671875 0.0015625 0.5734375 0.0015625 0.5734375 0.3109375 0.8671875 0.3109375 0.8671875 0.0015625
0 1.0 0.1 0.9 0.1 0.9 0.2453125 1.0 0.2453125 1.0 0.1
0 0.553125 0.0125 0.4125 0.0125 0.4125 0.2546875 0.553125 0.2546875 0.553125 0.0125
0 0.6125 0.696875 0.5453125 0.696875 0.5453125 0.98125 0.6125 0.98125 0.6125 0.696875
0 0.784375 0.1984375 0.5375 0.1984375 0.5375 0.35 0.784375 0.35 0.784375 0.1984375
0 0.053125 0.296875 0.0015625 0.296875 0.0015625 0.4640625 0.053125 0.4640625 0.053125 0.296875
0 0.10625 0.0203125 0.0015625 0.0203125 0.0015625 0.13125 0.10625 0.13125 0.10625 0.0203125
0 0.2265625 0.6828125 0.1390625 0.6828125 0.1390625 0.9390625 0.2265625 0.9390625 0.2265625 0.6828125
0 0.8734375 0.54375 0.7796875 0.54375 0.7796875 0.7734375 0.8734375 0.7734375 0.8734375 0.54375
0 0.4328125 0.0015625 0.3703125 0.0015625 0.3703125 0.034375 0.4328125 0.034375 0.4328125 0.0015625
0 0.671875 0.0015625 0.0109375 0.0015625 0.0109375 0.8125 0.671875 0.8125 0.671875 0.0015625
0 0.615625 0.9609375 0.471875 0.9609375 0.471875 1.0 0.615625 1.0 0.615625 0.9609375
0 0.440625 0.94375 0.3859375 0.94375 0.3859375 1.0 0.440625 1.0 0.440625 0.94375
0 0.1578125 0.7015625 0.09375 0.7015625 0.09375 0.85 0.1578125 0.85 0.1578125 0.7015625
0 0.3796875 0.1796875 0.1265625 0.1796875 0.1265625 0.3578125 0.3796875 0.3578125 0.3796875 0.1796875
0 0.7546875 0.39375 0.6 0.39375 0.6 0.5640625 0.7546875 0.5640625 0.7546875 0.39375
0 0.95625 0.0015625 0.821875 0.0015625 0.821875 0.1140625 0.95625 0.1140625 0.95625 0.0015625
0 0.0953125 0.4640625 0.0015625 0.4640625 0.0015625 0.584375 0.0953125 0.584375 0.0953125 0.4640625
0 0.0046875 0.2828125 0.0015625 0.2828125 0.0015625 0.296875 0.0046875 0.296875 0.0046875 0.2828125
0 0.375 0.9578125 0.303125 0.9578125 0.303125 1.0 0.375 1.0 0.375 0.9578125
0 0.40625 0.725 0.303125 0.725 0.303125 0.959375 0.40625 0.959375 0.40625 0.725
0 0.9390625 0.03125 0.85625 0.03125 0.85625 0.246875 0.9390625 0.246875 0.9390625 0.03125
0 1.0 0.846875 0.9671875 0.846875 0.9671875 0.971875 1.0 0.971875 1.0 0.846875
0 0.1015625 0.5984375 0.0015625 0.5984375 0.0015625 0.7703125 0.1015625 0.7703125 0.1015625 0.5984375
0 0.3109375 0.6234375 0.228125 0.6234375 0.228125 0.85625 0.3109375 0.85625 0.3109375 0.6234375
0 0.8765625 0.0015625 0.7625 0.0015625 0.7625 0.0984375 0.8765625 0.0984375 0.8765625 0.0015625
0 0.0703125 0.0015625 0.0015625 0.0015625 0.0015625 0.05 0.0703125 0.05 0.0703125 0.0015625
0 0.265625 0.2859375 0.196875 0.2859375 0.196875 0.4671875 0.265625 0.4671875 0.265625 0.2859375
0 0.8640625 0.76875 0.703125 0.76875 0.703125 0.95 0.8640625 0.95 0.8640625 0.76875
0 0.1203125 0.7453125 0.0015625 0.7453125 0.0015625 0.8828125 0.1203125 0.8828125 0.1203125 0.7453125
0 0.1765625 0.571875 0.096875 0.571875 0.096875 0.7046875 0.1765625 0.7046875 0.1765625 0.571875
0 0.2625 0.9375 0.125 0.9375 0.125 1.0 0.2625 1.0 0.2625 0.9375
0 1.0 0.20625 0.453125 0.20625 0.453125 1.0 1.0 1.0 1.0 0.20625
0 0.5015625 0.9265625 0.44375 0.9265625 0.44375 1.0 0.5015625 1.0 0.5015625 0.9265625
0 0.521875 0.4546875 0.3703125 0.4546875 0.3703125 0.896875 0.521875 0.896875 0.521875 0.4546875
0 0.834375 0.1421875 0.559375 0.1421875 0.559375 0.259375 0.834375 0.259375 0.834375 0.1421875
0 0.740625 0.0015625 0.6234375 0.0015625 0.6234375 0.1046875 0.740625 0.1046875 0.740625 0.0015625
