0 1.0 0.6265625 0.9546875 0.6265625 0.9546875 0.7734375 1.0 0.7734375 1.0 0.6265625
0 0.6203125 0.6296875 0.5171875 0.6296875 0.5171875 0.73125 0.6203125 0.73125 0.6203125 0.6296875
0 0.0125 0.5609375 0.0015625 0.5609375 0.0015625 0.5734375 0.0125 0.5734375 0.0125 0.5609375
0 0.5234375 0.30625 0.403125 0.30625 0.403125 0.4796875 0.5234375 0.4796875 0.5234375 0.30625
0 0.65625 0.353125 0.5828125 0.353125 0.5828125 0.4875 0.65625 0.4875 0.65625 0.353125
0 0.8453125 0.2578125 0.75625 0.2578125 0.75625 0.58125 0.8453125 0.58125 0.8453125 0.2578125
0 0.671875 0.453125 0.58125 0.453125 0.58125 0.6296875 0.671875 0.6296875 0.671875 0.453125
0 0.1515625 0.3875 0.0015625 0.3875 0.0015625 0.528125 0.1515625 0.528125 0.1515625 0.3875
0 0.340625 0.0765625 0.1546875 0.0765625 0.1546875 0.1375 0.340625 0.1375 0.340625 0.0765625
0 0.6484375 0.234375 0.5453125 0.234375 0.5453125 0.4578125 0.6484375 0.4578125 0.6484375 0.234375
0 0.5671875 0.0015625 0.3578125 0.0015625 0.3578125 0.1421875 0.5671875 0.1421875 0.5671875 0.0015625
0 0.86875 0.0015625 0.7890625 0.0015625 0.7890625 0.20625 0.86875 0.20625 0.86875 0.0015625
0 0.4875 0.025 0.3265625 0.025 0.3265625 0.190625 0.4875 0.190625 0.4875 0.025
0 1.0 0.95625 0.953125 0.95625 0.953125 1.0 1.0 1.0 1.0 0.95625
0 0.0546875 0.971875 0.0015625 0.971875 0.0015625 1.0 0.0546875 1.0 0.0546875 0.971875
0 0.421875 0.7546875 0.196875 0.7546875 0.196875 0.9234375 0.421875 0.9234375 0.421875 0.7546875
0 0.196875 0.2578125 0.125 0.2578125 0.125 0.4 0.196875 0.4 0.196875 0.2578125
0 0.528125 0.4796875 0.3703125 0.4796875 0.3703125 0.6796875 0.528125 0.6796875 0.528125 0.4796875
0 0.090625 0.9890625 0.040625 0.9890625 0.040625 1.0 0.090625 1.0 0.090625 0.9890625
0 0.55 0.1 0.434375 0.1 0.434375 0.209375 0.55 0.209375 0.55 0.1
0 0.1890625 0.7125 0.0015625 0.7125 0.0015625 0.8875 0.1890625 0.8875 0.1890625 0.7125
0 0.3640625 0.9171875 0.159375 0.9171875 0.159375 0.9984375 0.3640625 0.9984375 0.3640625 0.9171875
0 0.5796875 0.6203125 0.4578125 0.6203125 0.4578125 0.9421875 0.5796875 0.9421875 0.5796875 0.6203125
0 0.409375 0.63125 0.2328125 0.63125 0.2328125 0.8578125 0.409375 0.8578125 0.409375 0.63125
0 0.1296875 0.5328125 0.0015625 0.5328125 0.0015625 0.7609375 0.1296875 0.7609375 0.1296875 0.5328125
0 0.371875 0.459375 0.2671875 0.459375 0.2671875 0.58125 0.371875 0.58125 0.371875 0.459375
0 0.203125 0.3921875 0.09375 0.3921875 0.09375 0.5078125 0.203125 0.5078125 0.203125 0.3921875
0 0.55625 0.2703125 0.46875 0.2703125 0.46875 0.4640625 0.55625 0.4640625 0.55625 0.2703125
0 0.06875 0.2578125 0.0015625 0.2578125 0.0015625 0.421875 0.06875 0.421875 0.06875 0.2578125
0 0.690625 0.1875 0.584375 0.1875 0.584375 0.396875 0.690625 0.396875 0.690625 0.1875
0 0.690625 0.0015625 0.6203125 0.0015625 0.6203125 0.065625 0.690625 0.065625 0.690625 0.0015625
0 1.0 0.878125 0.9609375 0.878125 0.9609375 0.9640625 1.0 0.9640625 1.0 0.878125
0 1.0 0.390625 0.975 0.390625 0.975 0.5140625 1.0 0.5140625 1.0 0.390625
0 0.325 0.703125 0.1625 0.703125 0.1625 0.8890625 0.325 0.8890625 0.325 0.703125
0 0.275 0.5984375 0.01875 0.5984375 0.01875 0.784375 0.275 0.784375 0.275 0.5984375
0 0.684375 0.0546875 0.5890625 0.0546875 0.5890625 0.209375 0.684375 0.209375 0.684375 0.0546875
0 0.653125 0.0015625 0.61875 0.0015625 0.61875 0.0375 0.653125 0.0375 0.653125 0.0015625
0 0.6078125 0.3796875 0.509375 0.3796875 0.509375 0.653125 0.6078125 0.653125 0.6078125 0.3796875
0 0.840625 0.1015625 0.7015625 0.1015625 0.7015625 0.2390625 0.840625 0.2390625 0.840625 0.1015625
0 0.621875 0.0015625 0.5484375 0.0015625 0.5484375 0.2203125 0.621875 0.2203125 0.621875 0.0015625
0 1.0 0.0015625 0.9296875 0.0015625 0.9296875 0.228125 1.0 0.228125 1.0 0.0015625
0 0.403125 0.99375 0.375 0.99375 0.375 1.0 0.403125 1.0 0.403125 0.99375
0 1.0 0.85 0.9421875 0.85 0.9421875 0.909375 1.0 0.909375 1.0 0.85
0 0.053125 0.9 0.0015625 0.9 0.0015625 0.9703125 0.053125 0.9703125 0.053125 0.9
0 0.684375 0.534375 0.528125 0.534375 0.528125 0.81875 0.684375 0.81875 0.684375 0.534375
0 0.4734375 0.2203125 0.346875 0.2203125 0.346875 0.46875 0.4734375 0.46875 0.4734375 0.2203125
0 0.9890625 0.9109375 0.925 0.9109375 0.925 1.0 0.9890625 1.0 0.9890625 0.9109375
0 1.0 0.728125 0.9421875 0.728125 0.9421875 0.8671875 1.0 0.8671875 1.0 0.728125
0 0.8296875 0.2125 0.659375 0.2125 0.659375 0.471875 0.8296875 0.471875 0.8296875 0.2125
0 0.421875 0.903125 0.35 0.903125 0.35 1.0 0.421875 1.0 0.421875 0.903125
0 0.1484375 0.903125 0.0046875 0.903125 0.0046875 0.99375 0.1484375 0.99375 0.1484375 0.903125
0 0.271875 0.615625 0.0703125 0.615625 0.0703125 0.84375 0.271875 0.84375 0.271875 0.615625
0 0.3515625 0.390625 0.0546875 0.390625 0.0546875 0.6296875 0.3515625 0.6296875 0.3515625 0.390625
0 0.0046875 0.365625 0.0015625 0.365625 0.0015625 0.396875 0.0046875 0.396875 0.0046875 0.365625
0 0.446875 0.1875 0.0203125 0.1875 0.0203125 0.375 0.446875 0.375 0.446875 0.1875
0 0.0203125 0.0015625 0.00625 0.0015625 0.00625 0.0453125 0.0203125 0.0453125 0.0203125 0.0015625
0 0.5515625 0.559375 0.3578125 0.559375 0.3578125 1.0 0.5515625 1.0 0.5515625 0.559375
0 0.9546875 0.884375 0.8046875 0.884375 0.8046875 1.0 0.9546875 1.0 0.9546875 0.884375
0 1.0 0.284375 0.6625 0.284375 0.6625 0.8671875 1.0 0.8671875 1.0 0.284375
0 0.4921875 0.4015625 0.3671875 0.4015625 0.3671875 0.5296875 0.4921875 0.5296875 0.4921875 0.4015625
0 0.775 0.3078125 0.7203125 0.3078125 0.7203125 0.4703125 0.775 0.4703125 0.775 0.3078125
0 0.165625 0.990625 0.13125 0.990625 0.13125 1.0 0.165625 1.0 0.165625 0.990625
0 0.525 0.984375 0.515625 0.984375 0.515625 1.0 0.525 1.0 0.525 0.984375
0 0.74375 0.9125 0.6515625 0.9125 0.6515625 1.0 0.74375 1.0 0.74375 0.9125
0 0.6671875 0.7 0.571875 0.7 0.571875 0.8375 0.6671875 0.8375 0.6671875 0.7
0 0.15 0.3484375 0.0125 0.3484375 0.0125 0.453125 0.15 0.453125 0.15 0.3484375
0 0.3953125 0.3390625 0.315625 0.3390625 0.315625 0.4625 0.3953125 0.4625 0.3953125 0.3390625
0 0.296875 0.253125 0.1734375 0.253125 0.1734375 0.440625 0.296875 0.440625 0.296875 0.253125
0 0.053125 0.0015625 0.0015625 0.0015625 0.0015625 0.0921875 0.053125 0.0921875 0.053125 0.0015625
0 0.2328125 0.0015625 0.1109375 0.0015625 0.1109375 0.1015625 0.2328125 0.1015625 0.2328125 0.0015625
0 0.5828125 0.0015625 0.0015625 0.0015625 0.0015625 0.3515625 0.5828125 0.3515625 0.5828125 0.0015625
0 0.390625 0.0015625 0.2171875 0.0015625 0.2171875 0.1546875 0.390625 0.1546875 0.390625 0.0015625
0 0.9578125 0.5390625 0.6390625 0.5390625 0.6390625 1.0 0.9578125 1.0 0.9578125 0.5390625
0 1.0 0.0015625 0.8234375 0.0015625 0.8234375 0.5109375 1.0 0.5109375 1.0 0.0015625
0 0.71875 0.071875 0.625 0.071875 0.625 0.2296875 0.71875 0.2296875 0.71875 0.071875
0 0.7859375 0.2703125 0.63125 0.2703125 0.63125 0.6453125 0.7859375 0.6453125 0.7859375 0.2703125
0 0.4046875 0.3171875 0.2859375 0.3171875 0.2859375 0.503125 0.4046875 0.503125 0.4046875 0.3171875
0 0.8765625 0.265625 0.803125 0.265625 0.803125 0.459375 0.8765625 0.459375 0.8765625 0.265625
0 0.965625 0.78125 0.884375 0.78125 0.884375 0.9359375 0.965625 0.9359375 0.965625 0.78125
