0 0.340625 0.8609375 0.2140625 0.8609375 0.2140625 0.9875 0.340625 0.9875 0.340625 0.8609375
0 0.6828125 0.5390625 0.3484375 0.5390625 0.3484375 0.928125 0.6828125 0.928125 0.6828125 0.5390625
0 0.6578125 0.73125 0.546875 0.73125 0.546875 0.9078125 0.6578125 0.9078125 0.6578125 0.73125
0 0.875 0.6546875 0.590625 0.6546875 0.590625 0.940625 0.875 0.940625 0.875 0.6546875
0 0.8078125 0.7046875 0.715625 0.7046875 0.715625 0.84375 0.8078125 0.84375 0.8078125 0.7046875
0 0.75625 0.725 0.5578125 0.725 0.5578125 0.9984375 0.75625 0.9984375 0.75625 0.725
0 0.590625 0.9359375 0.4578125 0.9359375 0.4578125 1.0 0.590625 1.0 0.590625 0.9359375
0 0.7265625 0.9265625 0.528125 0.9265625 0.528125 1.0 0.7265625 1.0 0.7265625 0.9265625
0 0.9484375 0.9078125 0.765625 0.9078125 0.765625 1.0 0.9484375 1.0 0.9484375 0.9078125
0 1.0 0.6125 0.90625 0.6125 0.90625 0.7328125 1.0 0.7328125 1.0 0.6125
0 0.03125 0.9703125 0.0015625 0.9703125 0.0015625 1.0 0.03125 1.0 0.03125 0.9703125
0 0.3453125 0.7734375 0.23125 0.7734375 0.23125 0.8765625 0.3453125 0.8765625 0.3453125 0.7734375
0 1.0 0.5359375 0.8359375 0.5359375 0.8359375 0.765625 1.0 0.765625 1.0 0.5359375
0 0.3953125 0.578125 0.1875 0.578125 0.1875 0.7984375 0.3953125 0.7984375 0.3953125 0.578125
0 1.0 0.5484375 0.7546875 0.5484375 0.7546875 0.7203125 1.0 0.7203125 1.0 0.5484375
0 0.9015625 0.39375 0.7203125 0.39375 0.7203125 0.5515625 0.9015625 0.5515625 0.9015625 0.39375
0 0.084375 0.8328125 0.0015625 0.8328125 0.0015625 0.896875 0.084375 0.896875 0.084375 0.8328125
0 0.196875 0.7 0.0671875 0.7 0.0671875 0.8171875 0.196875 0.8171875 0.196875 0.7
0 0.26875 0.3921875 0.0015625 0.3921875 0.0015625 0.696875 0.26875 0.696875 0.26875 0.3921875
0 0.625 0.296875 0.428125 0.296875 0.428125 0.525 0.625 0.525 0.625 0.296875
0 0.7 0.91875 0.628125 0.91875 0.628125 1.0 0.7 1.0 0.7 0.91875
0 0.53125 0.9765625 0.5078125 0.9765625 0.5078125 1.0 0.53125 1.0 0.53125 0.9765625
0 0.0140625 0.6640625 0.0015625 0.6640625 0.0015625 0.678125 0.0140625 0.678125 0.0140625 0.6640625
0 0.4796875 0.503125 0.365625 0.503125 0.365625 0.6546875 0.4796875 0.6546875 0.4796875 0.503125
0 0.478125 0.19375 0.3828125 0.19375 0.3828125 0.2828125 0.478125 0.2828125 0.478125 0.19375
0 1.0 0.878125 0.859375 0.878125 0.859375 1.0 1.0 1.0 1.0 0.878125
0 0.5796875 0.51875 0.2890625 0.51875 0.2890625 0.75625 0.5796875 0.75625 0.5796875 0.51875
0 0.225 0.1234375 0.0546875 0.1234375 0.0546875 0.3625 0.225 0.3625 0.225 0.1234375
0 0.5421875 0.1078125 0.4640625 0.1078125 0.4640625 0.2421875 0.5421875 0.2421875 0.5421875 0.1078125
0 0.8921875 0.0359375 0.7359375 0.0359375 0.7359375 0.1921875 0.8921875 0.1921875 0.8921875 0.0359375
0 0.28125 0.209375 0.134375 0.209375 0.134375 0.3140625 0.28125 0.3140625 0.28125 0.209375
0 0.4515625 0.090625 0.29375 0.090625 0.29375 0.16875 0.4515625 0.16875 0.4515625 0.090625
0 0.446875 0.0015625 0.4265625 0.0015625 0.4265625 0.009375 0.446875 0.009375 0.446875 0.0015625
0 0.903125 0.2125 0.7328125 0.2125 0.7328125 0.321875 0.903125 0.321875 0.903125 0.2125
0 1.0 0.0875 0.865625 0.0875 0.865625 0.175 1.0 0.175 1.0 0.0875
0 0.3546875 0.903125 0.190625 0.903125 0.190625 1.0 0.3546875 1.0 0.3546875 0.903125
0 0.03125 0.215625 0.0015625 0.215625 0.0015625 0.259375 0.03125 0.259375 0.03125 0.215625
0 0.1515625 0.0453125 0.0015625 0.0453125 0.0015625 0.128125 0.1515625 0.128125 0.1515625 0.0453125
0 0.9078125 0.50625 0.75625 0.50625 0.75625 0.6265625 0.9078125 0.6265625 0.9078125 0.50625
0 0.821875 0.30625 0.6984375 0.30625 0.6984375 0.5140625 0.821875 0.5140625 0.821875 0.30625
0 1.0 0.365625 0.915625 0.365625 0.915625 0.4953125 1.0 0.4953125 1.0 0.365625
0 0.853125 0.1578125 0.6578125 0.1578125 0.6578125 0.359375 0.853125 0.359375 0.853125 0.1578125
0 1.0 0.246875 0.9625 0.246875 0.9625 0.315625 1.0 0.315625 1.0 0.246875
0 1.0 0.0015625 0.853125 0.0015625 0.853125 0.13125 1.0 0.13125 1.0 0.0015625
0 0.521875 0.0015625 0.4375 0.0015625 0.4375 0.0765625 0.521875 0.0765625 0.521875 0.0015625
0 0.61875 0.0015625 0.5390625 0.0015625 0.5390625 0.11875 0.61875 0.11875 0.61875 0.0015625
0 0.0984375 0.45 0.0015625 0.45 0.0015625 0.5640625 0.0984375 0.5640625 0.0984375 0.45
0 0.653125 0.2859375 0.484375 0.2859375 0.484375 0.5375 0.653125 0.5375 0.653125 0.2859375
0 0.546875 0.3140625 0.428125 0.3140625 0.428125 0.4640625 0.546875 0.4640625 0.546875 0.3140625
0 0.9046875 0.0015625 0.0015625 0.0015625 0.0015625 1.0 0.9046875 1.0 0.9046875 0.0015625
0 0.46875 0.6328125 0.2640625 0.6328125 0.2640625 0.8046875 0.46875 0.8046875 0.46875 0.6328125
0 0.5109375 0.0625 0.353125 0.0625 0.353125 0.209375 0.5109375 0.209375 0.5109375 0.0625
0 1.0 0.934375 0.9421875 0.934375 0.9421875 1.0 1.0 1.0 1.0 0.934375
0 1.0 0.7234375 0.759375 0.7234375 0.759375 0.9671875 1.0 0.9671875 1.0 0.7234375
0 0.871875 0.7546875 0.6546875 0.7546875 0.6546875 1.0 0.871875 1.0 0.871875 0.7546875
0 0.7953125 0.5171875 0.66875 0.5171875 0.66875 0.65625 0.7953125 0.65625 0.7953125 0.5171875
