0 0.778125 0.778125 0.68125 0.778125 0.68125 0.896875 0.778125 0.896875 0.778125 0.778125
0 0.8484375 0.665625 0.75 0.665625 0.75 0.7671875 0.8484375 0.7671875 0.8484375 0.665625
0 1.0 0.5328125 0.734375 0.5328125 0.734375 0.8546875 1.0 0.8546875 1.0 0.5328125
0 0.940625 0.2671875 0.83125 0.2671875 0.83125 0.4546875 0.940625 0.4546875 0.940625 0.2671875
0 1.0 0.0546875 0.8546875 0.0546875 0.8546875 0.1765625 1.0 0.1765625 1.0 0.0546875
0 0.025 0.3 0.0015625 0.3 0.0015625 0.3609375 0.025 0.3609375 0.025 0.3
0 0.209375 0.0015625 0.1609375 0.0015625 0.1609375 0.0671875 0.209375 0.0671875 0.209375 0.0015625
0 0.7046875 0.0015625 0.5703125 0.0015625 0.5703125 0.1 0.7046875 0.1 0.7046875 0.0015625
0 0.80625 0.903125 0.6921875 0.903125 0.6921875 1.0 0.80625 1.0 0.80625 0.903125
0 0.9828125 0.378125 0.859375 0.378125 0.859375 0.4421875 0.9828125 0.4421875 0.9828125 0.378125
0 1.0 0.81875 0.8765625 0.81875 0.8765625 0.984375 1.0 0.984375 1.0 0.81875
0 0.9125 0.7765625 0.7890625 0.7765625 0.7890625 0.8796875 0.9125 0.8796875 0.9125 0.7765625
0 0.9015625 0.55625 0.846875 0.55625 0.846875 0.7703125 0.9015625 0.7703125 0.9015625 0.55625
0 1.0 0.0421875 0.9765625 0.0421875 0.9765625 0.1359375 1.0 0.1359375 1.0 0.0421875
0 0.0671875 0.7625 0.0015625 0.7625 0.0015625 1.0 0.0671875 1.0 0.0671875 0.7625
0 0.1 0.225 0.0015625 0.225 0.0015625 0.4515625 0.1 0.4515625 0.1 0.225
0 0.128125 0.0015625 0.1203125 0.0015625 0.1203125 0.003125 0.128125 0.003125 0.128125 0.0015625
0 0.6140625 0.6671875 0.475 0.6671875 0.475 0.790625 0.6140625 0.790625 0.6140625 0.6671875
0 0.98125 0.5078125 0.7921875 0.5078125 0.7921875 0.7234375 0.98125 0.7234375 0.98125 0.5078125
0 0.7390625 0.2203125 0.475 0.2203125 0.475 0.61875 0.7390625 0.61875 0.7390625 0.2203125
0 1.0 0.4578125 0.959375 0.4578125 0.959375 0.7 1.0 0.7 1.0 0.4578125
0 0.896875 0.15625 0.759375 0.15625 0.759375 0.390625 0.896875 0.390625 0.896875 0.15625
0 0.7484375 0.1671875 0.6765625 0.1671875 0.6765625 0.3203125 0.7484375 0.3203125 0.7484375 0.1671875
0 0.571875 0.0015625 0.5515625 0.0015625 0.5515625 0.00625 0.571875 0.00625 0.571875 0.0015625
0 0.646875 0.7859375 0.5109375 0.7859375 0.5109375 0.9921875 0.646875 0.9921875 0.646875 0.7859375
0 0.9671875 0.0015625 0.8328125 0.0015625 0.8328125 0.1484375 0.9671875 0.1484375 0.9671875 0.0015625
0 1.0 0.4390625 0.8375 0.4390625 0.8375 0.5140625 1.0 0.5140625 1.0 0.4390625
0 0.8296875 0.3671875 0.73125 0.3671875 0.73125 0.540625 0.8296875 0.540625 0.8296875 0.3671875
0 0.98125 0.184375 0.875 0.184375 0.875 0.390625 0.98125 0.390625 0.98125 0.184375
0 1.0 0.146875 0.9171875 0.146875 0.9171875 0.2375 1.0 0.2375 1.0 0.146875
0 0.7359375 0.51875 0.5875 0.51875 0.5875 0.71875 0.7359375 0.71875 0.7359375 0.51875
0 1.0 0.6796875 0.953125 0.6796875 0.953125 0.76875 1.0 0.76875 1.0 0.6796875
0 0.9984375 0.9234375 0.884375 0.9234375 0.884375 1.0 0.9984375 1.0 0.9984375 0.9234375
0 1.0 0.746875 0.875 0.746875 0.875 0.85 1.0 0.85 1.0 0.746875
0 0.7984375 0.4796875 0.6515625 0.4796875 0.6515625 0.8078125 0.7984375 0.8078125 0.7984375 0.4796875
0 0.878125 0.8453125 0.7734375 0.8453125 0.7734375 1.0 0.878125 1.0 0.878125 0.8453125
0 0.990625 0.5359375 0.8703125 0.5359375 0.8703125 0.70625 0.990625 0.70625 0.990625 0.5359375
0 0.4234375 0.8890625 0.2859375 0.8890625 0.2859375 1.0 0.4234375 1.0 0.4234375 0.8890625
0 0.78125 0.45625 0.63125 0.45625 0.63125 0.5921875 0.78125 0.5921875 0.78125 0.45625
0 0.1453125 0.2046875 0.0265625 0.2046875 0.0265625 0.375 0.1453125 0.375 0.1453125 0.2046875
0 0.9078125 0.878125 0.8140625 0.878125 0.8140625 1.0 0.9078125 1.0 0.9078125 0.878125
0 1.0 0.0015625 0.9890625 0.0015625 0.9890625 0.03125 1.0 0.03125 1.0 0.0015625
0 0.14375 0.8140625 0.0890625 0.8140625 0.0890625 1.0 0.14375 1.0 0.14375 0.8140625
0 0.10625 0.440625 0.0015625 0.440625 0.0015625 0.6015625 0.10625 0.6015625 0.10625 0.440625
0 0.3765625 0.0953125 0.2765625 0.0953125 0.2765625 0.1953125 0.3765625 0.1953125 0.3765625 0.0953125
0 0.4015625 0.0015625 0.0015625 0.0015625 0.0015625 0.2 0.4015625 0.2 0.4015625 0.0015625
0 0.65625 0.99375 0.646875 0.99375 0.646875 1.0 0.65625 1.0 0.65625 0.99375
0 1.0 0.984375 0.9609375 0.984375 0.9609375 1.0 1.0 1.0 1.0 0.984375
0 0.765625 0.9015625 0.640625 0.9015625 0.640625 1.0 0.765625 1.0 0.765625 0.9015625
0 0.60625 0.5765625 0.5296875 0.5765625 0.5296875 0.70625 0.60625 0.70625 0.60625 0.5765625
0 0.50625 0.5703125 0.3421875 0.5703125 0.3421875 0.665625 0.50625 0.665625 0.50625 0.5703125
0 0.6640625 0.325 0.5375 0.325 0.5375 0.5234375 0.6640625 0.5234375 0.6640625 0.325
0 0.471875 0.31875 0.3484375 0.31875 0.3484375 0.4890625 0.471875 0.4890625 0.471875 0.31875
0 0.60625 0.0296875 0.4078125 0.0296875 0.4078125 0.146875 0.60625 0.146875 0.60625 0.0296875
0 0.75 0.0015625 0.5 0.0015625 0.5 0.2828125 0.75 0.2828125 0.75 0.0015625
0 0.015625 0.540625 0.0015625 0.540625 0.0015625 0.6203125 0.015625 0.6203125 0.015625 0.540625
0 0.0125 0.4359375 0.0015625 0.4359375 0.0015625 0.4484375 0.0125 0.4484375 0.0125 0.4359375
0 0.790625 0.0015625 0.0015625 0.0015625 0.0015625 1.0 0.790625 1.0 0.790625 0.0015625
0 0.1546875 0.034375 0.0015625 0.034375 0.0015625 0.1171875 0.1546875 0.1171875 0.1546875 0.034375
0 0.878125 0.0015625 0.6078125 0.0015625 0.6078125 0.4375 0.878125 0.4375 0.878125 0.0015625
0 1.0 0.5984375 0.98125 0.5984375 0.98125 0.7609375 1.0 0.7609375 1.0 0.5984375
0 1.0 0.2421875 0.9578125 0.2421875 0.9578125 0.403125 1.0 0.403125 1.0 0.2421875
0 0.6640625 0.003125 0.5265625 0.003125 0.5265625 0.18125 0.6640625 0.18125 0.6640625 0.003125
