0 0.153125 0.6625 0.0140625 0.6625 0.0140625 0.790625 0.153125 0.790625 0.153125 0.6625
0 0.25 0.1515625 0.146875 0.1515625 0.146875 0.3125 0.25 0.3125 0.25 0.1515625
0 0.7171875 0.215625 0.5671875 0.215625 0.5671875 0.4296875 0.7171875 0.4296875 0.7171875 0.215625
0 0.75 0.0015625 0.6 0.0015625 0.6 0.28125 0.75 0.28125 0.75 0.0015625
0 0.6578125 0.103125 0.5421875 0.103125 0.5421875 0.246875 0.6578125 0.246875 0.6578125 0.103125
0 0.3578125 0.0015625 0.2828125 0.0015625 0.2828125 0.1546875 0.3578125 0.1546875 0.3578125 0.0015625
0 0.6625 0.0015625 0.5640625 0.0015625 0.5640625 0.040625 0.6625 0.040625 0.6625 0.0015625
0 0.2359375 0.6640625 0.0359375 0.6640625 0.0359375 0.8640625 0.2359375 0.8640625 0.2359375 0.6640625
0 0.275 0.2984375 0.11875 0.2984375 0.11875 0.4390625 0.275 0.4390625 0.275 0.2984375
0 0.084375 0.146875 0.0015625 0.146875 0.0015625 0.3421875 0.084375 0.3421875 0.084375 0.146875
0 0.3140625 0.0015625 0.09375 0.0015625 0.09375 0.2984375 0.3140625 0.2984375 0.3140625 0.0015625
0 0.184375 0.0015625 0.0703125 0.0015625 0.0703125 0.021875 0.184375 0.021875 0.184375 0.0015625
0 0.6328125 0.0015625 0.4609375 0.0015625 0.4609375 0.378125 0.6328125 0.378125 0.6328125 0.0015625
0 0.475 0.0015625 0.3359375 0.0015625 0.3359375 0.23125 0.475 0.23125 0.475 0.0015625
0 0.603125 0.0015625 0.0015625 0.0015625 0.0015625 0.959375 0.603125 0.959375 0.603125 0.0015625
0 0.734375 0.7734375 0.15625 0.7734375 0.15625 1.0 0.734375 1.0 0.734375 0.7734375
0 0.4484375 0.0015625 0.3515625 0.0015625 0.3515625 0.040625 0.4484375 0.040625 0.4484375 0.0015625
0 0.9328125 0.85625 0.709375 0.85625 0.709375 1.0 0.9328125 1.0 0.9328125 0.85625
0 1.0 0.3171875 0.753125 0.3171875 0.753125 0.8765625 1.0 0.8765625 1.0 0.3171875
0 0.6984375 0.0015625 0.6015625 0.0015625 0.6015625 0.20625 0.6984375 0.20625 0.6984375 0.0015625
