0 0.3078125 0.0015625 0.2078125 0.0015625 0.2078125 0.075 0.3078125 0.075 0.3078125 0.0015625
0 0.0703125 0.0015625 0.0015625 0.0015625 0.0015625 0.1234375 0.0703125 0.1234375 0.0703125 0.0015625
0 1.0 0.1078125 0.94375 0.1078125 0.94375 0.2484375 1.0 0.2484375 1.0 0.1078125
0 0.271875 0.040625 0.0546875 0.040625 0.0546875 0.6328125 0.271875 0.6328125 0.271875 0.040625
0 0.146875 0.9734375 0.0859375 0.9734375 0.0859375 1.0 0.146875 1.0 0.146875 0.9734375
0 1.0 0.0015625 0.9578125 0.0015625 0.9578125 0.2015625 1.0 0.2015625 1.0 0.0015625
0 0.875 0.0015625 0.696875 0.0015625 0.696875 0.06875 0.875 0.06875 0.875 0.0015625
0 0.33125 0.8921875 0.2953125 0.8921875 0.2953125 1.0 0.33125 1.0 0.33125 0.8921875
0 0.39375 0.375 0.175 0.375 0.175 0.528125 0.39375 0.528125 0.39375 0.375
0 0.3609375 0.1046875 0.1859375 0.1046875 0.1859375 0.2453125 0.3609375 0.2453125 0.3609375 0.1046875
0 0.1015625 0.04375 0.0125 0.04375 0.0125 0.18125 0.1015625 0.18125 0.1015625 0.04375
0 1.0 0.790625 1.0 0.790625 1.0 0.815625 1.0 0.815625 1.0 0.790625
0 0.9234375 0.0015625 0.5484375 0.0015625 0.5484375 0.440625 0.9234375 0.440625 0.9234375 0.0015625
0 0.103125 0.9875 0.078125 0.9875 0.078125 1.0 0.103125 1.0 0.103125 0.9875
0 0.9546875 0.2296875 0.4703125 0.2296875 0.4703125 1.0 0.9546875 1.0 0.9546875 0.2296875
0 0.6921875 1.0 0.6890625 1.0 0.6890625 1.0 0.6921875 1.0 0.6921875 1.0
0 0.5 0.7921875 0.090625 0.7921875 0.090625 1.0 0.5 1.0 0.5 0.7921875
0 1.0 0.8703125 0.93125 0.8703125 0.93125 1.0 1.0 1.0 1.0 0.8703125
0 1.0 0.1234375 0.684375 0.1234375 0.684375 0.871875 1.0 0.871875 1.0 0.1234375
0 0.5015625 0.440625 0.0921875 0.440625 0.0921875 0.8171875 0.5015625 0.8171875 0.5015625 0.440625
0 0.4640625 0.134375 0.2203125 0.134375 0.2203125 0.528125 0.4640625 0.528125 0.4640625 0.134375
0 0.9109375 0.0015625 0.6203125 0.0015625 0.6203125 0.2078125 0.9109375 0.2078125 0.9109375 0.0015625
0 0.2125 0.0015625 0.0296875 0.0015625 0.0296875 0.1734375 0.2125 0.1734375 0.2125 0.0015625
0 1.0 0.0015625 0.9265625 0.0015625 0.9265625 0.1 1.0 0.1 1.0 0.0015625
0 0.4453125 0.0015625 0.3671875 0.0015625 0.3671875 0.0125 0.4453125 0.0125 0.4453125 0.0015625
0 1.0 0.1109375 0.996875 0.1109375 0.996875 0.1515625 1.0 0.1515625 1.0 0.1109375
0 1.0 0.8296875 0.8765625 0.8296875 0.8765625 0.9109375 1.0 0.9109375 1.0 0.8296875
0 0.4609375 0.6734375 0.3796875 0.6734375 0.3796875 0.803125 0.4609375 0.803125 0.4609375 0.6734375
0 0.4453125 0.3609375 0.2390625 0.3609375 0.2390625 0.5546875 0.4453125 0.5546875 0.4453125 0.3609375
0 0.08125 0.9890625 0.0609375 0.9890625 0.0609375 1.0 0.08125 1.0 0.08125 0.9890625
0 0.44375 0.7578125 0.2390625 0.7578125 0.2390625 0.821875 0.44375 0.821875 0.44375 0.7578125
0 0.70625 0.21875 0.3578125 0.21875 0.3578125 1.0 0.70625 1.0 0.70625 0.21875
0 0.825 0.4421875 0.665625 0.4421875 0.665625 0.765625 0.825 0.765625 0.825 0.4421875
0 0.971875 0.778125 0.803125 0.778125 0.803125 1.0 0.971875 1.0 0.971875 0.778125
0 1.0 0.4078125 0.9890625 0.4078125 0.9890625 0.425 1.0 0.425 1.0 0.4078125
0 0.778125 0.9640625 0.6921875 0.9640625 0.6921875 1.0 0.778125 1.0 0.778125 0.9640625
0 0.9703125 0.509375 0.8328125 0.509375 0.8328125 0.8109375 0.9703125 0.8109375 0.9703125 0.509375
0 0.3421875 0.0015625 0.209375 0.0015625 0.209375 0.178125 0.3421875 0.178125 0.3421875 0.0015625
