0 0.6671875 0.496875 0.4703125 0.496875 0.4703125 0.6515625 0.6671875 0.6515625 0.6671875 0.496875
0 0.5421875 0.784375 0.203125 0.784375 0.203125 0.94375 0.5421875 0.94375 0.5421875 0.784375
0 1.0 0.7359375 0.925 0.7359375 0.925 0.871875 1.0 0.871875 1.0 0.7359375
0 1.0 0.46875 0.9140625 0.46875 0.9140625 0.53125 1.0 0.53125 1.0 0.46875
0 1.0 0.3 0.953125 0.3 0.953125 0.40625 1.0 0.40625 1.0 0.3
0 0.5 0.925 0.425 0.925 0.425 1.0 0.5 1.0 0.5 0.925
0 1.0 0.625 0.8875 0.625 0.8875 0.83125 1.0 0.83125 1.0 0.625
0 0.546875 0.178125 0.3859375 0.178125 0.3859375 0.3625 0.546875 0.3625 0.546875 0.178125
0 1.0 0.0359375 0.8734375 0.0359375 0.8734375 0.284375 1.0 0.284375 1.0 0.0359375
0 0.1 0.8296875 0.0015625 0.8296875 0.0015625 0.9328125 0.1 0.9328125 0.1 0.8296875
0 0.475 0.6453125 0.39375 0.6453125 0.39375 0.921875 0.475 0.921875 0.475 0.6453125
0 0.421875 0.6859375 0.30625 0.6859375 0.30625 0.8734375 0.421875 0.8734375 0.421875 0.6859375
0 0.6140625 0.3609375 0.4546875 0.3609375 0.4546875 0.4828125 0.6140625 0.4828125 0.6140625 0.3609375
0 0.846875 0.0015625 0.7578125 0.0015625 0.7578125 0.2578125 0.846875 0.2578125 0.846875 0.0015625
0 0.1875 0.903125 0.028125 0.903125 0.028125 1.0 0.1875 1.0 0.1875 0.903125
0 0.134375 0.7140625 0.0015625 0.7140625 0.0015625 1.0 0.134375 1.0 0.134375 0.7140625
0 0.4828125 0.196875 0.0015625 0.196875 0.0015625 0.7234375 0.4828125 0.7234375 0.4828125 0.196875
0 0.321875 0.046875 0.0703125 0.046875 0.0703125 0.203125 0.321875 0.203125 0.321875 0.046875
0 0.4484375 0.884375 0.3453125 0.884375 0.3453125 1.0 0.4484375 1.0 0.4484375 0.884375
0 0.253125 0.8046875 0.1171875 0.8046875 0.1171875 1.0 0.253125 1.0 0.253125 0.8046875
0 0.3390625 0.7046875 0.2484375 0.7046875 0.2484375 0.8640625 0.3390625 0.8640625 0.3390625 0.7046875
0 0.4046875 0.575 0.315625 0.575 0.315625 0.6953125 0.4046875 0.6953125 0.4046875 0.575
0 0.696875 0.3765625 0.4515625 0.3765625 0.4515625 0.5859375 0.696875 0.5859375 0.696875 0.3765625
0 0.3734375 0.365625 0.1625 0.365625 0.1625 0.621875 0.3734375 0.621875 0.3734375 0.365625
0 0.6640625 0.0703125 0.371875 0.0703125 0.371875 0.2203125 0.6640625 0.2203125 0.6640625 0.0703125
0 0.534375 0.0015625 0.303125 0.0015625 0.303125 0.11875 0.534375 0.11875 0.534375 0.0015625
0 0.765625 0.303125 0.5890625 0.303125 0.5890625 0.409375 0.765625 0.409375 0.765625 0.303125
0 0.80625 0.0390625 0.6953125 0.0390625 0.6953125 0.1875 0.80625 0.1875 0.80625 0.0390625
0 0.50625 0.0015625 0.434375 0.0015625 0.434375 0.0109375 0.50625 0.0109375 0.50625 0.0015625
0 0.0140625 0.1703125 0.0015625 0.1703125 0.0015625 0.3390625 0.0140625 0.3390625 0.0140625 0.1703125
0 0.0765625 0.9265625 0.00625 0.9265625 0.00625 1.0 0.0765625 1.0 0.0765625 0.9265625
0 0.3125 0.1390625 0.025 0.1390625 0.025 0.325 0.3125 0.325 0.3125 0.1390625
0 0.6109375 0.996875 0.6015625 0.996875 0.6015625 1.0 0.6109375 1.0 0.6109375 0.996875
0 0.3125 0.646875 0.0984375 0.646875 0.0984375 1.0 0.3125 1.0 0.3125 0.646875
0 0.6328125 0.3375 0.0140625 0.3375 0.0140625 0.9234375 0.6328125 0.9234375 0.6328125 0.3375
0 0.5140625 0.1515625 0.3234375 0.1515625 0.3234375 0.328125 0.5140625 0.328125 0.5140625 0.1515625
0 0.7734375 0.0015625 0.221875 0.0015625 0.221875 0.0671875 0.7734375 0.0671875 0.7734375 0.0015625
0 1.0 0.590625 0.665625 0.590625 0.665625 1.0 1.0 1.0 1.0 0.590625
0 0.6703125 0.7359375 0.571875 0.7359375 0.571875 0.96875 0.6703125 0.96875 0.6703125 0.7359375
0 0.884375 0.3375 0.609375 0.3375 0.609375 0.7125 0.884375 0.7125 0.884375 0.3375
0 1.0 0.0015625 0.79375 0.0015625 0.79375 0.259375 1.0 0.259375 1.0 0.0015625
0 0.771875 0.0796875 0.6421875 0.0796875 0.6421875 0.2171875 0.771875 0.2171875 0.771875 0.0796875
0 1.0 0.0015625 1.0 0.0015625 1.0 0.0015625 1.0 0.0015625 1.0 0.0015625
0 0.7125 0.1859375 0.4546875 0.1859375 0.4546875 0.3359375 0.7125 0.3359375 0.7125 0.1859375
