0 0.2015625 0.4609375 0.115625 0.4609375 0.115625 0.6671875 0.2015625 0.6671875 0.2015625 0.4609375
0 0.065625 0.7046875 0.0015625 0.7046875 0.0015625 0.7765625 0.065625 0.7765625 0.065625 0.7046875
0 0.0765625 0.0015625 0.0015625 0.0015625 0.0015625 0.1359375 0.0765625 0.1359375 0.0765625 0.0015625
0 0.2234375 0.465625 0.0296875 0.465625 0.0296875 1.0 0.2234375 1.0 0.2234375 0.465625
0 0.38125 0.1875 0.2296875 0.1875 0.2296875 0.54375 0.38125 0.54375 0.38125 0.1875
0 0.3203125 0.0015625 0.0296875 0.0015625 0.0296875 0.2046875 0.3203125 0.2046875 0.3203125 0.0015625
0 1.0 0.0015625 0.5015625 0.0015625 0.5015625 0.6828125 1.0 0.6828125 1.0 0.0015625
0 0.6296875 0.096875 0.33125 0.096875 0.33125 0.590625 0.6296875 0.590625 0.6296875 0.096875
0 0.5171875 0.5546875 0.371875 0.5546875 0.371875 0.75 0.5171875 0.75 0.5171875 0.5546875
0 1.0 0.0015625 0.865625 0.0015625 0.865625 0.0296875 1.0 0.0296875 1.0 0.0015625
0 1.0 0.440625 0.225 0.440625 0.225 1.0 1.0 1.0 1.0 0.440625
0 0.4953125 0.459375 0.2921875 0.459375 0.2921875 0.8015625 0.4953125 0.8015625 0.4953125 0.459375
0 0.84375 0.0015625 0.403125 0.0015625 0.403125 0.4015625 0.84375 0.4015625 0.84375 0.0015625
0 0.484375 0.05625 0.125 0.05625 0.125 0.2984375 0.484375 0.2984375 0.484375 0.05625
