0 0.0578125 0.94375 0.0203125 0.94375 0.0203125 1.0 0.0578125 1.0 0.0578125 0.94375
0 0.3921875 0.44375 0.303125 0.44375 0.303125 0.5875 0.3921875 0.5875 0.3921875 0.44375
0 0.5703125 0.0015625 0.4359375 0.0015625 0.4359375 0.109375 0.5703125 0.109375 0.5703125 0.0015625
0 0.1859375 0.978125 0.084375 0.978125 0.084375 1.0 0.1859375 1.0 0.1859375 0.978125
0 0.18125 0.8125 0.040625 0.8125 0.040625 1.0 0.18125 1.0 0.18125 0.8125
0 0.0234375 0.7125 0.0015625 0.7125 0.0015625 1.0 0.0234375 1.0 0.0234375 0.7125
0 0.0328125 0.1734375 0.0015625 0.1734375 0.0015625 0.275 0.0328125 0.275 0.0328125 0.1734375
0 0.103125 0.0015625 0.0015625 0.0015625 0.0015625 0.059375 0.103125 0.059375 0.103125 0.0015625
0 0.38125 0.5640625 0.31875 0.5640625 0.31875 0.7203125 0.38125 0.7203125 0.38125 0.5640625
0 0.64375 0.53125 0.5546875 0.53125 0.5546875 0.6734375 0.64375 0.6734375 0.64375 0.53125
0 0.7703125 0.0015625 0.7203125 0.0015625 0.7203125 0.08125 0.7703125 0.08125 0.7703125 0.0015625
0 0.7875 0.0015625 0.0015625 0.0015625 0.0015625 1.0 0.7875 1.0 0.7875 0.0015625
0 1.0 0.2609375 0.5046875 0.2609375 0.5046875 1.0 1.0 1.0 1.0 0.2609375
0 0.984375 0.0015625 0.81875 0.0015625 0.81875 0.1953125 0.984375 0.1953125 0.984375 0.0015625
