0 0.06875 0.815625 0.0015625 0.815625 0.0015625 1.0 0.06875 1.0 0.06875 0.815625
0 1.0 0.0015625 0.0015625 0.0015625 0.0015625 0.7171875 1.0 0.7171875 1.0 0.0015625
0 0.63125 0.5859375 0.1234375 0.5859375 0.1234375 1.0 0.63125 1.0 0.63125 0.5859375
0 1.0 0.48125 0.4984375 0.48125 0.4984375 1.0 1.0 1.0 1.0 0.48125
0 0.621875 0.0015625 0.4984375 0.0015625 0.4984375 0.1203125 0.621875 0.1203125 0.621875 0.0015625
0 0.621875 0.0875 0.3515625 0.0875 0.3515625 0.6140625 0.621875 0.6140625 0.621875 0.0875
0 0.5 0.0015625 0.453125 0.0015625 0.453125 0.0140625 0.5 0.0140625 0.5 0.0015625
0 1.0 0.9640625 0.8640625 0.9640625 0.8640625 1.0 1.0 1.0 1.0 0.9640625
0 0.7453125 0.6921875 0.6125 0.6921875 0.6125 0.959375 0.7453125 0.959375 0.7453125 0.6921875
0 1.0 0.1609375 0.9234375 0.1609375 0.9234375 0.2078125 1.0 0.2078125 1.0 0.1609375
0 0.621875 0.8515625 0.3859375 0.8515625 0.3859375 1.0 0.621875 1.0 0.621875 0.8515625
0 0.45625 0.2546875 0.0015625 0.2546875 0.0015625 0.8640625 0.45625 0.8640625 0.45625 0.2546875
0 0.6984375 0.5203125 0.578125 0.5203125 0.578125 0.665625 0.6984375 0.665625 0.6984375 0.5203125
0 1.0 0.4359375 0.81875 0.4359375 0.81875 0.51875 1.0 0.51875 1.0 0.4359375
