0 0.7890625 0.034375 0.68125 0.034375 0.68125 0.1703125 0.7890625 0.1703125 0.7890625 0.034375
0 0.64375 0.3453125 0.528125 0.3453125 0.528125 0.5 0.64375 0.5 0.64375 0.3453125
0 0.821875 0.0015625 0.7171875 0.0015625 0.7171875 0.06875 0.821875 0.06875 0.821875 0.0015625
0 0.1359375 0.1375 0.0015625 0.1375 0.0015625 0.44375 0.1359375 0.44375 0.1359375 0.1375
0 0.025 0.0015625 0.0015625 0.0015625 0.0015625 0.0640625 0.025 0.0640625 0.025 0.0015625
0 0.2171875 0.0015625 0.04375 0.0015625 0.04375 0.0984375 0.2171875 0.0984375 0.2171875 0.0015625
0 0.6546875 0.75625 0.4984375 0.75625 0.4984375 0.8375 0.6546875 0.8375 0.6546875 0.75625
0 1.0 0.571875 0.9921875 0.571875 0.9921875 0.60625 1.0 0.60625 1.0 0.571875
0 0.84375 0.2375 0.6515625 0.2375 0.6515625 0.490625 0.84375 0.490625 0.84375 0.2375
0 0.453125 0.0015625 0.4125 0.0015625 0.4125 0.059375 0.453125 0.059375 0.453125 0.0015625
0 0.0515625 0.6734375 0.0015625 0.6734375 0.0015625 0.7953125 0.0515625 0.7953125 0.0515625 0.6734375
0 0.6484375 0.225 0.525 0.225 0.525 0.4390625 0.6484375 0.4390625 0.6484375 0.225
0 0.0953125 0.875 0.0015625 0.875 0.0015625 1.0 0.0953125 1.0 0.0953125 0.875
0 0.6921875 0.4328125 0.49375 0.4328125 0.49375 0.7765625 0.6921875 0.7765625 0.6921875 0.4328125
0 0.0671875 0.53125 0.0015625 0.53125 0.0015625 0.69375 0.0671875 0.69375 0.0671875 0.53125
0 0.2765625 0.478125 0.203125 0.478125 0.203125 0.6375 0.2765625 0.6375 0.2765625 0.478125
0 0.85625 0.2046875 0.7890625 0.2046875 0.7890625 0.3390625 0.85625 0.3390625 0.85625 0.2046875
0 0.7890625 0.175 0.678125 0.175 0.678125 0.271875 0.7890625 0.271875 0.7890625 0.175
0 0.721875 0.0015625 0.4484375 0.0015625 0.4484375 0.3171875 0.721875 0.3171875 0.721875 0.0015625
0 0.35 0.0015625 0.31875 0.0015625 0.31875 0.040625 0.35 0.040625 0.35 0.0015625
0 1.0 0.76875 0.9375 0.76875 0.9375 0.8234375 1.0 0.8234375 1.0 0.76875
0 1.0 0.1234375 0.8875 0.1234375 0.8875 0.3859375 1.0 0.3859375 1.0 0.1234375
0 0.1125 0.028125 0.0015625 0.028125 0.0015625 0.1359375 0.1125 0.1359375 0.1125 0.028125
0 0.5984375 0.9828125 0.5390625 0.9828125 0.5390625 1.0 0.5984375 1.0 0.5984375 0.9828125
0 0.5890625 0.80625 0.4890625 0.80625 0.4890625 0.971875 0.5890625 0.971875 0.5890625 0.80625
0 0.303125 0.75 0.21875 0.75 0.21875 1.0 0.303125 1.0 0.303125 0.75
0 0.540625 0.3265625 0.4890625 0.3265625 0.4890625 0.53125 0.540625 0.53125 0.540625 0.3265625
0 0.2515625 0.240625 0.165625 0.240625 0.165625 0.471875 0.2515625 0.471875 0.2515625 0.240625
0 0.3984375 0.1296875 0.23125 0.1296875 0.23125 0.334375 0.3984375 0.334375 0.3984375 0.1296875
0 0.571875 0.0015625 0.5359375 0.0015625 0.5359375 0.0375 0.571875 0.0375 0.571875 0.0015625
0 0.8296875 0.8703125 0.6203125 0.8703125 0.6203125 1.0 0.8296875 1.0 0.8296875 0.8703125
0 1.0 0.871875 0.89375 0.871875 0.89375 0.9578125 1.0 0.9578125 1.0 0.871875
0 1.0 0.7109375 0.775 0.7109375 0.775 0.871875 1.0 0.871875 1.0 0.7109375
0 1.0 0.428125 0.86875 0.428125 0.86875 0.690625 1.0 0.690625 1.0 0.428125
0 0.8078125 0.44375 0.6984375 0.44375 0.6984375 0.66875 0.8078125 0.66875 0.8078125 0.44375
0 0.66875 0.1 0.575 0.1 0.575 0.2015625 0.66875 0.2015625 0.66875 0.1
0 1.0 0.0015625 0.821875 0.0015625 0.821875 0.2109375 1.0 0.2109375 1.0 0.0015625
0 0.85625 0.0015625 0.821875 0.0015625 0.821875 0.0390625 0.85625 0.0390625 0.85625 0.0015625
0 0.1921875 0.9890625 0.1109375 0.9890625 0.1109375 1.0 0.1921875 1.0 0.1921875 0.9890625
0 0.38125 0.434375 0.234375 0.434375 0.234375 0.653125 0.38125 0.653125 0.38125 0.434375
0 0.215625 0.41875 0.1265625 0.41875 0.1265625 0.646875 0.215625 0.646875 0.215625 0.41875
0 0.865625 0.8796875 0.7796875 0.8796875 0.7796875 1.0 0.865625 1.0 0.865625 0.8796875
0 1.0 0.6640625 0.8484375 0.6640625 0.8484375 0.7359375 1.0 0.7359375 1.0 0.6640625
0 0.85625 0.115625 0.625 0.115625 0.625 0.4 0.85625 0.4 0.85625 0.115625
0 0.575 0.0015625 0.0015625 0.0015625 0.0015625 0.7078125 0.575 0.7078125 0.575 0.0015625
0 0.190625 0.765625 0.040625 0.765625 0.040625 0.99375 0.190625 0.99375 0.190625 0.765625
0 0.675 0.871875 0.3125 0.871875 0.3125 1.0 0.675 1.0 0.675 0.871875
0 0.2421875 0.8234375 0.1703125 0.8234375 0.1703125 1.0 0.2421875 1.0 0.2421875 0.8234375
0 0.5171875 0.21875 0.284375 0.21875 0.284375 0.8375 0.5171875 0.8375 0.5171875 0.21875
0 0.3390625 0.29375 0.184375 0.29375 0.184375 0.409375 0.3390625 0.409375 0.3390625 0.29375
0 1.0 0.0015625 0.7453125 0.0015625 0.7453125 0.8921875 1.0 0.8921875 1.0 0.0015625
0 0.7203125 0.45 0.6296875 0.45 0.6296875 0.8046875 0.7203125 0.8046875 0.7203125 0.45
0 1.0 0.4078125 0.9453125 0.4078125 0.9453125 0.584375 1.0 0.584375 1.0 0.4078125
0 0.821875 0.0015625 0.8046875 0.0015625 0.8046875 0.0125 0.821875 0.0125 0.821875 0.0015625
0 0.4359375 0.7046875 0.190625 0.7046875 0.190625 1.0 0.4359375 1.0 0.4359375 0.7046875
