0 1.0 0.0015625 0.0015625 0.0015625 0.0015625 1.0 1.0 1.0 1.0 0.0015625
0 0.234375 0.0140625 0.0875 0.0140625 0.0875 0.190625 0.234375 0.190625 0.234375 0.0140625
0 0.271875 0.0015625 0.2 0.0015625 0.2 0.015625 0.271875 0.015625 0.271875 0.0015625
0 0.778125 0.0015625 0.675 0.0015625 0.675 0.0296875 0.778125 0.0296875 0.778125 0.0015625
0 0.8109375 0.3453125 0.2375 0.3453125 0.2375 1.0 0.8109375 1.0 0.8109375 0.3453125
0 0.1796875 0.4046875 0.0015625 0.4046875 0.0015625 0.6265625 0.1796875 0.6265625 0.1796875 0.4046875
0 0.8421875 0.184375 0.6546875 0.184375 0.6546875 0.4671875 0.8421875 0.4671875 0.8421875 0.184375
0 0.6234375 0.0015625 0.5140625 0.0015625 0.5140625 0.01875 0.6234375 0.01875 0.6234375 0.0015625
0 1.0 0.6875 0.0015625 0.6875 0.0015625 1.0 1.0 1.0 1.0 0.6875
0 0.346875 0.0015625 0.0015625 0.0015625 0.0015625 0.359375 0.346875 0.359375 0.346875 0.0015625
0 0.7171875 0.8640625 0.534375 0.8640625 0.534375 1.0 0.7171875 1.0 0.7171875 0.8640625
0 1.0 0.7421875 0.8234375 0.7421875 0.8234375 0.878125 1.0 0.878125 1.0 0.7421875
0 0.46875 0.0015625 0.2984375 0.0015625 0.2984375 0.24375 0.46875 0.24375 0.46875 0.0015625
0 0.8671875 0.0015625 0.5640625 0.0015625 0.5640625 0.1921875 0.8671875 0.1921875 0.8671875 0.0015625
0 1.0 0.3953125 0.95 0.3953125 0.95 0.4765625 1.0 0.4765625 1.0 0.3953125
