0 0.0421875 0.7484375 0.0015625 0.7484375 0.0015625 0.9203125 0.0421875 0.9203125 0.0421875 0.7484375
0 0.603125 0.0015625 0.415625 0.0015625 0.415625 0.075 0.603125 0.075 0.603125 0.0015625
0 0.45625 0.396875 0.3546875 0.396875 0.3546875 0.646875 0.45625 0.646875 0.45625 0.396875
0 0.5453125 0.4109375 0.453125 0.4109375 0.453125 0.5703125 0.5453125 0.5703125 0.5453125 0.4109375
0 0.621875 0.0015625 0.4671875 0.0015625 0.4671875 0.3984375 0.621875 0.3984375 0.621875 0.0015625
0 0.390625 0.0609375 0.31875 0.0609375 0.31875 0.3828125 0.390625 0.3828125 0.390625 0.0609375
0 0.76875 0.0328125 0.665625 0.0328125 0.665625 0.1515625 0.76875 0.1515625 0.76875 0.0328125
0 1.0 0.8984375 0.9875 0.8984375 0.9875 0.9515625 1.0 0.9515625 1.0 0.8984375
0 0.021875 0.915625 0.0015625 0.915625 0.0015625 0.96875 0.021875 0.96875 0.021875 0.915625
0 0.5234375 0.6359375 0.3765625 0.6359375 0.3765625 0.8875 0.5234375 0.8875 0.5234375 0.6359375
0 0.109375 0.303125 0.0015625 0.303125 0.0015625 0.7109375 0.109375 0.7109375 0.109375 0.303125
0 0.3703125 0.2734375 0.2546875 0.2734375 0.2546875 0.515625 0.3703125 0.515625 0.3703125 0.2734375
0 0.4546875 0.0015625 0.3453125 0.0015625 0.3453125 0.5234375 0.4546875 0.5234375 0.4546875 0.0015625
0 0.3296875 0.0015625 0.0015625 0.0015625 0.0015625 0.15625 0.3296875 0.15625 0.3296875 0.0015625
0 0.5265625 0.0015625 0.4171875 0.0015625 0.4171875 0.040625 0.5265625 0.040625 0.5265625 0.0015625
0 0.8765625 0.990625 0.86875 0.990625 0.86875 1.0 0.8765625 1.0 0.8765625 0.990625
0 1.0 0.8203125 0.9 0.8203125 0.9 1.0 1.0 1.0 1.0 0.8203125
0 0.80625 0.25625 0.546875 0.25625 0.546875 1.0 0.80625 1.0 0.80625 0.25625
0 1.0 0.66875 0.8984375 0.66875 0.8984375 0.7609375 1.0 0.7609375 1.0 0.66875
0 1.0 0.515625 0.8015625 0.515625 0.8015625 0.6875 1.0 0.6875 1.0 0.515625
0 1.0 0.1875 0.9484375 0.1875 0.9484375 0.3671875 1.0 0.3671875 1.0 0.1875
0 1.0 0.0015625 0.8640625 0.0015625 0.8640625 0.153125 1.0 0.153125 1.0 0.0015625
0 0.409375 0.95 0.359375 0.95 0.359375 1.0 0.409375 1.0 0.409375 0.95
0 0.3203125 0.959375 0.21875 0.959375 0.21875 1.0 0.3203125 1.0 0.3203125 0.959375
0 0.16875 0.85 0.0015625 0.85 0.0015625 1.0 0.16875 1.0 0.16875 0.85
0 0.7140625 0.66875 0.4453125 0.66875 0.4453125 1.0 0.7140625 1.0 0.7140625 0.66875
0 1.0 0.7171875 0.74375 0.7171875 0.74375 1.0 1.0 1.0 1.0 0.7171875
0 0.3578125 0.746875 0.209375 0.746875 0.209375 0.98125 0.3578125 0.98125 0.3578125 0.746875
0 0.1390625 0.3796875 0.0015625 0.3796875 0.0015625 0.81875 0.1390625 0.81875 0.1390625 0.3796875
0 0.546875 0.5171875 0.26875 0.5171875 0.26875 0.69375 0.546875 0.69375 0.546875 0.5171875
0 1.0 0.4921875 0.771875 0.4921875 0.771875 0.7203125 1.0 0.7203125 1.0 0.4921875
0 0.0015625 0.5296875 0.0015625 0.5296875 0.0015625 0.5453125 0.0015625 0.5453125 0.0015625 0.5296875
0 0.6921875 0.365625 0.5078125 0.365625 0.5078125 0.6609375 0.6921875 0.6609375 0.6921875 0.365625
0 0.2859375 0.2546875 0.1640625 0.2546875 0.1640625 0.6390625 0.2859375 0.6390625 0.2859375 0.2546875
0 0.196875 0.2859375 0.140625 0.2859375 0.140625 0.5078125 0.196875 0.5078125 0.196875 0.2859375
0 0.1203125 0.2296875 0.0015625 0.2296875 0.0015625 0.4703125 0.1203125 0.4703125 0.1203125 0.2296875
0 1.0 0.1515625 0.8125 0.1515625 0.8125 0.465625 1.0 0.465625 1.0 0.1515625
0 0.6046875 0.0015625 0.3578125 0.0015625 0.3578125 0.403125 0.6046875 0.403125 0.6046875 0.0015625
0 0.075 0.0890625 0.0015625 0.0890625 0.0015625 0.2984375 0.075 0.2984375 0.075 0.0890625
0 0.2671875 0.0015625 0.0421875 0.0015625 0.0421875 0.2375 0.2671875 0.2375 0.2671875 0.0015625
0 0.7078125 0.0015625 0.609375 0.0015625 0.609375 0.153125 0.7078125 0.153125 0.7078125 0.0015625
0 0.0453125 0.5765625 0.0015625 0.5765625 0.0015625 0.75625 0.0453125 0.75625 0.0453125 0.5765625
0 0.7078125 0.2859375 0.5578125 0.2859375 0.5578125 0.4921875 0.7078125 0.4921875 0.7078125 0.2859375
0 0.9703125 0.959375 0.9203125 0.959375 0.9203125 1.0 0.9703125 1.0 0.9703125 0.959375
0 0.6953125 0.746875 0.6 0.746875 0.6 0.9609375 0.6953125 0.9609375 0.6953125 0.746875
0 0.909375 0.2046875 0.7984375 0.2046875 0.7984375 0.509375 0.909375 0.509375 0.909375 0.2046875
0 0.8078125 0.1265625 0.584375 0.1265625 0.584375 0.3203125 0.8078125 0.3203125 0.8078125 0.1265625
0 0.78125 0.0015625 0.68125 0.0015625 0.68125 0.0734375 0.78125 0.0734375 0.78125 0.0015625
0 0.9390625 0.0015625 0.9265625 0.0015625 0.9265625 0.028125 0.9390625 0.028125 0.9390625 0.0015625
0 0.41875 0.6765625 0.1828125 0.6765625 0.1828125 0.9890625 0.41875 0.9890625 0.41875 0.6765625
0 0.31875 0.4390625 0.0109375 0.4390625 0.0109375 0.9203125 0.31875 0.9203125 0.31875 0.4390625
0 0.7828125 0.8796875 0.746875 0.8796875 0.746875 1.0 0.7828125 1.0 0.7828125 0.8796875
0 0.471875 0.884375 0.3203125 0.884375 0.3203125 1.0 0.471875 1.0 0.471875 0.884375
0 0.7203125 0.8953125 0.6109375 0.8953125 0.6109375 1.0 0.7203125 1.0 0.7203125 0.8953125
0 0.353125 0.1125 0.2390625 0.1125 0.2390625 0.390625 0.353125 0.390625 0.353125 0.1125
0 1.0 0.0015625 0.61875 0.0015625 0.61875 0.4328125 1.0 0.4328125 1.0 0.0015625
0 0.9234375 0.55625 0.7609375 0.55625 0.7609375 0.75 0.9234375 0.75 0.9234375 0.55625
0 1.0 0.396875 0.884375 0.396875 0.884375 0.5015625 1.0 0.5015625 1.0 0.396875
