0 0.98125 0.2421875 0.7671875 0.2421875 0.7671875 0.415625 0.98125 0.415625 0.98125 0.2421875
0 0.178125 0.675 0.028125 0.675 0.028125 0.8625 0.178125 0.8625 0.178125 0.675
0 0.1140625 0.5703125 0.0015625 0.5703125 0.0015625 0.73125 0.1140625 0.73125 0.1140625 0.5703125
0 0.584375 0.5109375 0.4578125 0.5109375 0.4578125 0.646875 0.584375 0.646875 0.584375 0.5109375
0 0.61875 0.2671875 0.4125 0.2671875 0.4125 0.4328125 0.61875 0.4328125 0.61875 0.2671875
0 0.6546875 0.4859375 0.540625 0.4859375 0.540625 0.621875 0.6546875 0.621875 0.6546875 0.4859375
0 1.0 0.309375 0.878125 0.309375 0.878125 0.4734375 1.0 0.4734375 1.0 0.309375
0 0.809375 0.3078125 0.659375 0.3078125 0.659375 0.4671875 0.809375 0.4671875 0.809375 0.3078125
0 0.7625 0.409375 0.6359375 0.409375 0.6359375 0.675 0.7625 0.675 0.7625 0.409375
0 0.0609375 0.8890625 0.0015625 0.8890625 0.0015625 1.0 0.0609375 1.0 0.0609375 0.8890625
0 0.634375 0.8640625 0.4046875 0.8640625 0.4046875 1.0 0.634375 1.0 0.634375 0.8640625
0 0.3140625 0.7578125 0.14375 0.7578125 0.14375 0.8484375 0.3140625 0.8484375 0.3140625 0.7578125
0 0.63125 0.578125 0.5390625 0.578125 0.5390625 0.759375 0.63125 0.759375 0.63125 0.578125
0 0.296875 0.5859375 0.1796875 0.5859375 0.1796875 0.7296875 0.296875 0.7296875 0.296875 0.5859375
0 1.0 0.825 0.684375 0.825 0.684375 1.0 1.0 1.0 1.0 0.825
0 0.7203125 0.6953125 0.628125 0.6953125 0.628125 0.88125 0.7203125 0.88125 0.7203125 0.6953125
0 0.9546875 0.6171875 0.7765625 0.6171875 0.7765625 0.8015625 0.9546875 0.8015625 0.9546875 0.6171875
0 1.0 0.5078125 0.971875 0.5078125 0.971875 0.5765625 1.0 0.5765625 1.0 0.5078125
0 1.0 0.2734375 0.965625 0.2734375 0.965625 0.340625 1.0 0.340625 1.0 0.2734375
0 0.790625 0.0609375 0.65625 0.0609375 0.65625 0.271875 0.790625 0.271875 0.790625 0.0609375
0 0.93125 0.0015625 0.8078125 0.0015625 0.8078125 0.0875 0.93125 0.0875 0.93125 0.0015625
0 0.665625 0.0015625 0.578125 0.0015625 0.578125 0.0921875 0.665625 0.0921875 0.665625 0.0015625
0 0.4515625 0.6234375 0.1765625 0.6234375 0.1765625 1.0 0.4515625 1.0 0.4515625 0.6234375
0 0.1546875 0.6984375 0.0015625 0.6984375 0.0015625 1.0 0.1546875 1.0 0.1546875 0.6984375
0 0.5984375 0.925 0.459375 0.925 0.459375 1.0 0.5984375 1.0 0.5984375 0.925
0 0.640625 0.61875 0.440625 0.61875 0.440625 0.8890625 0.640625 0.8890625 0.640625 0.61875
0 0.81875 0.6328125 0.7015625 0.6328125 0.7015625 0.7796875 0.81875 0.7796875 0.81875 0.6328125
0 1.0 0.9734375 0.978125 0.9734375 0.978125 1.0 1.0 1.0 1.0 0.9734375
0 1.0 0.53125 0.8875 0.53125 0.8875 0.8 1.0 0.8 1.0 0.53125
0 1.0 0.1265625 0.94375 0.1265625 0.94375 0.159375 1.0 0.159375 1.0 0.1265625
0 1.0 0.0046875 0.9796875 0.0046875 0.9796875 0.0484375 1.0 0.0484375 1.0 0.0046875
0 0.2203125 0.8578125 0.084375 0.8578125 0.084375 1.0 0.2203125 1.0 0.2203125 0.8578125
0 1.0 0.0953125 0.8703125 0.0953125 0.8703125 0.2375 1.0 0.2375 1.0 0.0953125
0 0.275 0.4625 0.2 0.4625 0.2 0.5734375 0.275 0.5734375 0.275 0.4625
0 0.6359375 0.353125 0.4609375 0.353125 0.4609375 0.5234375 0.6359375 0.5234375 0.6359375 0.353125
0 0.475 0.359375 0.2078125 0.359375 0.2078125 0.5859375 0.475 0.5859375 0.475 0.359375
0 0.9765625 0.3390625 0.8421875 0.3390625 0.8421875 0.490625 0.9765625 0.490625 0.9765625 0.3390625
0 0.703125 0.3359375 0.6234375 0.3359375 0.6234375 0.48125 0.703125 0.48125 0.703125 0.3359375
0 0.0125 0.5796875 0.0015625 0.5796875 0.0015625 0.5953125 0.0125 0.5953125 0.0125 0.5796875
0 0.3796875 0.984375 0.3390625 0.984375 0.3390625 1.0 0.3796875 1.0 0.3796875 0.984375
0 0.171875 0.83125 0.0734375 0.83125 0.0734375 0.9625 0.171875 0.9625 0.171875 0.83125
0 0.5609375 0.521875 0.1390625 0.521875 0.1390625 0.8546875 0.5609375 0.8546875 0.5609375 0.521875
0 0.0328125 0.4453125 0.0015625 0.4453125 0.0015625 0.528125 0.0328125 0.528125 0.0328125 0.4453125
0 0.1921875 0.2515625 0.0296875 0.2515625 0.0296875 0.5140625 0.1921875 0.5140625 0.1921875 0.2515625
0 0.403125 0.175 0.203125 0.175 0.203125 0.334375 0.403125 0.334375 0.403125 0.175
0 0.85 0.9359375 0.7578125 0.9359375 0.7578125 1.0 0.85 1.0 0.85 0.9359375
0 0.7203125 0.8609375 0.6234375 0.8609375 0.6234375 0.984375 0.7203125 0.984375 0.7203125 0.8609375
0 1.0 0.7140625 0.7578125 0.7140625 0.7578125 0.9328125 1.0 0.9328125 1.0 0.7140625
0 1.0 0.3765625 0.621875 0.3765625 0.621875 0.7734375 1.0 0.7734375 1.0 0.3765625
0 0.809375 0.246875 0.68125 0.246875 0.68125 0.3890625 0.809375 0.3890625 0.809375 0.246875
0 0.475 0.9453125 0.3203125 0.9453125 0.3203125 1.0 0.475 1.0 0.475 0.9453125
0 0.175 0.95 0.13125 0.95 0.13125 1.0 0.175 1.0 0.175 0.95
0 0.1 0.13125 0.0015625 0.13125 0.0015625 0.290625 0.1 0.290625 0.1 0.13125
0 0.428125 0.03125 0.2703125 0.03125 0.2703125 0.1890625 0.428125 0.1890625 0.428125 0.03125
0 0.7734375 0.9671875 0.725 0.9671875 0.725 1.0 0.7734375 1.0 0.7734375 0.9671875
0 1.0 0.8484375 0.8984375 0.8484375 0.8984375 0.9859375 1.0 0.9859375 1.0 0.8484375
0 0.925 0.4953125 0.7796875 0.4953125 0.7796875 0.634375 0.925 0.634375 0.925 0.4953125
0 0.775 0.0015625 0.63125 0.0015625 0.63125 0.0921875 0.775 0.0921875 0.775 0.0015625
0 0.19375 0.478125 0.1171875 0.478125 0.1171875 0.6375 0.19375 0.6375 0.19375 0.478125
0 0.4296875 0.465625 0.296875 0.465625 0.296875 0.5875 0.4296875 0.5875 0.4296875 0.465625
0 0.91875 0.109375 0.765625 0.109375 0.765625 0.2796875 0.91875 0.2796875 0.91875 0.109375
0 0.0984375 0.4828125 0.0015625 0.4828125 0.0015625 0.6671875 0.0984375 0.6671875 0.0984375 0.4828125
0 0.4234375 0.8703125 0.2984375 0.8703125 0.2984375 1.0 0.4234375 1.0 0.4234375 0.8703125
0 0.3703125 0.6078125 0.2890625 0.6078125 0.2890625 0.7265625 0.3703125 0.7265625 0.3703125 0.6078125
0 0.371875 0.2890625 0.18125 0.2890625 0.18125 0.5921875 0.371875 0.5921875 0.371875 0.2890625
0 0.565625 0.384375 0.434375 0.384375 0.434375 0.56875 0.565625 0.56875 0.565625 0.384375
0 0.54375 0.1828125 0.4296875 0.1828125 0.4296875 0.3203125 0.54375 0.3203125 0.54375 0.1828125
0 0.6921875 0.9640625 0.6140625 0.9640625 0.6140625 1.0 0.6921875 1.0 0.6921875 0.9640625
0 0.78125 0.771875 0.6828125 0.771875 0.6828125 0.890625 0.78125 0.890625 0.78125 0.771875
0 1.0 0.0015625 0.74375 0.0015625 0.74375 0.259375 1.0 0.259375 1.0 0.0015625
