0 0.1953125 0.8359375 0.115625 0.8359375 0.115625 1.0 0.1953125 1.0 0.1953125 0.8359375
0 0.23125 0.5125 0.1109375 0.5125 0.1109375 0.696875 0.23125 0.696875 0.23125 0.5125
0 0.5984375 0.325 0.4640625 0.325 0.4640625 0.6453125 0.5984375 0.6453125 0.5984375 0.325
0 0.365625 0.265625 0.103125 0.265625 0.103125 0.4125 0.365625 0.4125 0.365625 0.265625
0 0.7921875 0.16875 0.7109375 0.16875 0.7109375 0.36875 0.7921875 0.36875 0.7921875 0.16875
0 0.7078125 0.1265625 0.5546875 0.1265625 0.5546875 0.278125 0.7078125 0.278125 0.7078125 0.1265625
0 0.88125 0.0015625 0.7515625 0.0015625 0.7515625 0.1046875 0.88125 0.1046875 0.88125 0.0015625
0 0.9640625 0.7609375 0.9 0.7609375 0.9 1.0 0.9640625 1.0 0.9640625 0.7609375
0 0.00625 0.9421875 0.0015625 0.9421875 0.0015625 0.9515625 0.00625 0.9515625 0.00625 0.9421875
0 0.3796875 0.525 0.11875 0.525 0.11875 0.8828125 0.3796875 0.8828125 0.3796875 0.525
0 1.0 0.20625 0.89375 0.20625 0.89375 0.38125 1.0 0.38125 1.0 0.20625
0 0.9296875 0.1109375 0.7703125 0.1109375 0.7703125 0.3734375 0.9296875 0.3734375 0.9296875 0.1109375
0 0.740625 0.6671875 0.5828125 0.6671875 0.5828125 0.7984375 0.740625 0.7984375 0.740625 0.6671875
0 0.8984375 0.4921875 0.7953125 0.4921875 0.7953125 0.6078125 0.8984375 0.6078125 0.8984375 0.4921875
0 0.8421875 0.5546875 0.4453125 0.5546875 0.4453125 1.0 0.8421875 1.0 0.8421875 0.5546875
0 0.85 0.715625 0.7328125 0.715625 0.7328125 0.9359375 0.85 0.9359375 0.85 0.715625
0 0.14375 0.475 0.0015625 0.475 0.0015625 0.7515625 0.14375 0.7515625 0.14375 0.475
0 0.0515625 0.3671875 0.0015625 0.3671875 0.0015625 0.434375 0.0515625 0.434375 0.0515625 0.3671875
0 0.39375 0.0390625 0.19375 0.0390625 0.19375 0.2359375 0.39375 0.2359375 0.39375 0.0390625
0 0.0171875 0.9109375 0.0015625 0.9109375 0.0015625 0.9421875 0.0171875 0.9421875 0.0171875 0.9109375
0 0.4109375 0.9234375 0.2859375 0.9234375 0.2859375 1.0 0.4109375 1.0 0.4109375 0.9234375
0 0.65625 0.828125 0.5796875 0.828125 0.5796875 1.0 0.65625 1.0 0.65625 0.828125
0 0.559375 0.853125 0.4984375 0.853125 0.4984375 1.0 0.559375 1.0 0.559375 0.853125
0 0.515625 0.5765625 0.2984375 0.5765625 0.2984375 0.8921875 0.515625 0.8921875 0.515625 0.5765625
0 0.690625 0.3625 0.5921875 0.3625 0.5921875 0.60625 0.690625 0.60625 0.690625 0.3625
0 0.2203125 0.3515625 0.0828125 0.3515625 0.0828125 0.5609375 0.2203125 0.5609375 0.2203125 0.3515625
0 0.603125 0.0078125 0.378125 0.0078125 0.378125 0.2765625 0.603125 0.2765625 0.603125 0.0078125
0 0.734375 0.00625 0.6375 0.00625 0.6375 0.1734375 0.734375 0.1734375 0.734375 0.00625
0 0.29375 0.0015625 0.1671875 0.0015625 0.1671875 0.0703125 0.29375 0.0703125 0.29375 0.0015625
0 1.0 0.00625 0.9859375 0.00625 0.9859375 0.1203125 1.0 0.1203125 1.0 0.00625
0 0.0484375 0.7625 0.0015625 0.7625 0.0015625 0.865625 0.0484375 0.865625 0.0484375 0.7625
0 0.25625 0.4609375 0.0078125 0.4609375 0.0078125 0.765625 0.25625 0.765625 0.25625 0.4609375
0 0.4953125 0.9859375 0.4578125 0.9859375 0.4578125 1.0 0.4953125 1.0 0.4953125 0.9859375
0 0.84375 0.78125 0.6921875 0.78125 0.6921875 0.953125 0.84375 0.953125 0.84375 0.78125
0 0.6875 0.378125 0.4640625 0.378125 0.4640625 0.7484375 0.6875 0.7484375 0.6875 0.378125
0 0.3921875 0.4390625 0.1671875 0.4390625 0.1671875 0.7375 0.3921875 0.7375 0.3921875 0.4390625
0 0.665625 0.1640625 0.446875 0.1640625 0.446875 0.4328125 0.665625 0.4328125 0.665625 0.1640625
0 0.884375 0.0125 0.7953125 0.0125 0.7953125 0.1390625 0.884375 0.1390625 0.884375 0.0125
0 0.5671875 0.0015625 0.40625 0.0015625 0.40625 0.1046875 0.5671875 0.1046875 0.5671875 0.0015625
0 1.0 0.0015625 0.9484375 0.0015625 0.9484375 0.08125 1.0 0.08125 1.0 0.0015625
0 0.7359375 0.0015625 0.6828125 0.0015625 0.6828125 0.0578125 0.7359375 0.0578125 0.7359375 0.0015625
0 1.0 0.846875 0.9828125 0.846875 0.9828125 0.8609375 1.0 0.8609375 1.0 0.846875
0 0.434375 0.6109375 0.1453125 0.6109375 0.1453125 1.0 0.434375 1.0 0.434375 0.6109375
0 0.1265625 0.946875 0.0015625 0.946875 0.0015625 1.0 0.1265625 1.0 0.1265625 0.946875
0 0.0953125 0.8453125 0.0015625 0.8453125 0.0015625 0.9453125 0.0953125 0.9453125 0.0953125 0.8453125
0 0.1484375 0.565625 0.0015625 0.565625 0.0015625 0.884375 0.1484375 0.884375 0.1484375 0.565625
0 0.3 0.528125 0.20625 0.528125 0.20625 0.7453125 0.3 0.7453125 0.3 0.528125
0 0.18125 0.28125 0.0015625 0.28125 0.0015625 0.58125 0.18125 0.58125 0.18125 0.28125
0 0.409375 0.0015625 0.1859375 0.0015625 0.1859375 0.05 0.409375 0.05 0.409375 0.0015625
0 0.8 0.0015625 0.5171875 0.0015625 0.5171875 0.515625 0.8 0.515625 0.8 0.0015625
0 0.45625 0.946875 0.4234375 0.946875 0.4234375 1.0 0.45625 1.0 0.45625 0.946875
0 0.5828125 0.7328125 0.503125 0.7328125 0.503125 0.8671875 0.5828125 0.8671875 0.5828125 0.7328125
0 0.4953125 0.6859375 0.4375 0.6859375 0.4375 0.878125 0.4953125 0.878125 0.4953125 0.6859375
0 0.903125 0.6234375 0.775 0.6234375 0.775 0.88125 0.903125 0.88125 0.903125 0.6234375
0 0.75 0.6109375 0.6421875 0.6109375 0.6421875 0.7703125 0.75 0.7703125 0.75 0.6109375
0 0.621875 0.240625 0.4640625 0.240625 0.4640625 0.5796875 0.621875 0.5796875 0.621875 0.240625
0 0.6359375 0.0328125 0.2890625 0.0328125 0.2890625 0.3453125 0.6359375 0.3453125 0.6359375 0.0328125
0 0.8703125 0.1203125 0.7859375 0.1203125 0.7859375 0.2625 0.8703125 0.2625 0.8703125 0.1203125
0 1.0 0.0015625 0.8578125 0.0015625 0.8578125 0.2296875 1.0 0.2296875 1.0 0.0015625
0 1.0 0.8578125 0.9578125 0.8578125 0.9578125 0.959375 1.0 0.959375 1.0 0.8578125
0 1.0 0.146875 0.8609375 0.146875 0.8609375 0.578125 1.0 0.578125 1.0 0.146875
0 0.7453125 0.3296875 0.6234375 0.3296875 0.6234375 0.509375 0.7453125 0.509375 0.7453125 0.3296875
0 0.059375 0.69375 0.0015625 0.69375 0.0015625 0.765625 0.059375 0.765625 0.059375 0.69375
0 0.18125 0.8890625 0.14375 0.8890625 0.14375 1.0 0.18125 1.0 0.18125 0.8890625
0 0.6046875 0.8609375 0.546875 0.8609375 0.546875 1.0 0.6046875 1.0 0.6046875 0.8609375
0 0.521875 0.871875 0.4765625 0.871875 0.4765625 1.0 0.521875 1.0 0.521875 0.871875
0 0.4453125 0.3328125 0.1921875 0.3328125 0.1921875 0.621875 0.4453125 0.621875 0.4453125 0.3328125
0 0.3890625 0.0015625 0.278125 0.0015625 0.278125 0.0625 0.3890625 0.0625 0.3890625 0.0015625
0 1.0 0.7625 0.934375 0.7625 0.934375 1.0 1.0 1.0 1.0 0.7625
0 0.875 0.525 0.7296875 0.525 0.7296875 0.8171875 0.875 0.8171875 0.875 0.525
0 1.0 0.025 0.9390625 0.025 0.9390625 0.16875 1.0 0.16875 1.0 0.025
0 0.2765625 0.0015625 0.0015625 0.0015625 0.0015625 0.3234375 0.2765625 0.3234375 0.2765625 0.0015625
0 0.1078125 0.74375 0.0171875 0.74375 0.0171875 0.85625 0.1078125 0.85625 0.1078125 0.74375
0 0.38125 0.4015625 0.1953125 0.4015625 0.1953125 0.603125 0.38125 0.603125 0.38125 0.4015625
0 0.053125 0.2703125 0.0015625 0.2703125 0.0015625 0.4 0.053125 0.4 0.053125 0.2703125
0 0.2328125 0.0015625 0.0640625 0.0015625 0.0640625 0.2328125 0.2328125 0.2328125 0.2328125 0.0015625
0 0.58125 0.925 0.546875 0.925 0.546875 1.0 0.58125 1.0 0.58125 0.925
0 0.7859375 0.821875 0.621875 0.821875 0.621875 1.0 0.7859375 1.0 0.7859375 0.821875
0 0.465625 0.1984375 0.2765625 0.1984375 0.2765625 0.409375 0.465625 0.409375 0.465625 0.1984375
0 1.0 0.5296875 0.7546875 0.5296875 0.7546875 1.0 1.0 1.0 1.0 0.5296875
0 1.0 0.5578125 0.94375 0.5578125 0.94375 0.646875 1.0 0.646875 1.0 0.5578125
0 0.9390625 0.3375 0.76875 0.3375 0.76875 0.5421875 0.9390625 0.5421875 0.9390625 0.3375
