0 0.1 0.653125 0.0015625 0.653125 0.0015625 0.7734375 0.1 0.7734375 0.1 0.653125
0 0.428125 0.9734375 0.3859375 0.9734375 0.3859375 1.0 0.428125 1.0 0.428125 0.9734375
0 0.265625 0.1046875 0.178125 0.1046875 0.178125 0.5265625 0.265625 0.5265625 0.265625 0.1046875
0 0.503125 0.0015625 0.3546875 0.0015625 0.3546875 0.153125 0.503125 0.153125 0.503125 0.0015625
0 0.7734375 0.115625 0.6328125 0.115625 0.6328125 0.246875 0.7734375 0.246875 0.7734375 0.115625
0 0.9359375 0.05 0.8796875 0.05 0.8796875 0.2328125 0.9359375 0.2328125 0.9359375 0.05
0 0.990625 0.0015625 0.90625 0.0015625 0.90625 0.015625 0.990625 0.015625 0.990625 0.0015625
0 1.0 0.0015625 0.0015625 0.0015625 0.0015625 1.0 1.0 1.0 1.0 0.0015625
0 0.115625 0.2890625 0.0015625 0.2890625 0.0015625 0.6734375 0.115625 0.6734375 0.115625 0.2890625
0 0.3796875 0.0015625 0.33125 0.0015625 0.33125 0.04375 0.3796875 0.04375 0.3796875 0.0015625
0 0.2015625 0.0015625 0.0015625 0.0015625 0.0015625 0.09375 0.2015625 0.09375 0.2015625 0.0015625
0 0.0234375 0.446875 0.0015625 0.446875 0.0015625 0.5734375 0.0234375 0.5734375 0.0234375 0.446875
0 0.159375 0.090625 0.0015625 0.090625 0.0015625 0.7328125 0.159375 0.7328125 0.159375 0.090625
0 0.3296875 0.9015625 0.2375 0.9015625 0.2375 1.0 0.3296875 1.0 0.3296875 0.9015625
0 0.25625 0.671875 0.203125 0.671875 0.203125 0.83125 0.25625 0.83125 0.25625 0.671875
0 1.0 0.41875 0.753125 0.41875 0.753125 0.9515625 1.0 0.9515625 1.0 0.41875
0 0.753125 0.990625 0.70625 0.990625 0.70625 1.0 0.753125 1.0 0.753125 0.990625
0 0.7140625 0.625 0.625 0.625 0.625 0.796875 0.7140625 0.796875 0.7140625 0.625
0 0.5671875 0.5546875 0.409375 0.5546875 0.409375 0.6703125 0.5671875 0.6703125 0.5671875 0.5546875
0 0.81875 0.2546875 0.51875 0.2546875 0.51875 0.54375 0.81875 0.54375 0.81875 0.2546875
0 0.859375 0.2171875 0.746875 0.2171875 0.746875 0.3546875 0.859375 0.3546875 0.859375 0.2171875
0 0.85625 0.0015625 0.2984375 0.0015625 0.2984375 0.3359375 0.85625 0.3359375 0.85625 0.0015625
0 1.0 0.1421875 0.9078125 0.1421875 0.9078125 0.465625 1.0 0.465625 1.0 0.1421875
