0 0.13125 0.0015625 0.00625 0.0015625 0.00625 0.1046875 0.13125 0.1046875 0.13125 0.0015625
0 0.340625 0.0921875 0.18125 0.0921875 0.18125 0.2015625 0.340625 0.2015625 0.340625 0.0921875
0 0.2890625 0.0015625 0.21875 0.0015625 0.21875 0.096875 0.2890625 0.096875 0.2890625 0.0015625
0 0.190625 0.0171875 0.0625 0.0171875 0.0625 0.1640625 0.190625 0.1640625 0.190625 0.0171875
0 0.64375 0.0015625 0.5703125 0.0015625 0.5703125 0.196875 0.64375 0.196875 0.64375 0.0015625
0 0.753125 0.009375 0.6359375 0.009375 0.6359375 0.225 0.753125 0.225 0.753125 0.009375
0 0.54375 0.0015625 0.5046875 0.0015625 0.5046875 0.0125 0.54375 0.0125 0.54375 0.0015625
0 0.63125 0.0015625 0.546875 0.0015625 0.546875 0.075 0.63125 0.075 0.63125 0.0015625
0 0.7578125 0.0015625 0.6546875 0.0015625 0.6546875 0.175 0.7578125 0.175 0.7578125 0.0015625
0 0.003125 0.075 0.0015625 0.075 0.0015625 0.0765625 0.003125 0.0765625 0.003125 0.075
0 0.3078125 0.003125 0.146875 0.003125 0.146875 0.1890625 0.3078125 0.1890625 0.3078125 0.003125
0 0.603125 0.0015625 0.4921875 0.0015625 0.4921875 0.140625 0.603125 0.140625 0.603125 0.0015625
0 0.5140625 0.0015625 0.4484375 0.0015625 0.4484375 0.05 0.5140625 0.05 0.5140625 0.0015625
0 0.1921875 0.0015625 0.1078125 0.0015625 0.1078125 0.0296875 0.1921875 0.0296875 0.1921875 0.0015625
0 0.5953125 0.0375 0.4484375 0.0375 0.4484375 0.225 0.5953125 0.225 0.5953125 0.0375
0 0.4578125 0.0015625 0.3390625 0.0015625 0.3390625 0.05625 0.4578125 0.05625 0.4578125 0.0015625
0 0.725 0.11875 0.496875 0.11875 0.496875 0.3125 0.725 0.3125 0.725 0.11875
0 0.496875 0.0015625 0.275 0.0015625 0.275 0.225 0.496875 0.225 0.496875 0.0015625
0 0.115625 0.0015625 0.0015625 0.0015625 0.0015625 0.08125 0.115625 0.08125 0.115625 0.0015625
0 0.70625 0.084375 0.596875 0.084375 0.596875 0.2890625 0.70625 0.2890625 0.70625 0.084375
0 0.659375 0.0015625 0.64375 0.0015625 0.64375 0.0109375 0.659375 0.0109375 0.659375 0.0015625
0 0.4 0.0015625 0.30625 0.0015625 0.30625 0.1375 0.4 0.1375 0.4 0.0015625
