0 0.0265625 0.915625 0.0015625 0.915625 0.0015625 1.0 0.0265625 1.0 0.0265625 0.915625
0 0.1234375 0.43125 0.0015625 0.43125 0.0015625 0.56875 0.1234375 0.56875 0.1234375 0.43125
0 0.171875 0.9140625 0.0859375 0.9140625 0.0859375 1.0 0.171875 1.0 0.171875 0.9140625
0 0.3125 0.8125 0.1625 0.8125 0.1625 1.0 0.3125 1.0 0.3125 0.8125
0 0.3609375 0.4171875 0.2640625 0.4171875 0.2640625 0.6453125 0.3609375 0.6453125 0.3609375 0.4171875
0 0.1453125 0.084375 0.0796875 0.084375 0.0796875 0.340625 0.1453125 0.340625 0.1453125 0.084375
0 0.2109375 0.0015625 0.1234375 0.0015625 0.1234375 0.3125 0.2109375 0.3125 0.2109375 0.0015625
0 0.203125 0.446875 0.1140625 0.446875 0.1140625 0.5328125 0.203125 0.5328125 0.203125 0.446875
0 0.1609375 0.0015625 0.040625 0.0015625 0.040625 0.340625 0.1609375 0.340625 0.1609375 0.0015625
0 0.0734375 0.875 0.0140625 0.875 0.0140625 1.0 0.0734375 1.0 0.0734375 0.875
0 0.609375 0.434375 0.50625 0.434375 0.50625 0.5703125 0.609375 0.5703125 0.609375 0.434375
0 0.4890625 0.6484375 0.33125 0.6484375 0.33125 0.8359375 0.4890625 0.8359375 0.4890625 0.6484375
0 0.0234375 0.684375 0.0015625 0.684375 0.0015625 0.7734375 0.0234375 0.7734375 0.0234375 0.684375
0 0.0234375 0.609375 0.0015625 0.609375 0.0015625 0.6890625 0.0234375 0.6890625 0.0234375 0.609375
0 0.6765625 0.7828125 0.6078125 0.7828125 0.6078125 1.0 0.6765625 1.0 0.6765625 0.7828125
0 0.7578125 0.6734375 0.709375 0.6734375 0.709375 0.8796875 0.7578125 0.8796875 0.7578125 0.6734375
0 0.525 0.6203125 0.4375 0.6203125 0.4375 0.8171875 0.525 0.8171875 0.525 0.6203125
0 1.0 0.8921875 0.9171875 0.8921875 0.9171875 1.0 1.0 1.0 1.0 0.8921875
0 1.0 0.50625 0.9828125 0.50625 0.9828125 0.6578125 1.0 0.6578125 1.0 0.50625
0 1.0 0.9859375 0.9953125 0.9859375 0.9953125 1.0 1.0 1.0 1.0 0.9859375
0 0.90625 0.621875 0.7640625 0.621875 0.7640625 0.7953125 0.90625 0.7953125 0.90625 0.621875
0 0.64375 0.359375 0.4390625 0.359375 0.4390625 0.625 0.64375 0.625 0.64375 0.359375
0 1.0 0.34375 0.903125 0.34375 0.903125 0.465625 1.0 0.465625 1.0 0.34375
0 0.871875 0.7625 0.7640625 0.7625 0.7640625 0.8390625 0.871875 0.8390625 0.871875 0.7625
0 0.3265625 0.0015625 0.0015625 0.0015625 0.0015625 0.478125 0.3265625 0.478125 0.3265625 0.0015625
0 0.690625 0.21875 0.5453125 0.21875 0.5453125 0.446875 0.690625 0.446875 0.690625 0.21875
0 0.0171875 0.2953125 0.0015625 0.2953125 0.0015625 0.3609375 0.0171875 0.3609375 0.0171875 0.2953125
0 0.8875 0.2515625 0.690625 0.2515625 0.690625 0.3703125 0.8875 0.3703125 0.8875 0.2515625
0 0.3171875 0.1734375 0.2140625 0.1734375 0.2140625 0.2921875 0.3171875 0.2921875 0.3171875 0.1734375
0 0.603125 0.053125 0.4703125 0.053125 0.4703125 0.2484375 0.603125 0.2484375 0.603125 0.053125
0 0.06875 0.0234375 0.0015625 0.0234375 0.0015625 0.26875 0.06875 0.26875 0.06875 0.0234375
0 1.0 0.6609375 0.9578125 0.6609375 0.9578125 0.8125 1.0 0.8125 1.0 0.6609375
0 0.75 0.528125 0.5984375 0.528125 0.5984375 0.69375 0.75 0.69375 0.75 0.528125
0 0.55 0.946875 0.4953125 0.946875 0.4953125 1.0 0.55 1.0 0.55 0.946875
0 0.915625 0.2734375 0.6453125 0.2734375 0.6453125 0.8 0.915625 0.8 0.915625 0.2734375
0 0.728125 0.653125 0.58125 0.653125 0.58125 0.95625 0.728125 0.95625 0.728125 0.653125
0 0.33125 0.4375 0.221875 0.4375 0.221875 0.6453125 0.33125 0.6453125 0.33125 0.4375
0 0.2453125 0.3546875 0.1015625 0.3546875 0.1015625 0.5625 0.2453125 0.5625 0.2453125 0.3546875
0 0.390625 0.3 0.2125 0.3 0.2125 0.4265625 0.390625 0.4265625 0.390625 0.3
0 0.459375 0.253125 0.378125 0.253125 0.378125 0.3546875 0.459375 0.3546875 0.459375 0.253125
0 0.459375 0.1015625 0.3484375 0.1015625 0.3484375 0.2796875 0.459375 0.2796875 0.459375 0.1015625
0 0.65 0.115625 0.484375 0.115625 0.484375 0.2078125 0.65 0.2078125 0.65 0.115625
0 0.515625 0.0015625 0.3234375 0.0015625 0.3234375 0.2109375 0.515625 0.2109375 0.515625 0.0015625
0 0.0890625 0.0015625 0.0015625 0.0015625 0.0015625 0.0453125 0.0890625 0.0453125 0.0890625 0.0015625
0 1.0 0.85 0.946875 0.85 0.946875 0.909375 1.0 0.909375 1.0 0.85
0 0.909375 0.85 0.815625 0.85 0.815625 1.0 0.909375 1.0 0.909375 0.85
0 1.0 0.50625 0.8734375 0.50625 0.8734375 0.7328125 1.0 0.7328125 1.0 0.50625
0 0.9578125 0.346875 0.8046875 0.346875 0.8046875 0.48125 0.9578125 0.48125 0.9578125 0.346875
0 0.3890625 0.825 0.228125 0.825 0.228125 1.0 0.3890625 1.0 0.3890625 0.825
0 0.56875 0.6328125 0.40625 0.6328125 0.40625 0.9875 0.56875 0.9875 0.56875 0.6328125
0 0.45625 0.675 0.3546875 0.675 0.3546875 0.8 0.45625 0.8 0.45625 0.675
0 0.9703125 0.846875 0.8875 0.846875 0.8875 1.0 0.9703125 1.0 0.9703125 0.846875
0 0.7421875 0.7484375 0.6515625 0.7484375 0.6515625 0.9828125 0.7421875 0.9828125 0.7421875 0.7484375
0 1.0 0.5234375 0.8703125 0.5234375 0.8703125 0.8359375 1.0 0.8359375 1.0 0.5234375
0 1.0 0.4453125 0.7921875 0.4453125 0.7921875 0.7484375 1.0 0.7484375 1.0 0.4453125
0 0.5890625 0.53125 0.484375 0.53125 0.484375 0.653125 0.5890625 0.653125 0.5890625 0.53125
0 0.7703125 0.490625 0.6078125 0.490625 0.6078125 0.671875 0.7703125 0.671875 0.7703125 0.490625
0 0.7921875 0.353125 0.6375 0.353125 0.6375 0.5015625 0.7921875 0.5015625 0.7921875 0.353125
0 0.9875 0.253125 0.8953125 0.253125 0.8953125 0.359375 0.9875 0.359375 0.9875 0.253125
0 1.0 0.0015625 0.0015625 0.0015625 0.0015625 1.0 1.0 1.0 1.0 0.0015625
0 0.0203125 0.265625 0.0015625 0.265625 0.0015625 0.2984375 0.0203125 0.2984375 0.0203125 0.265625
0 0.109375 0.0015625 0.0171875 0.0015625 0.0171875 0.2 0.109375 0.2 0.109375 0.0015625
0 0.4984375 0.8296875 0.340625 0.8296875 0.340625 1.0 0.4984375 1.0 0.4984375 0.8296875
0 0.453125 0.0015625 0.1109375 0.0015625 0.1109375 0.3453125 0.453125 0.3453125 0.453125 0.0015625
0 0.8953125 0.0625 0.7796875 0.0625 0.7796875 0.171875 0.8953125 0.171875 0.8953125 0.0625
0 0.615625 0.475 0.55 0.475 0.55 0.615625 0.615625 0.615625 0.615625 0.475
