0 0.0171875 0.1078125 0.0015625 0.1078125 0.0015625 0.1171875 0.0171875 0.1171875 0.0171875 0.1078125
0 0.721875 0.91875 0.59375 0.91875 0.59375 1.0 0.721875 1.0 0.721875 0.91875
0 0.546875 0.9046875 0.425 0.9046875 0.425 1.0 0.546875 1.0 0.546875 0.9046875
0 0.715625 0.7859375 0.5328125 0.7859375 0.5328125 0.925 0.715625 0.925 0.715625 0.7859375
0 0.4828125 0.7609375 0.24375 0.7609375 0.24375 0.8984375 0.4828125 0.8984375 0.4828125 0.7609375
0 0.5140625 0.4328125 0.3421875 0.4328125 0.3421875 0.55625 0.5140625 0.55625 0.5140625 0.4328125
0 0.5921875 0.221875 0.321875 0.221875 0.321875 0.3953125 0.5921875 0.3953125 0.5921875 0.221875
0 0.3484375 0.0015625 0.31875 0.0015625 0.31875 0.0046875 0.3484375 0.0046875 0.3484375 0.0015625
0 0.95 0.95625 0.7796875 0.95625 0.7796875 1.0 0.95 1.0 0.95 0.95625
0 1.0 0.5125 0.925 0.5125 0.925 0.6765625 1.0 0.6765625 1.0 0.5125
0 1.0 0.915625 0.834375 0.915625 0.834375 1.0 1.0 1.0 1.0 0.915625
0 0.5625 0.790625 0.3546875 0.790625 0.3546875 1.0 0.5625 1.0 0.5625 0.790625
0 0.1640625 0.8890625 0.0109375 0.8890625 0.0109375 1.0 0.1640625 1.0 0.1640625 0.8890625
0 0.359375 0.7859375 0.1703125 0.7859375 0.1703125 0.9875 0.359375 0.9875 0.359375 0.7859375
0 0.16875 0.4171875 0.075 0.4171875 0.075 0.5703125 0.16875 0.5703125 0.16875 0.4171875
0 0.3859375 0.284375 0.2515625 0.284375 0.2515625 0.4296875 0.3859375 0.4296875 0.3859375 0.284375
0 0.0296875 0.1546875 0.0015625 0.1546875 0.0015625 0.246875 0.0296875 0.246875 0.0296875 0.1546875
0 0.15625 0.0953125 0.0375 0.0953125 0.0375 0.271875 0.15625 0.271875 0.15625 0.0953125
0 0.115625 0.0359375 0.0328125 0.0359375 0.0328125 0.15 0.115625 0.15 0.115625 0.0359375
0 0.15 0.0015625 0.0015625 0.0015625 0.0015625 0.053125 0.15 0.053125 0.15 0.0015625
0 0.8421875 0.9609375 0.690625 0.9609375 0.690625 1.0 0.8421875 1.0 0.8421875 0.9609375
0 0.9859375 0.878125 0.8078125 0.878125 0.8078125 0.9578125 0.9859375 0.9578125 0.9859375 0.878125
0 0.5984375 0.2 0.496875 0.2 0.496875 0.2953125 0.5984375 0.2953125 0.5984375 0.2
0 1.0 0.0015625 0.0015625 0.0015625 0.0015625 1.0 1.0 1.0 1.0 0.0015625
0 0.8125 0.8109375 0.5 0.8109375 0.5 1.0 0.8125 1.0 0.8125 0.8109375
0 0.9671875 0.9890625 0.884375 0.9890625 0.884375 1.0 0.9671875 1.0 0.9671875 0.9890625
0 1.0 0.5609375 0.8203125 0.5609375 0.8203125 0.7109375 1.0 0.7109375 1.0 0.5609375
