0 0.0421875 0.496875 0.0015625 0.496875 0.0015625 0.6203125 0.0421875 0.6203125 0.0421875 0.496875
0 0.2390625 0.3265625 0.075 0.3265625 0.075 0.403125 0.2390625 0.403125 0.2390625 0.3265625
0 0.7859375 0.9140625 0.7234375 0.9140625 0.7234375 1.0 0.7859375 1.0 0.7859375 0.9140625
0 1.0 0.8875 0.9953125 0.8875 0.9953125 0.9625 1.0 0.9625 1.0 0.8875
0 1.0 0.5390625 0.9625 0.5390625 0.9625 0.765625 1.0 0.765625 1.0 0.5390625
0 0.6984375 0.0015625 0.5953125 0.0015625 0.5953125 0.1703125 0.6984375 0.1703125 0.6984375 0.0015625
0 0.15625 0.0015625 0.071875 0.0015625 0.071875 0.0921875 0.15625 0.0921875 0.15625 0.0015625
0 0.8828125 0.4125 0.7765625 0.4125 0.7765625 0.559375 0.8828125 0.559375 0.8828125 0.4125
0 0.9375 0.5484375 0.6953125 0.5484375 0.6953125 1.0 0.9375 1.0 0.9375 0.5484375
0 0.9890625 0.925 0.9359375 0.925 0.9359375 1.0 0.9890625 1.0 0.9890625 0.925
0 0.9921875 0.6578125 0.8546875 0.6578125 0.8546875 1.0 0.9921875 1.0 0.9921875 0.6578125
0 0.7359375 0.7265625 0.6109375 0.7265625 0.6109375 1.0 0.7359375 1.0 0.7359375 0.7265625
0 0.9765625 0.315625 0.8328125 0.315625 0.8328125 0.44375 0.9765625 0.44375 0.9765625 0.315625
0 0.3046875 0.228125 0.1734375 0.228125 0.1734375 0.38125 0.3046875 0.38125 0.3046875 0.228125
0 0.8390625 0.0015625 0.7390625 0.0015625 0.7390625 0.15 0.8390625 0.15 0.8390625 0.0015625
0 0.7390625 0.0015625 0.6390625 0.0015625 0.6390625 0.0484375 0.7390625 0.0484375 0.7390625 0.0015625
0 0.571875 0.0015625 0.5 0.0015625 0.5 0.121875 0.571875 0.121875 0.571875 0.0015625
0 0.3875 0.0015625 0.2890625 0.0015625 0.2890625 0.1390625 0.3875 0.1390625 0.3875 0.0015625
0 1.0 0.0015625 0.76875 0.0015625 0.76875 0.2109375 1.0 0.2109375 1.0 0.0015625
0 0.634375 0.0015625 0.5390625 0.0015625 0.5390625 0.2453125 0.634375 0.2453125 0.634375 0.0015625
0 0.8796875 0.546875 0.7953125 0.546875 0.7953125 0.6453125 0.8796875 0.6453125 0.8796875 0.546875
0 1.0 0.4640625 0.9890625 0.4640625 0.9890625 0.56875 1.0 0.56875 1.0 0.4640625
0 0.7828125 0.0921875 0.6234375 0.0921875 0.6234375 0.359375 0.7828125 0.359375 0.7828125 0.0921875
0 0.9140625 0.0015625 0.0015625 0.0015625 0.0015625 1.0 0.9140625 1.0 0.9140625 0.0015625
0 0.8078125 0.0015625 0.546875 0.0015625 0.546875 0.259375 0.8078125 0.259375 0.8078125 0.0015625
0 0.7921875 0.7484375 0.7015625 0.7484375 0.7015625 0.8796875 0.7921875 0.8796875 0.7921875 0.7484375
0 1.0 0.41875 0.8484375 0.41875 0.8484375 0.7390625 1.0 0.7390625 1.0 0.41875
0 1.0 0.525 0.9984375 0.525 0.9984375 0.5390625 1.0 0.5390625 1.0 0.525
0 1.0 0.1375 0.8046875 0.1375 0.8046875 0.421875 1.0 0.421875 1.0 0.1375
