0 0.103125 0.184375 0.003125 0.184375 0.003125 0.3234375 0.103125 0.3234375 0.103125 0.184375
0 0.7546875 0.875 0.634375 0.875 0.634375 1.0 0.7546875 1.0 0.7546875 0.875
0 0.075 0.55625 0.0015625 0.55625 0.0015625 0.7453125 0.075 0.7453125 0.075 0.55625
0 0.315625 0.9984375 0.2984375 0.9984375 0.2984375 1.0 0.315625 1.0 0.315625 0.9984375
0 0.340625 0.5515625 0.2234375 0.5515625 0.2234375 0.7546875 0.340625 0.7546875 0.340625 0.5515625
0 0.1109375 0.396875 0.0421875 0.396875 0.0421875 0.565625 0.1109375 0.565625 0.1109375 0.396875
0 0.6046875 0.9375 0.5296875 0.9375 0.5296875 1.0 0.6046875 1.0 0.6046875 0.9375
0 0.3734375 0.4546875 0.1859375 0.4546875 0.1859375 0.671875 0.3734375 0.671875 0.3734375 0.4546875
0 0.05625 0.3921875 0.0015625 0.3921875 0.0015625 0.6375 0.05625 0.6375 0.05625 0.3921875
0 0.1640625 0.2765625 0.096875 0.2765625 0.096875 0.45 0.1640625 0.45 0.1640625 0.2765625
0 0.0703125 0.0015625 0.0015625 0.0015625 0.0015625 0.246875 0.0703125 0.246875 0.0703125 0.0015625
0 0.3109375 0.090625 0.1890625 0.090625 0.1890625 0.21875 0.3109375 0.21875 0.3109375 0.090625
0 1.0 0.0515625 0.8625 0.0515625 0.8625 0.271875 1.0 0.271875 1.0 0.0515625
0 0.0140625 0.7765625 0.0015625 0.7765625 0.0015625 0.890625 0.0140625 0.890625 0.0140625 0.7765625
0 0.6265625 0.8421875 0.5484375 0.8421875 0.5484375 0.984375 0.6265625 0.984375 0.6265625 0.8421875
0 0.4375 0.8046875 0.3265625 0.8046875 0.3265625 0.946875 0.4375 0.946875 0.4375 0.8046875
0 0.3078125 0.7140625 0.1828125 0.7140625 0.1828125 0.8375 0.3078125 0.8375 0.3078125 0.7140625
0 0.24375 0.4703125 0.1078125 0.4703125 0.1078125 0.6640625 0.24375 0.6640625 0.24375 0.4703125
0 0.4109375 0.396875 0.259375 0.396875 0.259375 0.5375 0.4109375 0.5375 0.4109375 0.396875
0 0.171875 0.3625 0.0796875 0.3625 0.0796875 0.534375 0.171875 0.534375 0.171875 0.3625
0 0.4359375 0.00625 0.3125 0.00625 0.3125 0.375 0.4359375 0.375 0.4359375 0.00625
0 0.028125 0.1171875 0.0015625 0.1171875 0.0015625 0.28125 0.028125 0.28125 0.028125 0.1171875
0 0.334375 0.075 0.2078125 0.075 0.2078125 0.2453125 0.334375 0.2453125 0.334375 0.075
0 1.0 0.0015625 0.8109375 0.0015625 0.8109375 0.1484375 1.0 0.1484375 1.0 0.0015625
0 0.159375 0.0015625 0.0421875 0.0015625 0.0421875 0.0546875 0.159375 0.0546875 0.159375 0.0015625
0 1.0 0.578125 0.9890625 0.578125 0.9890625 0.59375 1.0 0.59375 1.0 0.578125
0 0.5453125 0.8984375 0.3 0.8984375 0.3 1.0 0.5453125 1.0 0.5453125 0.8984375
0 0.246875 0.5296875 0.03125 0.5296875 0.03125 0.9296875 0.246875 0.9296875 0.246875 0.5296875
0 0.03125 0.36875 0.0015625 0.36875 0.0015625 0.4203125 0.03125 0.4203125 0.03125 0.36875
0 0.3640625 0.2125 0.2296875 0.2125 0.2296875 0.375 0.3640625 0.375 0.3640625 0.2125
0 0.8421875 0.9875 0.740625 0.9875 0.740625 1.0 0.8421875 1.0 0.8421875 0.9875
0 0.5546875 0.93125 0.384375 0.93125 0.384375 1.0 0.5546875 1.0 0.5546875 0.93125
0 0.1953125 0.853125 0.0578125 0.853125 0.0578125 1.0 0.1953125 1.0 0.1953125 0.853125
0 0.23125 0.54375 0.0984375 0.54375 0.0984375 0.725 0.23125 0.725 0.23125 0.54375
0 0.171875 0.1125 0.0515625 0.1125 0.0515625 0.2140625 0.171875 0.2140625 0.171875 0.1125
0 0.0125 0.0015625 0.0015625 0.0015625 0.0015625 0.0046875 0.0125 0.0046875 0.0125 0.0015625
0 0.6046875 0.0015625 0.0015625 0.0015625 0.0015625 1.0 0.6046875 1.0 0.6046875 0.0015625
0 0.034375 0.409375 0.0015625 0.409375 0.0015625 0.53125 0.034375 0.53125 0.034375 0.409375
0 0.103125 0.0125 0.0296875 0.0125 0.0296875 0.140625 0.103125 0.140625 0.103125 0.0125
0 0.909375 0.0015625 0.5171875 0.0015625 0.5171875 0.2328125 0.909375 0.2328125 0.909375 0.0015625
0 1.0 0.4890625 0.38125 0.4890625 0.38125 1.0 1.0 1.0 1.0 0.4890625
0 0.503125 0.975 0.38125 0.975 0.38125 1.0 0.503125 1.0 0.503125 0.975
0 0.296875 0.65 0.14375 0.65 0.14375 0.8140625 0.296875 0.8140625 0.296875 0.65
0 1.0 0.0015625 0.9953125 0.0015625 0.9953125 0.0046875 1.0 0.0046875 1.0 0.0015625
0 0.578125 0.2859375 0.4328125 0.2859375 0.4328125 0.4890625 0.578125 0.4890625 0.578125 0.2859375
