0 0.0578125 0.809375 0.0015625 0.809375 0.0015625 0.8375 0.0578125 0.8375 0.0578125 0.809375
0 0.378125 0.6921875 0.25625 0.6921875 0.25625 0.8265625 0.378125 0.8265625 0.378125 0.6921875
0 0.1671875 0.4828125 0.0015625 0.4828125 0.0015625 0.7234375 0.1671875 0.7234375 0.1671875 0.4828125
0 0.378125 0.4140625 0.2453125 0.4140625 0.2453125 0.621875 0.378125 0.621875 0.378125 0.4140625
0 0.525 0.0015625 0.0015625 0.0015625 0.0015625 0.2703125 0.525 0.2703125 0.525 0.0015625
0 0.4578125 0.0015625 0.4234375 0.0015625 0.4234375 0.03125 0.4578125 0.03125 0.4578125 0.0015625
0 0.8109375 0.5515625 0.3609375 0.5515625 0.3609375 1.0 0.8109375 1.0 0.8109375 0.5515625
0 0.5875 0.0015625 0.46875 0.0015625 0.46875 0.121875 0.5875 0.121875 0.5875 0.0015625
0 1.0 0.0421875 0.9078125 0.0421875 0.9078125 0.103125 1.0 0.103125 1.0 0.0421875
0 0.790625 0.0015625 0.7078125 0.0015625 0.7078125 0.08125 0.790625 0.08125 0.790625 0.0015625
0 0.296875 0.7859375 0.0015625 0.7859375 0.0015625 0.8578125 0.296875 0.8578125 0.296875 0.7859375
0 0.490625 0.0015625 0.425 0.0015625 0.425 0.0421875 0.490625 0.0421875 0.490625 0.0015625
0 0.0515625 0.859375 0.0015625 0.859375 0.0015625 0.9703125 0.0515625 0.9703125 0.0515625 0.859375
0 0.05 0.734375 0.0015625 0.734375 0.0015625 0.81875 0.05 0.81875 0.05 0.734375
0 0.0328125 0.071875 0.0015625 0.071875 0.0015625 0.178125 0.0328125 0.178125 0.0328125 0.071875
0 0.0921875 0.0015625 0.0015625 0.0015625 0.0015625 0.0578125 0.0921875 0.0578125 0.0921875 0.0015625
0 0.428125 0.675 0.1328125 0.675 0.1328125 1.0 0.428125 1.0 0.428125 0.675
0 0.4984375 0.70625 0.365625 0.70625 0.365625 0.884375 0.4984375 0.884375 0.4984375 0.70625
0 0.3296875 0.571875 0.1484375 0.571875 0.1484375 0.7390625 0.3296875 0.7390625 0.3296875 0.571875
0 0.51875 0.34375 0.3140625 0.34375 0.3140625 0.6765625 0.51875 0.6765625 0.51875 0.34375
0 0.115625 0.5203125 0.0015625 0.5203125 0.0015625 0.6015625 0.115625 0.6015625 0.115625 0.5203125
0 0.15 0.346875 0.0015625 0.346875 0.0015625 0.484375 0.15 0.484375 0.15 0.346875
0 0.525 0.0015625 0.16875 0.0015625 0.16875 0.39375 0.525 0.39375 0.525 0.0015625
0 0.0984375 0.096875 0.03125 0.096875 0.03125 0.2421875 0.0984375 0.2421875 0.0984375 0.096875
0 0.45625 0.0015625 0.275 0.0015625 0.275 0.10625 0.45625 0.10625 0.45625 0.0015625
0 0.803125 0.9 0.6671875 0.9 0.6671875 1.0 0.803125 1.0 0.803125 0.9
0 0.5921875 0.9 0.4859375 0.9 0.4859375 1.0 0.5921875 1.0 0.5921875 0.9
0 0.840625 0.796875 0.7484375 0.796875 0.7484375 0.8875 0.840625 0.8875 0.840625 0.796875
0 0.809375 0.5015625 0.6625 0.5015625 0.6625 0.6671875 0.809375 0.6671875 0.809375 0.5015625
0 1.0 0.4703125 0.9015625 0.4703125 0.9015625 0.5609375 1.0 0.5609375 1.0 0.4703125
0 0.6421875 0.33125 0.4765625 0.33125 0.4765625 0.5546875 0.6421875 0.5546875 0.6421875 0.33125
0 0.8578125 0.053125 0.4734375 0.053125 0.4734375 0.2703125 0.8578125 0.2703125 0.8578125 0.053125
0 1.0 0.0015625 0.0015625 0.0015625 0.0015625 1.0 1.0 1.0 1.0 0.0015625
0 0.0390625 0.6109375 0.0015625 0.6109375 0.0015625 0.6484375 0.0390625 0.6484375 0.0390625 0.6109375
0 0.2953125 0.8046875 0.0015625 0.8046875 0.0015625 1.0 0.2953125 1.0 0.2953125 0.8046875
0 0.4109375 0.578125 0.271875 0.578125 0.271875 0.7015625 0.4109375 0.7015625 0.4109375 0.578125
0 0.56875 0.425 0.4625 0.425 0.4625 0.7296875 0.56875 0.7296875 0.56875 0.425
0 0.425 0.0015625 0.3453125 0.0015625 0.3453125 0.03125 0.425 0.03125 0.425 0.0015625
