0 1.0 0.0609375 0.93125 0.0609375 0.93125 0.1296875 1.0 0.1296875 1.0 0.0609375
0 1.0 0.0015625 0.928125 0.0015625 0.928125 0.0375 1.0 0.0375 1.0 0.0015625
0 0.846875 0.84375 0.76875 0.84375 0.76875 1.0 0.846875 1.0 0.846875 0.84375
0 1.0 0.7734375 0.91875 0.7734375 0.91875 0.85 1.0 0.85 1.0 0.7734375
0 0.7078125 0.8390625 0.5703125 0.8390625 0.5703125 0.9484375 0.7078125 0.9484375 0.7078125 0.8390625
0 1.0 0.8125 0.9296875 0.8125 0.9296875 0.8953125 1.0 0.8953125 1.0 0.8125
0 1.0 0.94375 0.95625 0.94375 0.95625 1.0 1.0 1.0 1.0 0.94375
0 0.853125 0.8578125 0.78125 0.8578125 0.78125 1.0 0.853125 1.0 0.853125 0.8578125
0 1.0 0.6109375 0.446875 0.6109375 0.446875 1.0 1.0 1.0 1.0 0.6109375
0 1.0 0.0015625 0.84375 0.0015625 0.84375 0.4859375 1.0 0.4859375 1.0 0.0015625
