0 0.196875 0.253125 0.075 0.253125 0.075 0.428125 0.196875 0.428125 0.196875 0.253125
0 0.5359375 0.19375 0.3765625 0.19375 0.3765625 0.4796875 0.5359375 0.4796875 0.5359375 0.19375
0 0.2265625 0.0015625 0.0921875 0.0015625 0.0921875 0.21875 0.2265625 0.21875 0.2265625 0.0015625
0 1.0 0.1 0.946875 0.1 0.946875 0.3046875 1.0 0.3046875 1.0 0.1
0 0.8359375 0.0015625 0.8 0.0015625 0.8 0.025 0.8359375 0.025 0.8359375 0.0015625
0 0.9421875 0.6703125 0.7109375 0.6703125 0.7109375 0.840625 0.9421875 0.840625 0.9421875 0.6703125
0 0.83125 0.4578125 0.74375 0.4578125 0.74375 0.61875 0.83125 0.61875 0.83125 0.4578125
0 0.3484375 0.753125 0.2015625 0.753125 0.2015625 0.853125 0.3484375 0.853125 0.3484375 0.753125
0 0.878125 0.5125 0.75625 0.5125 0.75625 0.6734375 0.878125 0.6734375 0.878125 0.5125
0 1.0 0.0015625 0.915625 0.0015625 0.915625 0.2015625 1.0 0.2015625 1.0 0.0015625
0 0.8359375 0.0015625 0.7421875 0.0015625 0.7421875 0.1109375 0.8359375 0.1109375 0.8359375 0.0015625
0 1.0 0.890625 0.965625 0.890625 0.965625 0.9953125 1.0 0.9953125 1.0 0.890625
0 0.7640625 0.8515625 0.66875 0.8515625 0.66875 0.996875 0.7640625 0.996875 0.7640625 0.8515625
0 1.0 0.0015625 0.2234375 0.0015625 0.2234375 1.0 1.0 1.0 1.0 0.0015625
0 0.0234375 0.0015625 0.0015625 0.0015625 0.0015625 0.0296875 0.0234375 0.0296875 0.0234375 0.0015625
0 0.225 0.353125 0.0015625 0.353125 0.0015625 1.0 0.225 1.0 0.225 0.353125
0 0.234375 0.1921875 0.1234375 0.1921875 0.1234375 0.4140625 0.234375 0.4140625 0.234375 0.1921875
0 0.228125 0.009375 0.15 0.009375 0.15 0.225 0.228125 0.225 0.228125 0.009375
0 0.2296875 0.0015625 0.225 0.0015625 0.225 0.0046875 0.2296875 0.0046875 0.2296875 0.0015625
0 0.6625 0.2265625 0.4703125 0.2265625 0.4703125 0.5375 0.6625 0.5375 0.6625 0.2265625
0 0.58125 0.0015625 0.496875 0.0015625 0.496875 0.134375 0.58125 0.134375 0.58125 0.0015625
0 0.784375 0.0015625 0.7484375 0.0015625 0.7484375 0.0109375 0.784375 0.0109375 0.784375 0.0015625
0 1.0 0.7703125 0.8359375 0.7703125 0.8359375 0.9609375 1.0 0.9609375 1.0 0.7703125
0 0.8234375 0.8171875 0.753125 0.8171875 0.753125 0.9390625 0.8234375 0.9390625 0.8234375 0.8171875
0 1.0 0.2515625 0.9484375 0.2515625 0.9484375 0.5 1.0 0.5 1.0 0.2515625
