0 0.2046875 0.2296875 0.1265625 0.2296875 0.1265625 0.4828125 0.2046875 0.4828125 0.2046875 0.2296875
0 0.125 0.0015625 0.0015625 0.0015625 0.0015625 0.475 0.125 0.475 0.125 0.0015625
0 0.215625 0.0015625 0.103125 0.0015625 0.103125 0.075 0.215625 0.075 0.215625 0.0015625
0 0.103125 0.8453125 0.0015625 0.8453125 0.0015625 0.9546875 0.103125 0.9546875 0.103125 0.8453125
0 0.3015625 0.7484375 0.1734375 0.7484375 0.1734375 0.9015625 0.3015625 0.9015625 0.3015625 0.7484375
0 0.8640625 0.959375 0.7671875 0.959375 0.7671875 1.0 0.8640625 1.0 0.8640625 0.959375
0 0.940625 0.2484375 0.85 0.2484375 0.85 0.3921875 0.940625 0.3921875 0.940625 0.2484375
0 0.8828125 0.0890625 0.6046875 0.0890625 0.6046875 0.2109375 0.8828125 0.2109375 0.8828125 0.0890625
0 0.4296875 0.8046875 0.1921875 0.8046875 0.1921875 0.95625 0.4296875 0.95625 0.4296875 0.8046875
0 1.0 0.8234375 0.8859375 0.8234375 0.8859375 0.9484375 1.0 0.9484375 1.0 0.8234375
0 1.0 0.3125 0.9203125 0.3125 0.9203125 0.4640625 1.0 0.4640625 1.0 0.3125
0 0.2953125 0.90625 0.0015625 0.90625 0.0015625 1.0 0.2953125 1.0 0.2953125 0.90625
0 0.9453125 0.86875 0.8625 0.86875 0.8625 1.0 0.9453125 1.0 0.9453125 0.86875
0 0.5734375 0.8390625 0.4203125 0.8390625 0.4203125 0.9953125 0.5734375 0.9953125 0.5734375 0.8390625
0 1.0 0.7546875 0.8609375 0.7546875 0.8609375 0.890625 1.0 0.890625 1.0 0.7546875
0 0.3765625 0.734375 0.1875 0.734375 0.1875 0.86875 0.3765625 0.86875 0.3765625 0.734375
0 0.8390625 0.525 0.5546875 0.525 0.5546875 0.6890625 0.8390625 0.6890625 0.8390625 0.525
0 0.9703125 0.234375 0.79375 0.234375 0.79375 0.4671875 0.9703125 0.4671875 0.9703125 0.234375
0 0.828125 0.0984375 0.6078125 0.0984375 0.6078125 0.2375 0.828125 0.2375 0.828125 0.0984375
0 0.1328125 0.921875 0.0015625 0.921875 0.0015625 1.0 0.1328125 1.0 0.1328125 0.921875
0 0.7515625 0.8296875 0.5046875 0.8296875 0.5046875 1.0 0.7515625 1.0 0.7515625 0.8296875
0 0.4859375 0.7546875 0.3578125 0.7546875 0.3578125 0.88125 0.4859375 0.88125 0.4859375 0.7546875
0 0.51875 0.278125 0.39375 0.278125 0.39375 0.3640625 0.51875 0.3640625 0.51875 0.278125
0 1.0 0.5953125 0.709375 0.5953125 0.709375 0.71875 1.0 0.71875 1.0 0.5953125
0 0.990625 0.0015625 0.853125 0.0015625 0.853125 0.196875 0.990625 0.196875 0.990625 0.0015625
0 0.159375 0.7640625 0.0609375 0.7640625 0.0609375 0.921875 0.159375 0.921875 0.159375 0.7640625
0 1.0 0.6234375 0.9953125 0.6234375 0.9953125 0.6359375 1.0 0.6359375 1.0 0.6234375
0 0.5515625 0.5515625 0.40625 0.5515625 0.40625 0.6734375 0.5515625 0.6734375 0.5515625 0.5515625
0 0.0703125 0.0015625 0.0375 0.0015625 0.0375 0.04375 0.0703125 0.04375 0.0703125 0.0015625
0 1.0 0.196875 0.984375 0.196875 0.984375 0.321875 1.0 0.321875 1.0 0.196875
0 0.1421875 0.6421875 0.0015625 0.6421875 0.0015625 0.98125 0.1421875 0.98125 0.1421875 0.6421875
0 0.7296875 0.96875 0.671875 0.96875 0.671875 1.0 0.7296875 1.0 0.7296875 0.96875
0 0.4734375 0.94375 0.25625 0.94375 0.25625 1.0 0.4734375 1.0 0.4734375 0.94375
0 0.8546875 0.865625 0.753125 0.865625 0.753125 1.0 0.8546875 1.0 0.8546875 0.865625
0 0.353125 0.853125 0.2234375 0.853125 0.2234375 0.9515625 0.353125 0.9515625 0.353125 0.853125
0 0.5625 0.3328125 0.34375 0.3328125 0.34375 0.6625 0.5625 0.6625 0.5625 0.3328125
0 0.2640625 0.415625 0.1125 0.415625 0.1125 0.603125 0.2640625 0.603125 0.2640625 0.415625
0 0.7234375 0.403125 0.5796875 0.403125 0.5796875 0.5796875 0.7234375 0.5796875 0.7234375 0.403125
0 0.8625 0.1734375 0.75 0.1734375 0.75 0.396875 0.8625 0.396875 0.8625 0.1734375
0 0.9453125 0.0015625 0.409375 0.0015625 0.409375 0.3203125 0.9453125 0.3203125 0.9453125 0.0015625
0 0.984375 0.0015625 0.89375 0.0015625 0.89375 0.103125 0.984375 0.103125 0.984375 0.0015625
0 1.0 0.4296875 0.959375 0.4296875 0.959375 0.6234375 1.0 0.6234375 1.0 0.4296875
0 0.2765625 0.0015625 0.1671875 0.0015625 0.1671875 0.3296875 0.2765625 0.3296875 0.2765625 0.0015625
0 0.9734375 0.1359375 0.478125 0.1359375 0.478125 0.6140625 0.9734375 0.6140625 0.9734375 0.1359375
0 1.0 0.49375 0.990625 0.49375 0.990625 0.5046875 1.0 0.5046875 1.0 0.49375
0 0.9875 0.1015625 0.8328125 0.1015625 0.8328125 0.259375 0.9875 0.259375 0.9875 0.1015625
0 1.0 0.090625 0.9625 0.090625 0.9625 0.2359375 1.0 0.2359375 1.0 0.090625
0 0.2609375 0.078125 0.0015625 0.078125 0.0015625 0.615625 0.2609375 0.615625 0.2609375 0.078125
0 0.2265625 0.8984375 0.15 0.8984375 0.15 1.0 0.2265625 1.0 0.2265625 0.8984375
0 0.625 0.140625 0.4109375 0.140625 0.4109375 0.5984375 0.625 0.5984375 0.625 0.140625
0 0.2296875 0.0140625 0.0359375 0.0140625 0.0359375 0.55625 0.2296875 0.55625 0.2296875 0.0140625
0 0.4453125 0.003125 0.20625 0.003125 0.20625 0.4359375 0.4453125 0.4359375 0.4453125 0.003125
0 0.484375 0.0984375 0.334375 0.0984375 0.334375 0.4171875 0.484375 0.4171875 0.484375 0.0984375
0 0.528125 0.0015625 0.3421875 0.0015625 0.3421875 0.04375 0.528125 0.04375 0.528125 0.0015625
0 0.8828125 0.5984375 0.471875 0.5984375 0.471875 0.853125 0.8828125 0.853125 0.8828125 0.5984375
0 0.9515625 0.5265625 0.7859375 0.5265625 0.7859375 0.603125 0.9515625 0.603125 0.9515625 0.5265625
0 0.8453125 0.0015625 0.675 0.0015625 0.675 0.078125 0.8453125 0.078125 0.8453125 0.0015625
0 1.0 0.0015625 0.996875 0.0015625 0.996875 0.0078125 1.0 0.0078125 1.0 0.0015625
0 1.0 0.909375 0.909375 0.909375 0.909375 1.0 1.0 1.0 1.0 0.909375
0 0.9875 0.1984375 0.8671875 0.1984375 0.8671875 0.3234375 0.9875 0.3234375 0.9875 0.1984375
0 1.0 0.0796875 0.99375 0.0796875 0.99375 0.0984375 1.0 0.0984375 1.0 0.0796875
