0 0.390625 0.3078125 0.3265625 0.3078125 0.3265625 0.4609375 0.390625 0.4609375 0.390625 0.3078125
0 0.03125 0.1265625 0.0015625 0.1265625 0.0015625 0.3 0.03125 0.3 0.03125 0.1265625
0 0.4 0.2703125 0.2984375 0.2703125 0.2984375 0.4125 0.4 0.4125 0.4 0.2703125
0 0.815625 0.98125 0.7828125 0.98125 0.7828125 1.0 0.815625 1.0 0.815625 0.98125
0 0.8953125 0.9875 0.8828125 0.9875 0.8828125 1.0 0.8953125 1.0 0.8953125 0.9875
0 0.0484375 0.98125 0.01875 0.98125 0.01875 1.0 0.0484375 1.0 0.0484375 0.98125
0 0.1390625 0.903125 0.0359375 0.903125 0.0359375 1.0 0.1390625 1.0 0.1390625 0.903125
0 0.1890625 0.7765625 0.0203125 0.7765625 0.0203125 0.9171875 0.1890625 0.9171875 0.1890625 0.7765625
0 1.0 0.45 0.8453125 0.45 0.8453125 0.7078125 1.0 0.7078125 1.0 0.45
0 0.840625 0.396875 0.753125 0.396875 0.753125 0.634375 0.840625 0.634375 0.840625 0.396875
0 1.0 0.1359375 0.925 0.1359375 0.925 0.2140625 1.0 0.2140625 1.0 0.1359375
0 0.73125 0.0421875 0.390625 0.0421875 0.390625 0.265625 0.73125 0.265625 0.73125 0.0421875
0 0.8640625 0.0015625 0.696875 0.0015625 0.696875 0.2609375 0.8640625 0.2609375 0.8640625 0.0015625
0 0.1265625 0.0875 0.0234375 0.0875 0.0234375 0.203125 0.1265625 0.203125 0.1265625 0.0875
0 0.425 0.0015625 0.2453125 0.0015625 0.2453125 0.128125 0.425 0.128125 0.425 0.0015625
0 0.0078125 0.9640625 0.0015625 0.9640625 0.0015625 0.9953125 0.0078125 0.9953125 0.0078125 0.9640625
0 0.5859375 0.3671875 0.4421875 0.3671875 0.4421875 0.5453125 0.5859375 0.5453125 0.5859375 0.3671875
0 0.2515625 0.0015625 0.003125 0.0015625 0.003125 1.0 0.2515625 1.0 0.2515625 0.0015625
0 0.5671875 0.9125 0.415625 0.9125 0.415625 1.0 0.5671875 1.0 0.5671875 0.9125
0 1.0 0.546875 0.39375 0.546875 0.39375 1.0 1.0 1.0 1.0 0.546875
0 0.1078125 0.7453125 0.0015625 0.7453125 0.0015625 0.846875 0.1078125 0.846875 0.1078125 0.7453125
0 0.19375 0.228125 0.0015625 0.228125 0.0015625 0.584375 0.19375 0.584375 0.19375 0.228125
0 0.7234375 0.390625 0.6484375 0.390625 0.6484375 0.621875 0.7234375 0.621875 0.7234375 0.390625
0 0.66875 0.171875 0.590625 0.171875 0.590625 0.5796875 0.66875 0.5796875 0.66875 0.171875
0 0.415625 0.2203125 0.33125 0.2203125 0.33125 0.509375 0.415625 0.509375 0.415625 0.2203125
0 0.625 0.01875 0.234375 0.01875 0.234375 0.2546875 0.625 0.2546875 0.625 0.01875
0 0.5359375 0.0015625 0.34375 0.0015625 0.34375 0.1296875 0.5359375 0.1296875 0.5359375 0.0015625
0 0.159375 0.0015625 0.1046875 0.0015625 0.1046875 0.0359375 0.159375 0.0359375 0.159375 0.0015625
0 1.0 0.9140625 0.940625 0.9140625 0.940625 0.984375 1.0 0.984375 1.0 0.9140625
0 0.9015625 0.1515625 0.7640625 0.1515625 0.7640625 0.4578125 0.9015625 0.4578125 0.9015625 0.1515625
0 0.55625 0.0015625 0.0171875 0.0015625 0.0171875 1.0 0.55625 1.0 0.55625 0.0015625
0 0.0578125 0.7625 0.0015625 0.7625 0.0015625 1.0 0.0578125 1.0 0.0578125 0.7625
0 0.215625 0.503125 0.0015625 0.503125 0.0015625 0.803125 0.215625 0.803125 0.215625 0.503125
0 0.89375 0.63125 0.690625 0.63125 0.690625 0.81875 0.89375 0.81875 0.89375 0.63125
0 0.7921875 0.5328125 0.709375 0.5328125 0.709375 0.678125 0.7921875 0.678125 0.7921875 0.5328125
0 0.9859375 0.44375 0.9015625 0.44375 0.9015625 0.6140625 0.9859375 0.6140625 0.9859375 0.44375
0 0.89375 0.4171875 0.8171875 0.4171875 0.8171875 0.6078125 0.89375 0.6078125 0.89375 0.4171875
0 0.5421875 0.409375 0.44375 0.409375 0.44375 0.5546875 0.5421875 0.5546875 0.5421875 0.409375
0 0.753125 0.8828125 0.5578125 0.8828125 0.5578125 1.0 0.753125 1.0 0.753125 0.8828125
0 0.01875 0.059375 0.0015625 0.059375 0.0015625 0.14375 0.01875 0.14375 0.01875 0.059375
0 0.690625 0.3953125 0.5609375 0.3953125 0.5609375 0.70625 0.690625 0.70625 0.690625 0.3953125
0 0.58125 0.209375 0.3609375 0.209375 0.3609375 0.6046875 0.58125 0.6046875 0.58125 0.209375
0 0.775 0.109375 0.6015625 0.109375 0.6015625 0.5671875 0.775 0.5671875 0.775 0.109375
0 1.0 0.0015625 0.5453125 0.0015625 0.5453125 0.4765625 1.0 0.4765625 1.0 0.0015625
