0 0.7 0.9875 0.6859375 0.9875 0.6859375 1.0 0.7 1.0 0.7 0.9875
0 0.3234375 0.4015625 0.1953125 0.4015625 0.1953125 0.54375 0.3234375 0.54375 0.3234375 0.4015625
0 0.3953125 0.5234375 0.271875 0.5234375 0.271875 0.6734375 0.3953125 0.6734375 0.3953125 0.5234375
0 0.978125 0.5890625 0.8734375 0.5890625 0.8734375 0.825 0.978125 0.825 0.978125 0.5890625
0 0.3953125 0.5828125 0.2203125 0.5828125 0.2203125 0.7203125 0.3953125 0.7203125 0.3953125 0.5828125
0 0.328125 0.2484375 0.2125 0.2484375 0.2125 0.39375 0.328125 0.39375 0.328125 0.2484375
0 0.4203125 0.953125 0.2578125 0.953125 0.2578125 1.0 0.4203125 1.0 0.4203125 0.953125
0 0.671875 0.853125 0.5625 0.853125 0.5625 1.0 0.671875 1.0 0.671875 0.853125
0 0.5109375 0.7390625 0.3765625 0.7390625 0.3765625 1.0 0.5109375 1.0 0.5109375 0.7390625
0 0.6875 0.6625 0.5515625 0.6625 0.5515625 0.7765625 0.6875 0.7765625 0.6875 0.6625
0 0.6921875 0.0984375 0.2890625 0.0984375 0.2890625 0.628125 0.6921875 0.628125 0.6921875 0.0984375
0 0.98125 0.8265625 0.9171875 0.8265625 0.9171875 1.0 0.98125 1.0 0.98125 0.8265625
0 0.975 0.4671875 0.825 0.4671875 0.825 0.6078125 0.975 0.6078125 0.975 0.4671875
0 0.0953125 0.171875 0.009375 0.171875 0.009375 0.3171875 0.0953125 0.3171875 0.0953125 0.171875
0 0.94375 0.0296875 0.8109375 0.0296875 0.8109375 0.1921875 0.94375 0.1921875 0.94375 0.0296875
0 0.1640625 0.5328125 0.046875 0.5328125 0.046875 0.7453125 0.1640625 0.7453125 0.1640625 0.5328125
0 0.5234375 0.640625 0.165625 0.640625 0.165625 0.953125 0.5234375 0.953125 0.5234375 0.640625
0 0.2078125 0.659375 0.0921875 0.659375 0.0921875 0.7484375 0.2078125 0.7484375 0.2078125 0.659375
0 0.30625 0.325 0.0859375 0.325 0.0859375 0.540625 0.30625 0.540625 0.30625 0.325
0 0.1203125 0.0296875 0.05625 0.0296875 0.05625 0.21875 0.1203125 0.21875 0.1203125 0.0296875
0 0.3546875 0.0015625 0.2546875 0.0015625 0.2546875 0.090625 0.3546875 0.090625 0.3546875 0.0015625
0 1.0 0.278125 0.9984375 0.278125 0.9984375 0.3046875 1.0 0.3046875 1.0 0.278125
0 0.8890625 0.1671875 0.709375 0.1671875 0.709375 0.3203125 0.8890625 0.3203125 0.8890625 0.1671875
0 0.7359375 0.0015625 0.64375 0.0015625 0.64375 0.1484375 0.7359375 0.1484375 0.7359375 0.0015625
0 0.6421875 0.0015625 0.4671875 0.0015625 0.4671875 0.1078125 0.6421875 0.1078125 0.6421875 0.0015625
0 1.0 0.303125 0.9375 0.303125 0.9375 1.0 1.0 1.0 1.0 0.303125
0 0.2203125 0.871875 0.0109375 0.871875 0.0109375 1.0 0.2203125 1.0 0.2203125 0.871875
0 0.03125 0.6140625 0.0015625 0.6140625 0.0015625 0.765625 0.03125 0.765625 0.03125 0.6140625
0 0.265625 0.6515625 0.0203125 0.6515625 0.0203125 0.8765625 0.265625 0.8765625 0.265625 0.6515625
0 0.0765625 0.3546875 0.0015625 0.3546875 0.0015625 0.5109375 0.0765625 0.5109375 0.0765625 0.3546875
0 0.125 0.0015625 0.0015625 0.0015625 0.0015625 0.30625 0.125 0.30625 0.125 0.0015625
0 0.475 0.896875 0.359375 0.896875 0.359375 1.0 0.475 1.0 0.475 0.896875
0 0.5546875 0.6 0.3828125 0.6 0.3828125 0.78125 0.5546875 0.78125 0.5546875 0.6
0 0.23125 0.5078125 0.1359375 0.5078125 0.1359375 0.678125 0.23125 0.678125 0.23125 0.5078125
0 0.453125 0.2984375 0.259375 0.2984375 0.259375 0.5109375 0.453125 0.5109375 0.453125 0.2984375
0 0.21875 0.171875 0.1109375 0.171875 0.1109375 0.3234375 0.21875 0.3234375 0.21875 0.171875
0 0.753125 0.0015625 0.1515625 0.0015625 0.1515625 0.3671875 0.753125 0.3671875 0.753125 0.0015625
0 0.5453125 0.0046875 0.41875 0.0046875 0.41875 0.1296875 0.5453125 0.1296875 0.5453125 0.0046875
0 0.340625 0.0015625 0.3078125 0.0015625 0.3078125 0.028125 0.340625 0.028125 0.340625 0.0015625
0 1.0 0.0015625 0.84375 0.0015625 0.84375 0.234375 1.0 0.234375 1.0 0.0015625
0 0.0515625 0.4984375 0.0015625 0.4984375 0.0015625 0.528125 0.0515625 0.528125 0.0515625 0.4984375
