0 1.0 0.4609375 0.8640625 0.4609375 0.8640625 0.7609375 1.0 0.7609375 1.0 0.4609375
0 0.2859375 0.8953125 0.19375 0.8953125 0.19375 1.0 0.2859375 1.0 0.2859375 0.8953125
0 0.0546875 0.815625 0.0015625 0.815625 0.0015625 0.8796875 0.0546875 0.8796875 0.0546875 0.815625
0 0.3765625 0.5671875 0.078125 0.5671875 0.078125 0.7984375 0.3765625 0.7984375 0.3765625 0.5671875
0 0.615625 0.728125 0.4984375 0.728125 0.4984375 0.8625 0.615625 0.8625 0.615625 0.728125
0 0.025 0.4578125 0.0015625 0.4578125 0.0015625 0.5015625 0.025 0.5015625 0.025 0.4578125
0 0.14375 0.0015625 0.0015625 0.0015625 0.0015625 0.1359375 0.14375 0.1359375 0.14375 0.0015625
0 0.2921875 0.0015625 0.1546875 0.0015625 0.1546875 0.0953125 0.2921875 0.0953125 0.2921875 0.0015625
0 1.0 0.984375 0.990625 0.984375 0.990625 1.0 1.0 1.0 1.0 0.984375
0 0.94375 0.9265625 0.81875 0.9265625 0.81875 0.9984375 0.94375 0.9984375 0.94375 0.9265625
0 1.0 0.2859375 0.8875 0.2859375 0.8875 0.4 1.0 0.4 1.0 0.2859375
0 0.45 0.1734375 0.3421875 0.1734375 0.3421875 0.3140625 0.45 0.3140625 0.45 0.1734375
0 0.86875 0.0015625 0.734375 0.0015625 0.734375 0.1015625 0.86875 0.1015625 0.86875 0.0015625
0 0.1234375 0.5109375 0.0546875 0.5109375 0.0546875 0.665625 0.1234375 0.665625 0.1234375 0.5109375
0 0.0328125 0.1390625 0.0015625 0.1390625 0.0015625 0.246875 0.0328125 0.246875 0.0328125 0.1390625
0 0.0328125 0.0015625 0.025 0.0015625 0.025 0.003125 0.0328125 0.003125 0.0328125 0.0015625
0 1.0 0.0015625 0.3796875 0.0015625 0.3796875 0.35 1.0 0.35 1.0 0.0015625
0 1.0 0.4875 0.528125 0.4875 0.528125 1.0 1.0 1.0 1.0 0.4875
0 0.321875 0.6890625 0.215625 0.6890625 0.215625 0.7921875 0.321875 0.7921875 0.321875 0.6890625
0 0.378125 0.58125 0.2015625 0.58125 0.2015625 0.66875 0.378125 0.66875 0.378125 0.58125
0 0.7671875 0.36875 0.659375 0.36875 0.659375 0.5484375 0.7671875 0.5484375 0.7671875 0.36875
0 0.7046875 0.153125 0.590625 0.153125 0.590625 0.3203125 0.7046875 0.3203125 0.7046875 0.153125
0 1.0 0.9625 0.8734375 0.9625 0.8734375 1.0 1.0 1.0 1.0 0.9625
0 0.9609375 0.0015625 0.8703125 0.0015625 0.8703125 0.053125 0.9609375 0.053125 0.9609375 0.0015625
0 0.2390625 0.64375 0.1328125 0.64375 0.1328125 0.7859375 0.2390625 0.7859375 0.2390625 0.64375
0 0.5 0.0015625 0.0515625 0.0015625 0.0515625 0.6875 0.5 0.6875 0.5 0.0015625
0 0.0796875 0.0015625 0.0015625 0.0015625 0.0015625 0.053125 0.0796875 0.053125 0.0796875 0.0015625
0 0.9546875 0.98125 0.7234375 0.98125 0.7234375 1.0 0.9546875 1.0 0.9546875 0.98125
0 0.440625 0.884375 0.25 0.884375 0.25 1.0 0.440625 1.0 0.440625 0.884375
0 0.978125 0.8828125 0.7953125 0.8828125 0.7953125 0.971875 0.978125 0.971875 0.978125 0.8828125
0 0.5328125 0.7984375 0.1921875 0.7984375 0.1921875 0.9796875 0.5328125 0.9796875 0.5328125 0.7984375
0 0.7328125 0.79375 0.5484375 0.79375 0.5484375 0.91875 0.7328125 0.91875 0.7328125 0.79375
0 1.0 0.325 0.85625 0.325 0.85625 0.4234375 1.0 0.4234375 1.0 0.325
0 0.646875 0.3 0.528125 0.3 0.528125 0.4171875 0.646875 0.4171875 0.646875 0.3
0 0.7625 0.1734375 0.66875 0.1734375 0.66875 0.275 0.7625 0.275 0.7625 0.1734375
0 0.6171875 0.0015625 0.446875 0.0015625 0.446875 0.2140625 0.6171875 0.2140625 0.6171875 0.0015625
0 0.515625 0.0015625 0.3015625 0.0015625 0.3015625 0.078125 0.515625 0.078125 0.515625 0.0015625
0 0.5328125 0.0015625 0.0015625 0.0015625 0.0015625 1.0 0.5328125 1.0 0.5328125 0.0015625
0 0.35 0.7453125 0.1578125 0.7453125 0.1578125 0.81875 0.35 0.81875 0.35 0.7453125
0 0.6125 0.7921875 0.346875 0.7921875 0.346875 1.0 0.6125 1.0 0.6125 0.7921875
0 0.996875 0.0015625 0.5421875 0.0015625 0.5421875 0.7171875 0.996875 0.7171875 0.996875 0.0015625
0 0.64375 0.1640625 0.465625 0.1640625 0.465625 0.3546875 0.64375 0.3546875 0.64375 0.1640625
0 0.425 0.0015625 0.3109375 0.0015625 0.3109375 0.0515625 0.425 0.0515625 0.425 0.0015625
0 0.0265625 0.6921875 0.0015625 0.6921875 0.0015625 0.70625 0.0265625 0.70625 0.0265625 0.6921875
0 0.20625 0.8921875 0.0703125 0.8921875 0.0703125 1.0 0.20625 1.0 0.20625 0.8921875
0 0.2078125 0.5703125 0.0015625 0.5703125 0.0015625 0.85625 0.2078125 0.85625 0.2078125 0.5703125
0 0.4578125 0.203125 0.2390625 0.203125 0.2390625 0.396875 0.4578125 0.396875 0.4578125 0.203125
0 0.771875 0.5078125 0.6578125 0.5078125 0.6578125 0.6734375 0.771875 0.6734375 0.771875 0.5078125
0 0.590625 0.2078125 0.45625 0.2078125 0.45625 0.453125 0.590625 0.453125 0.590625 0.2078125
0 1.0 0.8578125 0.9375 0.8578125 0.9375 0.96875 1.0 0.96875 1.0 0.8578125
