0 0.4453125 0.0015625 0.415625 0.0015625 0.415625 0.034375 0.4453125 0.034375 0.4453125 0.0015625
0 0.2078125 0.0015625 0.115625 0.0015625 0.115625 0.121875 0.2078125 0.121875 0.2078125 0.0015625
0 0.8984375 0.6234375 0.8046875 0.6234375 0.8046875 0.7734375 0.8984375 0.7734375 0.8984375 0.6234375
0 1.0 0.6453125 0.99375 0.6453125 0.99375 0.7390625 1.0 0.7390625 1.0 0.6453125
0 0.6078125 0.61875 0.459375 0.61875 0.459375 0.7140625 0.6078125 0.7140625 0.6078125 0.61875
0 0.7734375 0.415625 0.6015625 0.415625 0.6015625 0.6640625 0.7734375 0.6640625 0.7734375 0.415625
0 1.0 0.375 0.98125 0.375 0.98125 0.4140625 1.0 0.4140625 1.0 0.375
0 0.3828125 0.7328125 0.1796875 0.7328125 0.1796875 0.9171875 0.3828125 0.9171875 0.3828125 0.7328125
0 1.0 0.1828125 0.890625 0.1828125 0.890625 0.4921875 1.0 0.4921875 1.0 0.1828125
0 0.821875 0.7375 0.7296875 0.7375 0.7296875 1.0 0.821875 1.0 0.821875 0.7375
0 0.6046875 0.915625 0.4984375 0.915625 0.4984375 1.0 0.6046875 1.0 0.6046875 0.915625
0 0.7703125 0.9546875 0.6234375 0.9546875 0.6234375 1.0 0.7703125 1.0 0.7703125 0.9546875
0 0.6515625 0.253125 0.375 0.253125 0.375 0.4296875 0.6515625 0.4296875 0.6515625 0.253125
0 0.9546875 0.0015625 0.8015625 0.0015625 0.8015625 0.1484375 0.9546875 0.1484375 0.9546875 0.0015625
0 0.4171875 0.85 0.30625 0.85 0.30625 0.9703125 0.4171875 0.9703125 0.4171875 0.85
0 0.5546875 0.7296875 0.2765625 0.7296875 0.2765625 1.0 0.5546875 1.0 0.5546875 0.7296875
0 0.9765625 0.0015625 0.9296875 0.0015625 0.9296875 0.0453125 0.9765625 0.0453125 0.9765625 0.0015625
0 0.784375 0.59375 0.4296875 0.59375 0.4296875 0.7921875 0.784375 0.7921875 0.784375 0.59375
0 0.609375 0.4859375 0.4296875 0.4859375 0.4296875 0.6453125 0.609375 0.6453125 0.609375 0.4859375
0 1.0 0.503125 0.94375 0.503125 0.94375 0.58125 1.0 0.58125 1.0 0.503125
0 0.5234375 0.9734375 0.475 0.9734375 0.475 1.0 0.5234375 1.0 0.5234375 0.9734375
0 0.9453125 0.7515625 0.8421875 0.7515625 0.8421875 0.9296875 0.9453125 0.9296875 0.9453125 0.7515625
0 0.93125 0.6046875 0.7625 0.6046875 0.7625 0.759375 0.93125 0.759375 0.93125 0.6046875
0 0.959375 0.23125 0.8109375 0.23125 0.8109375 0.3609375 0.959375 0.3609375 0.959375 0.23125
0 0.896875 0.165625 0.7640625 0.165625 0.7640625 0.3015625 0.896875 0.3015625 0.896875 0.165625
0 0.959375 0.640625 0.8828125 0.640625 0.8828125 0.8484375 0.959375 0.8484375 0.959375 0.640625
0 0.325 0.3390625 0.2390625 0.3390625 0.2390625 0.6265625 0.325 0.6265625 0.325 0.3390625
0 0.88125 0.2578125 0.70625 0.2578125 0.70625 0.453125 0.88125 0.453125 0.88125 0.2578125
0 0.5203125 0.1796875 0.325 0.1796875 0.325 0.378125 0.5203125 0.378125 0.5203125 0.1796875
0 1.0 0.2125 0.9171875 0.2125 0.9171875 0.36875 1.0 0.36875 1.0 0.2125
0 1.0 0.8203125 0.9328125 0.8203125 0.9328125 0.94375 1.0 0.94375 1.0 0.8203125
0 0.5734375 0.75625 0.4 0.75625 0.4 1.0 0.5734375 1.0 0.5734375 0.75625
0 0.3234375 0.0015625 0.25625 0.0015625 0.25625 0.11875 0.3234375 0.11875 0.3234375 0.0015625
0 0.7125 0.678125 0.54375 0.678125 0.54375 0.7875 0.7125 0.7875 0.7125 0.678125
0 0.271875 0.3828125 0.1765625 0.3828125 0.1765625 0.659375 0.271875 0.659375 0.271875 0.3828125
0 0.9703125 0.5828125 0.7453125 0.5828125 0.7453125 0.7640625 0.9703125 0.7640625 0.9703125 0.5828125
0 0.9453125 0.95 0.815625 0.95 0.815625 1.0 0.9453125 1.0 0.9453125 0.95
0 0.375 0.4484375 0.2671875 0.4484375 0.2671875 0.68125 0.375 0.68125 0.375 0.4484375
0 0.1859375 0.4546875 0.003125 0.4546875 0.003125 0.603125 0.1859375 0.603125 0.1859375 0.4546875
0 0.325 0.1140625 0.115625 0.1140625 0.115625 0.290625 0.325 0.290625 0.325 0.1140625
0 1.0 0.434375 0.959375 0.434375 0.959375 0.5109375 1.0 0.5109375 1.0 0.434375
0 0.5515625 0.9109375 0.4484375 0.9109375 0.4484375 1.0 0.5515625 1.0 0.5515625 0.9109375
0 0.8671875 0.74375 0.7796875 0.74375 0.7796875 0.9734375 0.8671875 0.9734375 0.8671875 0.74375
0 0.91875 0.5546875 0.5546875 0.5546875 0.5546875 0.9265625 0.91875 0.9265625 0.91875 0.5546875
0 0.609375 0.0734375 0.503125 0.0734375 0.503125 0.228125 0.609375 0.228125 0.609375 0.0734375
0 0.84375 0.034375 0.7484375 0.034375 0.7484375 0.2046875 0.84375 0.2046875 0.84375 0.034375
0 1.0 0.8578125 0.96875 0.8578125 0.96875 1.0 1.0 1.0 1.0 0.8578125
0 0.7171875 0.1984375 0.5984375 0.1984375 0.5984375 0.3859375 0.7171875 0.3859375 0.7171875 0.1984375
0 0.1328125 0.0015625 0.1 0.0015625 0.1 0.0359375 0.1328125 0.0359375 0.1328125 0.0015625
0 0.4640625 0.721875 0.25 0.721875 0.25 0.85625 0.4640625 0.85625 0.4640625 0.721875
0 0.284375 0.6890625 0.0015625 0.6890625 0.0015625 0.8859375 0.284375 0.8859375 0.284375 0.6890625
0 0.525 0.6765625 0.359375 0.6765625 0.359375 0.7328125 0.525 0.7328125 0.525 0.6765625
0 0.884375 0.36875 0.7015625 0.36875 0.7015625 0.6046875 0.884375 0.6046875 0.884375 0.36875
0 1.0 0.1921875 0.9796875 0.1921875 0.9796875 0.2234375 1.0 0.2234375 1.0 0.1921875
0 0.240625 0.15 0.1015625 0.15 0.1015625 0.20625 0.240625 0.20625 0.240625 0.15
0 0.575 0.603125 0.265625 0.603125 0.265625 0.7296875 0.575 0.7296875 0.575 0.603125
0 0.4125 0.4671875 0.3140625 0.4671875 0.3140625 0.609375 0.4125 0.609375 0.4125 0.4671875
0 0.1859375 0.0953125 0.0015625 0.0953125 0.0015625 0.5625 0.1859375 0.5625 0.1859375 0.0953125
0 0.2828125 0.54375 0.0015625 0.54375 0.0015625 0.7734375 0.2828125 0.7734375 0.2828125 0.54375
0 0.75 0.3734375 0.4046875 0.3734375 0.4046875 0.5484375 0.75 0.5484375 0.75 0.3734375
0 0.4140625 0.1109375 0.2171875 0.1109375 0.2171875 0.315625 0.4140625 0.315625 0.4140625 0.1109375
0 0.740625 0.6390625 0.53125 0.6390625 0.53125 0.7765625 0.740625 0.7765625 0.740625 0.6390625
0 0.690625 0.0015625 0.5703125 0.0015625 0.5703125 0.109375 0.690625 0.109375 0.690625 0.0015625
0 0.95625 0.4671875 0.8421875 0.4671875 0.8421875 0.571875 0.95625 0.571875 0.95625 0.4671875
0 1.0 0.0234375 0.9046875 0.0234375 0.9046875 0.19375 1.0 0.19375 1.0 0.0234375
0 0.59375 0.0015625 0.2671875 0.0015625 0.2671875 0.14375 0.59375 0.14375 0.59375 0.0015625
0 0.71875 0.825 0.58125 0.825 0.58125 0.9484375 0.71875 0.9484375 0.71875 0.825
0 1.0 0.740625 0.9609375 0.740625 0.9609375 0.8203125 1.0 0.8203125 1.0 0.740625
0 0.8984375 0.0015625 0.6375 0.0015625 0.6375 0.1859375 0.8984375 0.1859375 0.8984375 0.0015625
0 0.8859375 0.0015625 0.846875 0.0015625 0.846875 0.0375 0.8859375 0.0375 0.8859375 0.0015625
0 0.115625 0.0203125 0.015625 0.0203125 0.015625 0.140625 0.115625 0.140625 0.115625 0.0203125
