0 0.8765625 0.7625 0.7484375 0.7625 0.7484375 0.8921875 0.8765625 0.8921875 0.8765625 0.7625
0 0.296875 0.0015625 0.265625 0.0015625 0.265625 0.025 0.296875 0.025 0.296875 0.0015625
0 1.0 0.659375 0.853125 0.659375 0.853125 0.78125 1.0 0.78125 1.0 0.659375
0 1.0 0.303125 0.8125 0.303125 0.8125 0.4609375 1.0 0.4609375 1.0 0.303125
0 1.0 0.0015625 0.9421875 0.0015625 0.9421875 0.0265625 1.0 0.0265625 1.0 0.0015625
0 1.0 0.015625 0.403125 0.015625 0.403125 1.0 1.0 1.0 1.0 0.015625
0 0.034375 0.8296875 0.0015625 0.8296875 0.0015625 0.95 0.034375 0.95 0.034375 0.8296875
0 0.2328125 0.815625 0.1453125 0.815625 0.1453125 0.9953125 0.2328125 0.9953125 0.2328125 0.815625
0 0.3296875 0.3015625 0.11875 0.3015625 0.11875 0.8453125 0.3296875 0.8453125 0.3296875 0.3015625
0 0.5453125 0.4671875 0.3390625 0.4671875 0.3390625 0.640625 0.5453125 0.640625 0.5453125 0.4671875
0 0.615625 0.128125 0.403125 0.128125 0.403125 0.440625 0.615625 0.440625 0.615625 0.128125
0 0.5546875 0.0015625 0.0640625 0.0015625 0.0640625 0.2421875 0.5546875 0.2421875 0.5546875 0.0015625
0 0.0015625 0.0015625 0.0015625 0.0015625 0.0015625 0.0046875 0.0015625 0.0046875 0.0015625 0.0015625
0 0.83125 0.5 0.7046875 0.5 0.7046875 0.6328125 0.83125 0.6328125 0.83125 0.5
0 1.0 0.440625 0.8296875 0.440625 0.8296875 0.59375 1.0 0.59375 1.0 0.440625
0 0.890625 0.0015625 0.590625 0.0015625 0.590625 0.296875 0.890625 0.296875 0.890625 0.0015625
0 1.0 0.0015625 0.0015625 0.0015625 0.0015625 1.0 1.0 1.0 1.0 0.0015625
0 0.7796875 0.65 0.515625 0.65 0.515625 0.915625 0.7796875 0.915625 0.7796875 0.65
0 0.3671875 0.0015625 0.325 0.0015625 0.325 0.228125 0.3671875 0.228125 0.3671875 0.0015625
0 0.6046875 0.0015625 0.546875 0.0015625 0.546875 0.1359375 0.6046875 0.1359375 0.6046875 0.0015625
0 0.8171875 0.875 0.7 0.875 0.7 1.0 0.8171875 1.0 0.8171875 0.875
0 1.0 0.778125 0.9203125 0.778125 0.9203125 0.921875 1.0 0.921875 1.0 0.778125
0 0.6859375 0.4609375 0.3765625 0.4609375 0.3765625 0.8765625 0.6859375 0.8765625 0.6859375 0.4609375
