0 0.934375 0.075 0.81875 0.075 0.81875 0.2828125 0.934375 0.2828125 0.934375 0.075
0 0.16875 0.1875 0.053125 0.1875 0.053125 0.3546875 0.16875 0.3546875 0.16875 0.1875
0 0.440625 0.0015625 0.3453125 0.0015625 0.3453125 0.071875 0.440625 0.071875 0.440625 0.0015625
0 0.51875 0.265625 0.4359375 0.265625 0.4359375 0.421875 0.51875 0.421875 0.51875 0.265625
0 0.3875 0.9359375 0.3296875 0.9359375 0.3296875 1.0 0.3875 1.0 0.3875 0.9359375
0 0.39375 0.4109375 0.328125 0.4109375 0.328125 0.6765625 0.39375 0.6765625 0.39375 0.4109375
0 0.2625 0.4125 0.1515625 0.4125 0.1515625 0.609375 0.2625 0.609375 0.2625 0.4125
0 0.334375 0.165625 0.1765625 0.165625 0.1765625 0.40625 0.334375 0.40625 0.334375 0.165625
0 0.15625 0.0015625 0.1046875 0.0015625 0.1046875 0.046875 0.15625 0.046875 0.15625 0.0015625
0 0.5359375 0.0015625 0.36875 0.0015625 0.36875 0.209375 0.5359375 0.209375 0.5359375 0.0015625
0 0.4140625 0.0015625 0.3265625 0.0015625 0.3265625 0.1921875 0.4140625 0.1921875 0.4140625 0.0015625
0 0.453125 0.565625 0.4078125 0.565625 0.4078125 1.0 0.453125 1.0 0.453125 0.565625
0 0.4109375 0.290625 0.315625 0.290625 0.315625 0.4484375 0.4109375 0.4484375 0.4109375 0.290625
0 0.621875 0.10625 0.5375 0.10625 0.5375 0.3171875 0.621875 0.3171875 0.621875 0.10625
0 0.421875 0.409375 0.346875 0.409375 0.346875 0.5875 0.421875 0.5875 0.421875 0.409375
0 0.4203125 0.09375 0.2671875 0.09375 0.2671875 0.25 0.4203125 0.25 0.4203125 0.09375
0 1.0 0.959375 0.975 0.959375 0.975 1.0 1.0 1.0 1.0 0.959375
0 0.0328125 0.0015625 0.0328125 0.0015625 0.0328125 0.0015625 0.0328125 0.0015625 0.0328125 0.0015625
0 0.0484375 0.03125 0.0015625 0.03125 0.0015625 0.075 0.0484375 0.075 0.0484375 0.03125
0 0.1984375 0.878125 0.1171875 0.878125 0.1171875 1.0 0.1984375 1.0 0.1984375 0.878125
0 0.6578125 0.83125 0.553125 0.83125 0.553125 0.9984375 0.6578125 0.9984375 0.6578125 0.83125
0 0.8140625 0.784375 0.7484375 0.784375 0.7484375 0.94375 0.8140625 0.94375 0.8140625 0.784375
0 0.5421875 0.728125 0.4625 0.728125 0.4625 0.946875 0.5421875 0.946875 0.5421875 0.728125
0 0.2875 0.5625 0.2046875 0.5625 0.2046875 0.7453125 0.2875 0.7453125 0.2875 0.5625
0 0.5515625 0.5203125 0.421875 0.5203125 0.421875 0.6140625 0.5515625 0.6140625 0.5515625 0.5203125
0 0.9921875 0.4171875 0.875 0.4171875 0.875 0.58125 0.9921875 0.58125 0.9921875 0.4171875
0 0.9390625 0.0015625 0.753125 0.0015625 0.753125 0.2859375 0.9390625 0.2859375 0.9390625 0.0015625
0 0.7265625 0.09375 0.596875 0.09375 0.596875 0.2578125 0.7265625 0.2578125 0.7265625 0.09375
0 0.7234375 0.0015625 0.5671875 0.0015625 0.5671875 0.0546875 0.7234375 0.0546875 0.7234375 0.0015625
0 0.3421875 0.384375 0.2421875 0.384375 0.2421875 1.0 0.3421875 1.0 0.3421875 0.384375
0 0.5625 0.9640625 0.4421875 0.9640625 0.4421875 1.0 0.5625 1.0 0.5625 0.9640625
0 0.5625 0.684375 0.4890625 0.684375 0.4890625 0.9625 0.5625 0.9625 0.5625 0.684375
0 0.484375 0.71875 0.428125 0.71875 0.428125 0.9046875 0.484375 0.9046875 0.484375 0.71875
0 0.24375 0.3078125 0.1390625 0.3078125 0.1390625 0.496875 0.24375 0.496875 0.24375 0.3078125
0 0.209375 0.0015625 0.0015625 0.0015625 0.0015625 0.309375 0.209375 0.309375 0.209375 0.0015625
0 0.30625 0.0015625 0.28125 0.0015625 0.28125 0.13125 0.30625 0.13125 0.30625 0.0015625
0 0.8125 0.0015625 0.5359375 0.0015625 0.5359375 0.2546875 0.8125 0.2546875 0.8125 0.0015625
0 0.9546875 0.734375 0.78125 0.734375 0.78125 1.0 0.9546875 1.0 0.9546875 0.734375
0 0.9109375 0.625 0.7609375 0.625 0.7609375 0.80625 0.9109375 0.80625 0.9109375 0.625
0 1.0 0.496875 0.9921875 0.496875 0.9921875 0.55 1.0 0.55 1.0 0.496875
0 0.9734375 0.44375 0.8046875 0.44375 0.8046875 0.61875 0.9734375 0.61875 0.9734375 0.44375
0 1.0 0.2359375 0.996875 0.2359375 0.996875 0.2609375 1.0 0.2609375 1.0 0.2359375
0 0.9890625 0.0015625 0.85625 0.0015625 0.85625 0.103125 0.9890625 0.103125 0.9890625 0.0015625
0 1.0 0.490625 0.9671875 0.490625 0.9671875 0.7109375 1.0 0.7109375 1.0 0.490625
0 0.31875 0.04375 0.0078125 0.04375 0.0078125 0.4953125 0.31875 0.4953125 0.31875 0.04375
0 0.553125 0.18125 0.4046875 0.18125 0.4046875 0.3796875 0.553125 0.3796875 0.553125 0.18125
0 0.3890625 0.090625 0.2296875 0.090625 0.2296875 0.26875 0.3890625 0.26875 0.3890625 0.090625
0 0.065625 0.059375 0.0015625 0.059375 0.0015625 0.1890625 0.065625 0.1890625 0.065625 0.059375
0 0.6546875 0.2453125 0.3984375 0.2453125 0.3984375 0.5640625 0.6546875 0.5640625 0.6546875 0.2453125
0 0.784375 0.2015625 0.6265625 0.2015625 0.6265625 0.3015625 0.784375 0.3015625 0.784375 0.2015625
0 0.4984375 0.0015625 0.40625 0.0015625 0.40625 0.084375 0.4984375 0.084375 0.4984375 0.0015625
0 0.596875 0.9046875 0.4171875 0.9046875 0.4171875 1.0 0.596875 1.0 0.596875 0.9046875
0 0.3 0.7140625 0.14375 0.7140625 0.14375 1.0 0.3 1.0 0.3 0.7140625
0 0.6140625 0.5875 0.5203125 0.5875 0.5203125 0.8109375 0.6140625 0.8109375 0.6140625 0.5875
0 0.675 0.45 0.5796875 0.45 0.5796875 0.75 0.675 0.75 0.675 0.45
0 0.1125 0.1375 0.0015625 0.1375 0.0015625 0.378125 0.1125 0.378125 0.1125 0.1375
0 0.5703125 0.0015625 0.496875 0.0015625 0.496875 0.2375 0.5703125 0.2375 0.5703125 0.0015625
0 0.28125 0.0015625 0.234375 0.0015625 0.234375 0.0328125 0.28125 0.0328125 0.28125 0.0015625
0 1.0 0.615625 0.8625 0.615625 0.8625 0.8421875 1.0 0.8421875 1.0 0.615625
0 0.865625 0.3984375 0.696875 0.3984375 0.696875 0.6703125 0.865625 0.6703125 0.865625 0.3984375
0 1.0 0.3765625 0.996875 0.3765625 0.996875 0.3953125 1.0 0.3953125 1.0 0.3765625
0 0.959375 0.0015625 0.9015625 0.0015625 0.9015625 0.278125 0.959375 0.278125 0.959375 0.0015625
0 0.934375 0.0015625 0.8203125 0.0015625 0.8203125 0.1125 0.934375 0.1125 0.934375 0.0015625
0 1.0 0.0015625 0.9546875 0.0015625 0.9546875 0.075 1.0 0.075 1.0 0.0015625
0 0.5328125 0.49375 0.29375 0.49375 0.29375 1.0 0.5328125 1.0 0.5328125 0.49375
0 0.4234375 0.19375 0.2796875 0.19375 0.2796875 0.4140625 0.4234375 0.4140625 0.4234375 0.19375
0 0.0078125 0.3125 0.0015625 0.3125 0.0015625 0.340625 0.0078125 0.340625 0.0078125 0.3125
0 0.409375 0.0015625 0.3015625 0.0015625 0.3015625 0.20625 0.409375 0.20625 0.409375 0.0015625
0 0.6703125 0.5296875 0.5453125 0.5296875 0.5453125 0.775 0.6703125 0.775 0.6703125 0.5296875
0 0.7171875 0.371875 0.634375 0.371875 0.634375 0.671875 0.7171875 0.671875 0.7171875 0.371875
0 0.73125 0.24375 0.56875 0.24375 0.56875 0.3921875 0.73125 0.3921875 0.73125 0.24375
0 1.0 0.075 0.9671875 0.075 0.9671875 0.1375 1.0 0.1375 1.0 0.075
0 0.2875 0.0015625 0.090625 0.0015625 0.090625 0.078125 0.2875 0.078125 0.2875 0.0015625
0 1.0 0.5171875 0.596875 0.5171875 0.596875 1.0 1.0 1.0 1.0 0.5171875
0 0.1171875 0.9609375 0.0015625 0.9609375 0.0015625 1.0 0.1171875 1.0 0.1171875 0.9609375
0 0.2578125 0.896875 0.184375 0.896875 0.184375 1.0 0.2578125 1.0 0.2578125 0.896875
0 0.246875 0.0953125 0.125 0.0953125 0.125 0.259375 0.246875 0.259375 0.246875 0.0953125
0 1.0 0.4640625 0.8328125 0.4640625 0.8328125 0.659375 1.0 0.659375 1.0 0.4640625
0 1.0 0.2078125 0.671875 0.2078125 0.671875 0.4578125 1.0 0.4578125 1.0 0.2078125
0 0.7328125 0.2328125 0.490625 0.2328125 0.490625 0.4078125 0.7328125 0.4078125 0.7328125 0.2328125
