0 0.478125 0.715625 0.384375 0.715625 0.384375 1.0 0.478125 1.0 0.478125 0.715625
0 0.396875 0.7765625 0.25625 0.7765625 0.25625 0.9546875 0.396875 0.9546875 0.396875 0.7765625
0 0.3453125 0.3140625 0.15 0.3140625 0.15 0.525 0.3453125 0.525 0.3453125 0.3140625
0 0.6921875 0.33125 0.5375 0.33125 0.5375 0.4921875 0.6921875 0.4921875 0.6921875 0.33125
0 0.3515625 0.1796875 0.0640625 0.1796875 0.0640625 0.3828125 0.3515625 0.3828125 0.3515625 0.1796875
0 0.4390625 0.153125 0.33125 0.153125 0.33125 0.3046875 0.4390625 0.3046875 0.4390625 0.153125
0 0.1125 0.946875 0.0015625 0.946875 0.0015625 1.0 0.1125 1.0 0.1125 0.946875
0 0.453125 0.846875 0.3171875 0.846875 0.3171875 1.0 0.453125 1.0 0.453125 0.846875
0 0.0921875 0.83125 0.0015625 0.83125 0.0015625 0.9390625 0.0921875 0.9390625 0.0921875 0.83125
0 0.403125 0.409375 0.240625 0.409375 0.240625 0.89375 0.403125 0.89375 0.403125 0.409375
0 0.146875 0.7421875 0.0015625 0.7421875 0.0015625 0.83125 0.146875 0.83125 0.146875 0.7421875
0 0.140625 0.5828125 0.0015625 0.5828125 0.0015625 0.7515625 0.140625 0.7515625 0.140625 0.5828125
0 0.0234375 0.31875 0.0015625 0.31875 0.0015625 0.3328125 0.0234375 0.3328125 0.0234375 0.31875
0 0.2984375 0.065625 0.1234375 0.065625 0.1234375 0.2796875 0.2984375 0.2796875 0.2984375 0.065625
0 0.1046875 0.0015625 0.0015625 0.0015625 0.0015625 0.1921875 0.1046875 0.1921875 0.1046875 0.0015625
0 1.0 0.0765625 0.959375 0.0765625 0.959375 0.3921875 1.0 0.3921875 1.0 0.0765625
0 0.05625 0.7046875 0.0015625 0.7046875 0.0015625 1.0 0.05625 1.0 0.05625 0.7046875
0 1.0 0.0015625 0.459375 0.0015625 0.459375 1.0 1.0 1.0 1.0 0.0015625
0 0.534375 0.0015625 0.103125 0.0015625 0.103125 1.0 0.534375 1.0 0.534375 0.0015625
0 0.334375 0.38125 0.140625 0.38125 0.140625 0.853125 0.334375 0.853125 0.334375 0.38125
0 0.2234375 0.01875 0.0015625 0.01875 0.0015625 0.3140625 0.2234375 0.3140625 0.2234375 0.01875
0 0.684375 0.8703125 0.5921875 0.8703125 0.5921875 1.0 0.684375 1.0 0.684375 0.8703125
