0 0.05 0.8953125 0.0015625 0.8953125 0.0015625 1.0 0.05 1.0 0.05 0.8953125
0 0.1 0.5671875 0.0125 0.5671875 0.0125 0.7265625 0.1 0.7265625 0.1 0.5671875
0 0.7984375 0.40625 0.4375 0.40625 0.4375 1.0 0.7984375 1.0 0.7984375 0.40625
0 0.35625 0.671875 0.2015625 0.671875 0.2015625 1.0 0.35625 1.0 0.35625 0.671875
0 0.4515625 0.834375 0.3171875 0.834375 0.3171875 0.9140625 0.4515625 0.9140625 0.4515625 0.834375
0 1.0 0.4484375 0.8375 0.4484375 0.8375 0.9546875 1.0 0.9546875 1.0 0.4484375
0 0.5796875 0.4265625 0.4453125 0.4265625 0.4453125 0.521875 0.5796875 0.521875 0.5796875 0.4265625
0 0.7546875 0.1109375 0.4875 0.1109375 0.4875 0.4 0.7546875 0.4 0.7546875 0.1109375
0 0.1734375 0.184375 0.0640625 0.184375 0.0640625 0.2984375 0.1734375 0.2984375 0.1734375 0.184375
0 0.4578125 0.0828125 0.378125 0.0828125 0.378125 0.196875 0.4578125 0.196875 0.4578125 0.0828125
0 0.909375 0.0015625 0.8296875 0.0015625 0.8296875 0.1609375 0.909375 0.1609375 0.909375 0.0015625
0 0.3796875 0.0015625 0.3546875 0.0015625 0.3546875 0.025 0.3796875 0.025 0.3796875 0.0015625
0 0.4890625 0.0015625 0.4609375 0.0015625 0.4609375 0.0140625 0.4890625 0.0140625 0.4890625 0.0015625
0 0.1 0.753125 0.0109375 0.753125 0.0109375 0.8703125 0.1 0.8703125 0.1 0.753125
0 0.35625 0.03125 0.278125 0.03125 0.278125 0.284375 0.35625 0.284375 0.35625 0.03125
0 0.403125 0.821875 0.215625 0.821875 0.215625 1.0 0.403125 1.0 0.403125 0.821875
0 0.8125 0.934375 0.7171875 0.934375 0.7171875 1.0 0.8125 1.0 0.8125 0.934375
0 0.171875 0.8171875 0.0015625 0.8171875 0.0015625 0.934375 0.171875 0.934375 0.171875 0.8171875
0 0.8484375 0.3265625 0.5609375 0.3265625 0.5609375 0.9046875 0.8484375 0.9046875 0.8484375 0.3265625
0 0.3125 0.3859375 0.115625 0.3859375 0.115625 0.7640625 0.3125 0.7640625 0.3125 0.3859375
0 0.7359375 0.2453125 0.5046875 0.2453125 0.5046875 0.59375 0.7359375 0.59375 0.7359375 0.2453125
0 0.1 0.046875 0.015625 0.046875 0.015625 0.265625 0.1 0.265625 0.1 0.046875
0 0.6265625 0.0015625 0.365625 0.0015625 0.365625 0.253125 0.6265625 0.253125 0.6265625 0.0015625
0 0.6625 0.0015625 0.534375 0.0015625 0.534375 0.1328125 0.6625 0.1328125 0.6625 0.0015625
0 0.046875 0.0015625 0.0140625 0.0015625 0.0140625 0.0421875 0.046875 0.0421875 0.046875 0.0015625
0 0.2765625 0.0015625 0.1890625 0.0015625 0.1890625 0.0296875 0.2765625 0.0296875 0.2765625 0.0015625
0 1.0 0.9828125 0.95625 0.9828125 0.95625 1.0 1.0 1.0 1.0 0.9828125
0 0.9984375 0.409375 0.8328125 0.409375 0.8328125 0.8109375 0.9984375 0.8109375 0.9984375 0.409375
0 0.2203125 0.9953125 0.215625 0.9953125 0.215625 1.0 0.2203125 1.0 0.2203125 0.9953125
0 0.1421875 0.9140625 0.0484375 0.9140625 0.0484375 1.0 0.1421875 1.0 0.1421875 0.9140625
0 0.2125 0.7359375 0.084375 0.7359375 0.084375 0.94375 0.2125 0.94375 0.2125 0.7359375
0 0.403125 0.2859375 0.2328125 0.2859375 0.2328125 0.63125 0.403125 0.63125 0.403125 0.2859375
0 0.16875 0.3828125 0.0015625 0.3828125 0.0015625 0.54375 0.16875 0.54375 0.16875 0.3828125
0 0.221875 0.3296875 0.1828125 0.3296875 0.1828125 0.58125 0.221875 0.58125 0.221875 0.3296875
0 0.3953125 0.0015625 0.225 0.0015625 0.225 0.3078125 0.3953125 0.3078125 0.3953125 0.0015625
0 1.0 0.8734375 0.8203125 0.8734375 0.8203125 1.0 1.0 1.0 1.0 0.8734375
0 0.625 0.7875 0.45 0.7875 0.45 0.953125 0.625 0.953125 0.625 0.7875
0 0.790625 0.66875 0.7171875 0.66875 0.7171875 0.88125 0.790625 0.88125 0.790625 0.66875
0 0.990625 0.64375 0.9171875 0.64375 0.9171875 0.8140625 0.990625 0.8140625 0.990625 0.64375
0 0.625 0.225 0.390625 0.225 0.390625 0.6625 0.625 0.6625 0.625 0.225
0 0.95 0.33125 0.8640625 0.33125 0.8640625 0.4671875 0.95 0.4671875 0.95 0.33125
0 0.7515625 0.3 0.6125 0.3 0.6125 0.4359375 0.7515625 0.4359375 0.7515625 0.3
0 0.6921875 0.0015625 0.5453125 0.0015625 0.5453125 0.071875 0.6921875 0.071875 0.6921875 0.0015625
0 0.034375 0.7828125 0.0015625 0.7828125 0.0015625 0.825 0.034375 0.825 0.034375 0.7828125
0 0.384375 0.60625 0.275 0.60625 0.275 0.7640625 0.384375 0.7640625 0.384375 0.60625
0 0.0640625 0.4390625 0.0015625 0.4390625 0.0015625 0.546875 0.0640625 0.546875 0.0640625 0.4390625
0 0.7453125 0.003125 0.4515625 0.003125 0.4515625 0.2703125 0.7453125 0.2703125 0.7453125 0.003125
0 0.2234375 0.0015625 0.0609375 0.0015625 0.0609375 0.253125 0.2234375 0.253125 0.2234375 0.0015625
0 0.0140625 0.0015625 0.0015625 0.0015625 0.0015625 0.0578125 0.0140625 0.0578125 0.0140625 0.0015625
0 0.7046875 0.0015625 0.6765625 0.0015625 0.6765625 0.0125 0.7046875 0.0125 0.7046875 0.0015625
0 0.2125 0.0015625 0.0015625 0.0015625 0.0015625 0.784375 0.2125 0.784375 0.2125 0.0015625
0 0.16875 0.9171875 0.115625 0.9171875 0.115625 1.0 0.16875 1.0 0.16875 0.9171875
0 0.390625 0.340625 0.3375 0.340625 0.3375 0.4953125 0.390625 0.4953125 0.390625 0.340625
0 0.28125 0.134375 0.2125 0.134375 0.2125 0.49375 0.28125 0.49375 0.28125 0.134375
0 0.1609375 0.0015625 0.04375 0.0015625 0.04375 0.0875 0.1609375 0.0875 0.1609375 0.0015625
0 0.453125 0.9 0.3671875 0.9 0.3671875 1.0 0.453125 1.0 0.453125 0.9
0 1.0 0.0015625 0.6375 0.0015625 0.6375 0.990625 1.0 0.990625 1.0 0.0015625
0 0.496875 0.65 0.3328125 0.65 0.3328125 0.8734375 0.496875 0.8734375 0.496875 0.65
0 0.825 0.2625 0.6578125 0.2625 0.6578125 0.665625 0.825 0.665625 0.825 0.2625
0 0.565625 0.0625 0.4078125 0.0625 0.4078125 0.3671875 0.565625 0.3671875 0.565625 0.0625
0 1.0 0.71875 0.9 0.71875 0.9 1.0 1.0 1.0 1.0 0.71875
