0 0.1921875 0.775 0.0125 0.775 0.0125 1.0 0.1921875 1.0 0.1921875 0.775
0 0.215625 0.4796875 0.0015625 0.4796875 0.0015625 0.7578125 0.215625 0.7578125 0.215625 0.4796875
0 0.06875 0.4828125 0.0015625 0.4828125 0.0015625 0.615625 0.06875 0.615625 0.06875 0.4828125
0 0.2390625 0.23125 0.1328125 0.23125 0.1328125 0.471875 0.2390625 0.471875 0.2390625 0.23125
0 0.140625 0.2859375 0.0484375 0.2859375 0.0484375 0.390625 0.140625 0.390625 0.140625 0.2859375
0 0.325 0.0015625 0.1765625 0.0015625 0.1765625 0.2140625 0.325 0.2140625 0.325 0.0015625
0 0.5125 0.40625 0.378125 0.40625 0.378125 0.6203125 0.5125 0.6203125 0.5125 0.40625
0 0.934375 0.1078125 0.609375 0.1078125 0.609375 0.43125 0.934375 0.43125 0.934375 0.1078125
0 0.528125 0.0015625 0.446875 0.0015625 0.446875 0.225 0.528125 0.225 0.528125 0.0015625
0 0.7890625 0.0015625 0.7890625 0.0015625 0.7890625 0.0015625 0.7890625 0.0015625 0.7890625 0.0015625
0 1.0 0.0015625 0.8578125 0.0015625 0.8578125 0.0578125 1.0 0.0578125 1.0 0.0015625
0 0.5875 0.8515625 0.4859375 0.8515625 0.4859375 1.0 0.5875 1.0 0.5875 0.8515625
0 0.5296875 0.559375 0.415625 0.559375 0.415625 0.884375 0.5296875 0.884375 0.5296875 0.559375
0 0.6640625 0.5765625 0.559375 0.5765625 0.559375 0.759375 0.6640625 0.759375 0.6640625 0.5765625
0 0.8421875 0.5125 0.6828125 0.5125 0.6828125 0.6359375 0.8421875 0.6359375 0.8421875 0.5125
0 0.9765625 0.215625 0.75625 0.215625 0.75625 0.4765625 0.9765625 0.4765625 0.9765625 0.215625
0 0.7890625 0.0015625 0.6328125 0.0015625 0.6328125 0.0453125 0.7890625 0.0453125 0.7890625 0.0015625
0 0.85625 0.0015625 0.853125 0.0015625 0.853125 0.0015625 0.85625 0.0015625 0.85625 0.0015625
0 0.6890625 0.4921875 0.5453125 0.4921875 0.5453125 0.6078125 0.6890625 0.6078125 0.6890625 0.4921875
0 0.9421875 0.259375 0.8703125 0.259375 0.8703125 0.421875 0.9421875 0.421875 0.9421875 0.259375
0 0.6515625 0.0015625 0.49375 0.0015625 0.49375 0.2671875 0.6515625 0.2671875 0.6515625 0.0015625
0 0.240625 0.59375 0.0015625 0.59375 0.0015625 1.0 0.240625 1.0 0.240625 0.59375
0 0.8796875 0.3078125 0.7859375 0.3078125 0.7859375 0.43125 0.8796875 0.43125 0.8796875 0.3078125
0 0.340625 0.1984375 0.203125 0.1984375 0.203125 0.4734375 0.340625 0.4734375 0.340625 0.1984375
0 1.0 0.0078125 0.834375 0.0078125 0.834375 0.1796875 1.0 0.1796875 1.0 0.0078125
0 0.1796875 0.10625 0.0015625 0.10625 0.0015625 0.215625 0.1796875 0.215625 0.1796875 0.10625
0 0.2265625 0.0203125 0.0015625 0.0203125 0.0015625 0.10625 0.2265625 0.10625 0.2265625 0.0203125
0 0.4046875 0.734375 0.190625 0.734375 0.190625 1.0 0.4046875 1.0 0.4046875 0.734375
0 0.4515625 0.15 0.3640625 0.15 0.3640625 0.265625 0.4515625 0.265625 0.4515625 0.15
0 0.2140625 0.0015625 0.134375 0.0015625 0.134375 0.0328125 0.2140625 0.0328125 0.2140625 0.0015625
0 0.0875 0.7828125 0.0015625 0.7828125 0.0015625 0.9875 0.0875 0.9875 0.0875 0.7828125
0 0.4046875 0.371875 0.2921875 0.371875 0.2921875 0.4640625 0.4046875 0.4640625 0.4046875 0.371875
0 0.1375 0.2171875 0.0015625 0.2171875 0.0015625 0.3921875 0.1375 0.3921875 0.1375 0.2171875
0 0.4171875 0.0421875 0.325 0.0421875 0.325 0.1515625 0.4171875 0.1515625 0.4171875 0.0421875
0 1.0 0.4765625 0.93125 0.4765625 0.93125 0.596875 1.0 0.596875 1.0 0.4765625
0 0.2453125 0.0015625 0.18125 0.0015625 0.18125 0.0625 0.2453125 0.0625 0.2453125 0.0015625
0 0.4453125 0.4859375 0.178125 0.4859375 0.178125 1.0 0.4453125 1.0 0.4453125 0.4859375
0 0.5875 0.925 0.478125 0.925 0.478125 1.0 0.5875 1.0 0.5875 0.925
0 0.53125 0.55 0.390625 0.55 0.390625 1.0 0.53125 1.0 0.53125 0.55
0 0.4578125 0.178125 0.29375 0.178125 0.29375 0.4984375 0.4578125 0.4984375 0.4578125 0.178125
0 0.765625 0.228125 0.4734375 0.228125 0.4734375 0.5671875 0.765625 0.5671875 0.765625 0.228125
0 1.0 0.3875 0.6828125 0.3875 0.6828125 1.0 1.0 1.0 1.0 0.3875
0 0.84375 0.434375 0.7546875 0.434375 0.7546875 0.5421875 0.84375 0.5421875 0.84375 0.434375
0 0.8671875 0.0078125 0.6875 0.0078125 0.6875 0.190625 0.8671875 0.190625 0.8671875 0.0078125
0 0.646875 0.0015625 0.56875 0.0015625 0.56875 0.08125 0.646875 0.08125 0.646875 0.0015625
