0 0.9953125 0.6140625 0.88125 0.6140625 0.88125 0.7390625 0.9953125 0.7390625 0.9953125 0.6140625
0 1.0 0.8546875 0.940625 0.8546875 0.940625 0.978125 1.0 0.978125 1.0 0.8546875
0 0.0859375 0.7140625 0.0125 0.7140625 0.0125 0.965625 0.0859375 0.965625 0.0859375 0.7140625
0 0.2703125 0.6 0.1984375 0.6 0.1984375 1.0 0.2703125 1.0 0.2703125 0.6
0 0.5109375 0.334375 0.3828125 0.334375 0.3828125 0.4359375 0.5109375 0.4359375 0.5109375 0.334375
0 0.3640625 0.1171875 0.253125 0.1171875 0.253125 0.2984375 0.3640625 0.2984375 0.3640625 0.1171875
0 0.83125 0.1921875 0.7359375 0.1921875 0.7359375 0.2921875 0.83125 0.2921875 0.83125 0.1921875
0 0.028125 0.0015625 0.0015625 0.0015625 0.0015625 0.0578125 0.028125 0.0578125 0.028125 0.0015625
0 0.7796875 0.290625 0.6171875 0.290625 0.6171875 0.4421875 0.7796875 0.4421875 0.7796875 0.290625
0 0.9625 0.5953125 0.7921875 0.5953125 0.7921875 0.8375 0.9625 0.8375 0.9625 0.5953125
0 1.0 0.728125 0.9109375 0.728125 0.9109375 0.828125 1.0 0.828125 1.0 0.728125
0 0.6390625 0.1828125 0.5390625 0.1828125 0.5390625 0.3484375 0.6390625 0.3484375 0.6390625 0.1828125
0 0.3515625 0.64375 0.196875 0.64375 0.196875 1.0 0.3515625 1.0 0.3515625 0.64375
0 0.3953125 0.284375 0.1265625 0.284375 0.1265625 0.6203125 0.3953125 0.6203125 0.3953125 0.284375
0 0.8640625 0.9359375 0.7734375 0.9359375 0.7734375 1.0 0.8640625 1.0 0.8640625 0.9359375
0 0.7453125 0.9609375 0.625 0.9609375 0.625 1.0 0.7453125 1.0 0.7453125 0.9609375
0 0.7015625 0.4203125 0.365625 0.4203125 0.365625 1.0 0.7015625 1.0 0.7015625 0.4203125
0 0.9671875 0.834375 0.840625 0.834375 0.840625 1.0 0.9671875 1.0 0.9671875 0.834375
0 0.4078125 0.5515625 0.3484375 0.5515625 0.3484375 0.8 0.4078125 0.8 0.4078125 0.5515625
0 0.7875 0.4421875 0.6078125 0.4421875 0.6078125 0.7375 0.7875 0.7375 0.7875 0.4421875
0 0.9265625 0.471875 0.8109375 0.471875 0.8109375 0.609375 0.9265625 0.609375 0.9265625 0.471875
0 0.690625 0.3984375 0.5125 0.3984375 0.5125 0.621875 0.690625 0.621875 0.690625 0.3984375
0 0.884375 0.4203125 0.7859375 0.4203125 0.7859375 0.503125 0.884375 0.503125 0.884375 0.4203125
0 0.63125 0.0859375 0.5328125 0.0859375 0.5328125 0.184375 0.63125 0.184375 0.63125 0.0859375
0 0.2765625 0.63125 0.2140625 0.63125 0.2140625 0.83125 0.2765625 0.83125 0.2765625 0.63125
0 0.6234375 0.5171875 0.3921875 0.5171875 0.3921875 1.0 0.6234375 1.0 0.6234375 0.5171875
0 0.834375 0.8421875 0.6890625 0.8421875 0.6890625 1.0 0.834375 1.0 0.834375 0.8421875
0 0.9140625 0.1234375 0.475 0.1234375 0.475 0.940625 0.9140625 0.940625 0.9140625 0.1234375
0 0.759375 0.409375 0.45625 0.409375 0.45625 0.8125 0.759375 0.8125 0.759375 0.409375
0 1.0 0.0015625 0.9703125 0.0015625 0.9703125 0.0484375 1.0 0.0484375 1.0 0.0015625
0 0.44375 0.8265625 0.36875 0.8265625 0.36875 1.0 0.44375 1.0 0.44375 0.8265625
0 1.0 0.5859375 0.9671875 0.5859375 0.9671875 0.7453125 1.0 0.7453125 1.0 0.5859375
0 1.0 0.46875 0.9609375 0.46875 0.9609375 0.5453125 1.0 0.5453125 1.0 0.46875
0 0.45625 0.14375 0.3515625 0.14375 0.3515625 0.271875 0.45625 0.271875 0.45625 0.14375
0 0.228125 0.0015625 0.1390625 0.0015625 0.1390625 0.1703125 0.228125 0.1703125 0.228125 0.0015625
0 0.409375 0.0015625 0.25 0.0015625 0.25 0.125 0.409375 0.125 0.409375 0.0015625
0 0.54375 0.0015625 0.0015625 0.0015625 0.0015625 1.0 0.54375 1.0 0.54375 0.0015625
0 0.825 0.2765625 0.55625 0.2765625 0.55625 0.5390625 0.825 0.5390625 0.825 0.2765625
0 1.0 0.0015625 0.5203125 0.0015625 0.5203125 0.634375 1.0 0.634375 1.0 0.0015625
0 1.0 0.9453125 0.9625 0.9453125 0.9625 1.0 1.0 1.0 1.0 0.9453125
0 1.0 0.7078125 0.953125 0.7078125 0.953125 0.7890625 1.0 0.7890625 1.0 0.7078125
0 1.0 0.796875 0.91875 0.796875 0.91875 0.8984375 1.0 0.8984375 1.0 0.796875
0 1.0 0.65625 0.978125 0.65625 0.978125 0.6984375 1.0 0.6984375 1.0 0.65625
