0 0.171875 0.4734375 0.00625 0.4734375 0.00625 0.6265625 0.171875 0.6265625 0.171875 0.4734375
0 0.29375 0.9171875 0.19375 0.9171875 0.19375 1.0 0.29375 1.0 0.29375 0.9171875
0 0.6828125 0.9375 0.4875 0.9375 0.4875 1.0 0.6828125 1.0 0.6828125 0.9375
0 0.8578125 0.2609375 0.690625 0.2609375 0.690625 0.3984375 0.8578125 0.3984375 0.8578125 0.2609375
0 0.2515625 0.1328125 0.034375 0.1328125 0.034375 0.2359375 0.2515625 0.2359375 0.2515625 0.1328125
0 0.0765625 0.0796875 0.0015625 0.0796875 0.0015625 0.1734375 0.0765625 0.1734375 0.0765625 0.0796875
0 0.1515625 0.4 0.0234375 0.4 0.0234375 0.49375 0.1515625 0.49375 0.1515625 0.4
0 0.7984375 0.9546875 0.71875 0.9546875 0.71875 1.0 0.7984375 1.0 0.7984375 0.9546875
0 0.3359375 0.828125 0.1671875 0.828125 0.1671875 0.9328125 0.3359375 0.9328125 0.3359375 0.828125
0 0.296875 0.2109375 0.0921875 0.2109375 0.0921875 0.5796875 0.296875 0.5796875 0.296875 0.2109375
0 0.203125 0.215625 0.0703125 0.215625 0.0703125 0.375 0.203125 0.375 0.203125 0.215625
0 0.990625 0.9375 0.9640625 0.9375 0.9640625 1.0 0.990625 1.0 0.990625 0.9375
0 0.365625 0.378125 0.240625 0.378125 0.240625 0.55625 0.365625 0.55625 0.365625 0.378125
0 0.1640625 0.80625 0.096875 0.80625 0.096875 1.0 0.1640625 1.0 0.1640625 0.80625
0 0.2578125 0.646875 0.1421875 0.646875 0.1421875 0.8875 0.2578125 0.8875 0.2578125 0.646875
0 0.3984375 0.6796875 0.2640625 0.6796875 0.2640625 0.86875 0.3984375 0.86875 0.3984375 0.6796875
0 0.3203125 0.0015625 0.23125 0.0015625 0.23125 0.1671875 0.3203125 0.1671875 0.3203125 0.0015625
0 1.0 0.0015625 0.9671875 0.0015625 0.9671875 0.040625 1.0 0.040625 1.0 0.0015625
0 0.45625 0.11875 0.2828125 0.11875 0.2828125 0.2359375 0.45625 0.2359375 0.45625 0.11875
0 0.45625 0.0015625 0.371875 0.0015625 0.371875 0.0703125 0.45625 0.0703125 0.45625 0.0015625
0 0.115625 0.8140625 0.0015625 0.8140625 0.0015625 1.0 0.115625 1.0 0.115625 0.8140625
0 0.05625 0.728125 0.0015625 0.728125 0.0015625 0.8015625 0.05625 0.8015625 0.05625 0.728125
0 0.1234375 0.1171875 0.0015625 0.1171875 0.0015625 0.3671875 0.1234375 0.3671875 0.1234375 0.1171875
0 0.38125 0.8734375 0.28125 0.8734375 0.28125 1.0 0.38125 1.0 0.38125 0.8734375
0 0.26875 0.346875 0.1765625 0.346875 0.1765625 0.5578125 0.26875 0.5578125 0.26875 0.346875
0 0.853125 0.05 0.71875 0.05 0.71875 0.3515625 0.853125 0.3515625 0.853125 0.05
0 1.0 0.1578125 0.996875 0.1578125 0.996875 0.16875 1.0 0.16875 1.0 0.1578125
0 0.375 0.0015625 0.290625 0.0015625 0.290625 0.165625 0.375 0.165625 0.375 0.0015625
