0 0.9171875 0.7328125 0.8078125 0.7328125 0.8078125 0.8625 0.9171875 0.8625 0.9171875 0.7328125
0 0.9765625 0.646875 0.8015625 0.646875 0.8015625 0.8 0.9765625 0.8 0.9765625 0.646875
0 0.425 0.5671875 0.203125 0.5671875 0.203125 0.853125 0.425 0.853125 0.425 0.5671875
0 0.0609375 0.6609375 0.0015625 0.6609375 0.0015625 0.696875 0.0609375 0.696875 0.0609375 0.6609375
0 0.7078125 0.5375 0.490625 0.5375 0.490625 0.775 0.7078125 0.775 0.7078125 0.5375
0 0.1953125 0.6109375 0.0828125 0.6109375 0.0828125 0.690625 0.1953125 0.690625 0.1953125 0.6109375
0 0.2984375 0.3703125 0.0015625 0.3703125 0.0015625 0.6078125 0.2984375 0.6078125 0.2984375 0.3703125
0 0.0078125 0.4375 0.0015625 0.4375 0.0015625 0.4484375 0.0078125 0.4484375 0.0078125 0.4375
0 0.6953125 0.30625 0.5671875 0.30625 0.5671875 0.409375 0.6953125 0.409375 0.6953125 0.30625
0 0.125 0.209375 0.0015625 0.209375 0.0015625 0.340625 0.125 0.340625 0.125 0.209375
0 0.2390625 0.0625 0.11875 0.0625 0.11875 0.1703125 0.2390625 0.1703125 0.2390625 0.0625
0 0.8734375 0.0015625 0.490625 0.0015625 0.490625 0.1703125 0.8734375 0.1703125 0.8734375 0.0015625
0 0.8421875 0.1421875 0.6328125 0.1421875 0.6328125 0.2921875 0.8421875 0.2921875 0.8421875 0.1421875
0 0.3078125 0.9625 0.26875 0.9625 0.26875 1.0 0.3078125 1.0 0.3078125 0.9625
0 0.596875 0.75625 0.5015625 0.75625 0.5015625 0.8734375 0.596875 0.8734375 0.596875 0.75625
0 0.34375 0.0015625 0.1625 0.0015625 0.1625 0.1125 0.34375 0.1125 0.34375 0.0015625
0 0.2140625 0.096875 0.11875 0.096875 0.11875 0.3359375 0.2140625 0.3359375 0.2140625 0.096875
0 0.94375 0.4828125 0.7765625 0.4828125 0.7765625 0.575 0.94375 0.575 0.94375 0.4828125
0 0.8859375 0.0828125 0.721875 0.0828125 0.721875 0.253125 0.8859375 0.253125 0.8859375 0.0828125
0 0.4875 0.0015625 0.3453125 0.0015625 0.3453125 0.146875 0.4875 0.146875 0.4875 0.0015625
0 0.5359375 0.0015625 0.459375 0.0015625 0.459375 0.125 0.5359375 0.125 0.5359375 0.0015625
0 0.0109375 0.8984375 0.0015625 0.8984375 0.0015625 0.921875 0.0109375 0.921875 0.0109375 0.8984375
0 0.1234375 0.740625 0.0375 0.740625 0.0375 0.921875 0.1234375 0.921875 0.1234375 0.740625
0 0.778125 0.65 0.6140625 0.65 0.6140625 0.8515625 0.778125 0.8515625 0.778125 0.65
0 0.4765625 0.3984375 0.334375 0.3984375 0.334375 0.56875 0.4765625 0.56875 0.4765625 0.3984375
0 0.8625 0.246875 0.7171875 0.246875 0.7171875 0.4796875 0.8625 0.4796875 0.8625 0.246875
0 0.0890625 0.28125 0.0015625 0.28125 0.0015625 0.365625 0.0890625 0.365625 0.0890625 0.28125
0 0.1484375 0.0015625 0.0734375 0.0015625 0.0734375 0.0625 0.1484375 0.0625 0.1484375 0.0015625
0 0.825 0.8171875 0.7 0.8171875 0.7 0.984375 0.825 0.984375 0.825 0.8171875
0 0.246875 0.8015625 0.0015625 0.8015625 0.0015625 0.9875 0.246875 0.9875 0.246875 0.8015625
0 0.175 0.5625 0.0015625 0.5625 0.0015625 0.6953125 0.175 0.6953125 0.175 0.5625
0 0.6453125 0.38125 0.4234375 0.38125 0.4234375 0.6328125 0.6453125 0.6328125 0.6453125 0.38125
0 0.9328125 0.38125 0.7 0.38125 0.7 0.596875 0.9328125 0.596875 0.9328125 0.38125
0 0.725 0.06875 0.4953125 0.06875 0.4953125 0.215625 0.725 0.215625 0.725 0.06875
0 0.265625 0.3609375 0.0015625 0.3609375 0.0015625 0.54375 0.265625 0.54375 0.265625 0.3609375
0 0.0921875 0.3328125 0.0015625 0.3328125 0.0015625 0.415625 0.0921875 0.415625 0.0921875 0.3328125
0 0.1125 0.1125 0.0015625 0.1125 0.0015625 0.221875 0.1125 0.221875 0.1125 0.1125
0 0.08125 0.0015625 0.0015625 0.0015625 0.0015625 0.0796875 0.08125 0.0796875 0.08125 0.0015625
0 0.571875 0.8328125 0.409375 0.8328125 0.409375 1.0 0.571875 1.0 0.571875 0.8328125
0 0.70625 0.55625 0.5734375 0.55625 0.5734375 0.79375 0.70625 0.79375 0.70625 0.55625
0 0.35 0.3828125 0.2359375 0.3828125 0.2359375 0.584375 0.35 0.584375 0.35 0.3828125
0 0.484375 0.39375 0.346875 0.39375 0.346875 0.5546875 0.484375 0.5546875 0.484375 0.39375
0 0.6625 0.328125 0.43125 0.328125 0.43125 0.5484375 0.6625 0.5484375 0.6625 0.328125
0 0.4875 0.04375 0.278125 0.04375 0.278125 0.365625 0.4875 0.365625 0.4875 0.04375
0 0.778125 0.1125 0.5078125 0.1125 0.5078125 0.33125 0.778125 0.33125 0.778125 0.1125
0 0.2328125 0.0015625 0.1421875 0.0015625 0.1421875 0.0640625 0.2328125 0.0640625 0.2328125 0.0015625
0 0.99375 0.8421875 0.796875 0.8421875 0.796875 1.0 0.99375 1.0 0.99375 0.8421875
0 0.840625 0.2625 0.7671875 0.2625 0.7671875 0.3640625 0.840625 0.3640625 0.840625 0.2625
0 0.978125 0.0015625 0.8078125 0.0015625 0.8078125 0.0953125 0.978125 0.0953125 0.978125 0.0015625
0 0.9859375 0.71875 0.828125 0.71875 0.828125 0.8578125 0.9859375 0.8578125 0.9859375 0.71875
0 0.4921875 0.5484375 0.3921875 0.5484375 0.3921875 0.7125 0.4921875 0.7125 0.4921875 0.5484375
0 0.2140625 0.31875 0.0828125 0.31875 0.0828125 0.3890625 0.2140625 0.3890625 0.2140625 0.31875
0 0.8359375 0.2640625 0.6640625 0.2640625 0.6640625 0.4359375 0.8359375 0.4359375 0.8359375 0.2640625
0 1.0 0.2359375 0.878125 0.2359375 0.878125 0.35 1.0 0.35 1.0 0.2359375
0 1.0 0.134375 0.84375 0.134375 0.84375 0.2484375 1.0 0.2484375 1.0 0.134375
0 0.50625 0.0015625 0.390625 0.0015625 0.390625 0.225 0.50625 0.225 0.50625 0.0015625
0 0.2765625 0.0015625 0.20625 0.0015625 0.20625 0.084375 0.2765625 0.084375 0.2765625 0.0015625
0 0.359375 0.0015625 0.290625 0.0015625 0.290625 0.046875 0.359375 0.046875 0.359375 0.0015625
0 0.1640625 0.05 0.0015625 0.05 0.0015625 0.2625 0.1640625 0.2625 0.1640625 0.05
0 0.1640625 0.6859375 0.0015625 0.6859375 0.0015625 0.8546875 0.1640625 0.8546875 0.1640625 0.6859375
0 0.5234375 0.1984375 0.3171875 0.1984375 0.3171875 0.4140625 0.5234375 0.4140625 0.5234375 0.1984375
0 1.0 0.0015625 0.609375 0.0015625 0.609375 0.4125 1.0 0.4125 1.0 0.0015625
