0 0.221875 0.0953125 0.15 0.0953125 0.15 0.2390625 0.221875 0.2390625 0.221875 0.0953125
0 0.134375 0.0015625 0.0171875 0.0015625 0.0171875 0.1515625 0.134375 0.1515625 0.134375 0.0015625
0 0.3234375 0.0015625 0.146875 0.0015625 0.146875 0.0625 0.3234375 0.0625 0.3234375 0.0015625
0 0.121875 0.0015625 0.0796875 0.0015625 0.0796875 0.05 0.121875 0.05 0.121875 0.0015625
0 1.0 0.7703125 0.9890625 0.7703125 0.9890625 0.7828125 1.0 0.7828125 1.0 0.7703125
0 0.19375 0.975 0.165625 0.975 0.165625 1.0 0.19375 1.0 0.19375 0.975
0 1.0 0.79375 0.91875 0.79375 0.91875 1.0 1.0 1.0 1.0 0.79375
0 0.7328125 0.94375 0.6890625 0.94375 0.6890625 1.0 0.7328125 1.0 0.7328125 0.94375
0 0.2875 0.06875 0.1875 0.06875 0.1875 0.2546875 0.2875 0.2546875 0.2875 0.06875
0 0.7296875 0.809375 0.6140625 0.809375 0.6140625 0.978125 0.7296875 0.978125 0.7296875 0.809375
0 0.8875 0.4765625 0.684375 0.4765625 0.684375 0.6109375 0.8875 0.6109375 0.8875 0.4765625
0 0.771875 0.7453125 0.684375 0.7453125 0.684375 0.965625 0.771875 0.965625 0.771875 0.7453125
0 0.6328125 0.5796875 0.509375 0.5796875 0.509375 0.7359375 0.6328125 0.7359375 0.6328125 0.5796875
0 0.6828125 0.521875 0.5890625 0.521875 0.5890625 0.646875 0.6828125 0.646875 0.6828125 0.521875
0 0.6859375 0.015625 0.5640625 0.015625 0.5640625 0.178125 0.6859375 0.178125 0.6859375 0.015625
0 0.884375 0.0015625 0.6578125 0.0015625 0.6578125 0.153125 0.884375 0.153125 0.884375 0.0015625
0 0.903125 0.7078125 0.78125 0.7078125 0.78125 0.8625 0.903125 0.8625 0.903125 0.7078125
0 1.0 0.6734375 0.9875 0.6734375 0.9875 0.7125 1.0 0.7125 1.0 0.6734375
0 1.0 0.240625 0.8375 0.240625 0.8375 0.4375 1.0 0.4375 1.0 0.240625
0 1.0 0.0015625 0.9828125 0.0015625 0.9828125 0.046875 1.0 0.046875 1.0 0.0015625
0 0.8609375 0.15 0.59375 0.15 0.59375 0.2921875 0.8609375 0.2921875 0.8609375 0.15
0 0.6859375 0.996875 0.6734375 0.996875 0.6734375 1.0 0.6859375 1.0 0.6859375 0.996875
0 1.0 0.0015625 0.9453125 0.0015625 0.9453125 0.1921875 1.0 0.1921875 1.0 0.0015625
0 0.4 0.33125 0.1984375 0.33125 0.1984375 0.728125 0.4 0.728125 0.4 0.33125
0 0.2125 0.2703125 0.0796875 0.2703125 0.0796875 0.73125 0.2125 0.73125 0.2125 0.2703125
0 0.65 0.4359375 0.3578125 0.4359375 0.3578125 0.6609375 0.65 0.6609375 0.65 0.4359375
0 0.940625 0.7671875 0.7171875 0.7671875 0.7171875 1.0 0.940625 1.0 0.940625 0.7671875
0 1.0 0.5390625 0.9640625 0.5390625 0.9640625 0.6828125 1.0 0.6828125 1.0 0.5390625
0 0.7515625 0.003125 0.6390625 0.003125 0.6390625 0.184375 0.7515625 0.184375 0.7515625 0.003125
0 0.9640625 0.0015625 0.31875 0.0015625 0.31875 0.6625 0.9640625 0.6625 0.9640625 0.0015625
0 1.0 0.0015625 0.546875 0.0015625 0.546875 0.26875 1.0 0.26875 1.0 0.0015625
0 0.315625 0.0015625 0.15 0.0015625 0.15 0.1359375 0.315625 0.1359375 0.315625 0.0015625
0 0.09375 0.0015625 0.0015625 0.0015625 0.0015625 0.1171875 0.09375 0.1171875 0.09375 0.0015625
0 1.0 0.3890625 0.9203125 0.3890625 0.9203125 0.9578125 1.0 0.9578125 1.0 0.3890625
0 0.7953125 0.39375 0.665625 0.39375 0.665625 0.5484375 0.7953125 0.5484375 0.7953125 0.39375
0 0.8390625 0.2859375 0.671875 0.2859375 0.671875 0.4046875 0.8390625 0.4046875 0.8390625 0.2859375
0 0.6421875 0.1359375 0.5140625 0.1359375 0.5140625 0.3296875 0.6421875 0.3296875 0.6421875 0.1359375
0 0.5703125 0.6984375 0.425 0.6984375 0.425 0.8796875 0.5703125 0.8796875 0.5703125 0.6984375
0 0.1875 0.684375 0.025 0.684375 0.025 1.0 0.1875 1.0 0.1875 0.684375
0 0.065625 0.0109375 0.0015625 0.0109375 0.0015625 0.3125 0.065625 0.3125 0.065625 0.0109375
0 0.415625 0.65 0.2265625 0.65 0.2265625 1.0 0.415625 1.0 0.415625 0.65
0 0.6046875 0.5609375 0.3390625 0.5609375 0.3390625 0.8 0.6046875 0.8 0.6046875 0.5609375
0 0.4703125 0.034375 0.2484375 0.034375 0.2484375 0.3671875 0.4703125 0.3671875 0.4703125 0.034375
0 0.903125 0.746875 0.740625 0.746875 0.740625 1.0 0.903125 1.0 0.903125 0.746875
0 1.0 0.7046875 0.8875 0.7046875 0.8875 1.0 1.0 1.0 1.0 0.7046875
0 1.0 0.5328125 0.8265625 0.5328125 0.8265625 0.6703125 1.0 0.6703125 1.0 0.5328125
0 0.715625 0.471875 0.5921875 0.471875 0.5921875 0.6140625 0.715625 0.6140625 0.715625 0.471875
0 0.66875 0.059375 0.49375 0.059375 0.49375 0.2296875 0.66875 0.2296875 0.66875 0.059375
0 0.184375 0.0015625 0.103125 0.0015625 0.103125 0.28125 0.184375 0.28125 0.184375 0.0015625
0 1.0 0.04375 0.9953125 0.04375 0.9953125 0.078125 1.0 0.078125 1.0 0.04375
