0 0.409375 0.7828125 0.2390625 0.7828125 0.2390625 1.0 0.409375 1.0 0.409375 0.7828125
0 1.0 0.66875 0.771875 0.66875 0.771875 1.0 1.0 1.0 1.0 0.66875
0 0.2296875 0.628125 0.13125 0.628125 0.13125 0.8171875 0.2296875 0.8171875 0.2296875 0.628125
0 0.7296875 0.0015625 0.65 0.0015625 0.65 0.0828125 0.7296875 0.0828125 0.7296875 0.0015625
0 0.840625 0.525 0.68125 0.525 0.68125 0.875 0.840625 0.875 0.840625 0.525
0 0.890625 0.1765625 0.65625 0.1765625 0.65625 0.38125 0.890625 0.38125 0.890625 0.1765625
0 0.578125 0.9296875 0.5359375 0.9296875 0.5359375 1.0 0.578125 1.0 0.578125 0.9296875
0 0.5046875 0.8453125 0.4515625 0.8453125 0.4515625 1.0 0.5046875 1.0 0.5046875 0.8453125
0 0.103125 0.5484375 0.0234375 0.5484375 0.0234375 0.7734375 0.103125 0.7734375 0.103125 0.5484375
0 0.8859375 0.8421875 0.7953125 0.8421875 0.7953125 0.9359375 0.8859375 0.9359375 0.8859375 0.8421875
0 1.0 0.6453125 0.821875 0.6453125 0.821875 0.8140625 1.0 0.8140625 1.0 0.6453125
0 0.340625 0.48125 0.2640625 0.48125 0.2640625 0.6109375 0.340625 0.6109375 0.340625 0.48125
0 0.1171875 0.3453125 0.04375 0.3453125 0.04375 0.4921875 0.1171875 0.4921875 0.1171875 0.3453125
0 0.7828125 0.9390625 0.7328125 0.9390625 0.7328125 1.0 0.7828125 1.0 0.7828125 0.9390625
0 0.6828125 0.9890625 0.65625 0.9890625 0.65625 1.0 0.6828125 1.0 0.6828125 0.9890625
0 0.9921875 0.8328125 0.8734375 0.8328125 0.8734375 0.99375 0.9921875 0.99375 0.9921875 0.8328125
0 1.0 0.5046875 0.9984375 0.5046875 0.9984375 0.515625 1.0 0.515625 1.0 0.5046875
0 0.4046875 0.0015625 0.259375 0.0015625 0.259375 0.0671875 0.4046875 0.0671875 0.4046875 0.0015625
0 0.721875 0.0015625 0.63125 0.0015625 0.63125 0.1125 0.721875 0.1125 0.721875 0.0015625
0 0.7671875 0.0015625 0.74375 0.0015625 0.74375 0.0109375 0.7671875 0.0109375 0.7671875 0.0015625
0 0.609375 0.2734375 0.41875 0.2734375 0.41875 0.5234375 0.609375 0.5234375 0.609375 0.2734375
0 1.0 0.0015625 0.0015625 0.0015625 0.0015625 1.0 1.0 1.0 1.0 0.0015625
0 0.7359375 0.6609375 0.665625 0.6609375 0.665625 0.8296875 0.7359375 0.8296875 0.7359375 0.6609375
0 1.0 0.771875 0.8109375 0.771875 0.8109375 1.0 1.0 1.0 1.0 0.771875
0 1.0 0.8875 0.9359375 0.8875 0.9359375 0.921875 1.0 0.921875 1.0 0.8875
