0 0.8671875 0.50625 0.815625 0.50625 0.815625 0.703125 0.8671875 0.703125 0.8671875 0.50625
0 0.3328125 0.0015625 0.1671875 0.0015625 0.1671875 0.440625 0.3328125 0.440625 0.3328125 0.0015625
0 0.265625 0.0390625 0.0015625 0.0390625 0.0015625 0.71875 0.265625 0.71875 0.265625 0.0390625
0 0.08125 0.078125 0.0015625 0.078125 0.0015625 0.24375 0.08125 0.24375 0.08125 0.078125
0 0.8578125 0.95 0.8265625 0.95 0.8265625 1.0 0.8578125 1.0 0.8578125 0.95
0 0.640625 0.6546875 0.54375 0.6546875 0.54375 1.0 0.640625 1.0 0.640625 0.6546875
0 0.8640625 0.596875 0.7296875 0.596875 0.7296875 1.0 0.8640625 1.0 0.8640625 0.596875
0 1.0 0.5671875 0.9265625 0.5671875 0.9265625 0.9 1.0 0.9 1.0 0.5671875
0 0.7375 0.596875 0.646875 0.596875 0.646875 0.81875 0.7375 0.81875 0.7375 0.596875
0 1.0 0.40625 0.946875 0.40625 0.946875 0.565625 1.0 0.565625 1.0 0.40625
0 0.653125 0.0015625 0.253125 0.0015625 0.253125 0.5625 0.653125 0.5625 0.653125 0.0015625
0 0.6296875 0.0015625 0.56875 0.0015625 0.56875 0.128125 0.6296875 0.128125 0.6296875 0.0015625
0 1.0 0.0015625 0.0015625 0.0015625 0.0015625 1.0 1.0 1.0 1.0 0.0015625
0 0.3265625 0.353125 0.134375 0.353125 0.134375 0.603125 0.3265625 0.603125 0.3265625 0.353125
