0 0.446875 0.8296875 0.3359375 0.8296875 0.3359375 0.9578125 0.446875 0.9578125 0.446875 0.8296875
0 0.4359375 0.6484375 0.29375 0.6484375 0.29375 0.7140625 0.4359375 0.7140625 0.4359375 0.6484375
0 0.0171875 0.0015625 0.0015625 0.0015625 0.0015625 0.08125 0.0171875 0.08125 0.0171875 0.0015625
0 0.9765625 0.7921875 0.5609375 0.7921875 0.5609375 1.0 0.9765625 1.0 0.9765625 0.7921875
0 0.86875 0.634375 0.7578125 0.634375 0.7578125 0.715625 0.86875 0.715625 0.86875 0.634375
0 0.7671875 0.534375 0.6265625 0.534375 0.6265625 0.6453125 0.7671875 0.6453125 0.7671875 0.534375
0 0.990625 0.3875 0.8453125 0.3875 0.8453125 0.4953125 0.990625 0.4953125 0.990625 0.3875
0 0.390625 0.8375 0.0015625 0.8375 0.0015625 1.0 0.390625 1.0 0.390625 0.8375
0 0.3921875 0.9828125 0.340625 0.9828125 0.340625 1.0 0.3921875 1.0 0.3921875 0.9828125
0 0.0234375 0.1203125 0.0015625 0.1203125 0.0015625 0.2484375 0.0234375 0.2484375 0.0234375 0.1203125
0 1.0 0.8734375 0.9625 0.8734375 0.9625 0.9375 1.0 0.9375 1.0 0.8734375
0 0.93125 0.8 0.828125 0.8 0.828125 0.965625 0.93125 0.965625 0.93125 0.8
0 0.5734375 0.821875 0.4734375 0.821875 0.4734375 0.9265625 0.5734375 0.9265625 0.5734375 0.821875
0 1.0 0.603125 0.5296875 0.603125 0.5296875 0.8953125 1.0 0.8953125 1.0 0.603125
0 0.471875 0.6609375 0.4 0.6609375 0.4 0.8828125 0.471875 0.8828125 0.471875 0.6609375
0 1.0 0.41875 0.9359375 0.41875 0.9359375 0.634375 1.0 0.634375 1.0 0.41875
0 0.575 0.253125 0.4515625 0.253125 0.4515625 0.475 0.575 0.475 0.575 0.253125
0 1.0 0.196875 0.8515625 0.196875 0.8515625 0.4015625 1.0 0.4015625 1.0 0.196875
0 0.73125 0.0109375 0.575 0.0109375 0.575 0.1015625 0.73125 0.1015625 0.73125 0.0109375
0 0.7625 0.0015625 0.675 0.0015625 0.675 0.0203125 0.7625 0.0203125 0.7625 0.0015625
0 0.075 0.24375 0.0015625 0.24375 0.0015625 0.5125 0.075 0.5125 0.075 0.24375
0 0.01875 0.75625 0.0015625 0.75625 0.0015625 0.790625 0.01875 0.790625 0.01875 0.75625
0 0.3578125 0.634375 0.0015625 0.634375 0.0015625 0.8578125 0.3578125 0.8578125 0.3578125 0.634375
0 0.1984375 0.3609375 0.0328125 0.3609375 0.0328125 0.55 0.1984375 0.55 0.1984375 0.3609375
0 0.403125 0.159375 0.1859375 0.159375 0.1859375 0.5546875 0.403125 0.5546875 0.403125 0.159375
0 0.509375 0.0015625 0.3546875 0.0015625 0.3546875 0.453125 0.509375 0.453125 0.509375 0.0015625
0 0.2203125 0.096875 0.1046875 0.096875 0.1046875 0.25 0.2203125 0.25 0.2203125 0.096875
0 0.9421875 0.0015625 0.7640625 0.0015625 0.7640625 0.06875 0.9421875 0.06875 0.9421875 0.0015625
0 0.7609375 0.0015625 0.615625 0.0015625 0.615625 0.0421875 0.7609375 0.0421875 0.7609375 0.0015625
0 0.2296875 0.0015625 0.0015625 0.0015625 0.0015625 0.253125 0.2296875 0.253125 0.2296875 0.0015625
0 1.0 0.2359375 0.7140625 0.2359375 0.7140625 1.0 1.0 1.0 1.0 0.2359375
0 0.7171875 0.5859375 0.0265625 0.5859375 0.0265625 1.0 0.7171875 1.0 0.7171875 0.5859375
0 0.3125 0.775 0.01875 0.775 0.01875 0.91875 0.3125 0.91875 0.3125 0.775
0 0.2234375 0.409375 0.0015625 0.409375 0.0015625 0.828125 0.2234375 0.828125 0.2234375 0.409375
0 0.70625 0.9140625 0.484375 0.9140625 0.484375 1.0 0.70625 1.0 0.70625 0.9140625
0 0.4421875 0.68125 0.296875 0.68125 0.296875 0.884375 0.4421875 0.884375 0.4421875 0.68125
0 0.425 0.0015625 0.1390625 0.0015625 0.1390625 0.5109375 0.425 0.5109375 0.425 0.0015625
0 0.9328125 0.0015625 0.45 0.0015625 0.45 0.3515625 0.9328125 0.3515625 0.9328125 0.0015625
0 0.85 0.95 0.775 0.95 0.775 1.0 0.85 1.0 0.85 0.95
0 0.884375 0.834375 0.678125 0.834375 0.678125 0.965625 0.884375 0.965625 0.884375 0.834375
0 1.0 0.1421875 0.9 0.1421875 0.9 0.490625 1.0 0.490625 1.0 0.1421875
