0 0.453125 0.0015625 0.35 0.0015625 0.35 0.165625 0.453125 0.165625 0.453125 0.0015625
0 0.275 0.0015625 0.1453125 0.0015625 0.1453125 0.071875 0.275 0.071875 0.275 0.0015625
0 1.0 0.3890625 0.9609375 0.3890625 0.9609375 0.4765625 1.0 0.4765625 1.0 0.3890625
0 1.0 0.578125 0.990625 0.578125 0.990625 0.7375 1.0 0.7375 1.0 0.578125
0 0.2953125 0.5421875 0.196875 0.5421875 0.196875 0.8 0.2953125 0.8 0.2953125 0.5421875
0 0.0359375 0.475 0.0015625 0.475 0.0015625 0.5328125 0.0359375 0.5328125 0.0359375 0.475
0 1.0 0.0234375 0.9328125 0.0234375 0.9328125 0.240625 1.0 0.240625 1.0 0.0234375
0 0.3734375 0.0015625 0.0015625 0.0015625 0.0015625 0.5046875 0.3734375 0.5046875 0.3734375 0.0015625
0 0.2890625 0.4234375 0.0015625 0.4234375 0.0015625 1.0 0.2890625 1.0 0.2890625 0.4234375
0 1.0 0.078125 0.5 0.078125 0.5 1.0 1.0 1.0 1.0 0.078125
0 1.0 0.0015625 0.371875 0.0015625 0.371875 0.6125 1.0 0.6125 1.0 0.0015625
