0 0.5078125 0.9234375 0.3734375 0.9234375 0.3734375 1.0 0.5078125 1.0 0.5078125 0.9234375
0 0.26875 0.9296875 0.0578125 0.9296875 0.0578125 1.0 0.26875 1.0 0.26875 0.9296875
0 0.5 0.8359375 0.340625 0.8359375 0.340625 0.9296875 0.5 0.9296875 0.5 0.8359375
0 0.6453125 0.421875 0.3359375 0.421875 0.3359375 0.81875 0.6453125 0.81875 0.6453125 0.421875
0 0.0296875 0.49375 0.0015625 0.49375 0.0015625 0.5546875 0.0296875 0.5546875 0.0296875 0.49375
0 0.1375 0.2546875 0.0015625 0.2546875 0.0015625 0.4328125 0.1375 0.4328125 0.1375 0.2546875
0 0.51875 0.109375 0.39375 0.109375 0.39375 0.21875 0.51875 0.21875 0.51875 0.109375
0 0.0984375 0.0703125 0.0015625 0.0703125 0.0015625 0.21875 0.0984375 0.21875 0.0984375 0.0703125
0 0.2796875 0.0390625 0.1453125 0.0390625 0.1453125 0.159375 0.2796875 0.159375 0.2796875 0.0390625
0 0.725 0.834375 0.5078125 0.834375 0.5078125 1.0 0.725 1.0 0.725 0.834375
0 1.0 0.5296875 0.721875 0.5296875 0.721875 1.0 1.0 1.0 1.0 0.5296875
0 0.6703125 0.5765625 0.590625 0.5765625 0.590625 0.803125 0.6703125 0.803125 0.6703125 0.5765625
0 1.0 0.3234375 0.9234375 0.3234375 0.9234375 0.534375 1.0 0.534375 1.0 0.3234375
0 1.0 0.1453125 0.7609375 0.1453125 0.7609375 0.3796875 1.0 0.3796875 1.0 0.1453125
0 0.978125 0.0015625 0.696875 0.0015625 0.696875 0.215625 0.978125 0.215625 0.978125 0.0015625
0 0.85625 0.8234375 0.59375 0.8234375 0.59375 0.9546875 0.85625 0.9546875 0.85625 0.8234375
0 0.8109375 0.525 0.65625 0.525 0.65625 0.6546875 0.8109375 0.6546875 0.8109375 0.525
0 0.6359375 0.5140625 0.4765625 0.5140625 0.4765625 0.6546875 0.6359375 0.6546875 0.6359375 0.5140625
0 0.5390625 0.215625 0.3984375 0.215625 0.3984375 0.378125 0.5390625 0.378125 0.5390625 0.215625
0 0.884375 0.9171875 0.8484375 0.9171875 0.8484375 1.0 0.884375 1.0 0.884375 0.9171875
0 0.9828125 0.5109375 0.878125 0.5109375 0.878125 0.6421875 0.9828125 0.6421875 0.9828125 0.5109375
0 0.30625 0.63125 0.0984375 0.63125 0.0984375 0.7375 0.30625 0.7375 0.30625 0.63125
0 0.053125 0.1765625 0.0015625 0.1765625 0.0015625 0.24375 0.053125 0.24375 0.053125 0.1765625
0 0.359375 0.86875 0.278125 0.86875 0.278125 0.996875 0.359375 0.996875 0.359375 0.86875
0 0.125 0.54375 0.0015625 0.54375 0.0015625 0.7703125 0.125 0.7703125 0.125 0.54375
0 0.4171875 0.6078125 0.3078125 0.6078125 0.3078125 0.8109375 0.4171875 0.8109375 0.4171875 0.6078125
0 0.5859375 0.353125 0.2890625 0.353125 0.2890625 0.5359375 0.5859375 0.5359375 0.5859375 0.353125
0 0.4375 0.09375 0.30625 0.09375 0.30625 0.2484375 0.4375 0.2484375 0.4375 0.09375
0 0.171875 0.0015625 0.0015625 0.0015625 0.0015625 0.0984375 0.171875 0.0984375 0.171875 0.0015625
0 0.4046875 0.0015625 0.31875 0.0015625 0.31875 0.1 0.4046875 0.1 0.4046875 0.0015625
0 0.8140625 0.5484375 0.6765625 0.5484375 0.6765625 0.6390625 0.8140625 0.6390625 0.8140625 0.5484375
0 1.0 0.1859375 0.775 0.1859375 0.775 0.534375 1.0 0.534375 1.0 0.1859375
0 1.0 0.478125 0.9796875 0.478125 0.9796875 0.53125 1.0 0.53125 1.0 0.478125
0 0.959375 0.1953125 0.790625 0.1953125 0.790625 0.30625 0.959375 0.30625 0.959375 0.1953125
0 0.74375 0.0203125 0.5875 0.0203125 0.5875 0.21875 0.74375 0.21875 0.74375 0.0203125
0 1.0 0.05625 0.9765625 0.05625 0.9765625 0.1203125 1.0 0.1203125 1.0 0.05625
0 1.0 0.0015625 0.815625 0.0015625 0.815625 1.0 1.0 1.0 1.0 0.0015625
0 0.934375 0.0015625 0.0015625 0.0015625 0.0015625 1.0 0.934375 1.0 0.934375 0.0015625
0 0.715625 0.0015625 0.3046875 0.0015625 0.3046875 0.471875 0.715625 0.471875 0.715625 0.0015625
0 0.8515625 0.965625 0.8109375 0.965625 0.8109375 1.0 0.8515625 1.0 0.8515625 0.965625
0 0.76875 0.375 0.528125 0.375 0.528125 0.528125 0.76875 0.528125 0.76875 0.375
0 0.9890625 0.3359375 0.84375 0.3359375 0.84375 0.44375 0.9890625 0.44375 0.9890625 0.3359375
0 0.878125 0.071875 0.71875 0.071875 0.71875 0.2 0.878125 0.2 0.878125 0.071875
0 0.8515625 0.0015625 0.7109375 0.0015625 0.7109375 0.0953125 0.8515625 0.0953125 0.8515625 0.0015625
0 1.0 0.221875 0.9875 0.221875 0.9875 0.375 1.0 0.375 1.0 0.221875
