0 0.259375 0.4953125 0.1296875 0.4953125 0.1296875 0.646875 0.259375 0.646875 0.259375 0.4953125
0 0.2390625 0.5515625 0.14375 0.5515625 0.14375 0.7203125 0.2390625 0.7203125 0.2390625 0.5515625
0 0.6125 0.56875 0.3953125 0.56875 0.3953125 0.753125 0.6125 0.753125 0.6125 0.56875
0 0.1921875 0.2765625 0.0015625 0.2765625 0.0015625 0.45625 0.1921875 0.45625 0.1921875 0.2765625
0 0.5484375 0.959375 0.4765625 0.959375 0.4765625 1.0 0.5484375 1.0 0.5484375 0.959375
0 0.253125 0.4015625 0.1328125 0.4015625 0.1328125 0.5046875 0.253125 0.5046875 0.253125 0.4015625
0 0.665625 0.7484375 0.5609375 0.7484375 0.5609375 0.8671875 0.665625 0.8671875 0.665625 0.7484375
0 0.2265625 0.6140625 0.0921875 0.6140625 0.0921875 0.7640625 0.2265625 0.7640625 0.2265625 0.6140625
0 0.334375 0.15 0.14375 0.15 0.14375 0.384375 0.334375 0.384375 0.334375 0.15
0 0.05625 0.73125 0.0015625 0.73125 0.0015625 0.8609375 0.05625 0.8609375 0.05625 0.73125
0 0.59375 0.965625 0.540625 0.965625 0.540625 1.0 0.59375 1.0 0.59375 0.965625
0 0.1359375 0.5984375 0.05625 0.5984375 0.05625 0.778125 0.1359375 0.778125 0.1359375 0.5984375
0 0.06875 0.171875 0.0015625 0.171875 0.0015625 0.3 0.06875 0.3 0.06875 0.171875
0 0.778125 0.70625 0.5921875 0.70625 0.5921875 0.9359375 0.778125 0.9359375 0.778125 0.70625
0 0.20625 0.1234375 0.0015625 0.1234375 0.0015625 0.3625 0.20625 0.3625 0.20625 0.1234375
0 0.6453125 0.4921875 0.2984375 0.4921875 0.2984375 0.7828125 0.6453125 0.7828125 0.6453125 0.4921875
0 0.203125 0.3578125 0.071875 0.3578125 0.071875 0.4609375 0.203125 0.4609375 0.203125 0.3578125
0 0.90625 0.8796875 0.7734375 0.8796875 0.7734375 1.0 0.90625 1.0 0.90625 0.8796875
0 0.00625 0.009375 0.0015625 0.009375 0.0015625 0.03125 0.00625 0.03125 0.00625 0.009375
0 0.3796875 0.0015625 0.0015625 0.0015625 0.0015625 0.4359375 0.3796875 0.4359375 0.3796875 0.0015625
0 0.290625 0.6953125 0.0015625 0.6953125 0.0015625 1.0 0.290625 1.0 0.290625 0.6953125
0 1.0 0.9390625 0.884375 0.9390625 0.884375 1.0 1.0 1.0 1.0 0.9390625
