0 0.8671875 0.2859375 0.696875 0.2859375 0.696875 0.43125 0.8671875 0.43125 0.8671875 0.2859375
0 0.6671875 0.8046875 0.4890625 0.8046875 0.4890625 1.0 0.6671875 1.0 0.6671875 0.8046875
0 1.0 0.340625 0.9734375 0.340625 0.9734375 0.41875 1.0 0.41875 1.0 0.340625
0 0.0015625 0.2671875 0.0015625 0.2671875 0.0015625 0.2671875 0.0015625 0.2671875 0.0015625 0.2671875
0 0.4734375 0.9828125 0.4546875 0.9828125 0.4546875 1.0 0.4734375 1.0 0.4734375 0.9828125
0 0.553125 0.8265625 0.3875 0.8265625 0.3875 0.921875 0.553125 0.921875 0.553125 0.8265625
0 0.55625 0.6609375 0.4390625 0.6609375 0.4390625 0.7515625 0.55625 0.7515625 0.55625 0.6609375
0 1.0 0.2171875 0.4 0.2171875 0.4 0.8953125 1.0 0.8953125 1.0 0.2171875
0 0.2890625 0.2 0.1140625 0.2 0.1140625 0.3875 0.2890625 0.3875 0.2890625 0.2
0 0.3796875 0.15 0.29375 0.15 0.29375 0.325 0.3796875 0.325 0.3796875 0.15
0 0.340625 0.0015625 0.2375 0.0015625 0.2375 0.04375 0.340625 0.04375 0.340625 0.0015625
0 0.975 0.915625 0.9328125 0.915625 0.9328125 1.0 0.975 1.0 0.975 0.915625
0 1.0 0.0015625 0.740625 0.0015625 0.740625 0.421875 1.0 0.421875 1.0 0.0015625
0 0.8421875 0.25 0.659375 0.25 0.659375 0.3171875 0.8421875 0.3171875 0.8421875 0.25
0 0.65625 0.1078125 0.490625 0.1078125 0.490625 0.234375 0.65625 0.234375 0.65625 0.1078125
0 0.703125 0.0015625 0.58125 0.0015625 0.58125 0.090625 0.703125 0.090625 0.703125 0.0015625
0 1.0 0.0015625 0.0015625 0.0015625 0.0015625 1.0 1.0 1.0 1.0 0.0015625
0 0.7921875 0.4484375 0.628125 0.4484375 0.628125 0.83125 0.7921875 0.83125 0.7921875 0.4484375
0 0.6625 0.4265625 0.5546875 0.4265625 0.5546875 0.5359375 0.6625 0.5359375 0.6625 0.4265625
