0 0.68125 0.98125 0.6375 0.98125 0.6375 1.0 0.68125 1.0 0.68125 0.98125
0 0.540625 0.0609375 0.4046875 0.0609375 0.4046875 0.328125 0.540625 0.328125 0.540625 0.0609375
0 0.75 0.0015625 0.5953125 0.0015625 0.5953125 0.09375 0.75 0.09375 0.75 0.0015625
0 0.16875 0.0015625 0.0578125 0.0015625 0.0578125 0.0546875 0.16875 0.0546875 0.16875 0.0015625
0 1.0 0.503125 0.8703125 0.503125 0.8703125 0.60625 1.0 0.60625 1.0 0.503125
0 0.9796875 0.3796875 0.89375 0.3796875 0.89375 0.5078125 0.9796875 0.5078125 0.9796875 0.3796875
0 1.0 0.0015625 0.9015625 0.0015625 0.9015625 0.040625 1.0 0.040625 1.0 0.0015625
0 0.553125 0.0359375 0.3921875 0.0359375 0.3921875 0.1796875 0.553125 0.1796875 0.553125 0.0359375
0 1.0 0.0015625 0.9140625 0.0015625 0.9140625 0.0859375 1.0 0.0859375 1.0 0.0015625
0 0.3953125 0.98125 0.3734375 0.98125 0.3734375 1.0 0.3953125 1.0 0.3953125 0.98125
0 0.4421875 0.890625 0.2546875 0.890625 0.2546875 1.0 0.4421875 1.0 0.4421875 0.890625
0 0.6265625 0.0015625 0.48125 0.0015625 0.48125 0.1390625 0.6265625 0.1390625 0.6265625 0.0015625
0 0.421875 0.0015625 0.0015625 0.0015625 0.0015625 0.325 0.421875 0.325 0.421875 0.0015625
0 0.140625 0.74375 0.0015625 0.74375 0.0015625 0.93125 0.140625 0.93125 0.140625 0.74375
0 0.6265625 0.821875 0.303125 0.821875 0.303125 1.0 0.6265625 1.0 0.6265625 0.821875
0 0.3625 0.8578125 0.1984375 0.8578125 0.1984375 1.0 0.3625 1.0 0.3625 0.8578125
0 0.5359375 0.240625 0.340625 0.240625 0.340625 0.4890625 0.5359375 0.4890625 0.5359375 0.240625
0 0.5921875 0.0015625 0.2578125 0.0015625 0.2578125 0.1734375 0.5921875 0.1734375 0.5921875 0.0015625
0 0.740625 0.928125 0.6703125 0.928125 0.6703125 1.0 0.740625 1.0 0.740625 0.928125
0 1.0 0.3578125 0.46875 0.3578125 0.46875 0.76875 1.0 0.76875 1.0 0.3578125
0 0.509375 0.4484375 0.334375 0.4484375 0.334375 0.7625 0.509375 0.7625 0.509375 0.4484375
0 0.6203125 0.3328125 0.5546875 0.3328125 0.5546875 0.4921875 0.6203125 0.4921875 0.6203125 0.3328125
0 0.746875 0.134375 0.6015625 0.134375 0.6015625 0.3890625 0.746875 0.3890625 0.746875 0.134375
0 1.0 0.759375 0.7265625 0.759375 0.7265625 0.93125 1.0 0.93125 1.0 0.759375
0 1.0 0.0609375 0.9765625 0.0609375 0.9765625 0.21875 1.0 0.21875 1.0 0.0609375
