0 0.884375 0.475 0.5953125 0.475 0.5953125 0.7015625 0.884375 0.7015625 0.884375 0.475
0 1.0 0.44375 0.8546875 0.44375 0.8546875 0.5609375 1.0 0.5609375 1.0 0.44375
0 0.7234375 0.0515625 0.4453125 0.0515625 0.4453125 0.325 0.7234375 0.325 0.7234375 0.0515625
0 0.509375 0.478125 0.3890625 0.478125 0.3890625 0.6078125 0.509375 0.6078125 0.509375 0.478125
0 0.384375 0.25625 0.190625 0.25625 0.190625 0.4 0.384375 0.4 0.384375 0.25625
0 0.5171875 0.0015625 0.328125 0.0015625 0.328125 0.1078125 0.5171875 0.1078125 0.5171875 0.0015625
0 0.48125 0.1578125 0.3375 0.1578125 0.3375 0.2921875 0.48125 0.2921875 0.48125 0.1578125
0 0.846875 0.2890625 0.7640625 0.2890625 0.7640625 0.4375 0.846875 0.4375 0.846875 0.2890625
0 0.7390625 0.0015625 0.5671875 0.0015625 0.5671875 0.0890625 0.7390625 0.0890625 0.7390625 0.0015625
0 0.59375 0.0015625 0.5328125 0.0015625 0.5328125 0.04375 0.59375 0.04375 0.59375 0.0015625
0 0.54375 0.0015625 0.409375 0.0015625 0.409375 0.1171875 0.54375 0.1171875 0.54375 0.0015625
0 0.4328125 0.0015625 0.2953125 0.0015625 0.2953125 0.0859375 0.4328125 0.0859375 0.4328125 0.0015625
0 0.3875 0.0015625 0.3609375 0.0015625 0.3609375 0.0046875 0.3875 0.0046875 0.3875 0.0015625
0 0.4234375 0.1609375 0.2671875 0.1609375 0.2671875 0.2875 0.4234375 0.2875 0.4234375 0.1609375
0 0.1625 0.0015625 0.0015625 0.0015625 0.0015625 0.128125 0.1625 0.128125 0.1625 0.0015625
0 0.29375 0.0015625 0.1578125 0.0015625 0.1578125 0.1890625 0.29375 0.1890625 0.29375 0.0015625
0 1.0 0.0015625 0.2171875 0.0015625 0.2171875 1.0 1.0 1.0 1.0 0.0015625
0 0.434375 0.0015625 0.3765625 0.0015625 0.3765625 0.0296875 0.434375 0.0296875 0.434375 0.0015625
0 0.378125 0.071875 0.24375 0.071875 0.24375 0.2171875 0.378125 0.2171875 0.378125 0.071875
0 0.4328125 0.6796875 0.3328125 0.6796875 0.3328125 0.7703125 0.4328125 0.7703125 0.4328125 0.6796875
0 0.471875 0.4390625 0.2375 0.4390625 0.2375 0.521875 0.471875 0.521875 0.471875 0.4390625
0 0.478125 0.246875 0.3296875 0.246875 0.3296875 0.3703125 0.478125 0.3703125 0.478125 0.246875
0 0.453125 0.1109375 0.3265625 0.1109375 0.3265625 0.18125 0.453125 0.18125 0.453125 0.1109375
0 0.5875 0.0453125 0.46875 0.0453125 0.46875 0.1671875 0.5875 0.1671875 0.5875 0.0453125
