0 0.69375 0.7671875 0.6234375 0.7671875 0.6234375 0.884375 0.69375 0.884375 0.69375 0.7671875
0 0.7640625 0.4984375 0.6390625 0.4984375 0.6390625 0.6515625 0.7640625 0.6515625 0.7640625 0.4984375
0 0.578125 0.8953125 0.459375 0.8953125 0.459375 0.996875 0.578125 0.996875 0.578125 0.8953125
0 0.759375 0.884375 0.659375 0.884375 0.659375 0.978125 0.759375 0.978125 0.759375 0.884375
0 0.8203125 0.765625 0.7015625 0.765625 0.7015625 0.8953125 0.8203125 0.8953125 0.8203125 0.765625
0 0.6390625 0.6203125 0.5140625 0.6203125 0.5140625 0.7 0.6390625 0.7 0.6390625 0.6203125
0 0.0203125 0.990625 0.0015625 0.990625 0.0015625 1.0 0.0203125 1.0 0.0203125 0.990625
0 0.2765625 0.59375 0.1453125 0.59375 0.1453125 0.684375 0.2765625 0.684375 0.2765625 0.59375
0 0.68125 0.365625 0.5390625 0.365625 0.5390625 0.4734375 0.68125 0.4734375 0.68125 0.365625
0 0.6609375 0.06875 0.35 0.06875 0.35 0.26875 0.6609375 0.26875 0.6609375 0.06875
0 0.178125 0.0015625 0.165625 0.0015625 0.165625 0.003125 0.178125 0.003125 0.178125 0.0015625
0 1.0 0.415625 0.84375 0.415625 0.84375 0.465625 1.0 0.465625 1.0 0.415625
0 0.8734375 0.4265625 0.5234375 0.4265625 0.5234375 0.6734375 0.8734375 0.6734375 0.8734375 0.4265625
0 1.0 0.7921875 0.9625 0.7921875 0.9625 0.8828125 1.0 0.8828125 1.0 0.7921875
0 0.2453125 0.8390625 0.15 0.8390625 0.15 1.0 0.2453125 1.0 0.2453125 0.8390625
0 0.6125 0.7296875 0.4984375 0.7296875 0.4984375 0.8515625 0.6125 0.8515625 0.6125 0.7296875
0 0.865625 0.7921875 0.4859375 0.7921875 0.4859375 1.0 0.865625 1.0 0.865625 0.7921875
0 0.84375 0.2609375 0.6640625 0.2609375 0.6640625 0.384375 0.84375 0.384375 0.84375 0.2609375
0 1.0 0.125 0.934375 0.125 0.934375 0.25625 1.0 0.25625 1.0 0.125
0 0.146875 0.9515625 0.1296875 0.9515625 0.1296875 1.0 0.146875 1.0 0.146875 0.9515625
0 0.21875 0.8078125 0.0875 0.8078125 0.0875 1.0 0.21875 1.0 0.21875 0.8078125
0 0.3375 0.8203125 0.259375 0.8203125 0.259375 0.9515625 0.3375 0.9515625 0.3375 0.8203125
0 0.1140625 0.7890625 0.0015625 0.7890625 0.0015625 0.9640625 0.1140625 0.9640625 0.1140625 0.7890625
0 0.471875 0.240625 0.0015625 0.240625 0.0015625 0.759375 0.471875 0.759375 0.471875 0.240625
0 0.51875 0.6109375 0.425 0.6109375 0.425 0.7390625 0.51875 0.7390625 0.51875 0.6109375
0 0.5734375 0.4421875 0.4234375 0.4421875 0.4234375 0.590625 0.5734375 0.590625 0.5734375 0.4421875
0 0.5625 0.071875 0.43125 0.071875 0.43125 0.2 0.5625 0.2 0.5625 0.071875
0 0.1890625 0.034375 0.0359375 0.034375 0.0359375 0.128125 0.1890625 0.128125 0.1890625 0.034375
0 0.33125 0.0015625 0.134375 0.0015625 0.134375 0.14375 0.33125 0.14375 0.33125 0.0015625
0 0.459375 0.0015625 0.365625 0.0015625 0.365625 0.103125 0.459375 0.103125 0.459375 0.0015625
0 0.8203125 0.0015625 0.690625 0.0015625 0.690625 0.0796875 0.8203125 0.0796875 0.8203125 0.0015625
0 0.4859375 0.9546875 0.4375 0.9546875 0.4375 1.0 0.4859375 1.0 0.4859375 0.9546875
0 1.0 0.859375 0.8453125 0.859375 0.8453125 0.953125 1.0 0.953125 1.0 0.859375
0 1.0 0.640625 0.8671875 0.640625 0.8671875 0.775 1.0 0.775 1.0 0.640625
0 0.99375 0.3375 0.8390625 0.3375 0.8390625 0.4359375 0.99375 0.4359375 0.99375 0.3375
0 0.1421875 0.634375 0.0015625 0.634375 0.0015625 1.0 0.1421875 1.0 0.1421875 0.634375
0 0.04375 0.94375 0.0015625 0.94375 0.0015625 0.9921875 0.04375 0.9921875 0.04375 0.94375
0 0.4984375 0.6109375 0.3453125 0.6109375 0.3453125 0.9625 0.4984375 0.9625 0.4984375 0.6109375
0 0.3109375 0.696875 0.1046875 0.696875 0.1046875 0.875 0.3109375 0.875 0.3109375 0.696875
0 0.509375 0.171875 0.3140625 0.171875 0.3140625 0.4234375 0.509375 0.4234375 0.509375 0.171875
0 0.275 0.296875 0.175 0.296875 0.175 0.421875 0.275 0.421875 0.275 0.296875
0 0.1140625 0.0109375 0.0015625 0.0109375 0.0015625 0.1546875 0.1140625 0.1546875 0.1140625 0.0109375
0 0.403125 0.0015625 0.3703125 0.0015625 0.3703125 0.009375 0.403125 0.009375 0.403125 0.0015625
0 0.79375 0.009375 0.6734375 0.009375 0.6734375 0.1328125 0.79375 0.1328125 0.79375 0.009375
0 0.4671875 0.0015625 0.465625 0.0015625 0.465625 0.0015625 0.4671875 0.0015625 0.4671875 0.0015625
0 0.9328125 0.778125 0.796875 0.778125 0.796875 0.8609375 0.9328125 0.8609375 0.9328125 0.778125
0 1.0 0.471875 0.88125 0.471875 0.88125 0.61875 1.0 0.61875 1.0 0.471875
0 0.959375 0.4515625 0.7734375 0.4515625 0.7734375 0.634375 0.959375 0.634375 0.959375 0.4515625
0 0.665625 0.9453125 0.571875 0.9453125 0.571875 1.0 0.665625 1.0 0.665625 0.9453125
0 0.8890625 0.9765625 0.8015625 0.9765625 0.8015625 1.0 0.8890625 1.0 0.8890625 0.9765625
0 1.0 0.0015625 0.0015625 0.0015625 0.0015625 0.8125 1.0 0.8125 1.0 0.0015625
0 0.35625 0.959375 0.2453125 0.959375 0.2453125 1.0 0.35625 1.0 0.35625 0.959375
0 0.3078125 0.4375 0.1453125 0.4375 0.1453125 0.6515625 0.3078125 0.6515625 0.3078125 0.4375
0 0.3265625 0.028125 0.1140625 0.028125 0.1140625 0.40625 0.3265625 0.40625 0.3265625 0.028125
0 1.0 0.4515625 0.5 0.4515625 0.5 1.0 1.0 1.0 1.0 0.4515625
0 0.584375 0.934375 0.4453125 0.934375 0.4453125 1.0 0.584375 1.0 0.584375 0.934375
0 0.475 0.6859375 0.296875 0.6859375 0.296875 0.99375 0.475 0.99375 0.475 0.6859375
0 1.0 0.63125 0.903125 0.63125 0.903125 0.725 1.0 0.725 1.0 0.63125
