0 0.3234375 0.0015625 0.2375 0.0015625 0.2375 0.08125 0.3234375 0.08125 0.3234375 0.0015625
0 0.4453125 0.315625 0.0015625 0.315625 0.0015625 1.0 0.4453125 1.0 0.4453125 0.315625
0 0.0765625 0.0015625 0.0015625 0.0015625 0.0015625 0.228125 0.0765625 0.228125 0.0765625 0.0015625
0 0.3328125 0.0421875 0.1921875 0.0421875 0.1921875 0.340625 0.3328125 0.340625 0.3328125 0.0421875
0 0.190625 0.0921875 0.0625 0.0921875 0.0625 0.25 0.190625 0.25 0.190625 0.0921875
0 0.2515625 0.0015625 0.228125 0.0015625 0.228125 0.021875 0.2515625 0.021875 0.2515625 0.0015625
0 0.1703125 0.0015625 0.1578125 0.0015625 0.1578125 0.0171875 0.1703125 0.0171875 0.1703125 0.0015625
0 0.715625 0.6984375 0.4828125 0.6984375 0.4828125 1.0 0.715625 1.0 0.715625 0.6984375
0 0.53125 0.7640625 0.246875 0.7640625 0.246875 1.0 0.53125 1.0 0.53125 0.7640625
0 1.0 0.2484375 0.809375 0.2484375 0.809375 0.8125 1.0 0.8125 1.0 0.2484375
0 0.7359375 0.496875 0.678125 0.496875 0.678125 0.7046875 0.7359375 0.7046875 0.7359375 0.496875
0 0.825 0.1125 0.6046875 0.1125 0.6046875 0.496875 0.825 0.496875 0.825 0.1125
0 0.975 0.0015625 0.9203125 0.0015625 0.9203125 0.075 0.975 0.075 0.975 0.0015625
0 0.396875 0.0015625 0.3453125 0.0015625 0.3453125 0.0484375 0.396875 0.0484375 0.396875 0.0015625
0 0.98125 0.73125 0.8484375 0.73125 0.8484375 0.909375 0.98125 0.909375 0.98125 0.73125
0 0.39375 0.38125 0.2703125 0.38125 0.2703125 0.55 0.39375 0.55 0.39375 0.38125
0 0.8 0.8421875 0.6921875 0.8421875 0.6921875 1.0 0.8 1.0 0.8 0.8421875
0 0.25625 0.5703125 0.121875 0.5703125 0.121875 0.728125 0.25625 0.728125 0.25625 0.5703125
0 0.16875 0.0015625 0.0203125 0.0015625 0.0203125 0.196875 0.16875 0.196875 0.16875 0.0015625
0 0.828125 0.68125 0.7 0.68125 0.7 1.0 0.828125 1.0 0.828125 0.68125
0 0.590625 0.7203125 0.4109375 0.7203125 0.4109375 0.8546875 0.590625 0.8546875 0.590625 0.7203125
0 0.7265625 0.4703125 0.5875 0.4703125 0.5875 0.609375 0.7265625 0.609375 0.7265625 0.4703125
0 0.775 0.0015625 0.7265625 0.0015625 0.7265625 0.1484375 0.775 0.1484375 0.775 0.0015625
0 0.871875 0.0015625 0.8421875 0.0015625 0.8421875 0.04375 0.871875 0.04375 0.871875 0.0015625
0 0.1484375 0.9125 0.009375 0.9125 0.009375 1.0 0.1484375 1.0 0.1484375 0.9125
0 0.05625 0.6453125 0.0015625 0.6453125 0.0015625 0.8546875 0.05625 0.8546875 0.05625 0.6453125
0 0.0953125 0.534375 0.0015625 0.534375 0.0015625 0.634375 0.0953125 0.634375 0.0953125 0.534375
0 0.1109375 0.3640625 0.0046875 0.3640625 0.0046875 0.484375 0.1109375 0.484375 0.1109375 0.3640625
0 0.11875 0.253125 0.0046875 0.253125 0.0046875 0.3609375 0.11875 0.3609375 0.11875 0.253125
0 0.2953125 0.9828125 0.2734375 0.9828125 0.2734375 1.0 0.2953125 1.0 0.2953125 0.9828125
0 0.5640625 0.9453125 0.5140625 0.9453125 0.5140625 1.0 0.5640625 1.0 0.5640625 0.9453125
0 0.6234375 0.765625 0.4453125 0.765625 0.4453125 1.0 0.6234375 1.0 0.6234375 0.765625
0 0.259375 0.940625 0.153125 0.940625 0.153125 1.0 0.259375 1.0 0.259375 0.940625
0 0.5046875 0.7171875 0.21875 0.7171875 0.21875 0.9328125 0.5046875 0.9328125 0.5046875 0.7171875
0 0.6828125 0.54375 0.4015625 0.54375 0.4015625 0.7578125 0.6828125 0.7578125 0.6828125 0.54375
0 0.2921875 0.4984375 0.146875 0.4984375 0.146875 0.678125 0.2921875 0.678125 0.2921875 0.4984375
0 0.4578125 0.490625 0.390625 0.490625 0.390625 0.603125 0.4578125 0.603125 0.4578125 0.490625
0 0.625 0.346875 0.475 0.346875 0.475 0.5890625 0.625 0.5890625 0.625 0.346875
0 0.4609375 0.3859375 0.2796875 0.3859375 0.2796875 0.4796875 0.4609375 0.4796875 0.4609375 0.3859375
0 0.290625 0.36875 0.125 0.36875 0.125 0.4921875 0.290625 0.4921875 0.290625 0.36875
0 0.6546875 0.2546875 0.478125 0.2546875 0.478125 0.33125 0.6546875 0.33125 0.6546875 0.2546875
0 0.4875 0.19375 0.3171875 0.19375 0.3171875 0.371875 0.4875 0.371875 0.4875 0.19375
0 0.7015625 0.03125 0.4890625 0.03125 0.4890625 0.2390625 0.7015625 0.2390625 0.7015625 0.03125
0 0.4546875 0.0953125 0.3171875 0.0953125 0.3171875 0.225 0.4546875 0.225 0.4546875 0.0953125
0 0.7 0.0015625 0.415625 0.0015625 0.415625 0.0484375 0.7 0.0484375 0.7 0.0015625
0 0.4453125 0.0015625 0.3109375 0.0015625 0.3109375 0.0796875 0.4453125 0.0796875 0.4453125 0.0015625
0 0.7875 0.975 0.746875 0.975 0.746875 1.0 0.7875 1.0 0.7875 0.975
0 0.8578125 0.6828125 0.759375 0.6828125 0.759375 0.93125 0.8578125 0.93125 0.8578125 0.6828125
0 1.0 0.7640625 0.9953125 0.7640625 0.9953125 0.775 1.0 0.775 1.0 0.7640625
0 0.8359375 0.5 0.753125 0.5 0.753125 0.6734375 0.8359375 0.6734375 0.8359375 0.5
0 1.0 0.48125 0.9671875 0.48125 0.9671875 0.5984375 1.0 0.5984375 1.0 0.48125
0 0.9703125 0.471875 0.8859375 0.471875 0.8859375 0.625 0.9703125 0.625 0.9703125 0.471875
0 0.9984375 0.25625 0.8765625 0.25625 0.8765625 0.4203125 0.9984375 0.4203125 0.9984375 0.25625
0 0.8703125 0.2515625 0.803125 0.2515625 0.803125 0.3640625 0.8703125 0.3640625 0.8703125 0.2515625
0 0.9671875 0.1578125 0.8328125 0.1578125 0.8328125 0.2375 0.9671875 0.2375 0.9671875 0.1578125
0 1.0 0.1765625 0.9328125 0.1765625 0.9328125 0.3265625 1.0 0.3265625 1.0 0.1765625
0 0.896875 0.925 0.8125 0.925 0.8125 1.0 0.896875 1.0 0.896875 0.925
0 1.0 0.9515625 0.925 0.9515625 0.925 1.0 1.0 1.0 1.0 0.9515625
0 0.753125 0.621875 0.6703125 0.621875 0.6703125 0.78125 0.753125 0.78125 0.753125 0.621875
0 0.309375 0.5203125 0.2375 0.5203125 0.2375 0.7171875 0.309375 0.7171875 0.309375 0.5203125
0 0.8953125 0.30625 0.7796875 0.30625 0.7796875 0.53125 0.8953125 0.53125 0.8953125 0.30625
0 1.0 0.271875 0.9984375 0.271875 0.9984375 0.296875 1.0 0.296875 1.0 0.271875
0 0.75 0.0921875 0.634375 0.0921875 0.634375 0.328125 0.75 0.328125 0.75 0.0921875
0 0.89375 0.0015625 0.7953125 0.0015625 0.7953125 0.23125 0.89375 0.23125 0.89375 0.0015625
0 0.290625 0.73125 0.1578125 0.73125 0.1578125 0.865625 0.290625 0.865625 0.290625 0.73125
0 0.8296875 0.0015625 0.696875 0.0015625 0.696875 0.203125 0.8296875 0.203125 0.8296875 0.0015625
0 1.0 0.86875 0.96875 0.86875 0.96875 0.9 1.0 0.9 1.0 0.86875
0 0.5515625 0.48125 0.159375 0.48125 0.159375 0.7390625 0.5515625 0.7390625 0.5515625 0.48125
0 0.646875 0.3265625 0.4359375 0.3265625 0.4359375 0.5171875 0.646875 0.5171875 0.646875 0.3265625
0 0.5328125 0.0015625 0.3171875 0.0015625 0.3171875 0.3203125 0.5328125 0.3203125 0.5328125 0.0015625
0 0.2453125 0.0015625 0.03125 0.0015625 0.03125 0.3515625 0.2453125 0.3515625 0.2453125 0.0015625
0 0.7015625 0.8703125 0.6140625 0.8703125 0.6140625 1.0 0.7015625 1.0 0.7015625 0.8703125
0 0.884375 0.2265625 0.721875 0.2265625 0.721875 0.696875 0.884375 0.696875 0.884375 0.2265625
0 0.7078125 0.503125 0.653125 0.503125 0.653125 0.7625 0.7078125 0.7625 0.7078125 0.503125
0 1.0 0.0015625 0.865625 0.0015625 0.865625 0.2609375 1.0 0.2609375 1.0 0.0015625
