0 1.0 0.665625 0.890625 0.665625 0.890625 0.88125 1.0 0.88125 1.0 0.665625
0 0.7125 0.0015625 0.0015625 0.0015625 0.0015625 1.0 0.7125 1.0 0.7125 0.0015625
0 1.0 0.81875 0.875 0.81875 0.875 1.0 1.0 1.0 1.0 0.81875
0 0.6609375 0.5546875 0.51875 0.5546875 0.51875 0.80625 0.6609375 0.80625 0.6609375 0.5546875
0 0.884375 0.0015625 0.85625 0.0015625 0.85625 0.0375 0.884375 0.0375 0.884375 0.0015625
0 1.0 0.0015625 0.978125 0.0015625 0.978125 0.0375 1.0 0.0375 1.0 0.0015625
0 0.4015625 0.8859375 0.2609375 0.8859375 0.2609375 1.0 0.4015625 1.0 0.4015625 0.8859375
0 0.4578125 0.6875 0.2328125 0.6875 0.2328125 0.7984375 0.4578125 0.7984375 0.4578125 0.6875
0 0.3625 0.1421875 0.103125 0.1421875 0.103125 0.4734375 0.3625 0.4734375 0.3625 0.1421875
0 0.578125 0.0015625 0.3546875 0.0015625 0.3546875 0.2015625 0.578125 0.2015625 0.578125 0.0015625
0 1.0 0.8828125 0.80625 0.8828125 0.80625 1.0 1.0 1.0 1.0 0.8828125
0 0.0453125 0.9859375 0.0015625 0.9859375 0.0015625 1.0 0.0453125 1.0 0.0453125 0.9859375
0 1.0 0.0015625 0.375 0.0015625 0.375 1.0 1.0 1.0 1.0 0.0015625
0 0.646875 0.346875 0.4328125 0.346875 0.4328125 0.8109375 0.646875 0.8109375 0.646875 0.346875
0 0.6421875 0.0015625 0.390625 0.0015625 0.390625 0.2078125 0.6421875 0.2078125 0.6421875 0.0015625
0 0.6875 0.946875 0.6 0.946875 0.6 1.0 0.6875 1.0 0.6875 0.946875
0 0.8953125 0.76875 0.73125 0.76875 0.73125 1.0 0.8953125 1.0 0.8953125 0.76875
0 0.9140625 0.5140625 0.615625 0.5140625 0.615625 0.7078125 0.9140625 0.7078125 0.9140625 0.5140625
0 1.0 0.58125 0.9703125 0.58125 0.9703125 0.66875 1.0 0.66875 1.0 0.58125
