0 0.06875 0.6578125 0.0015625 0.6578125 0.0015625 0.8546875 0.06875 0.8546875 0.06875 0.6578125
0 0.1890625 0.959375 0.1234375 0.959375 0.1234375 1.0 0.1890625 1.0 0.1890625 0.959375
0 0.4234375 0.85625 0.18125 0.85625 0.18125 1.0 0.4234375 1.0 0.4234375 0.85625
0 0.1671875 0.621875 0.0015625 0.621875 0.0015625 0.9671875 0.1671875 0.9671875 0.1671875 0.621875
0 0.190625 0.165625 0.096875 0.165625 0.096875 0.278125 0.190625 0.278125 0.190625 0.165625
0 0.0578125 0.096875 0.0015625 0.096875 0.0015625 0.234375 0.0578125 0.234375 0.0578125 0.096875
0 0.9015625 0.6453125 0.7296875 0.6453125 0.7296875 1.0 0.9015625 1.0 0.9015625 0.6453125
0 1.0 0.6828125 0.86875 0.6828125 0.86875 1.0 1.0 1.0 1.0 0.6828125
0 0.8765625 0.2640625 0.740625 0.2640625 0.740625 0.5984375 0.8765625 0.5984375 0.8765625 0.2640625
0 0.978125 0.8328125 0.809375 0.8328125 0.809375 1.0 0.978125 1.0 0.978125 0.8328125
0 0.790625 0.6578125 0.6984375 0.6578125 0.6984375 0.8421875 0.790625 0.8421875 0.790625 0.6578125
0 0.1546875 0.5296875 0.05625 0.5296875 0.05625 0.6609375 0.1546875 0.6609375 0.1546875 0.5296875
0 0.5375 0.83125 0.4421875 0.83125 0.4421875 1.0 0.5375 1.0 0.5375 0.83125
0 1.0 0.0453125 0.9953125 0.0453125 0.9953125 0.0671875 1.0 0.0671875 1.0 0.0453125
0 0.4359375 0.4875 0.0015625 0.4875 0.0015625 1.0 0.4359375 1.0 0.4359375 0.4875
0 0.1390625 0.921875 0.0015625 0.921875 0.0015625 1.0 0.1390625 1.0 0.1390625 0.921875
0 0.3453125 0.0015625 0.0015625 0.0015625 0.0015625 0.6921875 0.3453125 0.6921875 0.3453125 0.0015625
0 0.5578125 0.4640625 0.0015625 0.4640625 0.0015625 0.875 0.5578125 0.875 0.5578125 0.4640625
0 0.9203125 0.0015625 0.471875 0.0015625 0.471875 0.3515625 0.9203125 0.3515625 0.9203125 0.0015625
0 0.5625 0.8984375 0.4453125 0.8984375 0.4453125 1.0 0.5625 1.0 0.5625 0.8984375
0 0.6421875 0.934375 0.5765625 0.934375 0.5765625 1.0 0.6421875 1.0 0.6421875 0.934375
0 0.953125 0.93125 0.8328125 0.93125 0.8328125 1.0 0.953125 1.0 0.953125 0.93125
0 1.0 0.015625 0.928125 0.015625 0.928125 0.36875 1.0 0.36875 1.0 0.015625
