0 0.696875 0.421875 0.5234375 0.421875 0.5234375 0.571875 0.696875 0.571875 0.696875 0.421875
0 0.54375 0.0015625 0.390625 0.0015625 0.390625 0.090625 0.54375 0.090625 0.54375 0.0015625
0 0.4546875 0.221875 0.30625 0.221875 0.30625 0.3984375 0.4546875 0.3984375 0.4546875 0.221875
0 0.259375 0.509375 0.13125 0.509375 0.13125 0.6796875 0.259375 0.6796875 0.259375 0.509375
0 0.4375 0.328125 0.2625 0.328125 0.2625 0.5984375 0.4375 0.5984375 0.4375 0.328125
0 0.240625 0.2125 0.071875 0.2125 0.071875 0.434375 0.240625 0.434375 0.240625 0.2125
0 0.19375 0.0578125 0.05625 0.0578125 0.05625 0.2703125 0.19375 0.2703125 0.19375 0.0578125
0 0.0515625 0.6015625 0.0015625 0.6015625 0.0015625 0.75625 0.0515625 0.75625 0.0515625 0.6015625
0 0.303125 0.446875 0.1203125 0.446875 0.1203125 0.6171875 0.303125 0.6171875 0.303125 0.446875
0 0.071875 0.2484375 0.0015625 0.2484375 0.0015625 0.440625 0.071875 0.440625 0.071875 0.2484375
0 0.3390625 0.1046875 0.209375 0.1046875 0.209375 0.3265625 0.3390625 0.3265625 0.3390625 0.1046875
0 0.19375 0.471875 0.0984375 0.471875 0.0984375 0.6796875 0.19375 0.6796875 0.19375 0.471875
0 0.1984375 0.1875 0.0578125 0.1875 0.0578125 0.478125 0.1984375 0.478125 0.1984375 0.1875
0 0.4671875 0.31875 0.340625 0.31875 0.340625 0.628125 0.4671875 0.628125 0.4671875 0.31875
0 1.0 0.3078125 0.95625 0.3078125 0.95625 0.4453125 1.0 0.4453125 1.0 0.3078125
0 0.0609375 0.1 0.0015625 0.1 0.0015625 0.2234375 0.0609375 0.2234375 0.0609375 0.1
0 0.9671875 0.0015625 0.81875 0.0015625 0.81875 0.1125 0.9671875 0.1125 0.9671875 0.0015625
0 0.1390625 0.0015625 0.0015625 0.0015625 0.0015625 0.1875 0.1390625 0.1875 0.1390625 0.0015625
0 0.7171875 0.6671875 0.528125 0.6671875 0.528125 0.903125 0.7171875 0.903125 0.7171875 0.6671875
0 0.5890625 0.0015625 0.4421875 0.0015625 0.4421875 0.3171875 0.5890625 0.3171875 0.5890625 0.0015625
0 0.9171875 0.0015625 0.884375 0.0015625 0.884375 0.06875 0.9171875 0.06875 0.9171875 0.0015625
0 0.175 0.703125 0.084375 0.703125 0.084375 0.89375 0.175 0.89375 0.175 0.703125
0 0.815625 0.7296875 0.7171875 0.7296875 0.7171875 0.815625 0.815625 0.815625 0.815625 0.7296875
0 0.253125 0.8390625 0.1203125 0.8390625 0.1203125 1.0 0.253125 1.0 0.253125 0.8390625
0 0.9515625 0.7453125 0.809375 0.7453125 0.809375 0.8875 0.9515625 0.8875 0.9515625 0.7453125
0 0.38125 0.590625 0.0390625 0.590625 0.0390625 0.7328125 0.38125 0.7328125 0.38125 0.590625
0 1.0 0.5203125 0.8421875 0.5203125 0.8421875 0.753125 1.0 0.753125 1.0 0.5203125
0 0.153125 0.115625 0.0015625 0.115625 0.0015625 0.4875 0.153125 0.4875 0.153125 0.115625
0 0.325 0.353125 0.1734375 0.353125 0.1734375 0.6546875 0.325 0.6546875 0.325 0.353125
0 0.1296875 0.484375 0.0046875 0.484375 0.0046875 0.5953125 0.1296875 0.5953125 0.1296875 0.484375
0 0.671875 0.228125 0.4015625 0.228125 0.4015625 0.575 0.671875 0.575 0.671875 0.228125
0 0.5671875 0.0015625 0.0296875 0.0015625 0.0296875 0.2609375 0.5671875 0.2609375 0.5671875 0.0015625
0 0.7796875 0.259375 0.5671875 0.259375 0.5671875 0.55625 0.7796875 0.55625 0.7796875 0.259375
0 1.0 0.0015625 0.6671875 0.0015625 0.6671875 0.3875 1.0 0.3875 1.0 0.0015625
0 0.7484375 0.0015625 0.596875 0.0015625 0.596875 0.0578125 0.7484375 0.0578125 0.7484375 0.0015625
0 0.3359375 0.246875 0.1875 0.246875 0.1875 0.4359375 0.3359375 0.4359375 0.3359375 0.246875
0 0.165625 0.9625 0.0921875 0.9625 0.0921875 1.0 0.165625 1.0 0.165625 0.9625
0 0.84375 0.9375 0.8234375 0.9375 0.8234375 1.0 0.84375 1.0 0.84375 0.9375
0 0.5421875 0.9328125 0.384375 0.9328125 0.384375 1.0 0.5421875 1.0 0.5421875 0.9328125
0 0.746875 0.534375 0.4 0.534375 0.4 0.79375 0.746875 0.79375 0.746875 0.534375
0 0.753125 0.0015625 0.4828125 0.0015625 0.4828125 0.3859375 0.753125 0.3859375 0.753125 0.0015625
0 0.7765625 0.3609375 0.6609375 0.3609375 0.6609375 0.48125 0.7765625 0.48125 0.7765625 0.3609375
0 0.75625 0.0015625 0.7421875 0.0015625 0.7421875 0.025 0.75625 0.025 0.75625 0.0015625
0 0.00625 0.2984375 0.0015625 0.2984375 0.0015625 0.328125 0.00625 0.328125 0.00625 0.2984375
0 0.5703125 0.0015625 0.5609375 0.0015625 0.5609375 0.015625 0.5703125 0.015625 0.5703125 0.0015625
0 0.2703125 0.0328125 0.05 0.0328125 0.05 0.4515625 0.2703125 0.4515625 0.2703125 0.0328125
