0 0.3734375 0.0015625 0.31875 0.0015625 0.31875 0.01875 0.3734375 0.01875 0.3734375 0.0015625
0 0.759375 0.0015625 0.69375 0.0015625 0.69375 0.2453125 0.759375 0.2453125 0.759375 0.0015625
0 1.0 0.6703125 0.953125 0.6703125 0.953125 0.8875 1.0 0.8875 1.0 0.6703125
0 0.2890625 0.0015625 0.15625 0.0015625 0.15625 0.059375 0.2890625 0.059375 0.2890625 0.0015625
0 0.890625 0.865625 0.8078125 0.865625 0.8078125 1.0 0.890625 1.0 0.890625 0.865625
0 0.9703125 0.8546875 0.89375 0.8546875 0.89375 0.99375 0.9703125 0.99375 0.9703125 0.8546875
0 0.7703125 0.725 0.5046875 0.725 0.5046875 0.9765625 0.7703125 0.9765625 0.7703125 0.725
0 0.7078125 0.478125 0.5625 0.478125 0.5625 0.6953125 0.7078125 0.6953125 0.7078125 0.478125
0 1.0 0.0015625 0.721875 0.0015625 0.721875 0.284375 1.0 0.284375 1.0 0.0015625
0 0.1078125 0.534375 0.0015625 0.534375 0.0015625 0.715625 0.1078125 0.715625 0.1078125 0.534375
0 0.6765625 0.871875 0.521875 0.871875 0.521875 1.0 0.6765625 1.0 0.6765625 0.871875
0 0.675 0.721875 0.5515625 0.721875 0.5515625 0.8828125 0.675 0.8828125 0.675 0.721875
0 1.0 0.1078125 0.565625 0.1078125 0.565625 0.8734375 1.0 0.8734375 1.0 0.1078125
0 0.6890625 0.5765625 0.5640625 0.5765625 0.5640625 0.7125 0.6890625 0.7125 0.6890625 0.5765625
0 0.85 0.1046875 0.7625 0.1046875 0.7625 0.2734375 0.85 0.2734375 0.85 0.1046875
0 1.0 0.0015625 0.7625 0.0015625 0.7625 0.2953125 1.0 0.2953125 1.0 0.0015625
0 1.0 0.7359375 0.965625 0.7359375 0.965625 0.940625 1.0 0.940625 1.0 0.7359375
0 1.0 0.3515625 0.9203125 0.3515625 0.9203125 0.39375 1.0 0.39375 1.0 0.3515625
0 0.078125 0.990625 0.059375 0.990625 0.059375 1.0 0.078125 1.0 0.078125 0.990625
0 0.1171875 0.4234375 0.0015625 0.4234375 0.0015625 0.628125 0.1171875 0.628125 0.1171875 0.4234375
0 0.4875 0.0015625 0.390625 0.0015625 0.390625 0.1109375 0.4875 0.1109375 0.4875 0.0015625
0 1.0 0.7390625 0.640625 0.7390625 0.640625 1.0 1.0 1.0 1.0 0.7390625
0 0.596875 0.7109375 0.484375 0.7109375 0.484375 0.878125 0.596875 0.878125 0.596875 0.7109375
0 0.746875 0.0015625 0.528125 0.0015625 0.528125 0.5765625 0.746875 0.5765625 0.746875 0.0015625
0 0.8625 0.1625 0.7484375 0.1625 0.7484375 0.2890625 0.8625 0.2890625 0.8625 0.1625
0 1.0 0.1203125 0.93125 0.1203125 0.93125 0.3140625 1.0 0.3140625 1.0 0.1203125
0 1.0 0.0015625 0.9734375 0.0015625 0.9734375 0.0796875 1.0 0.0796875 1.0 0.0015625
