0 0.115625 0.8171875 0.0015625 0.8171875 0.0015625 1.0 0.115625 1.0 0.115625 0.8171875
0 0.0734375 0.4921875 0.0015625 0.4921875 0.0015625 0.546875 0.0734375 0.546875 0.0734375 0.4921875
0 0.4453125 0.7640625 0.1265625 0.7640625 0.1265625 1.0 0.4453125 1.0 0.4453125 0.7640625
0 0.4296875 0.490625 0.3390625 0.490625 0.3390625 0.7265625 0.4296875 0.7265625 0.4296875 0.490625
0 0.5078125 0.0015625 0.365625 0.0015625 0.365625 0.38125 0.5078125 0.38125 0.5078125 0.0015625
0 0.70625 0.7484375 0.5515625 0.7484375 0.5515625 1.0 0.70625 1.0 0.70625 0.7484375
0 1.0 0.35625 0.728125 0.35625 0.728125 0.50625 1.0 0.50625 1.0 0.35625
0 1.0 0.259375 0.965625 0.259375 0.965625 0.3953125 1.0 0.3953125 1.0 0.259375
0 0.6953125 0.0421875 0.6078125 0.0421875 0.6078125 0.3109375 0.6953125 0.3109375 0.6953125 0.0421875
0 0.9859375 0.0015625 0.753125 0.0015625 0.753125 0.140625 0.9859375 0.140625 0.9859375 0.0015625
0 0.7734375 0.0015625 0.5203125 0.0015625 0.5203125 0.1421875 0.7734375 0.1421875 0.7734375 0.0015625
0 1.0 0.1375 0.9265625 0.1375 0.9265625 0.2859375 1.0 0.2859375 1.0 0.1375
0 0.025 0.0015625 0.0015625 0.0015625 0.0015625 0.021875 0.025 0.021875 0.025 0.0015625
0 0.4265625 0.715625 0.33125 0.715625 0.33125 0.8765625 0.4265625 0.8765625 0.4265625 0.715625
0 0.178125 0.5359375 0.0296875 0.5359375 0.0296875 0.7765625 0.178125 0.7765625 0.178125 0.5359375
0 0.4171875 0.1640625 0.3421875 0.1640625 0.3421875 0.340625 0.4171875 0.340625 0.4171875 0.1640625
0 0.33125 0.0015625 0.0015625 0.0015625 0.0015625 0.15625 0.33125 0.15625 0.33125 0.0015625
0 0.5328125 0.0015625 0.515625 0.0015625 0.515625 0.0328125 0.5328125 0.0328125 0.5328125 0.0015625
0 0.7328125 0.771875 0.59375 0.771875 0.59375 1.0 0.7328125 1.0 0.7328125 0.771875
0 0.6625 0.503125 0.49375 0.503125 0.49375 0.7421875 0.6625 0.7421875 0.6625 0.503125
0 0.9734375 0.3578125 0.853125 0.3578125 0.853125 0.46875 0.9734375 0.46875 0.9734375 0.3578125
0 0.6921875 0.309375 0.5859375 0.309375 0.5859375 0.3890625 0.6921875 0.3890625 0.6921875 0.309375
0 0.9828125 0.1578125 0.846875 0.1578125 0.846875 0.2671875 0.9828125 0.2671875 0.9828125 0.1578125
0 0.659375 0.0015625 0.5796875 0.0015625 0.5796875 0.203125 0.659375 0.203125 0.659375 0.0015625
0 0.8859375 0.0015625 0.784375 0.0015625 0.784375 0.0890625 0.8859375 0.0890625 0.8859375 0.0015625
0 1.0 0.0015625 0.9984375 0.0015625 0.9984375 0.059375 1.0 0.059375 1.0 0.0015625
0 0.171875 0.1328125 0.0015625 0.1328125 0.0015625 0.3109375 0.171875 0.3109375 0.171875 0.1328125
0 0.134375 0.0015625 0.0890625 0.0015625 0.0890625 0.121875 0.134375 0.121875 0.134375 0.0015625
0 0.096875 0.975 0.0015625 0.975 0.0015625 1.0 0.096875 1.0 0.096875 0.975
0 0.1234375 0.5203125 0.0015625 0.5203125 0.0015625 0.9359375 0.1234375 0.9359375 0.1234375 0.5203125
0 0.7140625 0.0015625 0.1015625 0.0015625 0.1015625 1.0 0.7140625 1.0 0.7140625 0.0015625
0 0.4046875 0.0015625 0.2984375 0.0015625 0.2984375 0.1140625 0.4046875 0.1140625 0.4046875 0.0015625
0 0.284375 0.0140625 0.196875 0.0140625 0.196875 0.1203125 0.284375 0.1203125 0.284375 0.0140625
0 0.9484375 0.7546875 0.7890625 0.7546875 0.7890625 1.0 0.9484375 1.0 0.9484375 0.7546875
0 1.0 0.0015625 0.6484375 0.0015625 0.6484375 0.6515625 1.0 0.6515625 1.0 0.0015625
0 0.8109375 0.0015625 0.7203125 0.0015625 0.7203125 0.0546875 0.8109375 0.0546875 0.8109375 0.0015625
0 1.0 0.1203125 0.8875 0.1203125 0.8875 0.225 1.0 0.225 1.0 0.1203125
0 0.9640625 0.0015625 0.884375 0.0015625 0.884375 0.0640625 0.9640625 0.0640625 0.9640625 0.0015625
