0 0.2984375 0.984375 0.2234375 0.984375 0.2234375 1.0 0.2984375 1.0 0.2984375 0.984375
0 0.1015625 0.8046875 0.0015625 0.8046875 0.0015625 1.0 0.1015625 1.0 0.1015625 0.8046875
0 0.0546875 0.25625 0.0015625 0.25625 0.0015625 0.475 0.0546875 0.475 0.0546875 0.25625
0 0.090625 0.1046875 0.0015625 0.1046875 0.0015625 0.178125 0.090625 0.178125 0.090625 0.1046875
0 0.0671875 0.0015625 0.0015625 0.0015625 0.0015625 0.0765625 0.0671875 0.0765625 0.0671875 0.0015625
0 0.3296875 0.0015625 0.1921875 0.0015625 0.1921875 0.090625 0.3296875 0.090625 0.3296875 0.0015625
0 1.0 0.5796875 0.903125 0.5796875 0.903125 0.75 1.0 0.75 1.0 0.5796875
0 0.8140625 0.1640625 0.6359375 0.1640625 0.6359375 0.515625 0.8140625 0.515625 0.8140625 0.1640625
0 0.7734375 0.0015625 0.6328125 0.0015625 0.6328125 0.1671875 0.7734375 0.1671875 0.7734375 0.0015625
0 0.2125 0.2265625 0.0015625 0.2265625 0.0015625 0.384375 0.2125 0.384375 0.2125 0.2265625
0 0.3234375 0.8984375 0.1484375 0.8984375 0.1484375 1.0 0.3234375 1.0 0.3234375 0.8984375
0 0.1703125 0.746875 0.0015625 0.746875 0.0015625 0.95 0.1703125 0.95 0.1703125 0.746875
0 0.2734375 0.6203125 0.1859375 0.6203125 0.1859375 0.8109375 0.2734375 0.8109375 0.2734375 0.6203125
0 0.1828125 0.5265625 0.084375 0.5265625 0.084375 0.66875 0.1828125 0.66875 0.1828125 0.5265625
0 0.9328125 0.346875 0.7546875 0.346875 0.7546875 0.5828125 0.9328125 0.5828125 0.9328125 0.346875
0 0.1203125 0.15625 0.0015625 0.15625 0.0015625 0.303125 0.1203125 0.303125 0.1203125 0.15625
0 0.35625 0.01875 0.26875 0.01875 0.26875 0.1765625 0.35625 0.1765625 0.35625 0.01875
0 0.2 0.6625 0.05625 0.6625 0.05625 0.7953125 0.2 0.7953125 0.2 0.6625
0 0.103125 0.3546875 0.0109375 0.3546875 0.0109375 0.5171875 0.103125 0.5171875 0.103125 0.3546875
0 0.1890625 0.9109375 0.0203125 0.9109375 0.0203125 1.0 0.1890625 1.0 0.1890625 0.9109375
0 0.3203125 0.7421875 0.075 0.7421875 0.075 0.934375 0.3203125 0.934375 0.3203125 0.7421875
0 0.103125 0.6859375 0.0015625 0.6859375 0.0015625 0.78125 0.103125 0.78125 0.103125 0.6859375
0 0.2140625 0.434375 0.01875 0.434375 0.01875 0.715625 0.2140625 0.715625 0.2140625 0.434375
0 0.290625 0.2609375 0.1703125 0.2609375 0.1703125 0.43125 0.290625 0.43125 0.290625 0.2609375
0 0.2921875 0.025 0.0421875 0.025 0.0421875 0.203125 0.2921875 0.203125 0.2921875 0.025
0 0.3484375 0.0015625 0.3203125 0.0015625 0.3203125 0.0359375 0.3484375 0.0359375 0.3484375 0.0015625
0 1.0 0.0015625 0.6109375 0.0015625 0.6109375 0.309375 1.0 0.309375 1.0 0.0015625
0 1.0 0.53125 0.6828125 0.53125 0.6828125 0.971875 1.0 0.971875 1.0 0.53125
0 0.4671875 0.603125 0.321875 0.603125 0.321875 0.825 0.4671875 0.825 0.4671875 0.603125
0 0.86875 0.45625 0.6828125 0.45625 0.6828125 0.575 0.86875 0.575 0.86875 0.45625
0 0.4828125 0.35625 0.35625 0.35625 0.35625 0.546875 0.4828125 0.546875 0.4828125 0.35625
0 0.6640625 0.04375 0.5328125 0.04375 0.5328125 0.2140625 0.6640625 0.2140625 0.6640625 0.04375
0 1.0 0.971875 0.8859375 0.971875 0.8859375 1.0 1.0 1.0 1.0 0.971875
0 1.0 0.7875 0.9640625 0.7875 0.9640625 0.828125 1.0 0.828125 1.0 0.7875
