0 0.890625 0.934375 0.8015625 0.934375 0.8015625 1.0 0.890625 1.0 0.890625 0.934375
0 1.0 0.1609375 0.9875 0.1609375 0.9875 0.2328125 1.0 0.2328125 1.0 0.1609375
0 1.0 0.5 0.9796875 0.5 0.9796875 0.609375 1.0 0.609375 1.0 0.5
0 0.4359375 0.8328125 0.390625 0.8328125 0.390625 1.0 0.4359375 1.0 0.4359375 0.8328125
0 0.68125 0.421875 0.4390625 0.421875 0.4390625 0.859375 0.68125 0.859375 0.68125 0.421875
0 0.0546875 0.646875 0.0015625 0.646875 0.0015625 0.828125 0.0546875 0.828125 0.0546875 0.646875
0 0.465625 0.30625 0.3 0.30625 0.3 0.46875 0.465625 0.46875 0.465625 0.30625
0 0.7375 0.0015625 0.60625 0.0015625 0.60625 0.10625 0.7375 0.10625 0.7375 0.0015625
0 0.921875 0.33125 0.8171875 0.33125 0.8171875 0.5296875 0.921875 0.5296875 0.921875 0.33125
0 1.0 0.346875 0.9703125 0.346875 0.9703125 0.403125 1.0 0.403125 1.0 0.346875
0 1.0 0.0015625 0.7171875 0.0015625 0.7171875 0.296875 1.0 0.296875 1.0 0.0015625
0 0.7484375 0.0015625 0.0015625 0.0015625 0.0015625 0.8921875 0.7484375 0.8921875 0.7484375 0.0015625
0 0.240625 0.7375 0.159375 0.7375 0.159375 0.93125 0.240625 0.93125 0.240625 0.7375
0 0.2484375 0.0921875 0.1328125 0.0921875 0.1328125 0.2546875 0.2484375 0.2546875 0.2484375 0.0921875
0 0.684375 0.0015625 0.515625 0.0015625 0.515625 0.153125 0.684375 0.153125 0.684375 0.0015625
0 1.0 0.021875 0.709375 0.021875 0.709375 0.65625 1.0 0.65625 1.0 0.021875
0 0.8765625 0.0015625 0.70625 0.0015625 0.70625 0.20625 0.8765625 0.20625 0.8765625 0.0015625
