0 0.9078125 0.8140625 0.7984375 0.8140625 0.7984375 1.0 0.9078125 1.0 0.9078125 0.8140625
0 0.9875 0.64375 0.8 0.64375 0.8 0.7640625 0.9875 0.7640625 0.9875 0.64375
0 0.0234375 0.2671875 0.0015625 0.2671875 0.0015625 0.2953125 0.0234375 0.2953125 0.0234375 0.2671875
0 0.815625 0.9421875 0.465625 0.9421875 0.465625 1.0 0.815625 1.0 0.815625 0.9421875
0 1.0 0.68125 0.90625 0.68125 0.90625 0.975 1.0 0.975 1.0 0.68125
0 0.6171875 0.5859375 0.4609375 0.5859375 0.4609375 0.753125 0.6171875 0.753125 0.6171875 0.5859375
0 0.9984375 0.6109375 0.8640625 0.6109375 0.8640625 0.6953125 0.9984375 0.6953125 0.9984375 0.6109375
0 1.0 0.0015625 0.0015625 0.0015625 0.0015625 1.0 1.0 1.0 1.0 0.0015625
0 0.2078125 0.084375 0.0015625 0.084375 0.0015625 0.659375 0.2078125 0.659375 0.2078125 0.084375
0 0.23125 0.0015625 0.1125 0.0015625 0.1125 0.121875 0.23125 0.121875 0.23125 0.0015625
