0 0.9578125 0.3046875 0.7953125 0.3046875 0.7953125 0.440625 0.9578125 0.440625 0.9578125 0.3046875
0 1.0 0.0015625 0.8578125 0.0015625 0.8578125 0.125 1.0 0.125 1.0 0.0015625
0 0.884375 0.43125 0.753125 0.43125 0.753125 0.5640625 0.884375 0.5640625 0.884375 0.43125
0 0.4109375 0.2265625 0.3375 0.2265625 0.3375 0.4171875 0.4109375 0.4171875 0.4109375 0.2265625
0 0.540625 0.1625 0.4140625 0.1625 0.4140625 0.365625 0.540625 0.365625 0.540625 0.1625
0 0.56875 0.0375 0.440625 0.0375 0.440625 0.134375 0.56875 0.134375 0.56875 0.0375
0 0.8984375 0.0015625 0.8375 0.0015625 0.8375 0.028125 0.8984375 0.028125 0.8984375 0.0015625
0 0.0203125 0.421875 0.0015625 0.421875 0.0015625 0.45 0.0203125 0.45 0.0203125 0.421875
0 0.015625 0.2734375 0.0015625 0.2734375 0.0015625 0.303125 0.015625 0.303125 0.015625 0.2734375
0 0.490625 0.853125 0.4265625 0.853125 0.4265625 1.0 0.490625 1.0 0.490625 0.853125
0 0.2453125 0.13125 0.0453125 0.13125 0.0453125 0.403125 0.2453125 0.403125 0.2453125 0.13125
0 0.309375 0.1484375 0.1640625 0.1484375 0.1640625 0.3171875 0.309375 0.3171875 0.309375 0.1484375
0 0.9859375 0.4140625 0.559375 0.4140625 0.559375 0.6875 0.9859375 0.6875 0.9859375 0.4140625
0 0.86875 0.0046875 0.7375 0.0046875 0.7375 0.125 0.86875 0.125 0.86875 0.0046875
0 0.6375 0.0015625 0.4875 0.0015625 0.4875 0.10625 0.6375 0.10625 0.6375 0.0015625
0 0.4203125 0.0015625 0.2265625 0.0015625 0.2265625 0.1609375 0.4203125 0.1609375 0.4203125 0.0015625
0 0.1859375 0.309375 0.0015625 0.309375 0.0015625 0.4296875 0.1859375 0.4296875 0.1859375 0.309375
0 0.2640625 0.5859375 0.125 0.5859375 0.125 0.7203125 0.2640625 0.7203125 0.2640625 0.5859375
0 0.7515625 0.8875 0.5484375 0.8875 0.5484375 1.0 0.7515625 1.0 0.7515625 0.8875
0 1.0 0.71875 0.7859375 0.71875 0.7859375 0.9203125 1.0 0.9203125 1.0 0.71875
0 1.0 0.55625 0.796875 0.55625 0.796875 0.7453125 1.0 0.7453125 1.0 0.55625
0 0.9046875 0.0015625 0.0015625 0.0015625 0.0015625 1.0 0.9046875 1.0 0.9046875 0.0015625
0 0.253125 0.0015625 0.1171875 0.0015625 0.1171875 0.109375 0.253125 0.109375 0.253125 0.0015625
0 1.0 0.0859375 0.78125 0.0859375 0.78125 0.6015625 1.0 0.6015625 1.0 0.0859375
