0 0.1125 0.5453125 0.0015625 0.5453125 0.0015625 0.7625 0.1125 0.7625 0.1125 0.5453125
0 0.678125 0.4859375 0.559375 0.4859375 0.559375 0.7171875 0.678125 0.7171875 0.678125 0.4859375
0 0.0421875 0.23125 0.0015625 0.23125 0.0015625 0.3390625 0.0421875 0.3390625 0.0421875 0.23125
0 1.0 0.909375 0.9484375 0.909375 0.9484375 1.0 1.0 1.0 1.0 0.909375
0 0.93125 0.45625 0.8578125 0.45625 0.8578125 0.8671875 0.93125 0.8671875 0.93125 0.45625
0 0.753125 0.134375 0.65625 0.134375 0.65625 0.2890625 0.753125 0.2890625 0.753125 0.134375
0 0.203125 0.69375 0.0015625 0.69375 0.0015625 0.9359375 0.203125 0.9359375 0.203125 0.69375
0 0.7390625 0.0015625 0.6671875 0.0015625 0.6671875 0.0890625 0.7390625 0.0890625 0.7390625 0.0015625
0 0.8421875 0.184375 0.6828125 0.184375 0.6828125 0.378125 0.8421875 0.378125 0.8421875 0.184375
0 0.240625 0.5640625 0.128125 0.5640625 0.128125 0.725 0.240625 0.725 0.240625 0.5640625
0 0.1484375 0.215625 0.0015625 0.215625 0.0015625 0.3765625 0.1484375 0.3765625 0.1484375 0.215625
0 1.0 0.625 0.8984375 0.625 0.8984375 0.990625 1.0 0.990625 1.0 0.625
0 0.7640625 0.0015625 0.65625 0.0015625 0.65625 0.171875 0.7640625 0.171875 0.7640625 0.0015625
0 0.7 0.0015625 0.5734375 0.0015625 0.5734375 0.071875 0.7 0.071875 0.7 0.0015625
0 0.0640625 0.590625 0.0015625 0.590625 0.0015625 0.740625 0.0640625 0.740625 0.0640625 0.590625
0 0.4203125 0.615625 0.1125 0.615625 0.1125 0.8 0.4203125 0.8 0.4203125 0.615625
0 0.90625 0.6578125 0.8015625 0.6578125 0.8015625 0.8984375 0.90625 0.8984375 0.90625 0.6578125
0 0.4921875 0.8578125 0.0109375 0.8578125 0.0109375 1.0 0.4921875 1.0 0.4921875 0.8578125
0 0.203125 0.5171875 0.0015625 0.5171875 0.0015625 0.9625 0.203125 0.9625 0.203125 0.5171875
0 0.4734375 0.771875 0.153125 0.771875 0.153125 0.9546875 0.4734375 0.9546875 0.4734375 0.771875
0 0.3 0.584375 0.196875 0.584375 0.196875 0.69375 0.3 0.69375 0.3 0.584375
0 0.3671875 0.2734375 0.0734375 0.2734375 0.0734375 0.471875 0.3671875 0.471875 0.3671875 0.2734375
0 0.4296875 0.1390625 0.2078125 0.1390625 0.2078125 0.30625 0.4296875 0.30625 0.4296875 0.1390625
0 0.1875 0.0796875 0.05 0.0796875 0.05 0.2484375 0.1875 0.2484375 0.1875 0.0796875
0 0.33125 0.0015625 0.2078125 0.0015625 0.2078125 0.128125 0.33125 0.128125 0.33125 0.0015625
0 0.159375 0.3515625 0.0015625 0.3515625 0.0015625 0.634375 0.159375 0.634375 0.159375 0.3515625
0 0.7953125 0.6640625 0.1890625 0.6640625 0.1890625 1.0 0.7953125 1.0 0.7953125 0.6640625
0 0.3609375 0.9703125 0.25 0.9703125 0.25 1.0 0.3609375 1.0 0.3609375 0.9703125
0 0.509375 0.4828125 0.1421875 0.4828125 0.1421875 0.771875 0.509375 0.771875 0.509375 0.4828125
0 0.98125 0.74375 0.8140625 0.74375 0.8140625 1.0 0.98125 1.0 0.98125 0.74375
0 0.9015625 0.4671875 0.765625 0.4671875 0.765625 0.75 0.9015625 0.75 0.9015625 0.4671875
0 0.78125 0.3171875 0.64375 0.3171875 0.64375 0.453125 0.78125 0.453125 0.78125 0.3171875
0 0.6828125 0.071875 0.5125 0.071875 0.5125 0.2421875 0.6828125 0.2421875 0.6828125 0.071875
