0 0.3765625 0.0015625 0.2078125 0.0015625 0.2078125 0.2578125 0.3765625 0.2578125 0.3765625 0.0015625
0 1.0 0.709375 0.2515625 0.709375 0.2515625 1.0 1.0 1.0 1.0 0.709375
0 0.1828125 0.278125 0.0015625 0.278125 0.0015625 0.946875 0.1828125 0.946875 0.1828125 0.278125
0 0.0828125 0.975 0.0359375 0.975 0.0359375 1.0 0.0828125 1.0 0.0828125 0.975
0 0.4484375 0.1609375 0.16875 0.1609375 0.16875 0.8109375 0.4484375 0.8109375 0.4484375 0.1609375
0 0.64375 0.5203125 0.43125 0.5203125 0.43125 0.84375 0.64375 0.84375 0.64375 0.5203125
0 1.0 0.1453125 0.759375 0.1453125 0.759375 0.678125 1.0 0.678125 1.0 0.1453125
0 1.0 0.0015625 0.7984375 0.0015625 0.7984375 0.203125 1.0 0.203125 1.0 0.0015625
0 0.76875 0.0015625 0.7375 0.0015625 0.7375 0.0171875 0.76875 0.0171875 0.76875 0.0015625
0 0.3109375 0.703125 0.21875 0.703125 0.21875 0.8578125 0.3109375 0.8578125 0.3109375 0.703125
0 0.6609375 0.0453125 0.5109375 0.0453125 0.5109375 0.2359375 0.6609375 0.2359375 0.6609375 0.0453125
0 0.45 0.3203125 0.0015625 0.3203125 0.0015625 1.0 0.45 1.0 0.45 0.3203125
0 0.1546875 0.4890625 0.11875 0.4890625 0.11875 0.846875 0.1546875 0.846875 0.1546875 0.4890625
0 0.38125 0.046875 0.2984375 0.046875 0.2984375 0.2265625 0.38125 0.2265625 0.38125 0.046875
0 1.0 0.6125 0.8328125 0.6125 0.8328125 0.821875 1.0 0.821875 1.0 0.6125
0 1.0 0.2125 0.884375 0.2125 0.884375 0.5578125 1.0 0.5578125 1.0 0.2125
0 0.8359375 0.0015625 0.63125 0.0015625 0.63125 0.5921875 0.8359375 0.5921875 0.8359375 0.0015625
0 0.665625 0.0015625 0.50625 0.0015625 0.50625 0.0640625 0.665625 0.0640625 0.665625 0.0015625
0 0.3546875 0.9546875 0.31875 0.9546875 0.31875 1.0 0.3546875 1.0 0.3546875 0.9546875
0 0.4015625 0.9765625 0.3703125 0.9765625 0.3703125 1.0 0.4015625 1.0 0.4015625 0.9765625
0 0.7421875 0.9875 0.715625 0.9875 0.715625 1.0 0.7421875 1.0 0.7421875 0.9875
0 0.653125 0.6140625 0.3984375 0.6140625 0.3984375 0.9328125 0.653125 0.9328125 0.653125 0.6140625
0 0.6671875 0.0765625 0.2921875 0.0765625 0.2921875 0.6078125 0.6671875 0.6078125 0.6671875 0.0765625
0 0.175 0.2140625 0.0734375 0.2140625 0.0734375 0.4203125 0.175 0.4203125 0.175 0.2140625
0 0.3640625 0.0015625 0.21875 0.0015625 0.21875 0.24375 0.3640625 0.24375 0.3640625 0.0015625
0 1.0 0.9 0.9296875 0.9 0.9296875 1.0 1.0 1.0 1.0 0.9
0 1.0 0.6296875 0.8875 0.6296875 0.8875 0.7796875 1.0 0.7796875 1.0 0.6296875
0 0.8109375 0.678125 0.7171875 0.678125 0.7171875 0.85 0.8109375 0.85 0.8109375 0.678125
0 0.8765625 0.4359375 0.65625 0.4359375 0.65625 0.7265625 0.8765625 0.7265625 0.8765625 0.4359375
0 0.909375 0.0015625 0.865625 0.0015625 0.865625 0.03125 0.909375 0.03125 0.909375 0.0015625
0 0.4671875 0.928125 0.278125 0.928125 0.278125 1.0 0.4671875 1.0 0.4671875 0.928125
0 0.303125 0.0015625 0.153125 0.0015625 0.153125 0.1984375 0.303125 0.1984375 0.303125 0.0015625
0 0.190625 0.0015625 0.0015625 0.0015625 0.0015625 0.29375 0.190625 0.29375 0.190625 0.0015625
0 0.375 0.903125 0.2234375 0.903125 0.2234375 1.0 0.375 1.0 0.375 0.903125
0 0.4859375 0.5984375 0.4078125 0.5984375 0.4078125 0.709375 0.4859375 0.709375 0.4859375 0.5984375
0 0.7359375 0.0015625 0.353125 0.0015625 0.353125 0.2765625 0.7359375 0.2765625 0.7359375 0.0015625
0 0.834375 0.5890625 0.4625 0.5890625 0.4625 1.0 0.834375 1.0 0.834375 0.5890625
0 0.8640625 0.0015625 0.696875 0.0015625 0.696875 0.334375 0.8640625 0.334375 0.8640625 0.0015625
0 0.5734375 0.0203125 0.4078125 0.0203125 0.4078125 0.321875 0.5734375 0.321875 0.5734375 0.0203125
0 1.0 0.0359375 0.878125 0.0359375 0.878125 0.3109375 1.0 0.3109375 1.0 0.0359375
