0 1.0 0.4859375 0.9984375 0.4859375 0.9984375 0.571875 1.0 0.571875 1.0 0.4859375
0 0.2078125 0.3375 0.04375 0.3375 0.04375 0.4375 0.2078125 0.4375 0.2078125 0.3375
0 0.6765625 0.8875 0.6359375 0.8875 0.6359375 1.0 0.6765625 1.0 0.6765625 0.8875
0 0.578125 0.31875 0.2859375 0.31875 0.2859375 0.590625 0.578125 0.590625 0.578125 0.31875
0 1.0 0.71875 0.8875 0.71875 0.8875 0.9078125 1.0 0.9078125 1.0 0.71875
0 0.8953125 0.0015625 0.7828125 0.0015625 0.7828125 0.0625 0.8953125 0.0625 0.8953125 0.0015625
0 0.328125 0.8921875 0.259375 0.8921875 0.259375 1.0 0.328125 1.0 0.328125 0.8921875
0 0.284375 0.4078125 0.1890625 0.4078125 0.1890625 0.7171875 0.284375 0.7171875 0.284375 0.4078125
0 0.1890625 0.3671875 0.0203125 0.3671875 0.0203125 0.509375 0.1890625 0.509375 0.1890625 0.3671875
0 0.3140625 0.2359375 0.2265625 0.2359375 0.2265625 0.421875 0.3140625 0.421875 0.3140625 0.2359375
0 0.3984375 0.0015625 0.103125 0.0015625 0.103125 0.346875 0.3984375 0.346875 0.3984375 0.0015625
0 0.64375 0.771875 0.559375 0.771875 0.559375 0.996875 0.64375 0.996875 0.64375 0.771875
0 0.7640625 0.803125 0.68125 0.803125 0.68125 0.98125 0.7640625 0.98125 0.7640625 0.803125
0 0.815625 0.3015625 0.5140625 0.3015625 0.5140625 0.5296875 0.815625 0.5296875 0.815625 0.3015625
0 0.471875 0.35625 0.35 0.35625 0.35 0.465625 0.471875 0.465625 0.471875 0.35625
0 0.8109375 0.0015625 0.4390625 0.0015625 0.4390625 0.259375 0.8109375 0.259375 0.8109375 0.0015625
0 1.0 0.1796875 1.0 0.1796875 1.0 0.19375 1.0 0.19375 1.0 0.1796875
0 0.0484375 0.5609375 0.0015625 0.5609375 0.0015625 0.7125 0.0484375 0.7125 0.0484375 0.5609375
0 0.2171875 0.0703125 0.009375 0.0703125 0.009375 0.3546875 0.2171875 0.3546875 0.2171875 0.0703125
0 0.603125 0.1078125 0.5046875 0.1078125 0.5046875 0.2046875 0.603125 0.2046875 0.603125 0.1078125
0 0.071875 0.0015625 0.0015625 0.0015625 0.0015625 0.190625 0.071875 0.190625 0.071875 0.0015625
0 0.959375 0.8625 0.896875 0.8625 0.896875 1.0 0.959375 1.0 0.959375 0.8625
0 1.0 0.7 0.9390625 0.7 0.9390625 0.9078125 1.0 0.9078125 1.0 0.7
0 1.0 0.025 0.9640625 0.025 0.9640625 0.2265625 1.0 0.2265625 1.0 0.025
0 1.0 0.0015625 0.0015625 0.0015625 0.0015625 1.0 1.0 1.0 1.0 0.0015625
0 0.35 0.603125 0.2765625 0.603125 0.2765625 0.890625 0.35 0.890625 0.35 0.603125
0 0.2765625 0.575 0.209375 0.575 0.209375 0.765625 0.2765625 0.765625 0.2765625 0.575
0 0.3515625 0.25 0.2125 0.25 0.2125 0.6265625 0.3515625 0.6265625 0.3515625 0.25
0 0.221875 0.371875 0.1609375 0.371875 0.1609375 0.565625 0.221875 0.565625 0.221875 0.371875
0 0.0640625 0.353125 0.0015625 0.353125 0.0015625 0.4765625 0.0640625 0.4765625 0.0640625 0.353125
0 0.546875 0.15625 0.23125 0.15625 0.23125 0.2984375 0.546875 0.2984375 0.546875 0.15625
0 0.6453125 0.95 0.6265625 0.95 0.6265625 1.0 0.6453125 1.0 0.6453125 0.95
0 0.5859375 0.31875 0.4953125 0.31875 0.4953125 0.4109375 0.5859375 0.4109375 0.5859375 0.31875
