0 0.2578125 0.590625 0.1453125 0.590625 0.1453125 0.8109375 0.2578125 0.8109375 0.2578125 0.590625
0 0.696875 0.9796875 0.66875 0.9796875 0.66875 1.0 0.696875 1.0 0.696875 0.9796875
0 0.490625 0.7375 0.3671875 0.7375 0.3671875 0.9234375 0.490625 0.9234375 0.490625 0.7375
0 0.621875 0.7453125 0.3671875 0.7453125 0.3671875 1.0 0.621875 1.0 0.621875 0.7453125
0 0.8421875 0.6890625 0.721875 0.6890625 0.721875 0.81875 0.8421875 0.81875 0.8421875 0.6890625
0 0.43125 0.35625 0.253125 0.35625 0.253125 0.525 0.43125 0.525 0.43125 0.35625
0 0.6234375 0.6953125 0.4296875 0.6953125 0.4296875 0.9703125 0.6234375 0.9703125 0.6234375 0.6953125
0 0.621875 0.38125 0.49375 0.38125 0.49375 0.5546875 0.621875 0.5546875 0.621875 0.38125
0 0.9703125 0.7359375 0.828125 0.7359375 0.828125 0.825 0.9703125 0.825 0.9703125 0.7359375
0 0.1 0.7 0.01875 0.7 0.01875 0.8390625 0.1 0.8390625 0.1 0.7
0 0.4296875 0.8859375 0.278125 0.8859375 0.278125 1.0 0.4296875 1.0 0.4296875 0.8859375
0 1.0 0.3 0.8109375 0.3 0.8109375 0.3703125 1.0 0.3703125 1.0 0.3
0 0.921875 0.0015625 0.88125 0.0015625 0.88125 0.0484375 0.921875 0.0484375 0.921875 0.0015625
0 0.7765625 0.890625 0.6203125 0.890625 0.6203125 1.0 0.7765625 1.0 0.7765625 0.890625
0 0.16875 0.81875 0.059375 0.81875 0.059375 0.9484375 0.16875 0.9484375 0.16875 0.81875
0 0.1875 0.7140625 0.128125 0.7140625 0.128125 0.8890625 0.1875 0.8890625 0.1875 0.7140625
0 0.753125 0.634375 0.5078125 0.634375 0.5078125 0.9203125 0.753125 0.9203125 0.753125 0.634375
0 0.4890625 0.390625 0.29375 0.390625 0.29375 0.7234375 0.4890625 0.7234375 0.4890625 0.390625
0 0.5796875 0.5375 0.4453125 0.5375 0.4453125 0.70625 0.5796875 0.70625 0.5796875 0.5375
0 0.6234375 0.065625 0.3625 0.065625 0.3625 0.3734375 0.6234375 0.3734375 0.6234375 0.065625
0 0.29375 0.0015625 0.1 0.0015625 0.1 0.11875 0.29375 0.11875 0.29375 0.0015625
0 0.7328125 0.0015625 0.65625 0.0015625 0.65625 0.08125 0.7328125 0.08125 0.7328125 0.0015625
0 0.9015625 0.9203125 0.775 0.9203125 0.775 1.0 0.9015625 1.0 0.9015625 0.9203125
0 1.0 0.0015625 0.9453125 0.0015625 0.9453125 0.1796875 1.0 0.1796875 1.0 0.0015625
0 0.715625 0.5390625 0.0765625 0.5390625 0.0765625 1.0 0.715625 1.0 0.715625 0.5390625
0 0.2015625 0.0828125 0.0234375 0.0828125 0.0234375 0.3578125 0.2015625 0.3578125 0.2015625 0.0828125
0 0.996875 0.778125 0.696875 0.778125 0.696875 1.0 0.996875 1.0 0.996875 0.778125
0 0.721875 0.8734375 0.578125 0.8734375 0.578125 1.0 0.721875 1.0 0.721875 0.8734375
0 0.4765625 0.784375 0.4015625 0.784375 0.4015625 0.9609375 0.4765625 0.9609375 0.4765625 0.784375
0 0.953125 0.465625 0.775 0.465625 0.775 0.6625 0.953125 0.6625 0.953125 0.465625
0 0.7375 0.0328125 0.4015625 0.0328125 0.4015625 0.359375 0.7375 0.359375 0.7375 0.0328125
0 0.7734375 0.0015625 0.7265625 0.0015625 0.7265625 0.05 0.7734375 0.05 0.7734375 0.0015625
0 1.0 0.140625 0.83125 0.140625 0.83125 0.3203125 1.0 0.3203125 1.0 0.140625
0 0.9875 0.0015625 0.9265625 0.0015625 0.9265625 0.0046875 0.9875 0.0046875 0.9875 0.0015625
0 0.5 0.515625 0.425 0.515625 0.425 0.7046875 0.5 0.7046875 0.5 0.515625
0 0.828125 0.825 0.68125 0.825 0.68125 0.9703125 0.828125 0.9703125 0.828125 0.825
0 0.715625 0.3 0.5609375 0.3 0.5609375 0.4234375 0.715625 0.4234375 0.715625 0.3
0 1.0 0.215625 0.38125 0.215625 0.38125 0.7453125 1.0 0.7453125 1.0 0.215625
0 1.0 0.7859375 0.96875 0.7859375 0.96875 0.8609375 1.0 0.8609375 1.0 0.7859375
0 1.0 0.728125 0.9390625 0.728125 0.9390625 0.9015625 1.0 0.9015625 1.0 0.728125
0 0.190625 0.9359375 0.0015625 0.9359375 0.0015625 1.0 0.190625 1.0 0.190625 0.9359375
0 0.0015625 0.7578125 0.0015625 0.7578125 0.0015625 0.7625 0.0015625 0.7625 0.0015625 0.7578125
0 0.3359375 0.2796875 0.1421875 0.2796875 0.1421875 0.6109375 0.3359375 0.6109375 0.3359375 0.2796875
0 0.04375 0.2 0.0015625 0.2 0.0015625 0.4046875 0.04375 0.4046875 0.04375 0.2
0 0.2734375 0.0125 0.1109375 0.0125 0.1109375 0.321875 0.2734375 0.321875 0.2734375 0.0125
0 0.3984375 0.1640625 0.328125 0.1640625 0.328125 0.3421875 0.3984375 0.3421875 0.3984375 0.1640625
0 0.0328125 0.0359375 0.0015625 0.0359375 0.0015625 0.10625 0.0328125 0.10625 0.0328125 0.0359375
0 0.7609375 0.684375 0.6515625 0.684375 0.6515625 0.9015625 0.7609375 0.9015625 0.7609375 0.684375
0 0.96875 0.0015625 0.6796875 0.0015625 0.6796875 0.3609375 0.96875 0.3609375 0.96875 0.0015625
0 0.6625 0.090625 0.553125 0.090625 0.553125 0.2703125 0.6625 0.2703125 0.6625 0.090625
0 0.678125 0.0015625 0.6 0.0015625 0.6 0.109375 0.678125 0.109375 0.678125 0.0015625
0 1.0 0.86875 0.95 0.86875 0.95 0.9484375 1.0 0.9484375 1.0 0.86875
0 0.05625 0.796875 0.0015625 0.796875 0.0015625 0.9203125 0.05625 0.9203125 0.05625 0.796875
0 0.1984375 0.2734375 0.0015625 0.2734375 0.0015625 0.7765625 0.1984375 0.7765625 0.1984375 0.2734375
0 0.1703125 0.9765625 0.028125 0.9765625 0.028125 1.0 0.1703125 1.0 0.1703125 0.9765625
0 0.2296875 0.3640625 0.1546875 0.3640625 0.1546875 0.5046875 0.2296875 0.5046875 0.2296875 0.3640625
0 0.1171875 0.0015625 0.0015625 0.0015625 0.0015625 0.2578125 0.1171875 0.2578125 0.1171875 0.0015625
0 0.4828125 0.0015625 0.2796875 0.0015625 0.2796875 0.1078125 0.4828125 0.1078125 0.4828125 0.0015625
0 0.65 0.8578125 0.559375 0.8578125 0.559375 1.0 0.65 1.0 0.65 0.8578125
0 0.3390625 0.2328125 0.2046875 0.2328125 0.2046875 0.428125 0.3390625 0.428125 0.3390625 0.2328125
0 1.0 0.925 1.0 0.925 1.0 0.9296875 1.0 0.9296875 1.0 0.925
0 0.990625 0.0015625 0.8421875 0.0015625 0.8421875 0.1578125 0.990625 0.1578125 0.990625 0.0015625
