0 0.9171875 0.60625 0.8328125 0.60625 0.8328125 0.7734375 0.9171875 0.7734375 0.9171875 0.60625
0 0.9890625 0.8640625 0.9203125 0.8640625 0.9203125 0.971875 0.9890625 0.971875 0.9890625 0.8640625
0 0.6015625 0.909375 0.496875 0.909375 0.496875 1.0 0.6015625 1.0 0.6015625 0.909375
0 0.6296875 0.45625 0.5265625 0.45625 0.5265625 0.5828125 0.6296875 0.5828125 0.6296875 0.45625
0 0.98125 0.471875 0.9109375 0.471875 0.9109375 0.5640625 0.98125 0.5640625 0.98125 0.471875
0 0.175 0.6828125 0.0015625 0.6828125 0.0015625 0.840625 0.175 0.840625 0.175 0.6828125
0 0.8421875 0.9703125 0.778125 0.9703125 0.778125 1.0 0.8421875 1.0 0.8421875 0.9703125
0 0.8109375 0.790625 0.709375 0.790625 0.709375 1.0 0.8109375 1.0 0.8109375 0.790625
0 1.0 0.815625 0.9890625 0.815625 0.9890625 0.921875 1.0 0.921875 1.0 0.815625
0 0.725 0.5703125 0.5578125 0.5703125 0.5578125 0.878125 0.725 0.878125 0.725 0.5703125
0 0.496875 0.521875 0.403125 0.521875 0.403125 0.8578125 0.496875 0.8578125 0.496875 0.521875
0 0.5921875 0.6265625 0.50625 0.6265625 0.50625 0.7546875 0.5921875 0.7546875 0.5921875 0.6265625
0 0.51875 0.1703125 0.446875 0.1703125 0.446875 0.33125 0.51875 0.33125 0.51875 0.1703125
0 1.0 0.6015625 0.946875 0.6015625 0.946875 0.6796875 1.0 0.6796875 1.0 0.6015625
0 0.534375 0.29375 0.4328125 0.29375 0.4328125 0.4203125 0.534375 0.4203125 0.534375 0.29375
0 0.025 0.5171875 0.0015625 0.5171875 0.0015625 0.6375 0.025 0.6375 0.025 0.5171875
0 0.6890625 0.6109375 0.5921875 0.6109375 0.5921875 0.8265625 0.6890625 0.8265625 0.6890625 0.6109375
0 0.125 0.921875 0.0578125 0.921875 0.0578125 1.0 0.125 1.0 0.125 0.921875
0 0.115625 0.36875 0.0109375 0.36875 0.0109375 0.540625 0.115625 0.540625 0.115625 0.36875
0 1.0 0.6796875 0.965625 0.6796875 0.965625 0.76875 1.0 0.76875 1.0 0.6796875
0 0.6140625 0.978125 0.5625 0.978125 0.5625 1.0 0.6140625 1.0 0.6140625 0.978125
0 0.4140625 0.821875 0.23125 0.821875 0.23125 0.9703125 0.4140625 0.9703125 0.4140625 0.821875
0 0.225 0.53125 0.121875 0.53125 0.121875 0.765625 0.225 0.765625 0.225 0.53125
0 0.94375 0.2359375 0.8390625 0.2359375 0.8390625 0.3515625 0.94375 0.3515625 0.94375 0.2359375
0 0.128125 0.1375 0.0015625 0.1375 0.0015625 0.1765625 0.128125 0.1765625 0.128125 0.1375
0 0.5 0.45625 0.4046875 0.45625 0.4046875 0.665625 0.5 0.665625 0.5 0.45625
0 0.434375 0.26875 0.36875 0.26875 0.36875 0.4203125 0.434375 0.4203125 0.434375 0.26875
0 0.096875 0.865625 0.0015625 0.865625 0.0015625 0.996875 0.096875 0.996875 0.096875 0.865625
0 0.3546875 0.7484375 0.228125 0.7484375 0.228125 0.9078125 0.3546875 0.9078125 0.3546875 0.7484375
0 0.11875 0.6671875 0.0015625 0.6671875 0.0015625 0.8515625 0.11875 0.8515625 0.11875 0.6671875
0 0.190625 0.496875 0.1046875 0.496875 0.1046875 0.6671875 0.190625 0.6671875 0.190625 0.496875
0 0.4671875 0.446875 0.246875 0.446875 0.246875 0.60625 0.4671875 0.60625 0.4671875 0.446875
0 0.2109375 0.3 0.0015625 0.3 0.0015625 0.5125 0.2109375 0.5125 0.2109375 0.3
0 0.6953125 0.0015625 0.4125 0.0015625 0.4125 0.4109375 0.6953125 0.4109375 0.6953125 0.0015625
0 0.0984375 0.1859375 0.0015625 0.1859375 0.0015625 0.3140625 0.0984375 0.3140625 0.0984375 0.1859375
0 0.2828125 0.0984375 0.096875 0.0984375 0.096875 0.2828125 0.2828125 0.2828125 0.2828125 0.0984375
0 0.2734375 0.08125 0.0015625 0.08125 0.0015625 0.159375 0.2734375 0.159375 0.2734375 0.08125
0 0.7296875 0.0015625 0.6078125 0.0015625 0.6078125 0.13125 0.7296875 0.13125 0.7296875 0.0015625
0 0.796875 0.8 0.6703125 0.8 0.6703125 0.9640625 0.796875 0.9640625 0.796875 0.8
0 0.734375 0.6640625 0.5828125 0.6640625 0.5828125 0.91875 0.734375 0.91875 0.734375 0.6640625
0 0.128125 0.153125 0.0015625 0.153125 0.0015625 0.2328125 0.128125 0.2328125 0.128125 0.153125
0 0.253125 0.7890625 0.0859375 0.7890625 0.0859375 0.9734375 0.253125 0.9734375 0.253125 0.7890625
0 0.6109375 0.771875 0.434375 0.771875 0.434375 0.9671875 0.6109375 0.9671875 0.6109375 0.771875
0 0.065625 0.815625 0.0015625 0.815625 0.0015625 0.8859375 0.065625 0.8859375 0.065625 0.815625
0 0.3703125 0.6328125 0.2515625 0.6328125 0.2515625 0.7296875 0.3703125 0.7296875 0.3703125 0.6328125
0 0.3890625 0.221875 0.2703125 0.221875 0.2703125 0.4578125 0.3890625 0.4578125 0.3890625 0.221875
0 0.2796875 0.19375 0.184375 0.19375 0.184375 0.3453125 0.2796875 0.3453125 0.2796875 0.19375
0 1.0 0.3234375 0.83125 0.3234375 0.83125 0.603125 1.0 0.603125 1.0 0.3234375
0 1.0 0.16875 0.996875 0.16875 0.996875 0.296875 1.0 0.296875 1.0 0.16875
0 0.9984375 0.0015625 0.934375 0.0015625 0.934375 0.0671875 0.9984375 0.0671875 0.9984375 0.0015625
0 0.025 0.9 0.0015625 0.9 0.0015625 0.978125 0.025 0.978125 0.025 0.9
0 0.1609375 0.440625 0.0015625 0.440625 0.0015625 0.715625 0.1609375 0.715625 0.1609375 0.440625
0 1.0 0.3859375 0.60625 0.3859375 0.60625 1.0 1.0 1.0 1.0 0.3859375
0 0.396875 0.9015625 0.1265625 0.9015625 0.1265625 1.0 0.396875 1.0 0.396875 0.9015625
0 0.5 0.88125 0.4078125 0.88125 0.4078125 1.0 0.5 1.0 0.5 0.88125
0 0.6265625 0.371875 0.4671875 0.371875 0.4671875 0.8546875 0.6265625 0.8546875 0.6265625 0.371875
0 0.4390625 0.496875 0.1484375 0.496875 0.1484375 0.8578125 0.4390625 0.8578125 0.4390625 0.496875
0 0.2625 0.3 0.128125 0.3 0.128125 0.4953125 0.2625 0.4953125 0.2625 0.3
0 0.4828125 0.3390625 0.3359375 0.3390625 0.3359375 0.48125 0.4828125 0.48125 0.4828125 0.3390625
0 0.38125 0.3140625 0.2921875 0.3140625 0.2921875 0.428125 0.38125 0.428125 0.38125 0.3140625
0 0.425 0.0875 0.2734375 0.0875 0.2734375 0.296875 0.425 0.296875 0.425 0.0875
0 0.115625 0.075 0.0015625 0.075 0.0015625 0.115625 0.115625 0.115625 0.115625 0.075
0 0.60625 0.0015625 0.559375 0.0015625 0.559375 0.059375 0.60625 0.059375 0.60625 0.0015625
0 0.5015625 0.0015625 0.465625 0.0015625 0.465625 0.0296875 0.5015625 0.0296875 0.5015625 0.0015625
0 0.9890625 0.096875 0.8796875 0.096875 0.8796875 0.2296875 0.9890625 0.2296875 0.9890625 0.096875
0 0.665625 0.359375 0.5359375 0.359375 0.5359375 0.5734375 0.665625 0.5734375 0.665625 0.359375
0 0.0265625 0.61875 0.0015625 0.61875 0.0015625 0.6953125 0.0265625 0.6953125 0.0265625 0.61875
0 0.18125 0.265625 0.0015625 0.265625 0.0015625 0.3703125 0.18125 0.3703125 0.18125 0.265625
0 0.2421875 0.084375 0.1109375 0.084375 0.1109375 0.2171875 0.2421875 0.2171875 0.2421875 0.084375
0 0.5875 0.9078125 0.46875 0.9078125 0.46875 1.0 0.5875 1.0 0.5875 0.9078125
0 0.4515625 0.853125 0.290625 0.853125 0.290625 1.0 0.4515625 1.0 0.4515625 0.853125
0 0.3203125 0.159375 0.1703125 0.159375 0.1703125 0.5578125 0.3203125 0.5578125 0.3203125 0.159375
0 0.9921875 0.746875 0.871875 0.746875 0.871875 1.0 0.9921875 1.0 0.9921875 0.746875
0 0.9828125 0.2171875 0.8640625 0.2171875 0.8640625 0.371875 0.9828125 0.371875 0.9828125 0.2171875
0 1.0 0.9734375 0.9796875 0.9734375 0.9796875 1.0 1.0 1.0 1.0 0.9734375
