0 0.5015625 0.34375 0.278125 0.34375 0.278125 1.0 0.5015625 1.0 0.5015625 0.34375
0 0.7640625 0.2734375 0.65625 0.2734375 0.65625 0.490625 0.7640625 0.490625 0.7640625 0.2734375
0 0.95 0.925 0.8234375 0.925 0.8234375 1.0 0.95 1.0 0.95 0.925
0 0.23125 0.4671875 0.11875 0.4671875 0.11875 0.659375 0.23125 0.659375 0.23125 0.4671875
0 0.6640625 0.065625 0.51875 0.065625 0.51875 0.63125 0.6640625 0.63125 0.6640625 0.065625
0 0.3546875 0.3796875 0.2640625 0.3796875 0.2640625 0.5765625 0.3546875 0.5765625 0.3546875 0.3796875
0 0.8375 0.2140625 0.671875 0.2140625 0.671875 0.6515625 0.8375 0.6515625 0.8375 0.2140625
0 1.0 0.0484375 0.978125 0.0484375 0.978125 0.071875 1.0 0.071875 1.0 0.0484375
0 1.0 0.0015625 0.4015625 0.0015625 0.4015625 1.0 1.0 1.0 1.0 0.0015625
0 0.1734375 0.0015625 0.0015625 0.0015625 0.0015625 0.6734375 0.1734375 0.6734375 0.1734375 0.0015625
0 0.2796875 0.421875 0.159375 0.421875 0.159375 0.65 0.2796875 0.65 0.2796875 0.421875
0 0.4671875 0.5671875 0.34375 0.5671875 0.34375 1.0 0.4671875 1.0 0.4671875 0.5671875
0 0.0796875 0.909375 0.0203125 0.909375 0.0203125 1.0 0.0796875 1.0 0.0796875 0.909375
