0 0.915625 0.9140625 0.834375 0.9140625 0.834375 1.0 0.915625 1.0 0.915625 0.9140625
0 0.034375 0.7453125 0.0015625 0.7453125 0.0015625 0.846875 0.034375 0.846875 0.034375 0.7453125
0 0.1046875 0.2890625 0.0015625 0.2890625 0.0015625 0.396875 0.1046875 0.396875 0.1046875 0.2890625
0 0.8171875 0.146875 0.6765625 0.146875 0.6765625 0.3296875 0.8171875 0.3296875 0.8171875 0.146875
0 0.259375 0.0015625 0.15625 0.0015625 0.15625 0.1015625 0.259375 0.1015625 0.259375 0.0015625
0 0.953125 0.6484375 0.8140625 0.6484375 0.8140625 0.9734375 0.953125 0.9734375 0.953125 0.6484375
0 0.4484375 0.5671875 0.340625 0.5671875 0.340625 0.8765625 0.4484375 0.8765625 0.4484375 0.5671875
0 0.6828125 0.4953125 0.5703125 0.4953125 0.5703125 0.684375 0.6828125 0.684375 0.6828125 0.4953125
0 0.578125 0.303125 0.3875 0.303125 0.3875 0.390625 0.578125 0.390625 0.578125 0.303125
0 0.0328125 0.9015625 0.0015625 0.9015625 0.0015625 1.0 0.0328125 1.0 0.0328125 0.9015625
0 0.3109375 0.4078125 0.2 0.4078125 0.2 0.55625 0.3109375 0.55625 0.3109375 0.4078125
0 0.4375 0.0765625 0.159375 0.0765625 0.159375 0.4421875 0.4375 0.4421875 0.4375 0.0765625
0 0.1609375 0.0015625 0.0015625 0.0015625 0.0015625 0.3640625 0.1609375 0.3640625 0.1609375 0.0015625
0 0.24375 0.1765625 0.16875 0.1765625 0.16875 0.4046875 0.24375 0.4046875 0.24375 0.1765625
0 0.0328125 0.0015625 0.0015625 0.0015625 0.0015625 0.0921875 0.0328125 0.0921875 0.0328125 0.0015625
0 0.3671875 0.0015625 0.2921875 0.0015625 0.2921875 0.0984375 0.3671875 0.0984375 0.3671875 0.0015625
0 0.5296875 0.0015625 0.4015625 0.0015625 0.4015625 0.128125 0.5296875 0.128125 0.5296875 0.0015625
0 0.084375 0.0015625 0.034375 0.0015625 0.034375 0.01875 0.084375 0.01875 0.084375 0.0015625
0 0.1765625 0.0015625 0.171875 0.0015625 0.171875 0.003125 0.1765625 0.003125 0.1765625 0.0015625
0 1.0 0.696875 0.83125 0.696875 0.83125 1.0 1.0 1.0 1.0 0.696875
0 0.6125 0.8578125 0.553125 0.8578125 0.553125 1.0 0.6125 1.0 0.6125 0.8578125
0 1.0 0.9578125 0.99375 0.9578125 0.99375 1.0 1.0 1.0 1.0 0.9578125
0 0.853125 0.3484375 0.496875 0.3484375 0.496875 0.9890625 0.853125 0.9890625 0.853125 0.3484375
0 0.5125 0.6796875 0.4203125 0.6796875 0.4203125 0.85 0.5125 0.85 0.5125 0.6796875
0 1.0 0.284375 0.8921875 0.284375 0.8921875 0.75625 1.0 0.75625 1.0 0.284375
0 0.5796875 0.378125 0.415625 0.378125 0.415625 0.59375 0.5796875 0.59375 0.5796875 0.378125
0 0.9484375 0.015625 0.8109375 0.015625 0.8109375 0.1265625 0.9484375 0.1265625 0.9484375 0.015625
0 0.5859375 0.0015625 0.53125 0.0015625 0.53125 0.034375 0.5859375 0.034375 0.5859375 0.0015625
0 0.625 0.346875 0.0015625 0.346875 0.0015625 1.0 0.625 1.0 0.625 0.346875
0 0.0921875 0.0015625 0.0015625 0.0015625 0.0015625 0.1609375 0.0921875 0.1609375 0.0921875 0.0015625
0 0.0453125 0.0015625 0.003125 0.0015625 0.003125 0.0421875 0.0453125 0.0421875 0.0453125 0.0015625
0 1.0 0.0015625 0.775 0.0015625 0.775 0.515625 1.0 0.515625 1.0 0.0015625
0 0.7765625 0.7125 0.6796875 0.7125 0.6796875 0.9125 0.7765625 0.9125 0.7765625 0.7125
0 0.9359375 0.0015625 0.378125 0.0015625 0.378125 0.5875 0.9359375 0.5875 0.9359375 0.0015625
0 0.8359375 0.878125 0.753125 0.878125 0.753125 1.0 0.8359375 1.0 0.8359375 0.878125
0 0.934375 0.4765625 0.78125 0.4765625 0.78125 0.95 0.934375 0.95 0.934375 0.4765625
0 0.2625 0.1203125 0.103125 0.1203125 0.103125 0.346875 0.2625 0.346875 0.2625 0.1203125
0 0.2703125 0.928125 0.009375 0.928125 0.009375 1.0 0.2703125 1.0 0.2703125 0.928125
