0 0.2265625 0.5171875 0.0640625 0.5171875 0.0640625 0.89375 0.2265625 0.89375 0.2265625 0.5171875
0 0.034375 0.15625 0.0015625 0.15625 0.0015625 0.309375 0.034375 0.309375 0.034375 0.15625
0 0.184375 0.0015625 0.0015625 0.0015625 0.0015625 0.3328125 0.184375 0.3328125 0.184375 0.0015625
0 0.021875 0.3484375 0.0015625 0.3484375 0.0015625 0.4796875 0.021875 0.4796875 0.021875 0.3484375
0 0.46875 0.6171875 0.3578125 0.6171875 0.3578125 0.7640625 0.46875 0.7640625 0.46875 0.6171875
0 0.703125 0.0734375 0.59375 0.0734375 0.59375 0.20625 0.703125 0.20625 0.703125 0.0734375
0 0.21875 0.95625 0.1375 0.95625 0.1375 1.0 0.21875 1.0 0.21875 0.95625
0 0.0515625 0.5953125 0.0015625 0.5953125 0.0015625 1.0 0.0515625 1.0 0.0515625 0.5953125
0 0.603125 0.325 0.3703125 0.325 0.3703125 0.615625 0.603125 0.615625 0.603125 0.325
0 0.2484375 0.6765625 0.175 0.6765625 0.175 0.784375 0.2484375 0.784375 0.2484375 0.6765625
0 1.0 0.0015625 0.9671875 0.0015625 0.9671875 0.078125 1.0 0.078125 1.0 0.0015625
0 0.69375 0.0015625 0.5546875 0.0015625 0.5546875 0.096875 0.69375 0.096875 0.69375 0.0015625
0 0.66875 0.809375 0.553125 0.809375 0.553125 1.0 0.66875 1.0 0.66875 0.809375
0 0.0328125 0.95625 0.0015625 0.95625 0.0015625 1.0 0.0328125 1.0 0.0328125 0.95625
0 0.5015625 0.4484375 0.3625 0.4484375 0.3625 0.584375 0.5015625 0.584375 0.5015625 0.4484375
0 0.2875 0.9234375 0.2140625 0.9234375 0.2140625 1.0 0.2875 1.0 0.2875 0.9234375
0 0.984375 0.678125 0.8375 0.678125 0.8375 0.8109375 0.984375 0.8109375 0.984375 0.678125
0 0.9609375 0.0015625 0.8 0.0015625 0.8 0.171875 0.9609375 0.171875 0.9609375 0.0015625
0 0.128125 0.8734375 0.046875 0.8734375 0.046875 1.0 0.128125 1.0 0.128125 0.8734375
0 0.675 0.61875 0.3828125 0.61875 0.3828125 0.875 0.675 0.875 0.675 0.61875
0 1.0 0.175 0.8796875 0.175 0.8796875 0.75625 1.0 0.75625 1.0 0.175
0 1.0 0.0015625 0.871875 0.0015625 0.871875 0.1859375 1.0 0.1859375 1.0 0.0015625
0 0.903125 0.0484375 0.8 0.0484375 0.8 0.14375 0.903125 0.14375 0.903125 0.0484375
0 0.8421875 0.0015625 0.825 0.0015625 0.825 0.0125 0.8421875 0.0125 0.8421875 0.0015625
0 0.56875 0.8796875 0.4421875 0.8796875 0.4421875 1.0 0.56875 1.0 0.56875 0.8796875
0 0.3015625 0.4859375 0.1828125 0.4859375 0.1828125 0.6125 0.3015625 0.6125 0.3015625 0.4859375
0 0.5265625 0.228125 0.3859375 0.228125 0.3859375 0.375 0.5265625 0.375 0.5265625 0.228125
0 0.390625 0.196875 0.2609375 0.196875 0.2609375 0.365625 0.390625 0.365625 0.390625 0.196875
0 0.45625 0.0015625 0.3203125 0.0015625 0.3203125 0.175 0.45625 0.175 0.45625 0.0015625
0 0.9 0.9796875 0.8734375 0.9796875 0.8734375 1.0 0.9 1.0 0.9 0.9796875
0 1.0 0.865625 0.871875 0.865625 0.871875 1.0 1.0 1.0 1.0 0.865625
0 0.49375 0.0015625 0.1421875 0.0015625 0.1421875 0.1203125 0.49375 0.1203125 0.49375 0.0015625
0 0.0125 0.7265625 0.0015625 0.7265625 0.0015625 0.884375 0.0125 0.884375 0.0125 0.7265625
0 0.0078125 0.4890625 0.0015625 0.4890625 0.0015625 0.5328125 0.0078125 0.5328125 0.0078125 0.4890625
0 0.65 0.2671875 0.546875 0.2671875 0.546875 0.4171875 0.65 0.4171875 0.65 0.2671875
0 0.790625 0.0015625 0.0765625 0.0015625 0.0765625 0.715625 0.790625 0.715625 0.790625 0.0015625
0 0.2140625 0.9125 0.0859375 0.9125 0.0859375 1.0 0.2140625 1.0 0.2140625 0.9125
0 0.33125 0.509375 0.1390625 0.509375 0.1390625 0.89375 0.33125 0.89375 0.33125 0.509375
0 0.2359375 0.3203125 0.1515625 0.3203125 0.1515625 0.4390625 0.2359375 0.4390625 0.2359375 0.3203125
0 1.0 0.8671875 0.9078125 0.8671875 0.9078125 1.0 1.0 1.0 1.0 0.8671875
0 0.903125 0.68125 0.6203125 0.68125 0.6203125 1.0 0.903125 1.0 0.903125 0.68125
0 0.871875 0.0015625 0.865625 0.0015625 0.865625 0.0125 0.871875 0.0125 0.871875 0.0015625
0 1.0 0.271875 0.9015625 0.271875 0.9015625 0.44375 1.0 0.44375 1.0 0.271875
0 0.29375 0.8515625 0.1796875 0.8515625 0.1796875 0.95625 0.29375 0.95625 0.29375 0.8515625
0 0.6203125 0.7953125 0.4109375 0.7953125 0.4109375 0.9296875 0.6203125 0.9296875 0.6203125 0.7953125
0 0.0734375 0.1203125 0.0015625 0.1203125 0.0015625 0.3140625 0.0734375 0.3140625 0.0734375 0.1203125
