0 0.3375 0.3734375 0.2125 0.3734375 0.2125 0.4875 0.3375 0.4875 0.3375 0.3734375
0 0.2140625 0.646875 0.0296875 0.646875 0.0296875 0.83125 0.2140625 0.83125 0.2140625 0.646875
0 0.0109375 0.35 0.0015625 0.35 0.0015625 0.3859375 0.0109375 0.3859375 0.0109375 0.35
0 0.265625 0.44375 0.0109375 0.44375 0.0109375 0.7453125 0.265625 0.7453125 0.265625 0.44375
0 0.434375 0.3203125 0.334375 0.3203125 0.334375 0.4796875 0.434375 0.4796875 0.434375 0.3203125
0 0.39375 0.7 0.18125 0.7 0.18125 0.809375 0.39375 0.809375 0.39375 0.7
0 0.065625 0.4546875 0.0015625 0.4546875 0.0015625 0.6015625 0.065625 0.6015625 0.065625 0.4546875
0 0.384375 0.3359375 0.2703125 0.3359375 0.2703125 0.5015625 0.384375 0.5015625 0.384375 0.3359375
0 0.14375 0.2640625 0.0015625 0.2640625 0.0015625 0.3765625 0.14375 0.3765625 0.14375 0.2640625
0 0.253125 0.8015625 0.084375 0.8015625 0.084375 0.8859375 0.253125 0.8859375 0.253125 0.8015625
0 0.56875 0.534375 0.3734375 0.534375 0.3734375 0.715625 0.56875 0.715625 0.56875 0.534375
0 0.4171875 0.525 0.284375 0.525 0.284375 0.7125 0.4171875 0.7125 0.4171875 0.525
0 0.753125 0.396875 0.634375 0.396875 0.634375 0.678125 0.753125 0.678125 0.753125 0.396875
0 0.6359375 0.35 0.4921875 0.35 0.4921875 0.490625 0.6359375 0.490625 0.6359375 0.35
0 0.3296875 0.1671875 0.19375 0.1671875 0.19375 0.340625 0.3296875 0.340625 0.3296875 0.1671875
0 0.1421875 0.0015625 0.0703125 0.0015625 0.0703125 0.128125 0.1421875 0.128125 0.1421875 0.0015625
0 0.25625 0.3703125 0.096875 0.3703125 0.096875 0.625 0.25625 0.625 0.25625 0.3703125
0 0.58125 0.3296875 0.3703125 0.3296875 0.3703125 0.4796875 0.58125 0.4796875 0.58125 0.3296875
0 0.7328125 0.903125 0.65625 0.903125 0.65625 1.0 0.7328125 1.0 0.7328125 0.903125
0 0.85 0.3890625 0.6875 0.3890625 0.6875 0.60625 0.85 0.60625 0.85 0.3890625
0 0.45625 0.753125 0.0015625 0.753125 0.0015625 1.0 0.45625 1.0 0.45625 0.753125
0 1.0 0.571875 0.9625 0.571875 0.9625 0.678125 1.0 0.678125 1.0 0.571875
0 0.9125 0.4484375 0.8421875 0.4484375 0.8421875 0.6046875 0.9125 0.6046875 0.9125 0.4484375
0 0.140625 0.3109375 0.0453125 0.3109375 0.0453125 0.5125 0.140625 0.5125 0.140625 0.3109375
0 0.1515625 0.0015625 0.1 0.0015625 0.1 0.121875 0.1515625 0.121875 0.1515625 0.0015625
0 0.0453125 0.153125 0.0015625 0.153125 0.0015625 0.2203125 0.0453125 0.2203125 0.0453125 0.153125
0 0.684375 0.884375 0.490625 0.884375 0.490625 1.0 0.684375 1.0 0.684375 0.884375
0 0.35 0.5609375 0.0828125 0.5609375 0.0828125 0.8140625 0.35 0.8140625 0.35 0.5609375
0 0.6609375 0.621875 0.38125 0.621875 0.38125 0.7609375 0.6609375 0.7609375 0.6609375 0.621875
0 0.14375 0.63125 0.0046875 0.63125 0.0046875 0.790625 0.14375 0.790625 0.14375 0.63125
0 0.5609375 0.0015625 0.490625 0.0015625 0.490625 0.209375 0.5609375 0.209375 0.5609375 0.0015625
0 1.0 0.184375 0.9125 0.184375 0.9125 0.278125 1.0 0.278125 1.0 0.184375
0 0.5421875 0.465625 0.334375 0.465625 0.334375 0.5671875 0.5421875 0.5671875 0.5421875 0.465625
0 0.540625 0.2796875 0.3453125 0.2796875 0.3453125 0.4265625 0.540625 0.4265625 0.540625 0.2796875
0 0.425 0.0015625 0.2875 0.0015625 0.2875 0.1359375 0.425 0.1359375 0.425 0.0015625
0 0.021875 0.990625 0.0015625 0.990625 0.0015625 1.0 0.021875 1.0 0.021875 0.990625
0 0.30625 0.8421875 0.178125 0.8421875 0.178125 1.0 0.30625 1.0 0.30625 0.8421875
0 0.7203125 0.796875 0.590625 0.796875 0.590625 0.8796875 0.7203125 0.8796875 0.7203125 0.796875
0 0.865625 0.559375 0.7046875 0.559375 0.7046875 0.8078125 0.865625 0.8078125 0.865625 0.559375
0 1.0 0.6546875 0.928125 0.6546875 0.928125 0.7140625 1.0 0.7140625 1.0 0.6546875
0 1.0 0.4140625 0.921875 0.4140625 0.921875 0.5828125 1.0 0.5828125 1.0 0.4140625
0 0.378125 0.15 0.225 0.15 0.225 0.2765625 0.378125 0.2765625 0.378125 0.15
0 0.1359375 0.7890625 0.0015625 0.7890625 0.0015625 0.875 0.1359375 0.875 0.1359375 0.7890625
0 0.28125 0.5546875 0.1140625 0.5546875 0.1140625 0.7 0.28125 0.7 0.28125 0.5546875
0 0.0546875 0.3671875 0.0015625 0.3671875 0.0015625 0.509375 0.0546875 0.509375 0.0546875 0.3671875
0 0.3328125 0.253125 0.2015625 0.253125 0.2015625 0.3859375 0.3328125 0.3859375 0.3328125 0.253125
0 0.0671875 0.1453125 0.0015625 0.1453125 0.0015625 0.29375 0.0671875 0.29375 0.0671875 0.1453125
0 0.446875 0.0890625 0.265625 0.0890625 0.265625 0.246875 0.446875 0.246875 0.446875 0.0890625
0 0.14375 0.1109375 0.0890625 0.1109375 0.0890625 0.296875 0.14375 0.296875 0.14375 0.1109375
0 0.7875 0.9921875 0.7734375 0.9921875 0.7734375 1.0 0.7875 1.0 0.7875 0.9921875
0 0.9984375 0.15625 0.79375 0.15625 0.79375 0.328125 0.9984375 0.328125 0.9984375 0.15625
0 0.496875 0.0015625 0.378125 0.0015625 0.378125 0.0953125 0.496875 0.0953125 0.496875 0.0015625
0 0.515625 0.9296875 0.371875 0.9296875 0.371875 1.0 0.515625 1.0 0.515625 0.9296875
0 0.2109375 0.9546875 0.0015625 0.9546875 0.0015625 1.0 0.2109375 1.0 0.2109375 0.9546875
0 0.3640625 0.865625 0.271875 0.865625 0.271875 1.0 0.3640625 1.0 0.3640625 0.865625
0 0.8234375 0.3234375 0.465625 0.3234375 0.465625 1.0 0.8234375 1.0 0.8234375 0.3234375
0 0.8203125 0.590625 0.71875 0.590625 0.71875 0.7546875 0.8203125 0.7546875 0.8203125 0.590625
0 1.0 0.1546875 0.8078125 0.1546875 0.8078125 0.4921875 1.0 0.4921875 1.0 0.1546875
0 1.0 0.0015625 0.6140625 0.0015625 0.6140625 0.1578125 1.0 0.1578125 1.0 0.0015625
0 1.0 0.8828125 0.9625 0.8828125 0.9625 0.9796875 1.0 0.9796875 1.0 0.8828125
0 1.0 0.765625 0.8640625 0.765625 0.8640625 0.8734375 1.0 0.8734375 1.0 0.765625
0 0.075 0.0078125 0.0015625 0.0078125 0.0015625 0.1609375 0.075 0.1609375 0.075 0.0078125
0 0.8203125 0.0015625 0.6703125 0.0015625 0.6703125 0.0625 0.8203125 0.0625 0.8203125 0.0015625
0 1.0 0.171875 0.884375 0.171875 0.884375 0.328125 1.0 0.328125 1.0 0.171875
0 1.0 0.0015625 0.8703125 0.0015625 0.8703125 0.03125 1.0 0.03125 1.0 0.0015625
0 0.6375 0.0015625 0.6109375 0.0015625 0.6109375 0.025 0.6375 0.025 0.6375 0.0015625
0 0.0234375 0.3875 0.0015625 0.3875 0.0015625 0.43125 0.0234375 0.43125 0.0234375 0.3875
0 0.3796875 0.0015625 0.221875 0.0015625 0.221875 0.19375 0.3796875 0.19375 0.3796875 0.0015625
0 0.04375 0.0015625 0.0015625 0.0015625 0.0015625 0.0375 0.04375 0.0375 0.04375 0.0015625
0 1.0 0.81875 0.80625 0.81875 0.80625 1.0 1.0 1.0 1.0 0.81875
0 0.8734375 0.296875 0.696875 0.296875 0.696875 0.5390625 0.8734375 0.5390625 0.8734375 0.296875
0 0.55 0.071875 0.3046875 0.071875 0.3046875 0.3296875 0.55 0.3296875 0.55 0.071875
0 0.8640625 0.121875 0.571875 0.121875 0.571875 0.28125 0.8640625 0.28125 0.8640625 0.121875
0 0.6921875 0.025 0.528125 0.025 0.528125 0.340625 0.6921875 0.340625 0.6921875 0.025
0 0.6703125 0.0015625 0.5546875 0.0015625 0.5546875 0.1203125 0.6703125 0.1203125 0.6703125 0.0015625
0 0.6984375 0.0015625 0.6140625 0.0015625 0.6140625 0.0765625 0.6984375 0.0765625 0.6984375 0.0015625
0 0.990625 0.3078125 0.871875 0.3078125 0.871875 0.7390625 0.990625 0.7390625 0.990625 0.3078125
0 0.8546875 0.0015625 0.7765625 0.0015625 0.7765625 0.021875 0.8546875 0.021875 0.8546875 0.0015625
