0 0.496875 0.0015625 0.3859375 0.0015625 0.3859375 0.1953125 0.496875 0.1953125 0.496875 0.0015625
0 0.378125 0.0015625 0.2984375 0.0015625 0.2984375 0.1515625 0.378125 0.1515625 0.378125 0.0015625
0 0.7 0.728125 0.5390625 0.728125 0.5390625 0.98125 0.7 0.98125 0.7 0.728125
0 0.5453125 0.503125 0.36875 0.503125 0.36875 0.9140625 0.5453125 0.9140625 0.5453125 0.503125
0 0.6640625 0.6296875 0.5671875 0.6296875 0.5671875 0.78125 0.6640625 0.78125 0.6640625 0.6296875
0 0.209375 0.5078125 0.0015625 0.5078125 0.0015625 0.659375 0.209375 0.659375 0.209375 0.5078125
0 0.43125 0.2015625 0.3234375 0.2015625 0.3234375 0.446875 0.43125 0.446875 0.43125 0.2015625
0 0.315625 0.0015625 0.2484375 0.0015625 0.2484375 0.1453125 0.315625 0.1453125 0.315625 0.0015625
0 0.9328125 0.1265625 0.8453125 0.1265625 0.8453125 0.39375 0.9328125 0.39375 0.9328125 0.1265625
0 0.8046875 0.8484375 0.653125 0.8484375 0.653125 1.0 0.8046875 1.0 0.8046875 0.8484375
0 0.153125 0.0015625 0.0453125 0.0015625 0.0453125 0.0734375 0.153125 0.0734375 0.153125 0.0015625
0 0.58125 0.596875 0.5109375 0.596875 0.5109375 0.91875 0.58125 0.91875 0.58125 0.596875
0 0.1859375 0.16875 0.0015625 0.16875 0.0015625 0.265625 0.1859375 0.265625 0.1859375 0.16875
0 0.54375 0.0359375 0.4515625 0.0359375 0.4515625 0.29375 0.54375 0.29375 0.54375 0.0359375
0 0.8671875 0.0015625 0.684375 0.0015625 0.684375 0.059375 0.8671875 0.059375 0.8671875 0.0015625
0 1.0 0.9765625 0.9515625 0.9765625 0.9515625 1.0 1.0 1.0 1.0 0.9765625
0 1.0 0.559375 0.9578125 0.559375 0.9578125 0.7 1.0 0.7 1.0 0.559375
0 0.490625 0.3890625 0.2875 0.3890625 0.2875 0.6015625 0.490625 0.6015625 0.490625 0.3890625
0 0.209375 0.0015625 0.0046875 0.0015625 0.0046875 0.165625 0.209375 0.165625 0.209375 0.0015625
0 0.69375 0.984375 0.6578125 0.984375 0.6578125 1.0 0.69375 1.0 0.69375 0.984375
0 0.815625 0.9359375 0.7421875 0.9359375 0.7421875 1.0 0.815625 1.0 0.815625 0.9359375
0 0.671875 0.121875 0.584375 0.121875 0.584375 0.29375 0.671875 0.29375 0.671875 0.121875
0 0.9625 0.7125 0.8140625 0.7125 0.8140625 1.0 0.9625 1.0 0.9625 0.7125
0 0.965625 0.0015625 0.8515625 0.0015625 0.8515625 0.059375 0.965625 0.059375 0.965625 0.0015625
0 0.053125 0.43125 0.0015625 0.43125 0.0015625 0.5953125 0.053125 0.5953125 0.053125 0.43125
0 0.6328125 0.0015625 0.56875 0.0015625 0.56875 0.0765625 0.6328125 0.0765625 0.6328125 0.0015625
0 0.0984375 0.0015625 0.0015625 0.0015625 0.0015625 0.1890625 0.0984375 0.1890625 0.0984375 0.0015625
0 1.0 0.0015625 0.0015625 0.0015625 0.0015625 1.0 1.0 1.0 1.0 0.0015625
0 0.50625 0.0015625 0.0171875 0.0015625 0.0171875 0.6078125 0.50625 0.6078125 0.50625 0.0015625
0 0.06875 0.2328125 0.0015625 0.2328125 0.0015625 0.3421875 0.06875 0.3421875 0.06875 0.2328125
0 0.6578125 0.890625 0.48125 0.890625 0.48125 1.0 0.6578125 1.0 0.6578125 0.890625
0 0.8734375 0.0421875 0.7 0.0421875 0.7 0.2109375 0.8734375 0.2109375 0.8734375 0.0421875
