0 0.4171875 0.190625 0.24375 0.190625 0.24375 0.35625 0.4171875 0.35625 0.4171875 0.190625
0 0.0421875 0.0796875 0.0015625 0.0796875 0.0015625 0.3859375 0.0421875 0.3859375 0.0421875 0.0796875
0 0.0546875 0.0015625 0.0015625 0.0015625 0.0015625 0.06875 0.0546875 0.06875 0.0546875 0.0015625
0 0.0515625 0.7390625 0.0015625 0.7390625 0.0015625 0.890625 0.0515625 0.890625 0.0515625 0.7390625
0 0.025 0.5515625 0.0015625 0.5515625 0.0015625 0.5984375 0.025 0.5984375 0.025 0.5515625
0 0.0671875 0.428125 0.0015625 0.428125 0.0015625 0.5640625 0.0671875 0.5640625 0.0671875 0.428125
0 0.209375 0.925 0.0828125 0.925 0.0828125 1.0 0.209375 1.0 0.209375 0.925
0 0.015625 0.934375 0.0015625 0.934375 0.0015625 0.978125 0.015625 0.978125 0.015625 0.934375
0 0.2375 0.675 0.0453125 0.675 0.0453125 0.9046875 0.2375 0.9046875 0.2375 0.675
0 0.0390625 0.6859375 0.0015625 0.6859375 0.0015625 0.8125 0.0390625 0.8125 0.0390625 0.6859375
0 0.1046875 0.440625 0.0015625 0.440625 0.0015625 0.675 0.1046875 0.675 0.1046875 0.440625
0 0.2328125 0.39375 0.046875 0.39375 0.046875 0.7375 0.2328125 0.7375 0.2328125 0.39375
0 0.5921875 0.3609375 0.390625 0.3609375 0.390625 0.621875 0.5921875 0.621875 0.5921875 0.3609375
0 0.025 0.0015625 0.0015625 0.0015625 0.0015625 0.03125 0.025 0.03125 0.025 0.0015625
0 0.5484375 0.975 0.5078125 0.975 0.5078125 1.0 0.5484375 1.0 0.5484375 0.975
0 0.5046875 0.7796875 0.28125 0.7796875 0.28125 1.0 0.5046875 1.0 0.5046875 0.7796875
0 0.71875 0.7515625 0.48125 0.7515625 0.48125 0.903125 0.71875 0.903125 0.71875 0.7515625
0 0.365625 0.5578125 0.2234375 0.5578125 0.2234375 0.740625 0.365625 0.740625 0.365625 0.5578125
0 0.7375 0.6703125 0.49375 0.6703125 0.49375 0.86875 0.7375 0.86875 0.7375 0.6703125
0 0.9484375 0.540625 0.8234375 0.540625 0.8234375 0.6515625 0.9484375 0.6515625 0.9484375 0.540625
0 0.29375 0.7421875 0.20625 0.7421875 0.20625 0.8828125 0.29375 0.8828125 0.29375 0.7421875
0 0.7125 0.9046875 0.5109375 0.9046875 0.5109375 1.0 0.7125 1.0 0.7125 0.9046875
0 0.7765625 0.7234375 0.6328125 0.7234375 0.6328125 0.9171875 0.7765625 0.9171875 0.7765625 0.7234375
0 0.5953125 0.68125 0.4390625 0.68125 0.4390625 0.759375 0.5953125 0.759375 0.5953125 0.68125
0 0.5875 0.4828125 0.3828125 0.4828125 0.3828125 0.7 0.5875 0.7 0.5875 0.4828125
0 0.31875 0.8796875 0.1078125 0.8796875 0.1078125 1.0 0.31875 1.0 0.31875 0.8796875
0 0.4984375 0.7484375 0.290625 0.7484375 0.290625 0.8484375 0.4984375 0.8484375 0.4984375 0.7484375
0 0.3671875 0.4515625 0.196875 0.4515625 0.196875 0.5828125 0.3671875 0.5828125 0.3671875 0.4515625
0 0.39375 0.2890625 0.246875 0.2890625 0.246875 0.3921875 0.39375 0.3921875 0.39375 0.2890625
0 0.228125 0.1734375 0.0890625 0.1734375 0.0890625 0.3265625 0.228125 0.3265625 0.228125 0.1734375
0 0.4640625 0.0015625 0.196875 0.0015625 0.196875 0.1859375 0.4640625 0.1859375 0.4640625 0.0015625
0 0.1953125 0.0015625 0.0421875 0.0015625 0.0421875 0.05 0.1953125 0.05 0.1953125 0.0015625
0 0.7765625 0.9328125 0.68125 0.9328125 0.68125 1.0 0.7765625 1.0 0.7765625 0.9328125
0 0.99375 0.9 0.8859375 0.9 0.8859375 1.0 0.99375 1.0 0.99375 0.9
0 0.86875 0.8765625 0.796875 0.8765625 0.796875 1.0 0.86875 1.0 0.86875 0.8765625
0 0.6640625 0.721875 0.4125 0.721875 0.4125 0.8984375 0.6640625 0.8984375 0.6640625 0.721875
0 1.0 0.69375 0.93125 0.69375 0.93125 0.84375 1.0 0.84375 1.0 0.69375
0 0.7828125 0.6390625 0.6265625 0.6390625 0.6265625 0.8125 0.7828125 0.8125 0.7828125 0.6390625
0 0.8875 0.621875 0.7984375 0.621875 0.7984375 0.71875 0.8875 0.71875 0.8875 0.621875
0 0.7875 0.3359375 0.4765625 0.3359375 0.4765625 0.64375 0.7875 0.64375 0.7875 0.3359375
0 0.9328125 0.4453125 0.8203125 0.4453125 0.8203125 0.565625 0.9328125 0.565625 0.9328125 0.4453125
0 0.690625 0.1421875 0.4546875 0.1421875 0.4546875 0.3625 0.690625 0.3625 0.690625 0.1421875
0 0.9390625 0.09375 0.7828125 0.09375 0.7828125 0.26875 0.9390625 0.26875 0.9390625 0.09375
0 0.7953125 0.0015625 0.7015625 0.0015625 0.7015625 0.159375 0.7953125 0.159375 0.7953125 0.0015625
0 0.965625 0.621875 0.8203125 0.621875 0.8203125 0.809375 0.965625 0.809375 0.965625 0.621875
0 0.9828125 0.4109375 0.8171875 0.4109375 0.8171875 0.53125 0.9828125 0.53125 0.9828125 0.4109375
0 0.8375 0.21875 0.7375 0.21875 0.7375 0.371875 0.8375 0.371875 0.8375 0.21875
0 1.0 0.0015625 0.9546875 0.0015625 0.9546875 0.0671875 1.0 0.0671875 1.0 0.0015625
0 0.2828125 0.4515625 0.1734375 0.4515625 0.1734375 0.75625 0.2828125 0.75625 0.2828125 0.4515625
0 0.2734375 0.771875 0.0015625 0.771875 0.0015625 1.0 0.2734375 1.0 0.2734375 0.771875
0 0.3921875 0.0015625 0.0015625 0.0015625 0.0015625 0.765625 0.3921875 0.765625 0.3921875 0.0015625
0 1.0 0.2890625 0.271875 0.2890625 0.271875 1.0 1.0 1.0 1.0 0.2890625
0 0.703125 0.0015625 0.3359375 0.0015625 0.3359375 0.1984375 0.703125 0.1984375 0.703125 0.0015625
0 1.0 0.125 0.9171875 0.125 0.9171875 0.378125 1.0 0.378125 1.0 0.125
0 0.8796875 0.0015625 0.8640625 0.0015625 0.8640625 0.0125 0.8796875 0.0125 0.8796875 0.0015625
