0 0.2375 0.0015625 0.0953125 0.0015625 0.0953125 0.26875 0.2375 0.26875 0.2375 0.0015625
0 1.0 0.0015625 0.9203125 0.0015625 0.9203125 0.103125 1.0 0.103125 1.0 0.0015625
0 0.8453125 0.9421875 0.784375 0.9421875 0.784375 1.0 0.8453125 1.0 0.8453125 0.9421875
0 0.06875 0.7109375 0.0015625 0.7109375 0.0015625 1.0 0.06875 1.0 0.06875 0.7109375
0 0.003125 0.0015625 0.0015625 0.0015625 0.0015625 0.00625 0.003125 0.00625 0.003125 0.0015625
0 0.4265625 0.365625 0.0625 0.365625 0.0625 1.0 0.4265625 1.0 0.4265625 0.365625
0 0.1171875 0.359375 0.0125 0.359375 0.0125 0.51875 0.1171875 0.51875 0.1171875 0.359375
0 0.33125 0.184375 0.121875 0.184375 0.121875 0.346875 0.33125 0.346875 0.33125 0.184375
0 0.1453125 0.0015625 0.021875 0.0015625 0.021875 0.2109375 0.1453125 0.2109375 0.1453125 0.0015625
0 0.3421875 0.0015625 0.1171875 0.0015625 0.1171875 0.196875 0.3421875 0.196875 0.3421875 0.0015625
0 0.6609375 0.9234375 0.55625 0.9234375 0.55625 1.0 0.6609375 1.0 0.6609375 0.9234375
0 0.4890625 0.36875 0.4078125 0.36875 0.4078125 0.5640625 0.4890625 0.5640625 0.4890625 0.36875
0 0.678125 0.00625 0.5890625 0.00625 0.5890625 0.3 0.678125 0.3 0.678125 0.00625
0 1.0 0.9296875 0.93125 0.9296875 0.93125 1.0 1.0 1.0 1.0 0.9296875
0 1.0 0.4453125 0.9328125 0.4453125 0.9328125 0.715625 1.0 0.715625 1.0 0.4453125
0 1.0 0.0125 0.9640625 0.0125 0.9640625 0.1828125 1.0 0.1828125 1.0 0.0125
