0 1.0 0.7734375 0.9609375 0.7734375 0.9609375 0.9359375 1.0 0.9359375 1.0 0.7734375
0 0.1625 0.1375 0.0078125 0.1375 0.0078125 0.3515625 0.1625 0.3515625 0.1625 0.1375
0 0.271875 0.2484375 0.059375 0.2484375 0.059375 0.45625 0.271875 0.45625 0.271875 0.2484375
0 0.753125 0.8328125 0.6 0.8328125 0.6 1.0 0.753125 1.0 0.753125 0.8328125
0 0.5984375 0.54375 0.5109375 0.54375 0.5109375 0.753125 0.5984375 0.753125 0.5984375 0.54375
0 0.553125 0.4 0.4140625 0.4 0.4140625 0.5390625 0.553125 0.5390625 0.553125 0.4
0 0.0046875 0.584375 0.0015625 0.584375 0.0015625 0.590625 0.0046875 0.590625 0.0046875 0.584375
0 0.159375 0.39375 0.0015625 0.39375 0.0015625 0.6765625 0.159375 0.6765625 0.159375 0.39375
0 0.4421875 0.15 0.2890625 0.15 0.2890625 0.3578125 0.4421875 0.3578125 0.4421875 0.15
0 0.5421875 0.021875 0.3609375 0.021875 0.3609375 0.334375 0.5421875 0.334375 0.5421875 0.021875
0 0.3578125 0.8453125 0.203125 0.8453125 0.203125 1.0 0.3578125 1.0 0.3578125 0.8453125
0 0.08125 0.5703125 0.0015625 0.5703125 0.0015625 0.728125 0.08125 0.728125 0.08125 0.5703125
0 0.2359375 0.38125 0.0671875 0.38125 0.0671875 0.6625 0.2359375 0.6625 0.2359375 0.38125
0 0.0734375 0.2734375 0.0015625 0.2734375 0.0015625 0.415625 0.0734375 0.415625 0.0734375 0.2734375
0 0.609375 0.946875 0.49375 0.946875 0.49375 1.0 0.609375 1.0 0.609375 0.946875
0 0.3890625 0.440625 0.2078125 0.440625 0.2078125 0.609375 0.3890625 0.609375 0.3890625 0.440625
0 0.884375 0.0421875 0.75 0.0421875 0.75 0.215625 0.884375 0.215625 0.884375 0.0421875
0 0.6453125 0.0015625 0.4921875 0.0015625 0.4921875 0.1078125 0.6453125 0.1078125 0.6453125 0.0015625
0 0.91875 0.0015625 0.803125 0.0015625 0.803125 0.1171875 0.91875 0.1171875 0.91875 0.0015625
0 0.465625 0.8359375 0.2546875 0.8359375 0.2546875 1.0 0.465625 1.0 0.465625 0.8359375
0 0.0265625 0.96875 0.0015625 0.96875 0.0015625 0.9828125 0.0265625 0.9828125 0.0265625 0.96875
0 0.1328125 0.6953125 0.0015625 0.6953125 0.0015625 0.9546875 0.1328125 0.9546875 0.1328125 0.6953125
0 0.4328125 0.6375 0.2046875 0.6375 0.2046875 0.8265625 0.4328125 0.8265625 0.4328125 0.6375
0 0.7046875 0.9640625 0.6328125 0.9640625 0.6328125 1.0 0.7046875 1.0 0.7046875 0.9640625
0 0.6265625 0.728125 0.4890625 0.728125 0.4890625 0.8921875 0.6265625 0.8921875 0.6265625 0.728125
0 0.515625 0.2125 0.35625 0.2125 0.35625 0.4625 0.515625 0.4625 0.515625 0.2125
0 0.346875 0.1453125 0.2390625 0.1453125 0.2390625 0.3359375 0.346875 0.3359375 0.346875 0.1453125
