0 0.0734375 0.26875 0.0015625 0.26875 0.0015625 0.4171875 0.0734375 0.4171875 0.0734375 0.26875
0 0.575 0.4578125 0.4640625 0.4578125 0.4640625 0.603125 0.575 0.603125 0.575 0.4578125
0 0.6703125 0.234375 0.453125 0.234375 0.453125 0.425 0.6703125 0.425 0.6703125 0.234375
0 0.503125 0.0625 0.334375 0.0625 0.334375 0.303125 0.503125 0.303125 0.503125 0.0625
0 0.1078125 0.0015625 0.0578125 0.0015625 0.0578125 0.0640625 0.1078125 0.0640625 0.1078125 0.0015625
0 0.246875 0.0015625 0.2171875 0.0015625 0.2171875 0.05625 0.246875 0.05625 0.246875 0.0015625
0 0.38125 0.0015625 0.271875 0.0015625 0.271875 0.0234375 0.38125 0.0234375 0.38125 0.0015625
0 0.653125 0.6453125 0.4421875 0.6453125 0.4421875 0.934375 0.653125 0.934375 0.653125 0.6453125
0 1.0 0.5921875 0.89375 0.5921875 0.89375 0.7484375 1.0 0.7484375 1.0 0.5921875
0 0.7375 0.35625 0.45625 0.35625 0.45625 0.74375 0.7375 0.74375 0.7375 0.35625
0 0.3515625 0.075 0.2578125 0.075 0.2578125 0.178125 0.3515625 0.178125 0.3515625 0.075
0 0.3328125 0.0640625 0.2203125 0.0640625 0.2203125 0.20625 0.3328125 0.20625 0.3328125 0.0640625
0 0.078125 0.3796875 0.0015625 0.3796875 0.0015625 0.46875 0.078125 0.46875 0.078125 0.3796875
0 0.6125 0.084375 0.38125 0.084375 0.38125 0.3125 0.6125 0.3125 0.6125 0.084375
0 0.015625 0.8484375 0.0015625 0.8484375 0.0015625 0.9140625 0.015625 0.9140625 0.015625 0.8484375
0 0.390625 0.7328125 0.196875 0.7328125 0.196875 0.7921875 0.390625 0.7921875 0.390625 0.7328125
0 0.4703125 0.303125 0.140625 0.303125 0.140625 0.7453125 0.4703125 0.7453125 0.4703125 0.303125
0 0.625 0.409375 0.521875 0.409375 0.521875 0.584375 0.625 0.584375 0.625 0.409375
0 0.746875 0.1796875 0.653125 0.1796875 0.653125 0.353125 0.746875 0.353125 0.746875 0.1796875
0 0.6109375 0.0015625 0.525 0.0015625 0.525 0.0296875 0.6109375 0.0296875 0.6109375 0.0015625
0 0.190625 0.6046875 0.0015625 0.6046875 0.0015625 0.8171875 0.190625 0.8171875 0.190625 0.6046875
0 0.290625 0.3546875 0.034375 0.3546875 0.034375 0.5875 0.290625 0.5875 0.290625 0.3546875
0 0.7625 0.0625 0.265625 0.0625 0.265625 0.559375 0.7625 0.559375 0.7625 0.0625
0 0.121875 0.040625 0.0015625 0.040625 0.0015625 0.315625 0.121875 0.315625 0.121875 0.040625
0 0.1984375 0.0015625 0.1015625 0.0015625 0.1015625 0.1296875 0.1984375 0.1296875 0.1984375 0.0015625
0 0.4546875 0.0015625 0.3828125 0.0015625 0.3828125 0.021875 0.4546875 0.021875 0.4546875 0.0015625
0 1.0 0.971875 0.9328125 0.971875 0.9328125 1.0 1.0 1.0 1.0 0.971875
0 1.0 0.85625 0.9671875 0.85625 0.9671875 0.959375 1.0 0.959375 1.0 0.85625
0 0.9609375 0.4453125 0.8640625 0.4453125 0.8640625 0.60625 0.9609375 0.60625 0.9609375 0.4453125
0 0.465625 0.725 0.0296875 0.725 0.0296875 0.88125 0.465625 0.88125 0.465625 0.725
0 0.84375 0.6953125 0.6046875 0.6953125 0.6046875 1.0 0.84375 1.0 0.84375 0.6953125
0 0.91875 0.559375 0.771875 0.559375 0.771875 0.81875 0.91875 0.81875 0.91875 0.559375
0 0.790625 0.55625 0.646875 0.55625 0.646875 0.74375 0.790625 0.74375 0.790625 0.55625
0 0.9953125 0.1421875 0.7875 0.1421875 0.7875 0.228125 0.9953125 0.228125 0.9953125 0.1421875
0 0.99375 0.165625 0.7984375 0.165625 0.7984375 0.3125 0.99375 0.3125 0.99375 0.165625
0 1.0 0.6015625 0.0015625 0.6015625 0.0015625 1.0 1.0 1.0 1.0 0.6015625
0 0.2 0.771875 0.0015625 0.771875 0.0015625 0.85625 0.2 0.85625 0.2 0.771875
0 0.103125 0.465625 0.0015625 0.465625 0.0015625 0.60625 0.103125 0.60625 0.103125 0.465625
0 0.7109375 0.0015625 0.053125 0.0015625 0.053125 0.4328125 0.7109375 0.4328125 0.7109375 0.0015625
0 0.028125 0.3 0.0015625 0.3 0.0015625 0.384375 0.028125 0.384375 0.028125 0.3
0 0.0046875 0.171875 0.0015625 0.171875 0.0015625 0.2140625 0.0046875 0.2140625 0.0046875 0.171875
0 0.078125 0.0015625 0.0015625 0.0015625 0.0015625 0.0921875 0.078125 0.0921875 0.078125 0.0015625
0 0.546875 0.5203125 0.36875 0.5203125 0.36875 0.721875 0.546875 0.721875 0.546875 0.5203125
0 1.0 0.0015625 0.7796875 0.0015625 0.7796875 0.6125 1.0 0.6125 1.0 0.0015625
0 0.521875 0.7578125 0.396875 0.7578125 0.396875 1.0 0.521875 1.0 0.521875 0.7578125
0 0.3046875 0.8015625 0.16875 0.8015625 0.16875 1.0 0.3046875 1.0 0.3046875 0.8015625
0 0.20625 0.559375 0.003125 0.559375 0.003125 0.759375 0.20625 0.759375 0.20625 0.559375
0 1.0 0.7125 0.9546875 0.7125 0.9546875 0.765625 1.0 0.765625 1.0 0.7125
0 0.29375 0.509375 0.1 0.509375 0.1 0.7109375 0.29375 0.7109375 0.29375 0.509375
0 0.6640625 0.3375 0.49375 0.3375 0.49375 0.5359375 0.6640625 0.5359375 0.6640625 0.3375
0 0.778125 0.0328125 0.609375 0.0328125 0.609375 0.1453125 0.778125 0.1453125 0.778125 0.0328125
