0 0.346875 0.584375 0.1921875 0.584375 0.1921875 0.8609375 0.346875 0.8609375 0.346875 0.584375
0 0.0578125 0.4484375 0.0015625 0.4484375 0.0015625 0.684375 0.0578125 0.684375 0.0578125 0.4484375
0 0.5875 0.4 0.5046875 0.4 0.5046875 0.5484375 0.5875 0.5484375 0.5875 0.4
0 0.8796875 0.2 0.7640625 0.2 0.7640625 0.365625 0.8796875 0.365625 0.8796875 0.2
0 0.9796875 0.0015625 0.9234375 0.0015625 0.9234375 0.0125 0.9796875 0.0125 0.9796875 0.0015625
0 0.4109375 0.8203125 0.20625 0.8203125 0.20625 1.0 0.4109375 1.0 0.4109375 0.8203125
0 0.5671875 0.3984375 0.44375 0.3984375 0.44375 0.515625 0.5671875 0.515625 0.5671875 0.3984375
0 0.9453125 0.3484375 0.7890625 0.3484375 0.7890625 0.5390625 0.9453125 0.5390625 0.9453125 0.3484375
0 0.5203125 0.36875 0.3375 0.36875 0.3375 0.5078125 0.5203125 0.5078125 0.5203125 0.36875
0 1.0 0.0015625 0.778125 0.0015625 0.778125 0.203125 1.0 0.203125 1.0 0.0015625
0 0.3625 0.0015625 0.3359375 0.0015625 0.3359375 0.0328125 0.3625 0.0328125 0.3625 0.0015625
0 1.0 0.740625 0.9703125 0.740625 0.9703125 0.7953125 1.0 0.7953125 1.0 0.740625
0 0.66875 0.690625 0.546875 0.690625 0.546875 0.9 0.66875 0.9 0.66875 0.690625
0 0.79375 0.8453125 0.6421875 0.8453125 0.6421875 1.0 0.79375 1.0 0.79375 0.8453125
0 0.6984375 0.584375 0.603125 0.584375 0.603125 0.725 0.6984375 0.725 0.6984375 0.584375
0 0.1625 0.9546875 0.090625 0.9546875 0.090625 1.0 0.1625 1.0 0.1625 0.9546875
0 0.6015625 0.81875 0.4265625 0.81875 0.4265625 1.0 0.6015625 1.0 0.6015625 0.81875
0 0.20625 0.3515625 0.115625 0.3515625 0.115625 0.4484375 0.20625 0.4484375 0.20625 0.3515625
0 0.340625 0.0015625 0.196875 0.0015625 0.196875 0.2046875 0.340625 0.2046875 0.340625 0.0015625
0 0.34375 0.0015625 0.328125 0.0015625 0.328125 0.0109375 0.34375 0.0109375 0.34375 0.0015625
0 0.1890625 0.0015625 0.1734375 0.0015625 0.1734375 0.03125 0.1890625 0.03125 0.1890625 0.0015625
0 0.6625 0.88125 0.621875 0.88125 0.621875 1.0 0.6625 1.0 0.6625 0.88125
0 0.684375 0.5453125 0.5828125 0.5453125 0.5828125 0.715625 0.684375 0.715625 0.684375 0.5453125
0 0.578125 0.0609375 0.403125 0.0609375 0.403125 0.25 0.578125 0.25 0.578125 0.0609375
0 0.7859375 0.0015625 0.6640625 0.0015625 0.6640625 0.1078125 0.7859375 0.1078125 0.7859375 0.0015625
0 1.0 0.76875 0.9421875 0.76875 0.9421875 0.896875 1.0 0.896875 1.0 0.76875
0 0.93125 0.63125 0.8171875 0.63125 0.8171875 0.8265625 0.93125 0.8265625 0.93125 0.63125
0 1.0 0.4015625 0.659375 0.4015625 0.659375 0.7703125 1.0 0.7703125 1.0 0.4015625
0 0.678125 0.36875 0.45625 0.36875 0.45625 0.778125 0.678125 0.778125 0.678125 0.36875
0 0.3375 0.2484375 0.128125 0.2484375 0.128125 0.5828125 0.3375 0.5828125 0.3375 0.2484375
0 1.0 0.28125 0.909375 0.28125 0.909375 0.3578125 1.0 0.3578125 1.0 0.28125
0 1.0 0.03125 0.9484375 0.03125 0.9484375 0.103125 1.0 0.103125 1.0 0.03125
0 0.9078125 0.334375 0.7328125 0.334375 0.7328125 0.5375 0.9078125 0.5375 0.9078125 0.334375
0 0.196875 0.9390625 0.153125 0.9390625 0.153125 1.0 0.196875 1.0 0.196875 0.9390625
0 0.1390625 0.44375 0.01875 0.44375 0.01875 0.60625 0.1390625 0.60625 0.1390625 0.44375
0 0.28125 0.2421875 0.1625 0.2421875 0.1625 0.3859375 0.28125 0.3859375 0.28125 0.2421875
0 0.425 0.0015625 0.259375 0.0015625 0.259375 0.128125 0.425 0.128125 0.425 0.0015625
0 0.94375 0.8828125 0.8375 0.8828125 0.8375 1.0 0.94375 1.0 0.94375 0.8828125
0 0.990625 0.7484375 0.896875 0.7484375 0.896875 0.9421875 0.990625 0.9421875 0.990625 0.7484375
0 1.0 0.51875 0.746875 0.51875 0.746875 0.8078125 1.0 0.8078125 1.0 0.51875
0 0.80625 0.375 0.6984375 0.375 0.6984375 0.5390625 0.80625 0.5390625 0.80625 0.375
0 0.646875 0.903125 0.5390625 0.903125 0.5390625 1.0 0.646875 1.0 0.646875 0.903125
0 0.8640625 0.85625 0.7703125 0.85625 0.7703125 1.0 0.8640625 1.0 0.8640625 0.85625
0 0.3609375 0.9234375 0.2828125 0.9234375 0.2828125 1.0 0.3609375 1.0 0.3609375 0.9234375
0 0.5265625 0.834375 0.39375 0.834375 0.39375 1.0 0.5265625 1.0 0.5265625 0.834375
0 0.7625 0.8234375 0.6578125 0.8234375 0.6578125 1.0 0.7625 1.0 0.7625 0.8234375
0 0.76875 0.725 0.6171875 0.725 0.6171875 0.8953125 0.76875 0.8953125 0.76875 0.725
0 0.6328125 0.5640625 0.428125 0.5640625 0.428125 0.8296875 0.6328125 0.8296875 0.6328125 0.5640625
0 0.375 0.4359375 0.1953125 0.4359375 0.1953125 0.7359375 0.375 0.7359375 0.375 0.4359375
0 0.784375 0.540625 0.6765625 0.540625 0.6765625 0.7140625 0.784375 0.7140625 0.784375 0.540625
0 0.540625 0.496875 0.4421875 0.496875 0.4421875 0.571875 0.540625 0.571875 0.540625 0.496875
0 0.23125 0.4234375 0.128125 0.4234375 0.128125 0.51875 0.23125 0.51875 0.23125 0.4234375
0 0.94375 0.1234375 0.3765625 0.1234375 0.3765625 0.5203125 0.94375 0.5203125 0.94375 0.1234375
0 0.51875 0.0015625 0.3 0.0015625 0.3 0.3125 0.51875 0.3125 0.51875 0.0015625
0 0.70625 0.0015625 0.528125 0.0015625 0.528125 0.128125 0.70625 0.128125 0.70625 0.0015625
0 0.2625 0.0015625 0.2296875 0.0015625 0.2296875 0.0109375 0.2625 0.0109375 0.2625 0.0015625
0 0.93125 0.99375 0.9125 0.99375 0.9125 1.0 0.93125 1.0 0.93125 0.99375
0 0.953125 0.703125 0.746875 0.703125 0.746875 0.9828125 0.953125 0.9828125 0.953125 0.703125
0 1.0 0.3546875 0.7921875 0.3546875 0.7921875 0.603125 1.0 0.603125 1.0 0.3546875
0 0.3625 0.9703125 0.34375 0.9703125 0.34375 1.0 0.3625 1.0 0.3625 0.9703125
0 0.3703125 0.5875 0.2515625 0.5875 0.2515625 0.8 0.3703125 0.8 0.3703125 0.5875
0 0.8296875 0.5109375 0.73125 0.5109375 0.73125 0.6609375 0.8296875 0.6609375 0.8296875 0.5109375
0 0.5828125 0.0015625 0.4640625 0.0015625 0.4640625 0.096875 0.5828125 0.096875 0.5828125 0.0015625
0 1.0 0.09375 0.8703125 0.09375 0.8703125 0.3359375 1.0 0.3359375 1.0 0.09375
0 0.621875 0.53125 0.0015625 0.53125 0.0015625 1.0 0.621875 1.0 0.621875 0.53125
0 0.2328125 0.0015625 0.11875 0.0015625 0.11875 0.1125 0.2328125 0.1125 0.2328125 0.0015625
0 0.4765625 0.24375 0.21875 0.24375 0.21875 0.6421875 0.4765625 0.6421875 0.4765625 0.24375
0 0.8265625 0.0015625 0.6 0.0015625 0.6 0.321875 0.8265625 0.321875 0.8265625 0.0015625
0 0.6390625 0.1546875 0.4953125 0.1546875 0.4953125 0.24375 0.6390625 0.24375 0.6390625 0.1546875
0 1.0 0.1015625 0.8765625 0.1015625 0.8765625 1.0 1.0 1.0 1.0 0.1015625
0 0.96875 0.0015625 0.85 0.0015625 0.85 0.09375 0.96875 0.09375 0.96875 0.0015625
