0 0.125 0.4703125 0.0015625 0.4703125 0.0015625 0.5609375 0.125 0.5609375 0.125 0.4703125
0 1.0 0.0015625 0.9609375 0.0015625 0.9609375 0.03125 1.0 0.03125 1.0 0.0015625
0 0.8875 0.25 0.8 0.25 0.8 0.3859375 0.8875 0.3859375 0.8875 0.25
0 0.884375 0.6234375 0.7984375 0.6234375 0.7984375 0.7453125 0.884375 0.7453125 0.884375 0.6234375
0 0.9328125 0.009375 0.79375 0.009375 0.79375 0.29375 0.9328125 0.29375 0.9328125 0.009375
0 0.95625 0.0015625 0.8734375 0.0015625 0.8734375 0.1171875 0.95625 0.1171875 0.95625 0.0015625
0 0.478125 0.0015625 0.38125 0.0015625 0.38125 0.0484375 0.478125 0.0484375 0.478125 0.0015625
0 0.99375 0.025 0.915625 0.025 0.915625 0.134375 0.99375 0.134375 0.99375 0.025
0 1.0 0.4203125 0.821875 0.4203125 0.821875 0.5984375 1.0 0.5984375 1.0 0.4203125
0 0.7921875 0.8484375 0.6734375 0.8484375 0.6734375 1.0 0.7921875 1.0 0.7921875 0.8484375
0 0.115625 0.1375 0.0125 0.1375 0.0125 0.315625 0.115625 0.315625 0.115625 0.1375
0 0.425 0.9703125 0.34375 0.9703125 0.34375 1.0 0.425 1.0 0.425 0.9703125
0 0.790625 0.7890625 0.5078125 0.7890625 0.5078125 0.9671875 0.790625 0.9671875 0.790625 0.7890625
0 0.5625 0.725 0.371875 0.725 0.371875 0.78125 0.5625 0.78125 0.5625 0.725
0 0.4140625 0.5421875 0.275 0.5421875 0.275 0.6859375 0.4140625 0.6859375 0.4140625 0.5421875
0 0.29375 0.3640625 0.1625 0.3640625 0.1625 0.44375 0.29375 0.44375 0.29375 0.3640625
0 0.675 0.2421875 0.5796875 0.2421875 0.5796875 0.4421875 0.675 0.4421875 0.675 0.2421875
0 0.296875 0.146875 0.0921875 0.146875 0.0921875 0.340625 0.296875 0.340625 0.296875 0.146875
0 0.2765625 0.0015625 0.178125 0.0015625 0.178125 0.0375 0.2765625 0.0375 0.2765625 0.0015625
0 0.3625 0.0015625 0.3078125 0.0015625 0.3078125 0.0265625 0.3625 0.0265625 0.3625 0.0015625
0 0.8203125 0.084375 0.7 0.084375 0.7 0.190625 0.8203125 0.190625 0.8203125 0.084375
0 0.515625 0.89375 0.2890625 0.89375 0.2890625 1.0 0.515625 1.0 0.515625 0.89375
0 0.5828125 0.634375 0.465625 0.634375 0.465625 0.7703125 0.5828125 0.7703125 0.5828125 0.634375
0 0.671875 0.0015625 0.609375 0.0015625 0.609375 0.134375 0.671875 0.134375 0.671875 0.0015625
0 0.434375 0.0015625 0.0015625 0.0015625 0.0015625 0.8921875 0.434375 0.8921875 0.434375 0.0015625
0 0.7546875 0.8125 0.1109375 0.8125 0.1109375 1.0 0.7546875 1.0 0.7546875 0.8125
0 0.5890625 0.375 0.328125 0.375 0.328125 0.6625 0.5890625 0.6625 0.5890625 0.375
0 0.9640625 0.0015625 0.2765625 0.0015625 0.2765625 0.7078125 0.9640625 0.7078125 0.9640625 0.0015625
0 0.26875 0.0015625 0.0828125 0.0015625 0.0828125 0.2078125 0.26875 0.2078125 0.26875 0.0015625
0 0.940625 0.9140625 0.790625 0.9140625 0.790625 1.0 0.940625 1.0 0.940625 0.9140625
0 1.0 0.68125 0.5390625 0.68125 0.5390625 1.0 1.0 1.0 1.0 0.68125
0 0.81875 0.2234375 0.7015625 0.2234375 0.7015625 0.3921875 0.81875 0.3921875 0.81875 0.2234375
0 0.7125 0.08125 0.6265625 0.08125 0.6265625 0.25 0.7125 0.25 0.7125 0.08125
0 1.0 0.046875 0.8265625 0.046875 0.8265625 0.5265625 1.0 0.5265625 1.0 0.046875
0 0.8359375 0.0015625 0.6703125 0.0015625 0.6703125 0.0640625 0.8359375 0.0640625 0.8359375 0.0015625
0 0.9765625 0.0015625 0.9203125 0.0015625 0.9203125 0.040625 0.9765625 0.040625 0.9765625 0.0015625
