0 0.6640625 0.075 0.4671875 0.075 0.4671875 0.2109375 0.6640625 0.2109375 0.6640625 0.075
0 0.1453125 0.0015625 0.0140625 0.0015625 0.0140625 0.2515625 0.1453125 0.2515625 0.1453125 0.0015625
0 1.0 0.0015625 0.9359375 0.0015625 0.9359375 0.0203125 1.0 0.0203125 1.0 0.0015625
0 0.26875 0.0671875 0.0875 0.0671875 0.0875 0.1796875 0.26875 0.1796875 0.26875 0.0671875
0 0.5109375 0.09375 0.3453125 0.09375 0.3453125 0.2171875 0.5109375 0.2171875 0.5109375 0.09375
0 0.096875 0.096875 0.0328125 0.096875 0.0328125 0.284375 0.096875 0.284375 0.096875 0.096875
0 1.0 0.278125 0.9484375 0.278125 0.9484375 0.3578125 1.0 0.3578125 1.0 0.278125
0 0.953125 0.1625 0.8375 0.1625 0.8375 0.2859375 0.953125 0.2859375 0.953125 0.1625
0 0.1625 0.19375 0.0015625 0.19375 0.0015625 0.3453125 0.1625 0.3453125 0.1625 0.19375
0 0.2796875 0.0015625 0.1515625 0.0015625 0.1515625 0.1390625 0.2796875 0.1390625 0.2796875 0.0015625
0 0.9328125 0.575 0.571875 0.575 0.571875 0.7390625 0.9328125 0.7390625 0.9328125 0.575
0 0.903125 0.3609375 0.7234375 0.3609375 0.7234375 0.4453125 0.903125 0.4453125 0.903125 0.3609375
0 0.884375 0.0015625 0.696875 0.0015625 0.696875 0.15625 0.884375 0.15625 0.884375 0.0015625
0 1.0 0.0328125 0.890625 0.0328125 0.890625 0.1265625 1.0 0.1265625 1.0 0.0328125
0 0.728125 0.1 0.6515625 0.1 0.6515625 0.2140625 0.728125 0.2140625 0.728125 0.1
0 0.809375 0.0015625 0.678125 0.0015625 0.678125 0.078125 0.809375 0.078125 0.809375 0.0015625
0 0.4625 0.0015625 0.3953125 0.0015625 0.3953125 0.0453125 0.4625 0.0453125 0.4625 0.0015625
0 0.0125 0.3453125 0.0015625 0.3453125 0.0015625 0.3640625 0.0125 0.3640625 0.0125 0.3453125
0 0.1234375 0.4265625 0.0171875 0.4265625 0.0171875 0.65 0.1234375 0.65 0.1234375 0.4265625
0 0.06875 0.08125 0.0015625 0.08125 0.0015625 0.2609375 0.06875 0.2609375 0.06875 0.08125
0 0.9140625 0.9046875 0.7546875 0.9046875 0.7546875 1.0 0.9140625 1.0 0.9140625 0.9046875
0 1.0 0.6234375 0.8609375 0.6234375 0.8609375 0.9421875 1.0 0.9421875 1.0 0.6234375
0 1.0 0.4109375 0.821875 0.4109375 0.821875 0.50625 1.0 0.50625 1.0 0.4109375
0 1.0 0.2421875 0.8140625 0.2421875 0.8140625 0.3953125 1.0 0.3953125 1.0 0.2421875
0 1.0 0.078125 0.8828125 0.078125 0.8828125 0.25 1.0 0.25 1.0 0.078125
0 0.7140625 0.0015625 0.5125 0.0015625 0.5125 0.175 0.7140625 0.175 0.7140625 0.0015625
0 1.0 0.0015625 0.7984375 0.0015625 0.7984375 0.0921875 1.0 0.0921875 1.0 0.0015625
0 0.3125 0.728125 0.1625 0.728125 0.1625 1.0 0.3125 1.0 0.3125 0.728125
0 0.246875 0.1390625 0.096875 0.1390625 0.096875 0.36875 0.246875 0.36875 0.246875 0.1390625
0 0.221875 0.0015625 0.1125 0.0015625 0.1125 0.0984375 0.221875 0.0984375 0.221875 0.0015625
0 0.1 0.0015625 0.0015625 0.0015625 0.0015625 0.0609375 0.1 0.0609375 0.1 0.0015625
0 0.4625 0.0015625 0.359375 0.0015625 0.359375 0.1015625 0.4625 0.1015625 0.4625 0.0015625
0 1.0 0.7546875 0.903125 0.7546875 0.903125 0.9171875 1.0 0.9171875 1.0 0.7546875
0 0.7203125 0.475 0.575 0.475 0.575 0.6546875 0.7203125 0.6546875 0.7203125 0.475
0 0.9390625 0.059375 0.734375 0.059375 0.734375 0.2234375 0.9390625 0.2234375 0.9390625 0.059375
0 1.0 0.4359375 0.9484375 0.4359375 0.9484375 0.5421875 1.0 0.5421875 1.0 0.4359375
0 0.334375 0.146875 0.1078125 0.146875 0.1078125 0.821875 0.334375 0.821875 0.334375 0.146875
0 0.7953125 0.15625 0.653125 0.15625 0.653125 0.2796875 0.7953125 0.2796875 0.7953125 0.15625
