0 0.3671875 0.0015625 0.15 0.0015625 0.15 0.2828125 0.3671875 0.2828125 0.3671875 0.0015625
0 0.30625 0.734375 0.1765625 0.734375 0.1765625 0.8578125 0.30625 0.8578125 0.30625 0.734375
0 0.5109375 0.728125 0.403125 0.728125 0.403125 0.815625 0.5109375 0.815625 0.5109375 0.728125
0 0.34375 0.203125 0.15 0.203125 0.15 0.3 0.34375 0.3 0.34375 0.203125
0 0.0421875 0.2828125 0.0015625 0.2828125 0.0015625 0.384375 0.0421875 0.384375 0.0421875 0.2828125
0 0.2921875 0.0015625 0.0015625 0.0015625 0.0015625 0.303125 0.2921875 0.303125 0.2921875 0.0015625
0 0.359375 0.0671875 0.190625 0.0671875 0.190625 0.25 0.359375 0.25 0.359375 0.0671875
0 0.6390625 0.9046875 0.4453125 0.9046875 0.4453125 1.0 0.6390625 1.0 0.6390625 0.9046875
0 0.75625 0.690625 0.59375 0.690625 0.59375 0.7703125 0.75625 0.7703125 0.75625 0.690625
0 0.621875 0.5421875 0.2 0.5421875 0.2 0.859375 0.621875 0.859375 0.621875 0.5421875
0 1.0 0.0015625 0.3453125 0.0015625 0.3453125 0.403125 1.0 0.403125 1.0 0.0015625
0 0.625 0.396875 0.4625 0.396875 0.4625 0.5625 0.625 0.5625 0.625 0.396875
0 0.6078125 0.23125 0.3703125 0.23125 0.3703125 0.446875 0.6078125 0.446875 0.6078125 0.23125
0 0.3078125 0.9234375 0.2375 0.9234375 0.2375 1.0 0.3078125 1.0 0.3078125 0.9234375
0 0.5453125 0.3515625 0.375 0.3515625 0.375 0.5109375 0.5453125 0.5109375 0.5453125 0.3515625
0 0.7609375 0.2296875 0.6015625 0.2296875 0.6015625 0.546875 0.7609375 0.546875 0.7609375 0.2296875
0 1.0 0.0421875 0.8984375 0.0421875 0.8984375 0.18125 1.0 0.18125 1.0 0.0421875
0 0.9484375 0.5890625 0.7234375 0.5890625 0.7234375 0.7140625 0.9484375 0.7140625 0.9484375 0.5890625
0 0.4 0.2546875 0.165625 0.2546875 0.165625 0.4046875 0.4 0.4046875 0.4 0.2546875
0 0.7359375 0.0015625 0.546875 0.0015625 0.546875 0.2015625 0.7359375 0.2015625 0.7359375 0.0015625
0 0.3296875 0.94375 0.3046875 0.94375 0.3046875 1.0 0.3296875 1.0 0.3296875 0.94375
0 0.0671875 0.928125 0.0015625 0.928125 0.0015625 1.0 0.0671875 1.0 0.0671875 0.928125
0 0.15 0.85625 0.0015625 0.85625 0.0015625 0.978125 0.15 0.978125 0.15 0.85625
0 0.1984375 0.65 0.0265625 0.65 0.0265625 0.8609375 0.1984375 0.8609375 0.1984375 0.65
0 0.69375 0.740625 0.521875 0.740625 0.521875 0.9109375 0.69375 0.9109375 0.69375 0.740625
0 0.0875 0.4671875 0.0015625 0.4671875 0.0015625 0.6125 0.0875 0.6125 0.0875 0.4671875
0 0.821875 0.728125 0.6515625 0.728125 0.6515625 0.8734375 0.821875 0.8734375 0.821875 0.728125
0 0.8640625 0.4578125 0.734375 0.4578125 0.734375 0.659375 0.8640625 0.659375 0.8640625 0.4578125
0 1.0 0.159375 0.7984375 0.159375 0.7984375 0.4625 1.0 0.4625 1.0 0.159375
0 0.3265625 0.0015625 0.3015625 0.0015625 0.3015625 0.0296875 0.3265625 0.0296875 0.3265625 0.0015625
