0 0.6453125 0.459375 0.5234375 0.459375 0.5234375 0.678125 0.6453125 0.678125 0.6453125 0.459375
0 0.4328125 0.3484375 0.3859375 0.3484375 0.3859375 0.6640625 0.4328125 0.6640625 0.4328125 0.3484375
0 0.915625 0.453125 0.7765625 0.453125 0.7765625 0.6546875 0.915625 0.6546875 0.915625 0.453125
0 0.8015625 0.21875 0.65 0.21875 0.65 0.45625 0.8015625 0.45625 0.8015625 0.21875
0 1.0 0.275 0.890625 0.275 0.890625 0.4359375 1.0 0.4359375 1.0 0.275
0 0.9625 0.7796875 0.85625 0.7796875 0.85625 1.0 0.9625 1.0 0.9625 0.7796875
0 1.0 0.4453125 0.890625 0.4453125 0.890625 0.771875 1.0 0.771875 1.0 0.4453125
0 0.428125 0.0015625 0.3109375 0.0015625 0.3109375 0.4390625 0.428125 0.4390625 0.428125 0.0015625
0 0.8859375 0.08125 0.503125 0.08125 0.503125 0.3796875 0.8859375 0.3796875 0.8859375 0.08125
0 0.5515625 0.19375 0.4375 0.19375 0.4375 0.3625 0.5515625 0.3625 0.5515625 0.19375
0 0.89375 0.0015625 0.7703125 0.0015625 0.7703125 0.09375 0.89375 0.09375 0.89375 0.0015625
0 0.0984375 0.0015625 0.034375 0.0015625 0.034375 0.078125 0.0984375 0.078125 0.0984375 0.0015625
0 0.84375 0.0015625 0.409375 0.0015625 0.409375 0.784375 0.84375 0.784375 0.84375 0.0015625
0 1.0 0.1859375 0.8375 0.1859375 0.8375 0.375 1.0 0.375 1.0 0.1859375
0 1.0 0.0015625 0.771875 0.0015625 0.771875 0.2921875 1.0 0.2921875 1.0 0.0015625
0 0.384375 0.0015625 0.284375 0.0015625 0.284375 0.1125 0.384375 0.1125 0.384375 0.0015625
0 0.4046875 0.8453125 0.325 0.8453125 0.325 0.9625 0.4046875 0.9625 0.4046875 0.8453125
0 0.9984375 0.3734375 0.6984375 0.3734375 0.6984375 0.5515625 0.9984375 0.5515625 0.9984375 0.3734375
0 0.390625 0.9859375 0.3375 0.9859375 0.3375 1.0 0.390625 1.0 0.390625 0.9859375
0 0.39375 0.71875 0.0015625 0.71875 0.0015625 1.0 0.39375 1.0 0.39375 0.71875
0 0.1953125 0.0015625 0.0015625 0.0015625 0.0015625 0.471875 0.1953125 0.471875 0.1953125 0.0015625
0 0.465625 0.0015625 0.4203125 0.0015625 0.4203125 0.31875 0.465625 0.31875 0.465625 0.0015625
0 0.9578125 0.6046875 0.371875 0.6046875 0.371875 1.0 0.9578125 1.0 0.9578125 0.6046875
0 0.678125 0.253125 0.4796875 0.253125 0.4796875 0.5453125 0.678125 0.5453125 0.678125 0.253125
0 0.915625 0.2828125 0.7703125 0.2828125 0.7703125 0.44375 0.915625 0.44375 0.915625 0.2828125
0 1.0 0.7921875 0.9359375 0.7921875 0.9359375 0.99375 1.0 0.99375 1.0 0.7921875
0 1.0 0.371875 0.98125 0.371875 0.98125 0.528125 1.0 0.528125 1.0 0.371875
