0 0.0484375 0.8765625 0.0015625 0.8765625 0.0015625 1.0 0.0484375 1.0 0.0484375 0.8765625
0 0.4140625 0.075 0.359375 0.075 0.359375 0.2984375 0.4140625 0.2984375 0.4140625 0.075
0 0.2015625 0.6703125 0.0890625 0.6703125 0.0890625 0.79375 0.2015625 0.79375 0.2015625 0.6703125
0 0.5828125 0.875 0.5359375 0.875 0.5359375 1.0 0.5828125 1.0 0.5828125 0.875
0 0.709375 0.9296875 0.640625 0.9296875 0.640625 1.0 0.709375 1.0 0.709375 0.9296875
0 0.940625 0.8171875 0.8390625 0.8171875 0.8390625 1.0 0.940625 1.0 0.940625 0.8171875
0 0.8515625 0.5046875 0.7703125 0.5046875 0.7703125 0.6171875 0.8515625 0.6171875 0.8515625 0.5046875
0 0.66875 0.396875 0.5640625 0.396875 0.5640625 0.696875 0.66875 0.696875 0.66875 0.396875
0 0.353125 0.3140625 0.2265625 0.3140625 0.2265625 0.596875 0.353125 0.596875 0.353125 0.3140625
0 0.0328125 0.840625 0.0015625 0.840625 0.0015625 0.99375 0.0328125 0.99375 0.0328125 0.840625
0 0.43125 0.9984375 0.425 0.9984375 0.425 1.0 0.43125 1.0 0.43125 0.9984375
0 0.503125 0.953125 0.478125 0.953125 0.478125 1.0 0.503125 1.0 0.503125 0.953125
0 0.8640625 0.978125 0.83125 0.978125 0.83125 1.0 0.8640625 1.0 0.8640625 0.978125
0 0.646875 0.80625 0.5625 0.80625 0.5625 1.0 0.646875 1.0 0.646875 0.80625
0 0.5 0.7421875 0.3421875 0.7421875 0.3421875 0.99375 0.5 0.99375 0.5 0.7421875
0 0.2515625 0.6578125 0.090625 0.6578125 0.090625 0.8203125 0.2515625 0.8203125 0.2515625 0.6578125
0 0.890625 0.6296875 0.709375 0.6296875 0.709375 0.79375 0.890625 0.79375 0.890625 0.6296875
0 1.0 0.2109375 0.878125 0.2109375 0.878125 0.4375 1.0 0.4375 1.0 0.2109375
0 0.1796875 0.2 0.115625 0.2 0.115625 0.3484375 0.1796875 0.3484375 0.1796875 0.2
0 0.4609375 0.05 0.378125 0.05 0.378125 0.278125 0.4609375 0.278125 0.4609375 0.05
0 0.3171875 0.0171875 0.13125 0.0171875 0.13125 0.1984375 0.3171875 0.1984375 0.3171875 0.0171875
0 0.5234375 0.8125 0.3484375 0.8125 0.3484375 1.0 0.5234375 1.0 0.5234375 0.8125
0 0.65 0.9234375 0.54375 0.9234375 0.54375 1.0 0.65 1.0 0.65 0.9234375
0 0.759375 0.1515625 0.3234375 0.1515625 0.3234375 0.79375 0.759375 0.79375 0.759375 0.1515625
0 0.7140625 0.0015625 0.696875 0.0015625 0.696875 0.0546875 0.7140625 0.0546875 0.7140625 0.0015625
0 0.7921875 0.8796875 0.7265625 0.8796875 0.7265625 1.0 0.7921875 1.0 0.7921875 0.8796875
0 0.809375 0.6625 0.590625 0.6625 0.590625 0.9515625 0.809375 0.9515625 0.809375 0.6625
0 0.3796875 0.5109375 0.0015625 0.5109375 0.0015625 1.0 0.3796875 1.0 0.3796875 0.5109375
0 0.3984375 0.28125 0.0140625 0.28125 0.0140625 0.86875 0.3984375 0.86875 0.3984375 0.28125
0 0.5234375 0.0015625 0.11875 0.0015625 0.11875 0.4359375 0.5234375 0.4359375 0.5234375 0.0015625
0 1.0 0.0015625 0.64375 0.0015625 0.64375 1.0 1.0 1.0 1.0 0.0015625
0 0.79375 0.796875 0.6515625 0.796875 0.6515625 0.871875 0.79375 0.871875 0.79375 0.796875
0 0.821875 0.178125 0.64375 0.178125 0.64375 0.7140625 0.821875 0.7140625 0.821875 0.178125
0 0.878125 0.0015625 0.775 0.0015625 0.775 0.2765625 0.878125 0.2765625 0.878125 0.0015625
0 0.7265625 0.0015625 0.5109375 0.0015625 0.5109375 0.2484375 0.7265625 0.2484375 0.7265625 0.0015625
0 0.884375 0.0015625 0.8265625 0.0015625 0.8265625 0.11875 0.884375 0.11875 0.884375 0.0015625
0 1.0 0.19375 0.83125 0.19375 0.83125 0.440625 1.0 0.440625 1.0 0.19375
0 1.0 0.0015625 0.878125 0.0015625 0.878125 0.19375 1.0 0.19375 1.0 0.0015625
0 0.8484375 0.0015625 0.7875 0.0015625 0.7875 0.071875 0.8484375 0.071875 0.8484375 0.0015625
