0 0.0234375 0.7890625 0.0015625 0.7890625 0.0015625 0.871875 0.0234375 0.871875 0.0234375 0.7890625
0 0.00625 0.99375 0.0015625 0.99375 0.0015625 1.0 0.00625 1.0 0.00625 0.99375
0 0.3453125 0.5921875 0.121875 0.5921875 0.121875 1.0 0.3453125 1.0 0.3453125 0.5921875
0 0.5390625 0.825 0.4484375 0.825 0.4484375 1.0 0.5390625 1.0 0.5390625 0.825
0 0.7796875 0.490625 0.459375 0.490625 0.459375 0.7484375 0.7796875 0.7484375 0.7796875 0.490625
0 0.5953125 0.353125 0.4265625 0.353125 0.4265625 0.525 0.5953125 0.525 0.5953125 0.353125
0 0.278125 0.1734375 0.1765625 0.1734375 0.1765625 0.3265625 0.278125 0.3265625 0.278125 0.1734375
0 0.89375 0.665625 0.61875 0.665625 0.61875 1.0 0.89375 1.0 0.89375 0.665625
0 0.9234375 0.7359375 0.7953125 0.7359375 0.7953125 0.940625 0.9234375 0.940625 0.9234375 0.7359375
0 1.0 0.64375 0.8375 0.64375 0.8375 0.7859375 1.0 0.7859375 1.0 0.64375
0 0.8703125 0.278125 0.73125 0.278125 0.73125 0.5625 0.8703125 0.5625 0.8703125 0.278125
0 0.978125 0.228125 0.8984375 0.228125 0.8984375 0.428125 0.978125 0.428125 0.978125 0.228125
0 0.721875 0.3125 0.6078125 0.3125 0.6078125 0.4328125 0.721875 0.4328125 0.721875 0.3125
0 0.15 0.0515625 0.0015625 0.0515625 0.0015625 0.2265625 0.15 0.2265625 0.15 0.0515625
0 0.059375 0.7640625 0.0015625 0.7640625 0.0015625 0.9125 0.059375 0.9125 0.059375 0.7640625
0 0.2546875 0.16875 0.0375 0.16875 0.0375 0.3515625 0.2546875 0.3515625 0.2546875 0.16875
0 0.6328125 0.2203125 0.484375 0.2203125 0.484375 0.4453125 0.6328125 0.4453125 0.6328125 0.2203125
0 0.98125 0.715625 0.865625 0.715625 0.865625 0.80625 0.98125 0.80625 0.98125 0.715625
0 0.878125 0.54375 0.696875 0.54375 0.696875 0.7296875 0.878125 0.7296875 0.878125 0.54375
0 0.8765625 0.01875 0.6921875 0.01875 0.6921875 0.1140625 0.8765625 0.1140625 0.8765625 0.01875
0 0.146875 0.8484375 0.00625 0.8484375 0.00625 0.9828125 0.146875 0.9828125 0.146875 0.8484375
0 0.2859375 0.971875 0.165625 0.971875 0.165625 1.0 0.2859375 1.0 0.2859375 0.971875
0 0.53125 0.978125 0.365625 0.978125 0.365625 1.0 0.53125 1.0 0.53125 0.978125
0 0.6625 0.934375 0.565625 0.934375 0.565625 1.0 0.6625 1.0 0.6625 0.934375
0 0.2265625 0.76875 0.034375 0.76875 0.034375 0.85625 0.2265625 0.85625 0.2265625 0.76875
0 0.59375 0.6453125 0.3484375 0.6453125 0.3484375 0.7578125 0.59375 0.7578125 0.59375 0.6453125
0 0.328125 0.0015625 0.0015625 0.0015625 0.0015625 0.2328125 0.328125 0.2328125 0.328125 0.0015625
0 0.490625 0.8234375 0.34375 0.8234375 0.34375 1.0 0.490625 1.0 0.490625 0.8234375
0 0.9546875 0.4640625 0.8484375 0.4640625 0.8484375 0.621875 0.9546875 0.621875 0.9546875 0.4640625
0 0.7671875 0.3375 0.578125 0.3375 0.578125 0.465625 0.7671875 0.465625 0.7671875 0.3375
0 0.8765625 0.1203125 0.78125 0.1203125 0.78125 0.2984375 0.8765625 0.2984375 0.8765625 0.1203125
0 0.7421875 0.040625 0.5328125 0.040625 0.5328125 0.203125 0.7421875 0.203125 0.7421875 0.040625
0 0.3453125 0.96875 0.2984375 0.96875 0.2984375 1.0 0.3453125 1.0 0.3453125 0.96875
0 0.0921875 0.9203125 0.0015625 0.9203125 0.0015625 1.0 0.0921875 1.0 0.0921875 0.9203125
0 0.309375 0.8109375 0.1984375 0.8109375 0.1984375 0.9265625 0.309375 0.9265625 0.309375 0.8109375
0 0.321875 0.45 0.1140625 0.45 0.1140625 0.75 0.321875 0.75 0.321875 0.45
0 0.378125 0.8515625 0.334375 0.8515625 0.334375 1.0 0.378125 1.0 0.378125 0.8515625
0 0.2234375 0.828125 0.0203125 0.828125 0.0203125 0.90625 0.2234375 0.90625 0.2234375 0.828125
0 0.1703125 0.6828125 0.0328125 0.6828125 0.0328125 0.8 0.1703125 0.8 0.1703125 0.6828125
0 0.146875 0.4921875 0.05625 0.4921875 0.05625 0.66875 0.146875 0.66875 0.146875 0.4921875
0 0.4703125 0.203125 0.3296875 0.203125 0.3296875 0.396875 0.4703125 0.396875 0.4703125 0.203125
0 0.4984375 0.00625 0.34375 0.00625 0.34375 0.1234375 0.4984375 0.1234375 0.4984375 0.00625
0 1.0 0.55625 0.91875 0.55625 0.91875 0.7109375 1.0 0.7109375 1.0 0.55625
0 0.775 0.4484375 0.6375 0.4484375 0.6375 0.56875 0.775 0.56875 0.775 0.4484375
0 1.0 0.028125 0.9515625 0.028125 0.9515625 0.11875 1.0 0.11875 1.0 0.028125
0 0.0953125 0.0515625 0.0015625 0.0515625 0.0015625 0.234375 0.0953125 0.234375 0.0953125 0.0515625
0 0.3515625 0.0953125 0.1828125 0.0953125 0.1828125 0.228125 0.3515625 0.228125 0.3515625 0.0953125
0 0.196875 0.0171875 0.0828125 0.0171875 0.0828125 0.2046875 0.196875 0.2046875 0.196875 0.0171875
0 0.4203125 0.0015625 0.2203125 0.0015625 0.2203125 0.075 0.4203125 0.075 0.4203125 0.0015625
0 0.01875 0.0015625 0.0015625 0.0015625 0.0015625 0.0328125 0.01875 0.0328125 0.01875 0.0015625
0 0.7171875 0.009375 0.4921875 0.009375 0.4921875 0.19375 0.7171875 0.19375 0.7171875 0.009375
0 1.0 0.9375 0.8328125 0.9375 0.8328125 1.0 1.0 1.0 1.0 0.9375
0 0.8890625 0.721875 0.778125 0.721875 0.778125 0.83125 0.8890625 0.83125 0.8890625 0.721875
0 0.621875 0.4265625 0.5109375 0.4265625 0.5109375 0.5375 0.621875 0.5375 0.621875 0.4265625
0 1.0 0.215625 0.9390625 0.215625 0.9390625 0.509375 1.0 0.509375 1.0 0.215625
0 0.94375 0.0015625 0.746875 0.0015625 0.746875 0.321875 0.94375 0.321875 0.94375 0.0015625
0 0.15625 0.3 0.0015625 0.3 0.0015625 0.7234375 0.15625 0.7234375 0.15625 0.3
0 0.2765625 0.521875 0.0625 0.521875 0.0625 0.8234375 0.2765625 0.8234375 0.2765625 0.521875
0 0.3484375 0.503125 0.2875 0.503125 0.2875 0.8015625 0.3484375 0.8015625 0.3484375 0.503125
0 0.5203125 0.465625 0.3890625 0.465625 0.3890625 0.6265625 0.5203125 0.6265625 0.5203125 0.465625
0 1.0 0.11875 0.9859375 0.11875 0.9859375 0.1734375 1.0 0.1734375 1.0 0.11875
0 0.321875 0.875 0.146875 0.875 0.146875 0.9640625 0.321875 0.9640625 0.321875 0.875
0 0.071875 0.4828125 0.0015625 0.4828125 0.0015625 0.7109375 0.071875 0.7109375 0.071875 0.4828125
0 0.1171875 0.4328125 0.03125 0.4328125 0.03125 0.565625 0.1171875 0.565625 0.1171875 0.4328125
0 0.5046875 0.165625 0.0015625 0.165625 0.0015625 0.4703125 0.5046875 0.4703125 0.5046875 0.165625
0 1.0 0.8734375 0.7578125 0.8734375 0.7578125 1.0 1.0 1.0 1.0 0.8734375
0 0.5578125 0.5796875 0.4765625 0.5796875 0.4765625 0.7125 0.5578125 0.7125 0.5578125 0.5796875
0 1.0 0.6125 0.9703125 0.6125 0.9703125 0.696875 1.0 0.696875 1.0 0.6125
0 0.6234375 0.4875 0.45625 0.4875 0.45625 0.56875 0.6234375 0.56875 0.6234375 0.4875
0 0.4703125 0.271875 0.3859375 0.271875 0.3859375 0.4859375 0.4703125 0.4859375 0.4703125 0.271875
0 0.821875 0.1625 0.6 0.1625 0.6 0.43125 0.821875 0.43125 0.821875 0.1625
0 0.7171875 0.209375 0.5828125 0.209375 0.5828125 0.359375 0.7171875 0.359375 0.7171875 0.209375
0 0.05625 0.575 0.0015625 0.575 0.0015625 0.7546875 0.05625 0.7546875 0.05625 0.575
0 0.49375 0.0234375 0.2453125 0.0234375 0.2453125 0.25 0.49375 0.25 0.49375 0.0234375
0 0.015625 0.696875 0.0015625 0.696875 0.0015625 0.7453125 0.015625 0.7453125 0.015625 0.696875
0 0.1375 0.328125 0.0046875 0.328125 0.0046875 0.40625 0.1375 0.40625 0.1375 0.328125
0 1.0 0.825 0.95625 0.825 0.95625 0.89375 1.0 0.89375 1.0 0.825
0 1.0 0.15 0.934375 0.15 0.934375 0.2453125 1.0 0.2453125 1.0 0.15
0 0.8109375 0.103125 0.6859375 0.103125 0.6859375 0.1921875 0.8109375 0.1921875 0.8109375 0.103125
