0 0.3 0.509375 0.140625 0.509375 0.140625 0.815625 0.3 0.815625 0.3 0.509375
0 0.7328125 0.915625 0.5609375 0.915625 0.5609375 1.0 0.7328125 1.0 0.7328125 0.915625
0 1.0 0.775 0.7625 0.775 0.7625 1.0 1.0 1.0 1.0 0.775
0 1.0 0.509375 0.9109375 0.509375 0.9109375 0.6515625 1.0 0.6515625 1.0 0.509375
0 0.8 0.384375 0.684375 0.384375 0.684375 0.553125 0.8 0.553125 0.8 0.384375
0 0.8171875 0.2796875 0.6734375 0.2796875 0.6734375 0.4625 0.8171875 0.4625 0.8171875 0.2796875
0 0.5796875 0.1890625 0.346875 0.1890625 0.346875 0.428125 0.5796875 0.428125 0.5796875 0.1890625
0 0.9046875 0.0765625 0.803125 0.0765625 0.803125 0.2484375 0.9046875 0.2484375 0.9046875 0.0765625
0 0.625 0.0328125 0.4015625 0.0328125 0.4015625 0.165625 0.625 0.165625 0.625 0.0328125
0 0.4859375 0.259375 0.04375 0.259375 0.04375 1.0 0.4859375 1.0 0.4859375 0.259375
0 0.5859375 0.5046875 0.403125 0.5046875 0.403125 0.915625 0.5859375 0.915625 0.5859375 0.5046875
0 1.0 0.2375 0.778125 0.2375 0.778125 0.459375 1.0 0.459375 1.0 0.2375
0 0.7671875 0.0015625 0.5984375 0.0015625 0.5984375 0.296875 0.7671875 0.296875 0.7671875 0.0015625
0 0.5875 0.1140625 0.4609375 0.1140625 0.4609375 0.2859375 0.5875 0.2859375 0.5875 0.1140625
0 1.0 0.0078125 0.91875 0.0078125 0.91875 0.228125 1.0 0.228125 1.0 0.0078125
0 0.55 0.8984375 0.40625 0.8984375 0.40625 1.0 0.55 1.0 0.55 0.8984375
0 0.771875 0.7171875 0.590625 0.7171875 0.590625 1.0 0.771875 1.0 0.771875 0.7171875
0 1.0 0.5421875 0.89375 0.5421875 0.89375 0.784375 1.0 0.784375 1.0 0.5421875
0 0.7859375 0.990625 0.7265625 0.990625 0.7265625 1.0 0.7859375 1.0 0.7859375 0.990625
0 0.571875 0.840625 0.39375 0.840625 0.39375 1.0 0.571875 1.0 0.571875 0.840625
0 1.0 0.0015625 0.3796875 0.0015625 0.3796875 0.94375 1.0 0.94375 1.0 0.0015625
0 1.0 0.0015625 0.0015625 0.0015625 0.0015625 1.0 1.0 1.0 1.0 0.0015625
0 0.5453125 0.290625 0.30625 0.290625 0.30625 0.6734375 0.5453125 0.6734375 0.5453125 0.290625
0 0.9828125 0.4890625 0.4671875 0.4890625 0.4671875 0.91875 0.9828125 0.91875 0.9828125 0.4890625
0 0.65625 0.3109375 0.5359375 0.3109375 0.5359375 0.5921875 0.65625 0.5921875 0.65625 0.3109375
0 0.6140625 0.0734375 0.534375 0.0734375 0.534375 0.1734375 0.6140625 0.1734375 0.6140625 0.0734375
0 1.0 0.1984375 0.9625 0.1984375 0.9625 0.2421875 1.0 0.2421875 1.0 0.1984375
0 0.30625 0.0015625 0.2828125 0.0015625 0.2828125 0.0328125 0.30625 0.0328125 0.30625 0.0015625
