0 0.4390625 0.6671875 0.290625 0.6671875 0.290625 0.828125 0.4390625 0.828125 0.4390625 0.6671875
0 0.0140625 0.5 0.0015625 0.5 0.0015625 0.5609375 0.0140625 0.5609375 0.0140625 0.5
0 0.2578125 0.6890625 0.0859375 0.6890625 0.0859375 0.7890625 0.2578125 0.7890625 0.2578125 0.6890625
0 0.2609375 0.2765625 0.0328125 0.2765625 0.0328125 0.4390625 0.2609375 0.4390625 0.2609375 0.2765625
0 0.1 0.646875 0.0015625 0.646875 0.0015625 0.7859375 0.1 0.7859375 0.1 0.646875
0 0.575 0.5703125 0.23125 0.5703125 0.23125 0.7390625 0.575 0.7390625 0.575 0.5703125
0 0.6453125 0.7328125 0.478125 0.7328125 0.478125 0.8359375 0.6453125 0.8359375 0.6453125 0.7328125
0 0.1484375 0.515625 0.0015625 0.515625 0.0015625 0.615625 0.1484375 0.615625 0.1484375 0.515625
0 0.2328125 0.628125 0.1578125 0.628125 0.1578125 0.7234375 0.2328125 0.7234375 0.2328125 0.628125
0 0.6015625 0.88125 0.54375 0.88125 0.54375 1.0 0.6015625 1.0 0.6015625 0.88125
0 0.771875 0.0015625 0.7515625 0.0015625 0.7515625 0.01875 0.771875 0.01875 0.771875 0.0015625
0 0.6875 0.315625 0.5265625 0.315625 0.5265625 0.6125 0.6875 0.6125 0.6875 0.315625
0 0.809375 0.0171875 0.6875 0.0171875 0.6875 0.3640625 0.809375 0.3640625 0.809375 0.0171875
0 1.0 0.60625 0.815625 0.60625 0.815625 0.79375 1.0 0.79375 1.0 0.60625
0 0.6640625 0.1546875 0.19375 0.1546875 0.19375 0.3703125 0.6640625 0.3703125 0.6640625 0.1546875
0 0.0859375 0.0015625 0.0015625 0.0015625 0.0015625 0.0828125 0.0859375 0.0828125 0.0859375 0.0015625
0 1.0 0.7359375 0.9359375 0.7359375 0.9359375 0.8015625 1.0 0.8015625 1.0 0.7359375
0 0.671875 0.584375 0.496875 0.584375 0.496875 0.7453125 0.671875 0.7453125 0.671875 0.584375
0 0.1671875 0.5703125 0.034375 0.5703125 0.034375 0.6609375 0.1671875 0.6609375 0.1671875 0.5703125
0 0.0796875 0.0484375 0.0015625 0.0484375 0.0015625 0.1375 0.0796875 0.1375 0.0796875 0.0484375
0 0.6359375 0.7640625 0.2890625 0.7640625 0.2890625 1.0 0.6359375 1.0 0.6359375 0.7640625
0 0.8578125 0.5203125 0.6921875 0.5203125 0.6921875 0.7875 0.8578125 0.7875 0.8578125 0.5203125
0 1.0 0.00625 0.9265625 0.00625 0.9265625 0.1078125 1.0 0.1078125 1.0 0.00625
0 0.265625 0.1328125 0.0625 0.1328125 0.0625 0.1828125 0.265625 0.1828125 0.265625 0.1328125
0 0.3984375 0.0796875 0.0796875 0.0796875 0.0796875 0.1546875 0.3984375 0.1546875 0.3984375 0.0796875
0 0.05 0.33125 0.0015625 0.33125 0.0015625 0.4359375 0.05 0.4359375 0.05 0.33125
0 0.959375 0.0015625 0.8921875 0.0015625 0.8921875 0.0515625 0.959375 0.0515625 0.959375 0.0015625
0 1.0 0.096875 0.95625 0.096875 0.95625 0.28125 1.0 0.28125 1.0 0.096875
0 0.8109375 0.0015625 0.7640625 0.0015625 0.7640625 0.0625 0.8109375 0.0625 0.8109375 0.0015625
0 0.0765625 0.23125 0.0015625 0.23125 0.0015625 0.3921875 0.0765625 0.3921875 0.0765625 0.23125
0 0.640625 0.659375 0.5234375 0.659375 0.5234375 0.75625 0.640625 0.75625 0.640625 0.659375
0 0.4609375 0.0015625 0.3515625 0.0015625 0.3515625 0.1234375 0.4609375 0.1234375 0.4609375 0.0015625
0 1.0 0.0015625 0.7296875 0.0015625 0.7296875 0.640625 1.0 0.640625 1.0 0.0015625
0 0.0546875 0.796875 0.0015625 0.796875 0.0015625 0.884375 0.0546875 0.884375 0.0546875 0.796875
0 0.1625 0.5609375 0.0015625 0.5609375 0.0015625 0.7828125 0.1625 0.7828125 0.1625 0.5609375
0 0.3265625 0.45625 0.0015625 0.45625 0.0015625 0.64375 0.3265625 0.64375 0.3265625 0.45625
0 0.15 0.0015625 0.1078125 0.0015625 0.1078125 0.0515625 0.15 0.0515625 0.15 0.0015625
0 0.5734375 0.8265625 0.384375 0.8265625 0.384375 0.9375 0.5734375 0.9375 0.5734375 0.8265625
0 0.5265625 0.4796875 0.275 0.4796875 0.275 0.565625 0.5265625 0.565625 0.5265625 0.4796875
0 0.840625 0.35625 0.7171875 0.35625 0.7171875 0.590625 0.840625 0.590625 0.840625 0.35625
0 0.5765625 0.31875 0.3296875 0.31875 0.3296875 0.4453125 0.5765625 0.4453125 0.5765625 0.31875
0 0.7265625 0.2984375 0.6515625 0.2984375 0.6515625 0.446875 0.7265625 0.446875 0.7265625 0.2984375
0 0.4859375 0.1203125 0.3234375 0.1203125 0.3234375 0.228125 0.4859375 0.228125 0.4859375 0.1203125
0 0.68125 0.0015625 0.546875 0.0015625 0.546875 0.1875 0.68125 0.1875 0.68125 0.0015625
0 1.0 0.0015625 0.9609375 0.0015625 0.9609375 0.0625 1.0 0.0625 1.0 0.0015625
0 0.7546875 0.0015625 0.696875 0.0015625 0.696875 0.015625 0.7546875 0.015625 0.7546875 0.0015625
0 0.290625 0.790625 0.165625 0.790625 0.165625 0.953125 0.290625 0.953125 0.290625 0.790625
0 0.1015625 0.7296875 0.0015625 0.7296875 0.0015625 0.8484375 0.1015625 0.8484375 0.1015625 0.7296875
0 0.0453125 0.665625 0.0015625 0.665625 0.0015625 0.7359375 0.0453125 0.7359375 0.0453125 0.665625
0 0.5046875 0.94375 0.4296875 0.94375 0.4296875 1.0 0.5046875 1.0 0.5046875 0.94375
0 0.06875 0.1296875 0.0015625 0.1296875 0.0015625 0.2140625 0.06875 0.2140625 0.06875 0.1296875
0 0.74375 0.0015625 0.0015625 0.0015625 0.0015625 0.2484375 0.74375 0.2484375 0.74375 0.0015625
0 0.484375 0.6453125 0.0015625 0.6453125 0.0015625 1.0 0.484375 1.0 0.484375 0.6453125
0 0.6203125 0.1609375 0.0015625 0.1609375 0.0015625 0.5515625 0.6203125 0.5515625 0.6203125 0.1609375
0 0.1359375 0.3828125 0.0015625 0.3828125 0.0015625 0.50625 0.1359375 0.50625 0.1359375 0.3828125
0 0.665625 0.70625 0.6078125 0.70625 0.6078125 0.9484375 0.665625 0.9484375 0.665625 0.70625
0 0.5875 0.696875 0.409375 0.696875 0.409375 0.8265625 0.5875 0.8265625 0.5875 0.696875
0 0.6890625 0.5046875 0.6140625 0.5046875 0.6140625 0.6546875 0.6890625 0.6546875 0.6890625 0.5046875
0 0.5390625 0.515625 0.3609375 0.515625 0.3609375 0.6265625 0.5390625 0.6265625 0.5390625 0.515625
