0 0.4640625 0.93125 0.3984375 0.93125 0.3984375 1.0 0.4640625 1.0 0.4640625 0.93125
0 1.0 0.603125 0.953125 0.603125 0.953125 0.79375 1.0 0.79375 1.0 0.603125
0 1.0 0.4015625 0.796875 0.4015625 0.796875 0.5984375 1.0 0.5984375 1.0 0.4015625
0 1.0 0.515625 0.8765625 0.515625 0.8765625 0.6953125 1.0 0.6953125 1.0 0.515625
0 0.9546875 0.4453125 0.8609375 0.4453125 0.8609375 0.6078125 0.9546875 0.6078125 0.9546875 0.4453125
0 0.003125 0.0015625 0.0015625 0.0015625 0.0015625 0.0015625 0.003125 0.0015625 0.003125 0.0015625
0 1.0 0.7296875 0.91875 0.7296875 0.91875 0.9375 1.0 0.9375 1.0 0.7296875
0 0.9046875 0.5859375 0.7265625 0.5859375 0.7265625 0.7484375 0.9046875 0.7484375 0.9046875 0.5859375
0 0.678125 0.0734375 0.4078125 0.0734375 0.4078125 0.5296875 0.678125 0.5296875 0.678125 0.0734375
0 1.0 0.0015625 0.8609375 0.0015625 0.8609375 0.41875 1.0 0.41875 1.0 0.0015625
0 0.98125 0.9390625 0.9265625 0.9390625 0.9265625 1.0 0.98125 1.0 0.98125 0.9390625
0 1.0 0.0015625 0.9453125 0.0015625 0.9453125 0.01875 1.0 0.01875 1.0 0.0015625
0 1.0 0.0578125 0.91875 0.0578125 0.91875 0.5171875 1.0 0.5171875 1.0 0.0578125
0 1.0 0.0015625 0.2140625 0.0015625 0.2140625 1.0 1.0 1.0 1.0 0.0015625
0 0.3015625 0.5421875 0.0015625 0.5421875 0.0015625 0.95 0.3015625 0.95 0.3015625 0.5421875
0 0.3390625 0.228125 0.13125 0.228125 0.13125 0.6421875 0.3390625 0.6421875 0.3390625 0.228125
0 0.5140625 0.025 0.35 0.025 0.35 0.34375 0.5140625 0.34375 0.5140625 0.025
0 1.0 0.6875 0.9875 0.6875 0.9875 0.7484375 1.0 0.7484375 1.0 0.6875
0 0.9609375 0.434375 0.7984375 0.434375 0.7984375 0.6515625 0.9609375 0.6515625 0.9609375 0.434375
