0 0.3578125 0.5828125 0.2484375 0.5828125 0.2484375 0.66875 0.3578125 0.66875 0.3578125 0.5828125
0 0.946875 0.8203125 0.8015625 0.8203125 0.8015625 0.9515625 0.946875 0.9515625 0.946875 0.8203125
0 1.0 0.24375 0.953125 0.24375 0.953125 0.3125 1.0 0.3125 1.0 0.24375
0 0.928125 0.16875 0.8390625 0.16875 0.8390625 0.2859375 0.928125 0.2859375 0.928125 0.16875
0 1.0 0.0328125 0.9359375 0.0328125 0.9359375 0.1390625 1.0 0.1390625 1.0 0.0328125
0 1.0 0.3203125 0.9796875 0.3203125 0.9796875 0.403125 1.0 0.403125 1.0 0.3203125
0 0.296875 0.9734375 0.1078125 0.9734375 0.1078125 1.0 0.296875 1.0 0.296875 0.9734375
0 0.4171875 0.7890625 0.33125 0.7890625 0.33125 0.9546875 0.4171875 0.9546875 0.4171875 0.7890625
0 0.3078125 0.8640625 0.2234375 0.8640625 0.2234375 0.959375 0.3078125 0.959375 0.3078125 0.8640625
0 0.6671875 0.8953125 0.5546875 0.8953125 0.5546875 1.0 0.6671875 1.0 0.6671875 0.8953125
0 0.7171875 0.721875 0.5625 0.721875 0.5625 0.8359375 0.7171875 0.8359375 0.7171875 0.721875
0 0.940625 0.7 0.81875 0.7 0.81875 0.790625 0.940625 0.790625 0.940625 0.7
0 0.771875 0.578125 0.6265625 0.578125 0.6265625 0.715625 0.771875 0.715625 0.771875 0.578125
0 0.7671875 0.5046875 0.6515625 0.5046875 0.6515625 0.59375 0.7671875 0.59375 0.7671875 0.5046875
0 1.0 0.2828125 0.9484375 0.2828125 0.9484375 0.371875 1.0 0.371875 1.0 0.2828125
0 0.44375 0.2078125 0.1828125 0.2078125 0.1828125 0.3578125 0.44375 0.3578125 0.44375 0.2078125
0 0.790625 0.540625 0.63125 0.540625 0.63125 0.6453125 0.790625 0.6453125 0.790625 0.540625
0 0.6484375 0.3578125 0.0015625 0.3578125 0.0015625 0.884375 0.6484375 0.884375 0.6484375 0.3578125
0 0.01875 0.3203125 0.0015625 0.3203125 0.0015625 0.3921875 0.01875 0.3921875 0.01875 0.3203125
0 0.9375 0.9171875 0.83125 0.9171875 0.83125 1.0 0.9375 1.0 0.9375 0.9171875
0 0.8546875 0.7515625 0.6203125 0.7515625 0.6203125 1.0 0.8546875 1.0 0.8546875 0.7515625
0 0.403125 0.825 0.2984375 0.825 0.2984375 0.9453125 0.403125 0.9453125 0.403125 0.825
0 0.9859375 0.775 0.8359375 0.775 0.8359375 0.94375 0.9859375 0.94375 0.9859375 0.775
0 0.3 0.7125 0.178125 0.7125 0.178125 0.8765625 0.3 0.8765625 0.3 0.7125
0 1.0 0.6828125 0.94375 0.6828125 0.94375 0.859375 1.0 0.859375 1.0 0.6828125
0 0.946875 0.2671875 0.65 0.2671875 0.65 0.528125 0.946875 0.528125 0.946875 0.2671875
0 0.384375 0.315625 0.1703125 0.315625 0.1703125 0.44375 0.384375 0.44375 0.384375 0.315625
0 0.53125 0.2984375 0.3484375 0.2984375 0.3484375 0.4140625 0.53125 0.4140625 0.53125 0.2984375
0 0.6453125 0.290625 0.5546875 0.290625 0.5546875 0.39375 0.6453125 0.39375 0.6453125 0.290625
0 0.6 0.2015625 0.4625 0.2015625 0.4625 0.3171875 0.6 0.3171875 0.6 0.2015625
0 1.0 0.0015625 0.771875 0.0015625 0.771875 0.2234375 1.0 0.2234375 1.0 0.0015625
0 0.6328125 0.0015625 0.428125 0.0015625 0.428125 0.1375 0.6328125 0.1375 0.6328125 0.0015625
0 0.7078125 0.0015625 0.6265625 0.0015625 0.6265625 0.0921875 0.7078125 0.0921875 0.7078125 0.0015625
0 0.046875 0.934375 0.0015625 0.934375 0.0015625 1.0 0.046875 1.0 0.046875 0.934375
0 0.0453125 0.2796875 0.0015625 0.2796875 0.0015625 0.36875 0.0453125 0.36875 0.0453125 0.2796875
0 0.3109375 0.9203125 0.134375 0.9203125 0.134375 1.0 0.3109375 1.0 0.3109375 0.9203125
0 0.909375 0.8953125 0.796875 0.8953125 0.796875 1.0 0.909375 1.0 0.909375 0.8953125
0 0.9 0.7609375 0.725 0.7609375 0.725 0.8484375 0.9 0.8484375 0.9 0.7609375
0 1.0 0.6734375 0.9671875 0.6734375 0.9671875 0.775 1.0 0.775 1.0 0.6734375
0 0.70625 0.675 0.5234375 0.675 0.5234375 0.753125 0.70625 0.753125 0.70625 0.675
0 1.0 0.1234375 0.8578125 0.1234375 0.8578125 0.265625 1.0 0.265625 1.0 0.1234375
0 1.0 0.909375 0.9515625 0.909375 0.9515625 1.0 1.0 1.0 1.0 0.909375
0 0.9140625 0.634375 0.778125 0.634375 0.778125 0.771875 0.9140625 0.771875 0.9140625 0.634375
0 0.19375 0.56875 0.0734375 0.56875 0.0734375 0.7390625 0.19375 0.7390625 0.19375 0.56875
0 0.49375 0.10625 0.1734375 0.10625 0.1734375 0.2421875 0.49375 0.2421875 0.49375 0.10625
0 0.4625 0.0015625 0.365625 0.0015625 0.365625 0.0625 0.4625 0.0625 0.4625 0.0015625
0 0.4765625 0.946875 0.3921875 0.946875 0.3921875 1.0 0.4765625 1.0 0.4765625 0.946875
0 0.190625 0.7328125 0.090625 0.7328125 0.090625 0.840625 0.190625 0.840625 0.190625 0.7328125
0 0.934375 0.528125 0.809375 0.528125 0.809375 0.7015625 0.934375 0.7015625 0.934375 0.528125
0 0.675 0.509375 0.5703125 0.509375 0.5703125 0.628125 0.675 0.628125 0.675 0.509375
0 1.0 0.4359375 0.9375 0.4359375 0.9375 0.55625 1.0 0.55625 1.0 0.4359375
0 0.228125 0.2 0.14375 0.2 0.14375 0.3328125 0.228125 0.3328125 0.228125 0.2
0 0.6234375 0.8421875 0.4609375 0.8421875 0.4609375 1.0 0.6234375 1.0 0.6234375 0.8421875
0 0.1421875 0.8625 0.0390625 0.8625 0.0390625 1.0 0.1421875 1.0 0.1421875 0.8625
0 0.903125 0.4890625 0.7859375 0.4890625 0.7859375 0.69375 0.903125 0.69375 0.903125 0.4890625
0 0.7640625 0.446875 0.5984375 0.446875 0.5984375 0.559375 0.7640625 0.559375 0.7640625 0.446875
0 0.4328125 0.98125 0.4078125 0.98125 0.4078125 1.0 0.4328125 1.0 0.4328125 0.98125
0 1.0 0.49375 0.9484375 0.49375 0.9484375 0.65 1.0 0.65 1.0 0.49375
0 0.7484375 0.365625 0.6171875 0.365625 0.6171875 0.5 0.7484375 0.5 0.7484375 0.365625
