0 0.6578125 0.840625 0.53125 0.840625 0.53125 0.9734375 0.6578125 0.9734375 0.6578125 0.840625
0 0.5078125 0.8265625 0.3484375 0.8265625 0.3484375 0.9296875 0.5078125 0.9296875 0.5078125 0.8265625
0 0.8375 0.634375 0.75625 0.634375 0.75625 0.815625 0.8375 0.815625 0.8375 0.634375
0 0.9984375 0.1125 0.746875 0.1125 0.746875 0.3171875 0.9984375 0.3171875 0.9984375 0.1125
0 1.0 0.0015625 0.8859375 0.0015625 0.8859375 0.1890625 1.0 0.1890625 1.0 0.0015625
0 0.1703125 0.9328125 0.0859375 0.9328125 0.0859375 1.0 0.1703125 1.0 0.1703125 0.9328125
0 0.7265625 0.665625 0.478125 0.665625 0.478125 1.0 0.7265625 1.0 0.7265625 0.665625
0 0.79375 0.7203125 0.7046875 0.7203125 0.7046875 0.9109375 0.79375 0.9109375 0.79375 0.7203125
0 0.5953125 0.6140625 0.446875 0.6140625 0.446875 0.7546875 0.5953125 0.7546875 0.5953125 0.6140625
0 0.9703125 0.378125 0.884375 0.378125 0.884375 0.5578125 0.9703125 0.5578125 0.9703125 0.378125
0 0.91875 0.3125 0.81875 0.3125 0.81875 0.478125 0.91875 0.478125 0.91875 0.3125
0 0.690625 0.1375 0.534375 0.1375 0.534375 0.45 0.690625 0.45 0.690625 0.1375
0 0.9203125 0.109375 0.803125 0.109375 0.803125 0.228125 0.9203125 0.228125 0.9203125 0.109375
0 0.709375 0.0015625 0.528125 0.0015625 0.528125 0.128125 0.709375 0.128125 0.709375 0.0015625
0 0.9734375 0.0015625 0.853125 0.0015625 0.853125 0.1546875 0.9734375 0.1546875 0.9734375 0.0015625
0 0.5546875 0.9 0.4453125 0.9 0.4453125 1.0 0.5546875 1.0 0.5546875 0.9
0 1.0 0.0015625 0.3484375 0.0015625 0.3484375 1.0 1.0 1.0 1.0 0.0015625
0 0.3890625 0.6890625 0.071875 0.6890625 0.071875 1.0 0.3890625 1.0 0.3890625 0.6890625
0 0.490625 0.9 0.3875 0.9 0.3875 0.990625 0.490625 0.990625 0.490625 0.9
0 0.5625 0.8390625 0.4984375 0.8390625 0.4984375 0.96875 0.5625 0.96875 0.5625 0.8390625
