0 0.109375 0.7578125 0.0015625 0.7578125 0.0015625 1.0 0.109375 1.0 0.109375 0.7578125
0 0.40625 0.7328125 0.3078125 0.7328125 0.3078125 1.0 0.40625 1.0 0.40625 0.7328125
0 0.33125 0.7703125 0.2421875 0.7703125 0.2421875 1.0 0.33125 1.0 0.33125 0.7703125
0 0.7671875 0.8171875 0.6578125 0.8171875 0.6578125 1.0 0.7671875 1.0 0.7671875 0.8171875
0 1.0 0.76875 0.809375 0.76875 0.809375 0.95 1.0 0.95 1.0 0.76875
0 0.390625 0.46875 0.2921875 0.46875 0.2921875 0.64375 0.390625 0.64375 0.390625 0.46875
0 1.0 0.3625 0.8546875 0.3625 0.8546875 0.596875 1.0 0.596875 1.0 0.3625
0 0.146875 0.2328125 0.0765625 0.2328125 0.0765625 0.45625 0.146875 0.45625 0.146875 0.2328125
0 0.5203125 0.0921875 0.44375 0.0921875 0.44375 0.353125 0.5203125 0.353125 0.5203125 0.0921875
0 0.9453125 0.0578125 0.8578125 0.0578125 0.8578125 0.29375 0.9453125 0.29375 0.9453125 0.0578125
0 0.0375 0.0484375 0.0015625 0.0484375 0.0015625 0.1375 0.0375 0.1375 0.0375 0.0484375
0 0.2671875 0.0015625 0.1875 0.0015625 0.1875 0.05 0.2671875 0.05 0.2671875 0.0015625
0 0.55625 0.7890625 0.415625 0.7890625 0.415625 0.9453125 0.55625 0.9453125 0.55625 0.7890625
0 0.7125 0.0015625 0.621875 0.0015625 0.621875 0.1296875 0.7125 0.1296875 0.7125 0.0015625
0 0.678125 0.9859375 0.6578125 0.9859375 0.6578125 1.0 0.678125 1.0 0.678125 0.9859375
0 0.2671875 0.8140625 0.209375 0.8140625 0.209375 1.0 0.2671875 1.0 0.2671875 0.8140625
0 0.0359375 0.93125 0.0015625 0.93125 0.0015625 1.0 0.0359375 1.0 0.0359375 0.93125
0 0.375 0.6734375 0.253125 0.6734375 0.253125 0.9671875 0.375 0.9671875 0.375 0.6734375
0 0.175 0.825 0.0984375 0.825 0.0984375 0.9296875 0.175 0.9296875 0.175 0.825
0 0.8390625 0.56875 0.721875 0.56875 0.721875 0.8578125 0.8390625 0.8578125 0.8390625 0.56875
0 0.7234375 0.296875 0.6140625 0.296875 0.6140625 0.71875 0.7234375 0.71875 0.7234375 0.296875
0 0.4328125 0.4578125 0.3390625 0.4578125 0.3390625 0.66875 0.4328125 0.66875 0.4328125 0.4578125
0 0.1796875 0.3203125 0.0390625 0.3203125 0.0390625 0.5578125 0.1796875 0.5578125 0.1796875 0.3203125
0 0.3546875 0.2046875 0.246875 0.2046875 0.246875 0.4203125 0.3546875 0.4203125 0.3546875 0.2046875
0 0.596875 0.1546875 0.50625 0.1546875 0.50625 0.303125 0.596875 0.303125 0.596875 0.1546875
0 0.1953125 0.0015625 0.0015625 0.0015625 0.0015625 0.2671875 0.1953125 0.2671875 0.1953125 0.0015625
0 0.4953125 0.121875 0.43125 0.121875 0.43125 0.2296875 0.4953125 0.2296875 0.4953125 0.121875
0 0.5890625 0.0015625 0.496875 0.0015625 0.496875 0.1296875 0.5890625 0.1296875 0.5890625 0.0015625
0 0.90625 0.9140625 0.775 0.9140625 0.775 1.0 0.90625 1.0 0.90625 0.9140625
0 1.0 0.4859375 0.9921875 0.4859375 0.9921875 0.5390625 1.0 0.5390625 1.0 0.4859375
0 0.9453125 0.0015625 0.7390625 0.0015625 0.7390625 0.3734375 0.9453125 0.3734375 0.9453125 0.0015625
0 0.803125 0.0015625 0.7359375 0.0015625 0.7359375 0.19375 0.803125 0.19375 0.803125 0.0015625
0 0.346875 0.0515625 0.203125 0.0515625 0.203125 0.296875 0.346875 0.296875 0.346875 0.0515625
0 0.1546875 0.0015625 0.1234375 0.0015625 0.1234375 0.01875 0.1546875 0.01875 0.1546875 0.0015625
0 0.7609375 0.946875 0.734375 0.946875 0.734375 1.0 0.7609375 1.0 0.7609375 0.946875
0 0.509375 0.9203125 0.403125 0.9203125 0.403125 1.0 0.509375 1.0 0.509375 0.9203125
0 0.8765625 0.9953125 0.8046875 0.9953125 0.8046875 1.0 0.8765625 1.0 0.8765625 0.9953125
0 0.8984375 0.2734375 0.5671875 0.2734375 0.5671875 1.0 0.8984375 1.0 0.8984375 0.2734375
0 1.0 0.86875 0.9390625 0.86875 0.9390625 0.990625 1.0 0.990625 1.0 0.86875
0 0.9 0.8109375 0.83125 0.8109375 0.83125 0.9421875 0.9 0.9421875 0.9 0.8109375
0 1.0 0.5625 0.775 0.5625 0.775 0.94375 1.0 0.94375 1.0 0.5625
0 0.55625 0.7078125 0.359375 0.7078125 0.359375 0.8703125 0.55625 0.8703125 0.55625 0.7078125
0 0.85625 0.0734375 0.5359375 0.0734375 0.5359375 0.79375 0.85625 0.79375 0.85625 0.0734375
0 0.590625 0.2765625 0.440625 0.2765625 0.440625 0.7328125 0.590625 0.7328125 0.590625 0.2765625
0 1.0 0.1890625 0.8984375 0.1890625 0.8984375 0.421875 1.0 0.421875 1.0 0.1890625
0 0.76875 0.0015625 0.690625 0.0015625 0.690625 0.1671875 0.76875 0.1671875 0.76875 0.0015625
0 0.6171875 0.0015625 0.3328125 0.0015625 0.3328125 0.1671875 0.6171875 0.1671875 0.6171875 0.0015625
0 0.5875 0.8640625 0.521875 0.8640625 0.521875 1.0 0.5875 1.0 0.5875 0.8640625
0 0.4546875 0.0484375 0.3609375 0.0484375 0.3609375 0.2859375 0.4546875 0.2859375 0.4546875 0.0484375
0 0.646875 0.0015625 0.64375 0.0015625 0.64375 0.0015625 0.646875 0.0015625 0.646875 0.0015625
0 0.9390625 0.0015625 0.778125 0.0015625 0.778125 0.1484375 0.9390625 0.1484375 0.9390625 0.0015625
0 0.7421875 0.0015625 0.0015625 0.0015625 0.0015625 0.7953125 0.7421875 0.7953125 0.7421875 0.0015625
0 0.2296875 0.5578125 0.0015625 0.5578125 0.0015625 1.0 0.2296875 1.0 0.2296875 0.5578125
0 0.184375 0.4859375 0.096875 0.4859375 0.096875 0.5875 0.184375 0.5875 0.184375 0.4859375
0 0.78125 0.8546875 0.746875 0.8546875 0.746875 1.0 0.78125 1.0 0.78125 0.8546875
0 1.0 0.0015625 0.91875 0.0015625 0.91875 0.2265625 1.0 0.2265625 1.0 0.0015625
0 0.91875 0.2828125 0.840625 0.2828125 0.840625 0.5375 0.91875 0.5375 0.91875 0.2828125
0 0.9203125 0.0765625 0.8328125 0.0765625 0.8328125 0.25 0.9203125 0.25 0.9203125 0.0765625
0 0.6015625 0.790625 0.5546875 0.790625 0.5546875 1.0 0.6015625 1.0 0.6015625 0.790625
