0 0.071875 0.965625 0.0515625 0.965625 0.0515625 1.0 0.071875 1.0 0.071875 0.965625
0 0.925 0.384375 0.778125 0.384375 0.778125 0.7046875 0.925 0.7046875 0.925 0.384375
0 1.0 0.53125 0.9765625 0.53125 0.9765625 0.5640625 1.0 0.5640625 1.0 0.53125
0 0.9875 0.5203125 0.7296875 0.5203125 0.7296875 0.79375 0.9875 0.79375 0.9875 0.5203125
0 0.6328125 0.4671875 0.54375 0.4671875 0.54375 0.5859375 0.6328125 0.5859375 0.6328125 0.4671875
0 1.0 0.1546875 0.753125 0.1546875 0.753125 0.346875 1.0 0.346875 1.0 0.1546875
0 0.740625 0.05 0.6640625 0.05 0.6640625 0.2078125 0.740625 0.2078125 0.740625 0.05
0 1.0 0.7609375 0.8265625 0.7609375 0.8265625 0.91875 1.0 0.91875 1.0 0.7609375
0 1.0 0.703125 0.9890625 0.703125 0.9890625 0.7296875 1.0 0.7296875 1.0 0.703125
0 0.709375 0.41875 0.5140625 0.41875 0.5140625 0.5625 0.709375 0.5625 0.709375 0.41875
0 0.5421875 0.1953125 0.4359375 0.1953125 0.4359375 0.33125 0.5421875 0.33125 0.5421875 0.1953125
0 0.2671875 0.0015625 0.2609375 0.0015625 0.2609375 0.003125 0.2671875 0.003125 0.2671875 0.0015625
0 0.709375 0.5234375 0.46875 0.5234375 0.46875 0.796875 0.709375 0.796875 0.709375 0.5234375
0 0.8515625 0.3921875 0.6703125 0.3921875 0.6703125 0.5625 0.8515625 0.5625 0.8515625 0.3921875
0 1.0 0.271875 0.884375 0.271875 0.884375 0.4984375 1.0 0.4984375 1.0 0.271875
0 1.0 0.8453125 0.978125 0.8453125 0.978125 0.884375 1.0 0.884375 1.0 0.8453125
0 1.0 0.5640625 0.9640625 0.5640625 0.9640625 0.63125 1.0 0.63125 1.0 0.5640625
0 1.0 0.0015625 0.0015625 0.0015625 0.0015625 1.0 1.0 1.0 1.0 0.0015625
0 1.0 0.284375 0.8109375 0.284375 0.8109375 0.6328125 1.0 0.6328125 1.0 0.284375
