0 0.4921875 0.109375 0.2296875 0.109375 0.2296875 0.25 0.4921875 0.25 0.4921875 0.109375
0 0.4453125 0.0015625 0.246875 0.0015625 0.246875 0.08125 0.4453125 0.08125 0.4453125 0.0015625
0 0.6421875 0.009375 0.525 0.009375 0.525 0.103125 0.6421875 0.103125 0.6421875 0.009375
0 0.5140625 0.9515625 0.4546875 0.9515625 0.4546875 1.0 0.5140625 1.0 0.5140625 0.9515625
0 0.3984375 0.8828125 0.315625 0.8828125 0.315625 1.0 0.3984375 1.0 0.3984375 0.8828125
0 0.359375 0.3625 0.234375 0.3625 0.234375 0.71875 0.359375 0.71875 0.359375 0.3625
0 0.59375 0.240625 0.4765625 0.240625 0.4765625 0.359375 0.59375 0.359375 0.59375 0.240625
0 0.3625 0.746875 0.2421875 0.746875 0.2421875 1.0 0.3625 1.0 0.3625 0.746875
0 0.6828125 0.04375 0.5421875 0.04375 0.5421875 0.1578125 0.6828125 0.1578125 0.6828125 0.04375
0 0.071875 0.0015625 0.0015625 0.0015625 0.0015625 0.13125 0.071875 0.13125 0.071875 0.0015625
0 0.6328125 0.0984375 0.5453125 0.0984375 0.5453125 0.2 0.6328125 0.2 0.6328125 0.0984375
0 0.1421875 0.765625 0.0015625 0.765625 0.0015625 0.8265625 0.1421875 0.8265625 0.1421875 0.765625
0 0.178125 0.053125 0.0359375 0.053125 0.0359375 0.1515625 0.178125 0.1515625 0.178125 0.053125
0 0.20625 0.975 0.1015625 0.975 0.1015625 1.0 0.20625 1.0 0.20625 0.975
0 1.0 0.5484375 0.7171875 0.5484375 0.7171875 0.7421875 1.0 0.7421875 1.0 0.5484375
0 0.9921875 0.4046875 0.9046875 0.4046875 0.9046875 0.540625 0.9921875 0.540625 0.9921875 0.4046875
0 0.3921875 0.0140625 0.1890625 0.0140625 0.1890625 0.1609375 0.3921875 0.1609375 0.3921875 0.0140625
0 0.9453125 0.0015625 0.8234375 0.0015625 0.8234375 0.16875 0.9453125 0.16875 0.9453125 0.0015625
0 0.28125 0.8359375 0.1453125 0.8359375 0.1453125 0.98125 0.28125 0.98125 0.28125 0.8359375
0 0.684375 0.1328125 0.5203125 0.1328125 0.5203125 0.2828125 0.684375 0.2828125 0.684375 0.1328125
0 0.921875 0.0015625 0.7515625 0.0015625 0.7515625 0.1109375 0.921875 0.1109375 0.921875 0.0015625
0 0.896875 0.9203125 0.6828125 0.9203125 0.6828125 1.0 0.896875 1.0 0.896875 0.9203125
0 0.4421875 0.78125 0.3328125 0.78125 0.3328125 0.9109375 0.4421875 0.9109375 0.4421875 0.78125
0 0.4921875 0.1515625 0.2609375 0.1515625 0.2609375 0.4390625 0.4921875 0.4390625 0.4921875 0.1515625
0 1.0 0.903125 1.0 0.903125 1.0 0.9046875 1.0 0.9046875 1.0 0.903125
0 0.2328125 0.965625 0.159375 0.965625 0.159375 1.0 0.2328125 1.0 0.2328125 0.965625
0 0.0984375 0.803125 0.0015625 0.803125 0.0015625 0.975 0.0984375 0.975 0.0984375 0.803125
0 0.2203125 0.5453125 0.0015625 0.5453125 0.0015625 0.7859375 0.2203125 0.7859375 0.2203125 0.5453125
0 0.2734375 0.30625 0.0015625 0.30625 0.0015625 0.5203125 0.2734375 0.5203125 0.2734375 0.30625
0 0.165625 0.2109375 0.05625 0.2109375 0.05625 0.2953125 0.165625 0.2953125 0.165625 0.2109375
0 0.953125 0.6265625 0.596875 0.6265625 0.596875 0.7875 0.953125 0.7875 0.953125 0.6265625
0 0.9140625 0.4296875 0.6546875 0.4296875 0.6546875 0.7296875 0.9140625 0.7296875 0.9140625 0.4296875
0 1.0 0.43125 0.96875 0.43125 0.96875 0.56875 1.0 0.56875 1.0 0.43125
0 0.76875 0.0359375 0.6734375 0.0359375 0.6734375 0.16875 0.76875 0.16875 0.76875 0.0359375
0 0.4875 0.7015625 0.3703125 0.7015625 0.3703125 0.828125 0.4875 0.828125 0.4875 0.7015625
0 0.5359375 0.2796875 0.4125 0.2796875 0.4125 0.4171875 0.5359375 0.4171875 0.5359375 0.2796875
0 0.5421875 0.0796875 0.2515625 0.0796875 0.2515625 0.2953125 0.5421875 0.2953125 0.5421875 0.0796875
0 0.63125 0.0015625 0.228125 0.0015625 0.228125 0.0953125 0.63125 0.0953125 0.63125 0.0015625
0 0.9828125 0.84375 0.8703125 0.84375 0.8703125 1.0 0.9828125 1.0 0.9828125 0.84375
0 0.559375 0.525 0.29375 0.525 0.29375 0.8421875 0.559375 0.8421875 0.559375 0.525
0 0.603125 0.309375 0.3109375 0.309375 0.3109375 0.55625 0.603125 0.55625 0.603125 0.309375
0 0.1609375 0.0015625 0.0265625 0.0015625 0.0265625 0.0765625 0.1609375 0.0765625 0.1609375 0.0015625
0 0.6375 0.896875 0.5734375 0.896875 0.5734375 1.0 0.6375 1.0 0.6375 0.896875
0 0.2796875 0.0015625 0.0015625 0.0015625 0.0015625 1.0 0.2796875 1.0 0.2796875 0.0015625
0 0.646875 0.984375 0.6328125 0.984375 0.6328125 1.0 0.646875 1.0 0.646875 0.984375
0 1.0 0.0015625 0.2078125 0.0015625 0.2078125 1.0 1.0 1.0 1.0 0.0015625
0 0.3234375 0.0015625 0.0015625 0.0015625 0.0015625 0.465625 0.3234375 0.465625 0.3234375 0.0015625
0 0.9 0.7921875 0.6296875 0.7921875 0.6296875 0.9921875 0.9 0.9921875 0.9 0.7921875
0 1.0 0.5171875 0.715625 0.5171875 0.715625 0.7140625 1.0 0.7140625 1.0 0.5171875
0 0.8828125 0.0015625 0.8453125 0.0015625 0.8453125 0.04375 0.8828125 0.04375 0.8828125 0.0015625
0 1.0 0.7390625 0.9984375 0.7390625 0.9984375 0.759375 1.0 0.759375 1.0 0.7390625
