0 0.734375 0.26875 0.5453125 0.26875 0.5453125 0.509375 0.734375 0.509375 0.734375 0.26875
0 0.9078125 0.5953125 0.759375 0.5953125 0.759375 0.7484375 0.9078125 0.7484375 0.9078125 0.5953125
0 1.0 0.7203125 0.9640625 0.7203125 0.9640625 0.8015625 1.0 0.8015625 1.0 0.7203125
0 1.0 0.81875 0.925 0.81875 0.925 1.0 1.0 1.0 1.0 0.81875
0 1.0 0.4 0.95 0.4 0.95 0.540625 1.0 0.540625 1.0 0.4
0 0.146875 0.2171875 0.0015625 0.2171875 0.0015625 0.5265625 0.146875 0.5265625 0.146875 0.2171875
0 0.2953125 0.8921875 0.1203125 0.8921875 0.1203125 1.0 0.2953125 1.0 0.2953125 0.8921875
0 0.7203125 0.38125 0.3578125 0.38125 0.3578125 0.8171875 0.7203125 0.8171875 0.7203125 0.38125
0 0.6671875 0.296875 0.5859375 0.296875 0.5859375 0.4015625 0.6671875 0.4015625 0.6671875 0.296875
0 0.4109375 0.128125 0.1625 0.128125 0.1625 0.2609375 0.4109375 0.2609375 0.4109375 0.128125
0 0.34375 0.0015625 0.096875 0.0015625 0.096875 0.15 0.34375 0.15 0.34375 0.0015625
0 0.971875 0.5203125 0.778125 0.5203125 0.778125 0.6359375 0.971875 0.6359375 0.971875 0.5203125
0 0.990625 0.3796875 0.81875 0.3796875 0.81875 0.45 0.990625 0.45 0.990625 0.3796875
0 0.5671875 0.9375 0.525 0.9375 0.525 1.0 0.5671875 1.0 0.5671875 0.9375
0 0.3296875 0.9546875 0.28125 0.9546875 0.28125 1.0 0.3296875 1.0 0.3296875 0.9546875
0 0.1625 0.8640625 0.0015625 0.8640625 0.0015625 1.0 0.1625 1.0 0.1625 0.8640625
0 0.3203125 0.625 0.2625 0.625 0.2625 0.8796875 0.3203125 0.8796875 0.3203125 0.625
0 0.3046875 0.30625 0.1515625 0.30625 0.1515625 0.515625 0.3046875 0.515625 0.3046875 0.30625
0 0.4515625 0.1515625 0.253125 0.1515625 0.253125 0.425 0.4515625 0.425 0.4515625 0.1515625
0 0.8328125 0.0890625 0.7375 0.0890625 0.7375 0.296875 0.8328125 0.296875 0.8328125 0.0890625
0 1.0 0.096875 0.98125 0.096875 0.98125 0.21875 1.0 0.21875 1.0 0.096875
0 0.0234375 0.559375 0.0015625 0.559375 0.0015625 0.584375 0.0234375 0.584375 0.0234375 0.559375
0 0.640625 0.66875 0.5234375 0.66875 0.5234375 0.8265625 0.640625 0.8265625 0.640625 0.66875
0 1.0 0.6171875 0.8546875 0.6171875 0.8546875 0.8515625 1.0 0.8515625 1.0 0.6171875
0 1.0 0.4 0.7671875 0.4 0.7671875 0.603125 1.0 0.603125 1.0 0.4
0 0.125 0.6703125 0.0015625 0.6703125 0.0015625 0.88125 0.125 0.88125 0.125 0.6703125
0 0.071875 0.125 0.0015625 0.125 0.0015625 0.33125 0.071875 0.33125 0.071875 0.125
0 0.2421875 0.8859375 0.0015625 0.8859375 0.0015625 1.0 0.2421875 1.0 0.2421875 0.8859375
0 0.3421875 0.7609375 0.2 0.7609375 0.2 0.940625 0.3421875 0.940625 0.3421875 0.7609375
0 0.1578125 0.4359375 0.0015625 0.4359375 0.0015625 0.6796875 0.1578125 0.6796875 0.1578125 0.4359375
0 0.3421875 0.503125 0.1703125 0.503125 0.1703125 0.6359375 0.3421875 0.6359375 0.3421875 0.503125
0 0.36875 0.2078125 0.0796875 0.2078125 0.0796875 0.3953125 0.36875 0.3953125 0.36875 0.2078125
0 0.3625 0.0015625 0.0015625 0.0015625 0.0015625 0.24375 0.3625 0.24375 0.3625 0.0015625
0 0.3921875 0.0625 0.140625 0.0625 0.140625 0.2453125 0.3921875 0.2453125 0.3921875 0.0625
0 0.7765625 0.9234375 0.6 0.9234375 0.6 1.0 0.7765625 1.0 0.7765625 0.9234375
0 0.75625 0.6140625 0.490625 0.6140625 0.490625 0.9203125 0.75625 0.9203125 0.75625 0.6140625
0 0.484375 0.6265625 0.3625 0.6265625 0.3625 0.821875 0.484375 0.821875 0.484375 0.6265625
0 0.7171875 0.5109375 0.6421875 0.5109375 0.6421875 0.6484375 0.7171875 0.6484375 0.7171875 0.5109375
0 0.646875 0.4625 0.565625 0.4625 0.565625 0.590625 0.646875 0.590625 0.646875 0.4625
0 0.5546875 0.3484375 0.334375 0.3484375 0.334375 0.5671875 0.5546875 0.5671875 0.5546875 0.3484375
0 0.5390625 0.2265625 0.4234375 0.2265625 0.4234375 0.309375 0.5390625 0.309375 0.5390625 0.2265625
0 0.8046875 0.071875 0.53125 0.071875 0.53125 0.40625 0.8046875 0.40625 0.8046875 0.071875
0 0.496875 0.0015625 0.371875 0.0015625 0.371875 0.115625 0.496875 0.115625 0.496875 0.0015625
0 0.765625 0.0015625 0.528125 0.0015625 0.528125 0.071875 0.765625 0.071875 0.765625 0.0015625
0 1.0 0.84375 0.9515625 0.84375 0.9515625 1.0 1.0 1.0 1.0 0.84375
0 0.9578125 0.49375 0.821875 0.49375 0.821875 0.5828125 0.9578125 0.5828125 0.9578125 0.49375
0 0.9015625 0.01875 0.7875 0.01875 0.7875 0.190625 0.9015625 0.190625 0.9015625 0.01875
0 1.0 0.0015625 0.884375 0.0015625 0.884375 0.175 1.0 0.175 1.0 0.0015625
0 0.2671875 0.596875 0.0015625 0.596875 0.0015625 0.875 0.2671875 0.875 0.2671875 0.596875
0 1.0 0.0015625 0.103125 0.0015625 0.103125 1.0 1.0 1.0 1.0 0.0015625
0 1.0 0.075 0.990625 0.075 0.990625 0.1234375 1.0 0.1234375 1.0 0.075
0 1.0 0.5734375 0.7765625 0.5734375 0.7765625 0.71875 1.0 0.71875 1.0 0.5734375
0 0.98125 0.1953125 0.8 0.1953125 0.8 0.3984375 0.98125 0.3984375 0.98125 0.1953125
0 0.275 0.2359375 0.096875 0.2359375 0.096875 0.353125 0.275 0.353125 0.275 0.2359375
0 0.1125 0.05625 0.0015625 0.05625 0.0015625 0.203125 0.1125 0.203125 0.1125 0.05625
