0 0.065625 0.1765625 0.0015625 0.1765625 0.0015625 0.203125 0.065625 0.203125 0.065625 0.1765625
0 0.8296875 0.7578125 0.7203125 0.7578125 0.7203125 1.0 0.8296875 1.0 0.8296875 0.7578125
0 0.890625 0.4375 0.7140625 0.4375 0.7140625 0.69375 0.890625 0.69375 0.890625 0.4375
0 1.0 0.0859375 0.83125 0.0859375 0.83125 0.2765625 1.0 0.2765625 1.0 0.0859375
0 0.5765625 0.5515625 0.4828125 0.5515625 0.4828125 0.74375 0.5765625 0.74375 0.5765625 0.5515625
0 0.0890625 0.2234375 0.0015625 0.2234375 0.0015625 0.6265625 0.0890625 0.6265625 0.0890625 0.2234375
0 0.0890625 0.0015625 0.0015625 0.0015625 0.0015625 0.18125 0.0890625 0.18125 0.0890625 0.0015625
0 0.540625 0.74375 0.4921875 0.74375 0.4921875 0.959375 0.540625 0.959375 0.540625 0.74375
0 0.29375 0.0015625 0.2171875 0.0015625 0.2171875 0.1484375 0.29375 0.1484375 0.29375 0.0015625
0 0.1078125 0.7 0.0015625 0.7 0.0015625 0.7796875 0.1078125 0.7796875 0.1078125 0.7
0 1.0 0.940625 0.9328125 0.940625 0.9328125 1.0 1.0 1.0 1.0 0.940625
0 1.0 0.8125 0.925 0.8125 0.925 0.86875 1.0 0.86875 1.0 0.8125
0 0.1078125 0.76875 0.0015625 0.76875 0.0015625 0.8984375 0.1078125 0.8984375 0.1078125 0.76875
0 1.0 0.5953125 0.9078125 0.5953125 0.9078125 0.709375 1.0 0.709375 1.0 0.5953125
0 0.675 0.403125 0.53125 0.403125 0.53125 0.753125 0.675 0.753125 0.675 0.403125
0 0.696875 0.0015625 0.4 0.0015625 0.4 0.0921875 0.696875 0.0921875 0.696875 0.0015625
0 0.815625 0.0015625 0.7109375 0.0015625 0.7109375 0.1078125 0.815625 0.1078125 0.815625 0.0015625
0 0.125 0.8328125 0.0015625 0.8328125 0.0015625 1.0 0.125 1.0 0.125 0.8328125
0 0.08125 0.59375 0.0140625 0.59375 0.0140625 0.753125 0.08125 0.753125 0.08125 0.59375
0 0.078125 0.1984375 0.0015625 0.1984375 0.0015625 0.428125 0.078125 0.428125 0.078125 0.1984375
0 0.68125 0.9171875 0.5609375 0.9171875 0.5609375 1.0 0.68125 1.0 0.68125 0.9171875
0 0.8734375 0.1046875 0.5625 0.1046875 0.5625 0.425 0.8734375 0.425 0.8734375 0.1046875
0 0.5578125 0.015625 0.465625 0.015625 0.465625 0.303125 0.5578125 0.303125 0.5578125 0.015625
0 0.6234375 0.9546875 0.565625 0.9546875 0.565625 1.0 0.6234375 1.0 0.6234375 0.9546875
0 0.6875 0.778125 0.575 0.778125 0.575 0.9546875 0.6875 0.9546875 0.6875 0.778125
0 0.0984375 0.7546875 0.0015625 0.7546875 0.0015625 0.825 0.0984375 0.825 0.0984375 0.7546875
0 0.19375 0.0015625 0.1078125 0.0015625 0.1078125 0.15625 0.19375 0.15625 0.19375 0.0015625
0 0.190625 0.8796875 0.0859375 0.8796875 0.0859375 1.0 0.190625 1.0 0.190625 0.8796875
0 0.5921875 0.765625 0.5296875 0.765625 0.5296875 0.959375 0.5921875 0.959375 0.5921875 0.765625
0 0.2828125 0.0015625 0.1671875 0.0015625 0.1671875 0.2234375 0.2828125 0.2234375 0.2828125 0.0015625
0 0.2625 0.0015625 0.209375 0.0015625 0.209375 0.08125 0.2625 0.08125 0.2625 0.0015625
0 0.915625 0.9625 0.8328125 0.9625 0.8328125 1.0 0.915625 1.0 0.915625 0.9625
0 1.0 0.5765625 0.7875 0.5765625 0.7875 0.8296875 1.0 0.8296875 1.0 0.5765625
0 0.0625 0.90625 0.0015625 0.90625 0.0015625 1.0 0.0625 1.0 0.0625 0.90625
0 0.034375 0.5578125 0.0015625 0.5578125 0.0015625 0.7453125 0.034375 0.7453125 0.034375 0.5578125
0 0.4328125 0.628125 0.2015625 0.628125 0.2015625 1.0 0.4328125 1.0 0.4328125 0.628125
0 0.2140625 0.7125 0.1140625 0.7125 0.1140625 0.909375 0.2140625 0.909375 0.2140625 0.7125
0 0.2046875 0.565625 0.075 0.565625 0.075 0.7046875 0.2046875 0.7046875 0.2046875 0.565625
0 0.378125 0.2828125 0.1875 0.2828125 0.1875 0.6296875 0.378125 0.6296875 0.378125 0.2828125
0 0.575 0.3125 0.4453125 0.3125 0.4453125 0.578125 0.575 0.578125 0.575 0.3125
0 0.2359375 0.2515625 0.05 0.2515625 0.05 0.5578125 0.2359375 0.5578125 0.2359375 0.2515625
0 0.5109375 0.134375 0.378125 0.134375 0.378125 0.3625 0.5109375 0.3625 0.5109375 0.134375
0 0.2859375 0.0015625 0.0984375 0.0015625 0.0984375 0.2796875 0.2859375 0.2796875 0.2859375 0.0015625
0 0.6578125 0.053125 0.5390625 0.053125 0.5390625 0.29375 0.6578125 0.29375 0.6578125 0.053125
0 0.340625 0.0015625 0.2953125 0.0015625 0.2953125 0.090625 0.340625 0.090625 0.340625 0.0015625
0 0.2375 0.0015625 0.1859375 0.0015625 0.1859375 0.1015625 0.2375 0.1015625 0.2375 0.0015625
0 1.0 0.928125 0.86875 0.928125 0.86875 1.0 1.0 1.0 1.0 0.928125
0 0.9859375 0.6890625 0.7546875 0.6890625 0.7546875 0.94375 0.9859375 0.94375 0.9859375 0.6890625
0 0.7375 0.490625 0.653125 0.490625 0.653125 0.7578125 0.7375 0.7578125 0.7375 0.490625
0 0.7765625 0.24375 0.640625 0.24375 0.640625 0.465625 0.7765625 0.465625 0.7765625 0.24375
0 1.0 0.2703125 1.0 0.2703125 1.0 0.275 1.0 0.275 1.0 0.2703125
0 0.5515625 0.9625 0.496875 0.9625 0.496875 1.0 0.5515625 1.0 0.5515625 0.9625
0 1.0 0.5 0.9609375 0.5 0.9609375 0.5828125 1.0 0.5828125 1.0 0.5
0 0.25 0.8796875 0.1390625 0.8796875 0.1390625 1.0 0.25 1.0 0.25 0.8796875
0 0.0921875 0.9578125 0.05 0.9578125 0.05 1.0 0.0921875 1.0 0.0921875 0.9578125
0 0.1578125 0.6203125 0.0765625 0.6203125 0.0765625 0.81875 0.1578125 0.81875 0.1578125 0.6203125
0 0.08125 0.0015625 0.040625 0.0015625 0.040625 0.0875 0.08125 0.0875 0.08125 0.0015625
0 0.4984375 0.9046875 0.4625 0.9046875 0.4625 1.0 0.4984375 1.0 0.4984375 0.9046875
0 0.453125 0.746875 0.3921875 0.746875 0.3921875 1.0 0.453125 1.0 0.453125 0.746875
0 1.0 0.5046875 0.5140625 0.5046875 0.5140625 1.0 1.0 1.0 1.0 0.5046875
0 0.434375 0.0015625 0.1625 0.0015625 0.1625 0.6953125 0.434375 0.6953125 0.434375 0.0015625
0 0.571875 0.2828125 0.4296875 0.2828125 0.4296875 0.725 0.571875 0.725 0.571875 0.2828125
0 0.68125 0.371875 0.5953125 0.371875 0.5953125 0.5515625 0.68125 0.5515625 0.68125 0.371875
0 0.4953125 0.04375 0.365625 0.04375 0.365625 0.3703125 0.4953125 0.3703125 0.4953125 0.04375
0 0.31875 0.0015625 0.2765625 0.0015625 0.2765625 0.0875 0.31875 0.0875 0.31875 0.0015625
0 0.4796875 0.0015625 0.459375 0.0015625 0.459375 0.0140625 0.4796875 0.0140625 0.4796875 0.0015625
0 0.8828125 0.23125 0.7734375 0.23125 0.7734375 0.503125 0.8828125 0.503125 0.8828125 0.23125
0 1.0 0.0015625 0.6453125 0.0015625 0.6453125 0.378125 1.0 0.378125 1.0 0.0015625
0 0.778125 0.0015625 0.615625 0.0015625 0.615625 0.2578125 0.778125 0.2578125 0.778125 0.0015625
0 0.5140625 0.7140625 0.4390625 0.7140625 0.4390625 0.9125 0.5140625 0.9125 0.5140625 0.7140625
0 0.3390625 0.571875 0.15625 0.571875 0.15625 0.7484375 0.3390625 0.7484375 0.3390625 0.571875
