0 0.003125 0.0015625 0.0015625 0.0015625 0.0015625 0.18125 0.003125 0.18125 0.003125 0.0015625
0 0.0390625 0.9203125 0.0015625 0.9203125 0.0015625 1.0 0.0390625 1.0 0.0390625 0.9203125
0 0.1640625 0.9796875 0.1453125 0.9796875 0.1453125 1.0 0.1640625 1.0 0.1640625 0.9796875
0 0.184375 0.4015625 0.071875 0.4015625 0.071875 0.665625 0.184375 0.665625 0.184375 0.4015625
0 0.3921875 0.23125 0.2765625 0.23125 0.2765625 0.5421875 0.3921875 0.5421875 0.3921875 0.23125
0 0.2546875 0.678125 0.128125 0.678125 0.128125 0.8921875 0.2546875 0.8921875 0.2546875 0.678125
0 0.109375 0.3671875 0.0015625 0.3671875 0.0015625 0.6421875 0.109375 0.6421875 0.109375 0.3671875
0 0.5515625 0.9140625 0.4484375 0.9140625 0.4484375 1.0 0.5515625 1.0 0.5515625 0.9140625
0 0.0765625 0.6421875 0.0015625 0.6421875 0.0015625 0.7984375 0.0765625 0.7984375 0.0765625 0.6421875
0 0.0703125 0.2 0.0015625 0.2 0.0015625 0.4171875 0.0703125 0.4171875 0.0703125 0.2
0 0.3015625 0.0015625 0.128125 0.0015625 0.128125 0.2625 0.3015625 0.2625 0.3015625 0.0015625
0 0.4765625 0.5984375 0.2015625 0.5984375 0.2015625 0.7515625 0.4765625 0.7515625 0.4765625 0.5984375
0 0.5796875 0.0015625 0.48125 0.0015625 0.48125 0.05625 0.5796875 0.05625 0.5796875 0.0015625
0 0.3984375 0.8171875 0.3203125 0.8171875 0.3203125 0.971875 0.3984375 0.971875 0.3984375 0.8171875
0 0.3640625 0.6890625 0.1703125 0.6890625 0.1703125 0.903125 0.3640625 0.903125 0.3640625 0.6890625
0 0.1671875 0.0171875 0.04375 0.0171875 0.04375 0.18125 0.1671875 0.18125 0.1671875 0.0171875
0 0.7140625 1.0 0.7109375 1.0 0.7109375 1.0 0.7140625 1.0 0.7140625 1.0
0 0.5421875 0.0015625 0.403125 0.0015625 0.403125 0.1171875 0.5421875 0.1171875 0.5421875 0.0015625
0 1.0 0.0015625 0.9453125 0.0015625 0.9453125 0.046875 1.0 0.046875 1.0 0.0015625
0 0.7375 0.8109375 0.5328125 0.8109375 0.5328125 0.8875 0.7375 0.8875 0.7375 0.8109375
0 0.515625 0.9671875 0.4140625 0.9671875 0.4140625 1.0 0.515625 1.0 0.515625 0.9671875
0 0.0265625 0.74375 0.0015625 0.74375 0.0015625 0.8453125 0.0265625 0.8453125 0.0265625 0.74375
0 0.0234375 0.9421875 0.0015625 0.9421875 0.0015625 1.0 0.0234375 1.0 0.0234375 0.9421875
0 0.146875 0.915625 0.01875 0.915625 0.01875 1.0 0.146875 1.0 0.146875 0.915625
0 0.409375 0.95 0.38125 0.95 0.38125 1.0 0.409375 1.0 0.409375 0.95
0 0.5703125 0.834375 0.415625 0.834375 0.415625 0.990625 0.5703125 0.990625 0.5703125 0.834375
0 0.3453125 0.6546875 0.0015625 0.6546875 0.0015625 0.95 0.3453125 0.95 0.3453125 0.6546875
0 0.6265625 0.71875 0.4515625 0.71875 0.4515625 0.8 0.6265625 0.8 0.6265625 0.71875
0 0.0578125 0.3890625 0.0015625 0.3890625 0.0015625 0.534375 0.0578125 0.534375 0.0578125 0.3890625
0 0.3859375 0.034375 0.303125 0.034375 0.303125 0.21875 0.3859375 0.21875 0.3859375 0.034375
0 0.8 0.0015625 0.775 0.0015625 0.775 0.0234375 0.8 0.0234375 0.8 0.0015625
0 0.1484375 0.9640625 0.04375 0.9640625 0.04375 1.0 0.1484375 1.0 0.1484375 0.9640625
0 0.175 0.253125 0.0484375 0.253125 0.0484375 0.446875 0.175 0.446875 0.175 0.253125
0 0.0671875 0.0015625 0.0046875 0.0015625 0.0046875 0.1171875 0.0671875 0.1171875 0.0671875 0.0015625
0 0.13125 0.390625 0.0578125 0.390625 0.0578125 0.71875 0.13125 0.71875 0.13125 0.390625
0 0.740625 0.0015625 0.6140625 0.0015625 0.6140625 0.0546875 0.740625 0.0546875 0.740625 0.0015625
0 0.9921875 0.0015625 0.934375 0.0015625 0.934375 0.0296875 0.9921875 0.0296875 0.9921875 0.0015625
0 0.6640625 0.16875 0.08125 0.16875 0.08125 1.0 0.6640625 1.0 0.6640625 0.16875
0 1.0 0.0015625 0.265625 0.0015625 0.265625 1.0 1.0 1.0 1.0 0.0015625
0 0.0671875 0.0296875 0.0015625 0.0296875 0.0015625 0.34375 0.0671875 0.34375 0.0671875 0.0296875
0 0.2671875 0.0453125 0.18125 0.0453125 0.18125 0.2296875 0.2671875 0.2296875 0.2671875 0.0453125
0 0.0484375 0.5140625 0.0015625 0.5140625 0.0015625 0.5546875 0.0484375 0.5546875 0.0484375 0.5140625
0 0.146875 0.1125 0.03125 0.1125 0.03125 0.2671875 0.146875 0.2671875 0.146875 0.1125
