0 0.5046875 0.6703125 0.0015625 0.6703125 0.0015625 1.0 0.5046875 1.0 0.5046875 0.6703125
0 0.059375 0.040625 0.0015625 0.040625 0.0015625 0.534375 0.059375 0.534375 0.059375 0.040625
0 0.3265625 0.7109375 0.053125 0.7109375 0.053125 0.8 0.3265625 0.8 0.3265625 0.7109375
0 0.6640625 0.0015625 0.1359375 0.0015625 0.1359375 0.3546875 0.6640625 0.3546875 0.6640625 0.0015625
0 1.0 0.2296875 0.70625 0.2296875 0.70625 1.0 1.0 1.0 1.0 0.2296875
0 0.71875 0.0015625 0.61875 0.0015625 0.61875 0.06875 0.71875 0.06875 0.71875 0.0015625
0 0.34375 0.5125 0.0015625 0.5125 0.0015625 1.0 0.34375 1.0 0.34375 0.5125
0 0.6890625 0.0015625 0.5203125 0.0015625 0.5203125 0.3921875 0.6890625 0.3921875 0.6890625 0.0015625
0 0.084375 0.0015625 0.0015625 0.0015625 0.0015625 0.1578125 0.084375 0.1578125 0.084375 0.0015625
0 1.0 0.0046875 0.0234375 0.0046875 0.0234375 1.0 1.0 1.0 1.0 0.0046875
0 0.4234375 0.0015625 0.403125 0.0015625 0.403125 0.0109375 0.4234375 0.0109375 0.4234375 0.0015625
