0 0.1921875 0.1046875 0.0015625 0.1046875 0.0015625 0.3828125 0.1921875 0.3828125 0.1921875 0.1046875
0 0.171875 1.0 0.1609375 1.0 0.1609375 1.0 0.171875 1.0 0.171875 1.0
0 0.0078125 0.8125 0.0015625 0.8125 0.0015625 0.83125 0.0078125 0.83125 0.0078125 0.8125
0 0.38125 0.425 0.1953125 0.425 0.1953125 0.6625 0.38125 0.6625 0.38125 0.425
0 1.0 0.7359375 0.8609375 0.7359375 0.8609375 0.8703125 1.0 0.8703125 1.0 0.7359375
0 0.9765625 0.3921875 0.8125 0.3921875 0.8125 0.5171875 0.9765625 0.5171875 0.9765625 0.3921875
0 0.6765625 0.11875 0.4328125 0.11875 0.4328125 0.3125 0.6765625 0.3125 0.6765625 0.11875
0 0.075 0.0015625 0.0015625 0.0015625 0.0015625 0.0125 0.075 0.0125 0.075 0.0015625
0 0.825 0.4234375 0.7171875 0.4234375 0.7171875 0.5421875 0.825 0.5421875 0.825 0.4234375
0 1.0 0.3703125 0.971875 0.3703125 0.971875 0.421875 1.0 0.421875 1.0 0.3703125
0 0.128125 0.559375 0.025 0.559375 0.025 0.7828125 0.128125 0.7828125 0.128125 0.559375
0 0.29375 0.09375 0.1734375 0.09375 0.1734375 0.2375 0.29375 0.2375 0.29375 0.09375
0 0.5015625 0.0015625 0.4171875 0.0015625 0.4171875 0.1046875 0.5015625 0.1046875 0.5015625 0.0015625
0 0.05625 0.7859375 0.0015625 0.7859375 0.0015625 0.9234375 0.05625 0.9234375 0.05625 0.7859375
0 0.5421875 0.965625 0.465625 0.965625 0.465625 1.0 0.5421875 1.0 0.5421875 0.965625
0 0.440625 0.809375 0.234375 0.809375 0.234375 0.9625 0.440625 0.9625 0.440625 0.809375
0 0.7265625 0.2953125 0.3578125 0.2953125 0.3578125 0.4546875 0.7265625 0.4546875 0.7265625 0.2953125
0 0.4375 0.1203125 0.3875 0.1203125 0.3875 0.2828125 0.4375 0.2828125 0.4375 0.1203125
0 0.8765625 0.0015625 0.74375 0.0015625 0.74375 0.215625 0.8765625 0.215625 0.8765625 0.0015625
0 0.2546875 0.8765625 0.0015625 0.8765625 0.0015625 1.0 0.2546875 1.0 0.2546875 0.8765625
0 0.0140625 0.4546875 0.0015625 0.4546875 0.0015625 0.5203125 0.0140625 0.5203125 0.0140625 0.4546875
0 0.0234375 0.665625 0.0015625 0.665625 0.0015625 0.8140625 0.0234375 0.8140625 0.0234375 0.665625
0 0.3265625 0.6015625 0.05 0.6015625 0.05 0.821875 0.3265625 0.821875 0.3265625 0.6015625
0 0.7859375 0.659375 0.2546875 0.659375 0.2546875 0.94375 0.7859375 0.94375 0.7859375 0.659375
0 0.1296875 0.396875 0.0046875 0.396875 0.0046875 0.653125 0.1296875 0.653125 0.1296875 0.396875
0 0.3734375 0.3515625 0.184375 0.3515625 0.184375 0.5703125 0.3734375 0.5703125 0.3734375 0.3515625
0 0.0640625 0.175 0.0015625 0.175 0.0015625 0.4 0.0640625 0.4 0.0640625 0.175
0 0.3875 0.275 0.23125 0.275 0.23125 0.38125 0.3875 0.38125 0.3875 0.275
0 0.1578125 0.2359375 0.0984375 0.2359375 0.0984375 0.36875 0.1578125 0.36875 0.1578125 0.2359375
0 0.1984375 0.0015625 0.0015625 0.0015625 0.0015625 0.1625 0.1984375 0.1625 0.1984375 0.0015625
0 0.46875 0.14375 0.1765625 0.14375 0.1765625 0.365625 0.46875 0.365625 0.46875 0.14375
0 0.1703125 0.1609375 0.0453125 0.1609375 0.0453125 0.275 0.1703125 0.275 0.1703125 0.1609375
0 0.34375 0.0015625 0.24375 0.0015625 0.24375 0.1015625 0.34375 0.1015625 0.34375 0.0015625
0 0.7234375 0.9484375 0.6359375 0.9484375 0.6359375 1.0 0.7234375 1.0 0.7234375 0.9484375
0 1.0 0.78125 0.9234375 0.78125 0.9234375 1.0 1.0 1.0 1.0 0.78125
0 0.9734375 0.8609375 0.8953125 0.8609375 0.8953125 1.0 0.9734375 1.0 0.9734375 0.8609375
0 0.8984375 0.7109375 0.6671875 0.7109375 0.6671875 0.9984375 0.8984375 0.9984375 0.8984375 0.7109375
0 1.0 0.6578125 0.8265625 0.6578125 0.8265625 0.7625 1.0 0.7625 1.0 0.6578125
0 0.7625 0.4015625 0.3421875 0.4015625 0.3421875 0.66875 0.7625 0.66875 0.7625 0.4015625
0 0.965625 0.490625 0.815625 0.490625 0.815625 0.675 0.965625 0.675 0.965625 0.490625
0 1.0 0.4 0.8375 0.4 0.8375 0.515625 1.0 0.515625 1.0 0.4
0 0.759375 0.3484375 0.671875 0.3484375 0.671875 0.440625 0.759375 0.440625 0.759375 0.3484375
0 1.0 0.215625 0.7546875 0.215625 0.7546875 0.4859375 1.0 0.4859375 1.0 0.215625
0 0.6109375 0.1359375 0.4234375 0.1359375 0.4234375 0.41875 0.6109375 0.41875 0.6109375 0.1359375
0 1.0 0.0015625 0.6015625 0.0015625 0.6015625 0.3671875 1.0 0.3671875 1.0 0.0015625
0 1.0 0.1578125 0.978125 0.1578125 0.978125 0.2515625 1.0 0.2515625 1.0 0.1578125
0 0.50625 0.084375 0.4203125 0.084375 0.4203125 0.1984375 0.50625 0.1984375 0.50625 0.084375
0 0.7359375 0.0015625 0.503125 0.0015625 0.503125 0.13125 0.7359375 0.13125 0.7359375 0.0015625
0 0.815625 0.0015625 0.7546875 0.0015625 0.7546875 0.0875 0.815625 0.0875 0.815625 0.0015625
0 0.453125 0.0015625 0.4234375 0.0015625 0.4234375 0.0328125 0.453125 0.0328125 0.453125 0.0015625
0 0.984375 0.5234375 0.80625 0.5234375 0.80625 0.6953125 0.984375 0.6953125 0.984375 0.5234375
0 1.0 0.009375 0.9875 0.009375 0.9875 0.025 1.0 0.025 1.0 0.009375
0 0.803125 0.6921875 0.58125 0.6921875 0.58125 1.0 0.803125 1.0 0.803125 0.6921875
0 0.9703125 0.9578125 0.8484375 0.9578125 0.8484375 1.0 0.9703125 1.0 0.9703125 0.9578125
0 1.0 0.5734375 0.8171875 0.5734375 0.8171875 0.7015625 1.0 0.7015625 1.0 0.5734375
0 0.76875 0.54375 0.63125 0.54375 0.63125 0.66875 0.76875 0.66875 0.76875 0.54375
0 0.9671875 0.23125 0.8234375 0.23125 0.8234375 0.325 0.9671875 0.325 0.9671875 0.23125
0 0.5625 0.003125 0.4625 0.003125 0.4625 0.1765625 0.5625 0.1765625 0.5625 0.003125
0 0.825 0.0015625 0.784375 0.0015625 0.784375 0.065625 0.825 0.065625 0.825 0.0015625
0 0.8390625 0.0015625 0.384375 0.0015625 0.384375 0.1640625 0.8390625 0.1640625 0.8390625 0.0015625
0 0.325 0.9140625 0.1734375 0.9140625 0.1734375 1.0 0.325 1.0 0.325 0.9140625
0 0.4140625 0.6578125 0.0703125 0.6578125 0.0703125 0.9078125 0.4140625 0.9078125 0.4140625 0.6578125
0 0.046875 0.603125 0.0015625 0.603125 0.0015625 0.7078125 0.046875 0.7078125 0.046875 0.603125
0 0.3890625 0.0015625 0.0015625 0.0015625 0.0015625 0.6140625 0.3890625 0.6140625 0.3890625 0.0015625
0 0.9671875 0.4671875 0.459375 0.4671875 0.459375 0.715625 0.9671875 0.715625 0.9671875 0.4671875
0 0.778125 0.2859375 0.5859375 0.2859375 0.5859375 0.4265625 0.778125 0.4265625 0.778125 0.2859375
