0 0.890625 0.7078125 0.790625 0.7078125 0.790625 0.9640625 0.890625 0.9640625 0.890625 0.7078125
0 0.8859375 0.9609375 0.8375 0.9609375 0.8375 1.0 0.8859375 1.0 0.8859375 0.9609375
0 1.0 0.85 0.9609375 0.85 0.9609375 0.9765625 1.0 0.9765625 1.0 0.85
0 0.58125 0.671875 0.4453125 0.671875 0.4453125 0.9109375 0.58125 0.9109375 0.58125 0.671875
0 0.74375 0.678125 0.6375 0.678125 0.6375 0.9359375 0.74375 0.9359375 0.74375 0.678125
0 0.6265625 0.55 0.54375 0.55 0.54375 0.671875 0.6265625 0.671875 0.6265625 0.55
0 0.4953125 0.4890625 0.3578125 0.4890625 0.3578125 0.7171875 0.4953125 0.7171875 0.4953125 0.4890625
0 0.3296875 0.4875 0.1578125 0.4875 0.1578125 0.6234375 0.3296875 0.6234375 0.3296875 0.4875
0 0.9171875 0.4625 0.828125 0.4625 0.828125 0.5875 0.9171875 0.5875 0.9171875 0.4625
0 0.55 0.325 0.3828125 0.325 0.3828125 0.575 0.55 0.575 0.55 0.325
0 0.8125 0.38125 0.690625 0.38125 0.690625 0.5296875 0.8125 0.5296875 0.8125 0.38125
0 0.30625 0.14375 0.2515625 0.14375 0.2515625 0.415625 0.30625 0.415625 0.30625 0.14375
0 0.1765625 0.3046875 0.103125 0.3046875 0.103125 0.503125 0.1765625 0.503125 0.1765625 0.3046875
0 0.6359375 0.2015625 0.528125 0.2015625 0.528125 0.2796875 0.6359375 0.2796875 0.6359375 0.2015625
0 0.209375 0.0953125 0.1125 0.0953125 0.1125 0.23125 0.209375 0.23125 0.209375 0.0953125
0 0.4859375 0.5453125 0.2453125 0.5453125 0.2453125 1.0 0.4859375 1.0 0.4859375 0.5453125
0 0.30625 0.578125 0.1875 0.578125 0.1875 0.6953125 0.30625 0.6953125 0.30625 0.578125
0 0.8421875 0.3078125 0.4765625 0.3078125 0.4765625 1.0 0.8421875 1.0 0.8421875 0.3078125
0 1.0 0.2 0.9296875 0.2 0.9296875 0.3734375 1.0 0.3734375 1.0 0.2
0 0.8859375 0.1640625 0.7578125 0.1640625 0.7578125 0.296875 0.8859375 0.296875 0.8859375 0.1640625
0 0.1328125 0.10625 0.040625 0.10625 0.040625 0.24375 0.1328125 0.24375 0.1328125 0.10625
0 0.4140625 0.7875 0.2359375 0.7875 0.2359375 1.0 0.4140625 1.0 0.4140625 0.7875
0 0.5984375 0.3578125 0.2234375 0.3578125 0.2234375 0.7 0.5984375 0.7 0.5984375 0.3578125
0 0.7921875 0.96875 0.74375 0.96875 0.74375 1.0 0.7921875 1.0 0.7921875 0.96875
0 0.7125 0.9328125 0.565625 0.9328125 0.565625 1.0 0.7125 1.0 0.7125 0.9328125
0 0.509375 0.8578125 0.4234375 0.8578125 0.4234375 1.0 0.509375 1.0 0.509375 0.8578125
0 0.9890625 0.0015625 0.9546875 0.0015625 0.9546875 0.05625 0.9890625 0.05625 0.9890625 0.0015625
0 0.34375 0.9546875 0.2765625 0.9546875 0.2765625 1.0 0.34375 1.0 0.34375 0.9546875
0 0.928125 0.80625 0.865625 0.80625 0.865625 1.0 0.928125 1.0 0.928125 0.80625
0 0.875 0.6609375 0.7828125 0.6609375 0.7828125 0.7625 0.875 0.7625 0.875 0.6609375
0 0.6921875 0.3796875 0.5859375 0.3796875 0.5859375 0.5328125 0.6921875 0.5328125 0.6921875 0.3796875
0 0.625 0.0015625 0.4734375 0.0015625 0.4734375 0.184375 0.625 0.184375 0.625 0.0015625
0 0.521875 0.934375 0.4734375 0.934375 0.4734375 1.0 0.521875 1.0 0.521875 0.934375
0 0.1203125 0.865625 0.009375 0.865625 0.009375 1.0 0.1203125 1.0 0.1203125 0.865625
0 0.1875 0.7546875 0.0765625 0.7546875 0.0765625 0.9078125 0.1875 0.9078125 0.1875 0.7546875
0 0.6453125 0.6921875 0.5625 0.6921875 0.5625 0.85625 0.6453125 0.85625 0.6453125 0.6921875
0 0.3796875 0.146875 0.2859375 0.146875 0.2859375 0.3515625 0.3796875 0.3515625 0.3796875 0.146875
0 1.0 0.3515625 0.8234375 0.3515625 0.8234375 0.603125 1.0 0.603125 1.0 0.3515625
0 0.378125 0.0015625 0.0015625 0.0015625 0.0015625 1.0 0.378125 1.0 0.378125 0.0015625
0 0.2125 0.8171875 0.1 0.8171875 0.1 1.0 0.2125 1.0 0.2125 0.8171875
0 0.6078125 0.1 0.328125 0.1 0.328125 0.4640625 0.6078125 0.4640625 0.6078125 0.1
0 1.0 0.365625 0.715625 0.365625 0.715625 1.0 1.0 1.0 1.0 0.365625
0 0.865625 0.9328125 0.775 0.9328125 0.775 1.0 0.865625 1.0 0.865625 0.9328125
0 0.6640625 0.8 0.50625 0.8 0.50625 0.9921875 0.6640625 0.9921875 0.6640625 0.8
0 0.8125 0.7 0.734375 0.7 0.734375 0.9359375 0.8125 0.9359375 0.8125 0.7
0 1.0 0.0515625 0.7265625 0.0515625 0.7265625 0.43125 1.0 0.43125 1.0 0.0515625
0 0.7375 0.234375 0.6109375 0.234375 0.6109375 0.359375 0.7375 0.359375 0.7375 0.234375
