0 0.2921875 0.9953125 0.2765625 0.9953125 0.2765625 1.0 0.2921875 1.0 0.2921875 0.9953125
0 0.2625 0.6578125 0.2 0.6578125 0.2 0.8625 0.2625 0.8625 0.2625 0.6578125
0 0.4140625 0.2609375 0.328125 0.2609375 0.328125 0.4375 0.4140625 0.4375 0.4140625 0.2609375
0 0.3890625 0.2890625 0.225 0.2890625 0.225 0.6578125 0.3890625 0.6578125 0.3890625 0.2890625
0 0.15625 0.228125 0.0015625 0.228125 0.0015625 0.35 0.15625 0.35 0.15625 0.228125
0 0.2296875 0.040625 0.1078125 0.040625 0.1078125 0.40625 0.2296875 0.40625 0.2296875 0.040625
0 0.4484375 0.0015625 0.421875 0.0015625 0.421875 0.0671875 0.4484375 0.0671875 0.4484375 0.0015625
0 0.240625 0.6734375 0.1734375 0.6734375 0.1734375 0.9265625 0.240625 0.9265625 0.240625 0.6734375
0 0.303125 0.3140625 0.034375 0.3140625 0.034375 0.5765625 0.303125 0.5765625 0.303125 0.3140625
0 0.1890625 0.14375 0.096875 0.14375 0.096875 0.3015625 0.1890625 0.3015625 0.1890625 0.14375
0 0.440625 0.0625 0.3421875 0.0625 0.3421875 0.2765625 0.440625 0.2765625 0.440625 0.0625
0 0.0640625 0.125 0.0015625 0.125 0.0015625 0.1859375 0.0640625 0.1859375 0.0640625 0.125
0 0.221875 0.0015625 0.165625 0.0015625 0.165625 0.0453125 0.221875 0.0453125 0.221875 0.0015625
0 0.1765625 0.759375 0.1140625 0.759375 0.1140625 0.86875 0.1765625 0.86875 0.1765625 0.759375
0 0.2578125 0.909375 0.1375 0.909375 0.1375 1.0 0.2578125 1.0 0.2578125 0.909375
0 0.0078125 0.846875 0.0015625 0.846875 0.0015625 0.8734375 0.0078125 0.8734375 0.0078125 0.846875
0 0.0484375 0.5734375 0.0015625 0.5734375 0.0015625 0.65625 0.0484375 0.65625 0.0484375 0.5734375
0 0.08125 0.0015625 0.034375 0.0015625 0.034375 0.109375 0.08125 0.109375 0.08125 0.0015625
0 0.2078125 0.278125 0.1390625 0.278125 0.1390625 0.5140625 0.2078125 0.5140625 0.2078125 0.278125
0 0.38125 0.0015625 0.3265625 0.0015625 0.3265625 0.0890625 0.38125 0.0890625 0.38125 0.0015625
0 0.18125 0.71875 0.0015625 0.71875 0.0015625 1.0 0.18125 1.0 0.18125 0.71875
0 0.3421875 0.5796875 0.3 0.5796875 0.3 0.7875 0.3421875 0.7875 0.3421875 0.5796875
0 0.1265625 0.375 0.00625 0.375 0.00625 0.51875 0.1265625 0.51875 0.1265625 0.375
0 0.078125 0.621875 0.0015625 0.621875 0.0015625 0.8484375 0.078125 0.8484375 0.078125 0.621875
0 0.1171875 0.9890625 0.06875 0.9890625 0.06875 1.0 0.1171875 1.0 0.1171875 0.9890625
0 0.3046875 0.85 0.215625 0.85 0.215625 1.0 0.3046875 1.0 0.3046875 0.85
0 0.296875 0.575 0.23125 0.575 0.23125 0.8453125 0.296875 0.8453125 0.296875 0.575
0 0.4328125 0.0015625 0.234375 0.0015625 0.234375 0.51875 0.4328125 0.51875 0.4328125 0.0015625
0 0.2140625 0.5921875 0.1515625 0.5921875 0.1515625 0.8171875 0.2140625 0.8171875 0.2140625 0.5921875
0 0.353125 0.0015625 0.103125 0.0015625 0.103125 0.3203125 0.353125 0.3203125 0.353125 0.0015625
0 0.2921875 0.2515625 0.2078125 0.2515625 0.2078125 0.4328125 0.2921875 0.4328125 0.2921875 0.2515625
0 0.2953125 0.4296875 0.040625 0.4296875 0.040625 0.9640625 0.2953125 0.9640625 0.2953125 0.4296875
0 0.0890625 0.353125 0.0015625 0.353125 0.0015625 0.5734375 0.0890625 0.5734375 0.0890625 0.353125
0 0.0046875 0.1890625 0.0015625 0.1890625 0.0015625 0.2 0.0046875 0.2 0.0046875 0.1890625
