0 0.6265625 0.0359375 0.5359375 0.0359375 0.5359375 0.31875 0.6265625 0.31875 0.6265625 0.0359375
0 0.33125 0.98125 0.2328125 0.98125 0.2328125 1.0 0.33125 1.0 0.33125 0.98125
0 0.2875 0.8328125 0.090625 0.8328125 0.090625 0.9890625 0.2875 0.9890625 0.2875 0.8328125
0 0.178125 0.721875 0.05 0.721875 0.05 0.84375 0.178125 0.84375 0.178125 0.721875
0 0.515625 0.9171875 0.3828125 0.9171875 0.3828125 1.0 0.515625 1.0 0.515625 0.9171875
0 0.403125 0.0015625 0.378125 0.0015625 0.378125 0.025 0.403125 0.025 0.403125 0.0015625
0 0.303125 0.0015625 0.2796875 0.0015625 0.2796875 0.05625 0.303125 0.05625 0.303125 0.0015625
0 0.5453125 0.0015625 0.521875 0.0015625 0.521875 0.003125 0.5453125 0.003125 0.5453125 0.0015625
0 0.528125 0.0078125 0.4078125 0.0078125 0.4078125 0.1296875 0.528125 0.1296875 0.528125 0.0078125
0 0.434375 0.9078125 0.2953125 0.9078125 0.2953125 1.0 0.434375 1.0 0.434375 0.9078125
0 0.234375 0.9890625 0.21875 0.9890625 0.21875 1.0 0.234375 1.0 0.234375 0.9890625
0 0.4890625 0.125 0.428125 0.125 0.428125 0.31875 0.4890625 0.31875 0.4890625 0.125
0 0.1265625 0.0015625 0.0015625 0.0015625 0.0015625 0.221875 0.1265625 0.221875 0.1265625 0.0015625
0 0.4125 0.0015625 0.3 0.0015625 0.3 0.128125 0.4125 0.128125 0.4125 0.0015625
0 0.578125 0.0015625 0.459375 0.0015625 0.459375 0.0390625 0.578125 0.0390625 0.578125 0.0015625
0 0.08125 0.9203125 0.0015625 0.9203125 0.0015625 1.0 0.08125 1.0 0.08125 0.9203125
0 0.50625 0.0015625 0.24375 0.0015625 0.24375 0.1 0.50625 0.1 0.50625 0.0015625
0 0.103125 0.1015625 0.0015625 0.1015625 0.0015625 0.528125 0.103125 0.528125 0.103125 0.1015625
0 0.1046875 0.7421875 0.0015625 0.7421875 0.0015625 0.9140625 0.1046875 0.9140625 0.1046875 0.7421875
0 0.3796875 0.6234375 0.0625 0.6234375 0.0625 0.9125 0.3796875 0.9125 0.3796875 0.6234375
0 0.615625 0.03125 0.321875 0.03125 0.321875 0.4171875 0.615625 0.4171875 0.615625 0.03125
0 0.8734375 0.0015625 0.571875 0.0015625 0.571875 0.396875 0.8734375 0.396875 0.8734375 0.0015625
