0 1.0 0.3265625 0.959375 0.3265625 0.959375 0.515625 1.0 0.515625 1.0 0.3265625
0 0.93125 0.2078125 0.734375 0.2078125 0.734375 0.534375 0.93125 0.534375 0.93125 0.2078125
0 1.0 0.125 0.9640625 0.125 0.9640625 0.209375 1.0 0.209375 1.0 0.125
0 0.934375 0.0484375 0.75625 0.0484375 0.75625 0.3046875 0.934375 0.3046875 0.934375 0.0484375
0 0.0578125 0.6046875 0.0015625 0.6046875 0.0015625 0.709375 0.0578125 0.709375 0.0578125 0.6046875
0 0.0296875 0.0265625 0.0015625 0.0265625 0.0015625 0.071875 0.0296875 0.071875 0.0296875 0.0265625
0 0.6015625 0.7890625 0.3734375 0.7890625 0.3734375 0.9125 0.6015625 0.9125 0.6015625 0.7890625
0 0.365625 0.7609375 0.2859375 0.7609375 0.2859375 0.8859375 0.365625 0.8859375 0.365625 0.7609375
0 0.33125 0.73125 0.125 0.73125 0.125 0.85 0.33125 0.85 0.33125 0.73125
0 0.3828125 0.6640625 0.2109375 0.6640625 0.2109375 0.7328125 0.3828125 0.7328125 0.3828125 0.6640625
0 0.8296875 0.3796875 0.69375 0.3796875 0.69375 0.490625 0.8296875 0.490625 0.8296875 0.3796875
0 0.584375 0.3625 0.4359375 0.3625 0.4359375 0.4265625 0.584375 0.4265625 0.584375 0.3625
0 0.4296875 0.221875 0.3265625 0.221875 0.3265625 0.3265625 0.4296875 0.3265625 0.4296875 0.221875
0 0.5390625 0.2109375 0.4375 0.2109375 0.4375 0.309375 0.5390625 0.309375 0.5390625 0.2109375
0 0.6359375 0.134375 0.53125 0.134375 0.53125 0.2265625 0.6359375 0.2265625 0.6359375 0.134375
0 0.3875 0.10625 0.196875 0.10625 0.196875 0.1625 0.3875 0.1625 0.3875 0.10625
0 0.3046875 0.0015625 0.2015625 0.0015625 0.2015625 0.0953125 0.3046875 0.0953125 0.3046875 0.0015625
0 0.8828125 0.478125 0.7390625 0.478125 0.7390625 0.6875 0.8828125 0.6875 0.8828125 0.478125
0 1.0 0.0859375 0.9953125 0.0859375 0.9953125 0.1046875 1.0 0.1046875 1.0 0.0859375
0 0.9859375 0.0015625 0.840625 0.0015625 0.840625 0.3 0.9859375 0.3 0.9859375 0.0015625
0 0.8234375 0.0015625 0.6859375 0.0015625 0.6859375 0.1484375 0.8234375 0.1484375 0.8234375 0.0015625
0 0.4796875 0.6609375 0.2671875 0.6609375 0.2671875 0.7359375 0.4796875 0.7359375 0.4796875 0.6609375
0 0.5953125 0.303125 0.3171875 0.303125 0.3171875 0.4953125 0.5953125 0.4953125 0.5953125 0.303125
0 0.41875 0.18125 0.121875 0.18125 0.121875 0.278125 0.41875 0.278125 0.41875 0.18125
0 0.6265625 0.0015625 0.2515625 0.0015625 0.2515625 0.1484375 0.6265625 0.1484375 0.6265625 0.0015625
0 0.7 0.7484375 0.43125 0.7484375 0.43125 0.91875 0.7 0.91875 0.7 0.7484375
0 1.0 0.7234375 0.9453125 0.7234375 0.9453125 0.771875 1.0 0.771875 1.0 0.7234375
0 0.75625 0.48125 0.596875 0.48125 0.596875 0.665625 0.75625 0.665625 0.75625 0.48125
0 0.7828125 0.240625 0.528125 0.240625 0.528125 0.41875 0.7828125 0.41875 0.7828125 0.240625
0 1.0 0.0640625 0.99375 0.0640625 0.99375 0.084375 1.0 0.084375 1.0 0.0640625
0 0.6578125 0.134375 0.496875 0.134375 0.496875 0.275 0.6578125 0.275 0.6578125 0.134375
0 0.7109375 0.0015625 0.590625 0.0015625 0.590625 0.1703125 0.7109375 0.1703125 0.7109375 0.0015625
0 1.0 0.0015625 0.0015625 0.0015625 0.0015625 1.0 1.0 1.0 1.0 0.0015625
0 0.01875 1.0 0.0015625 1.0 0.0015625 1.0 0.01875 1.0 0.01875 1.0
0 0.65 0.125 0.059375 0.125 0.059375 0.48125 0.65 0.48125 0.65 0.125
0 0.00625 0.0640625 0.0015625 0.0640625 0.0015625 0.071875 0.00625 0.071875 0.00625 0.0640625
0 0.6734375 0.04375 0.5734375 0.04375 0.5734375 0.1703125 0.6734375 0.1703125 0.6734375 0.04375
0 0.4484375 0.0015625 0.3140625 0.0015625 0.3140625 0.109375 0.4484375 0.109375 0.4484375 0.0015625
0 1.0 0.3796875 0.990625 0.3796875 0.990625 0.4078125 1.0 0.4078125 1.0 0.3796875
0 0.8421875 0.2796875 0.7296875 0.2796875 0.7296875 0.390625 0.8421875 0.390625 0.8421875 0.2796875
