0 0.784375 0.6640625 0.5296875 0.6640625 0.5296875 0.821875 0.784375 0.821875 0.784375 0.6640625
0 0.24375 0.609375 0.1546875 0.609375 0.1546875 0.7171875 0.24375 0.7171875 0.24375 0.609375
0 0.23125 0.771875 0.0984375 0.771875 0.0984375 0.884375 0.23125 0.884375 0.23125 0.771875
0 0.0875 0.0015625 0.0125 0.0015625 0.0125 0.075 0.0875 0.075 0.0875 0.0015625
0 0.909375 0.9875 0.728125 0.9875 0.728125 1.0 0.909375 1.0 0.909375 0.9875
0 0.7734375 0.8046875 0.6234375 0.8046875 0.6234375 0.921875 0.7734375 0.921875 0.7734375 0.8046875
0 0.7453125 0.5875 0.6015625 0.5875 0.6015625 0.671875 0.7453125 0.671875 0.7453125 0.5875
0 0.9875 0.659375 0.7421875 0.659375 0.7421875 1.0 0.9875 1.0 0.9875 0.659375
0 0.8734375 0.890625 0.7390625 0.890625 0.7390625 1.0 0.8734375 1.0 0.8734375 0.890625
0 1.0 0.6171875 0.9609375 0.6171875 0.9609375 0.7515625 1.0 0.7515625 1.0 0.6171875
0 0.0140625 0.0015625 0.0015625 0.0015625 0.0015625 0.0140625 0.0140625 0.0140625 0.0140625 0.0015625
0 0.7546875 0.521875 0.5828125 0.521875 0.5828125 0.60625 0.7546875 0.60625 0.7546875 0.521875
0 1.0 0.565625 0.8484375 0.565625 0.8484375 1.0 1.0 1.0 1.0 0.565625
0 0.2265625 0.0015625 0.0359375 0.0015625 0.0359375 0.2125 0.2265625 0.2125 0.2265625 0.0015625
0 0.7765625 0.378125 0.4640625 0.378125 0.4640625 0.96875 0.7765625 0.96875 0.7765625 0.378125
0 0.2640625 0.60625 0.128125 0.60625 0.128125 0.803125 0.2640625 0.803125 0.2640625 0.60625
0 0.3015625 0.8 0.1109375 0.8 0.1109375 1.0 0.3015625 1.0 0.3015625 0.8
