0 0.1765625 0.984375 0.134375 0.984375 0.134375 1.0 0.1765625 1.0 0.1765625 0.984375
0 0.69375 0.0890625 0.5578125 0.0890625 0.5578125 0.2546875 0.69375 0.2546875 0.69375 0.0890625
0 0.2796875 0.2671875 0.165625 0.2671875 0.165625 0.403125 0.2796875 0.403125 0.2796875 0.2671875
0 0.55625 0.3765625 0.4625 0.3765625 0.4625 0.4875 0.55625 0.4875 0.55625 0.3765625
0 0.6515625 0.2375 0.5328125 0.2375 0.5328125 0.4171875 0.6515625 0.4171875 0.6515625 0.2375
0 0.7875 0.1328125 0.5953125 0.1328125 0.5953125 0.28125 0.7875 0.28125 0.7875 0.1328125
0 0.85 0.0703125 0.684375 0.0703125 0.684375 0.21875 0.85 0.21875 0.85 0.0703125
0 0.0328125 0.5515625 0.0015625 0.5515625 0.0015625 0.6359375 0.0328125 0.6359375 0.0328125 0.5515625
0 0.521875 0.16875 0.3625 0.16875 0.3625 0.2984375 0.521875 0.2984375 0.521875 0.16875
0 0.3 0.15 0.01875 0.15 0.01875 0.3171875 0.3 0.3171875 0.3 0.15
0 0.2234375 0.4625 0.0015625 0.4625 0.0015625 0.66875 0.2234375 0.66875 0.2234375 0.4625
0 0.796875 0.046875 0.565625 0.046875 0.565625 0.275 0.796875 0.275 0.796875 0.046875
0 0.5125 0.0015625 0.4 0.0015625 0.4 0.159375 0.5125 0.159375 0.5125 0.0015625
0 0.9015625 0.0015625 0.68125 0.0015625 0.68125 0.065625 0.9015625 0.065625 0.9015625 0.0015625
0 1.0 0.1359375 0.9328125 0.1359375 0.9328125 0.2625 1.0 0.2625 1.0 0.1359375
0 0.528125 0.7265625 0.409375 0.7265625 0.409375 0.8609375 0.528125 0.8609375 0.528125 0.7265625
0 0.0890625 0.6875 0.0015625 0.6875 0.0015625 0.7890625 0.0890625 0.7890625 0.0890625 0.6875
0 1.0 0.653125 0.90625 0.653125 0.90625 0.75 1.0 0.75 1.0 0.653125
0 0.0890625 0.3296875 0.0015625 0.3296875 0.0015625 0.553125 0.0890625 0.553125 0.0890625 0.3296875
0 0.603125 0.15625 0.465625 0.15625 0.465625 0.3140625 0.603125 0.3140625 0.603125 0.15625
0 0.8796875 0.009375 0.709375 0.009375 0.709375 0.1546875 0.8796875 0.1546875 0.8796875 0.009375
0 0.7296875 0.0015625 0.703125 0.0015625 0.703125 0.0125 0.7296875 0.0125 0.7296875 0.0015625
0 0.125 0.8015625 0.0015625 0.8015625 0.0015625 0.9671875 0.125 0.9671875 0.125 0.8015625
0 0.915625 0.0015625 0.884375 0.0015625 0.884375 0.0296875 0.915625 0.0296875 0.915625 0.0015625
0 0.9390625 0.3734375 0.840625 0.3734375 0.840625 0.4890625 0.9390625 0.4890625 0.9390625 0.3734375
0 1.0 0.0015625 0.0015625 0.0015625 0.0015625 1.0 1.0 1.0 1.0 0.0015625
0 0.95625 0.8828125 0.7640625 0.8828125 0.7640625 1.0 0.95625 1.0 0.95625 0.8828125
