0 1.0 0.0015625 0.0015625 0.0015625 0.0015625 1.0 1.0 1.0 1.0 0.0015625
0 0.334375 0.1609375 0.2 0.1609375 0.2 0.31875 0.334375 0.31875 0.334375 0.1609375
0 0.884375 0.5328125 0.746875 0.5328125 0.746875 0.64375 0.884375 0.64375 0.884375 0.5328125
0 0.6984375 0.3921875 0.51875 0.3921875 0.51875 0.51875 0.6984375 0.51875 0.6984375 0.3921875
0 1.0 0.9296875 0.9875 0.9296875 0.9875 0.9484375 1.0 0.9484375 1.0 0.9296875
0 1.0 0.1890625 0.878125 0.1890625 0.878125 0.3921875 1.0 0.3921875 1.0 0.1890625
0 1.0 0.01875 0.346875 0.01875 0.346875 0.2140625 1.0 0.2140625 1.0 0.01875
0 0.2203125 0.0015625 0.0015625 0.0015625 0.0015625 0.096875 0.2203125 0.096875 0.2203125 0.0015625
0 0.753125 0.5421875 0.1578125 0.5421875 0.1578125 1.0 0.753125 1.0 0.753125 0.5421875
0 0.140625 0.884375 0.1015625 0.884375 0.1015625 1.0 0.140625 1.0 0.140625 0.884375
0 0.7875 0.35625 0.6421875 0.35625 0.6421875 0.5796875 0.7875 0.5796875 0.7875 0.35625
0 0.39375 0.240625 0.2375 0.240625 0.2375 0.5359375 0.39375 0.5359375 0.39375 0.240625
