0 0.096875 0.946875 0.0109375 0.946875 0.0109375 1.0 0.096875 1.0 0.096875 0.946875
0 0.8546875 0.946875 0.7984375 0.946875 0.7984375 1.0 0.8546875 1.0 0.8546875 0.946875
0 0.1984375 0.834375 0.1296875 0.834375 0.1296875 1.0 0.1984375 1.0 0.1984375 0.834375
0 0.571875 0.7875 0.384375 0.7875 0.384375 0.8859375 0.571875 0.8859375 0.571875 0.7875
0 0.265625 0.4546875 0.0515625 0.4546875 0.0515625 0.9296875 0.265625 0.9296875 0.265625 0.4546875
0 0.7234375 0.6828125 0.6171875 0.6828125 0.6171875 0.8875 0.7234375 0.8875 0.7234375 0.6828125
0 0.609375 0.6796875 0.525 0.6796875 0.525 0.8359375 0.609375 0.8359375 0.609375 0.6796875
0 0.4625 0.6546875 0.34375 0.6546875 0.34375 0.7875 0.4625 0.7875 0.4625 0.6546875
0 0.515625 0.5640625 0.428125 0.5640625 0.428125 0.728125 0.515625 0.728125 0.515625 0.5640625
0 0.3875 0.503125 0.259375 0.503125 0.259375 0.634375 0.3875 0.634375 0.3875 0.503125
0 0.5 0.3390625 0.31875 0.3390625 0.31875 0.56875 0.5 0.56875 0.5 0.3390625
0 0.5765625 0.2671875 0.459375 0.2671875 0.459375 0.440625 0.5765625 0.440625 0.5765625 0.2671875
0 0.45 0.08125 0.30625 0.08125 0.30625 0.25625 0.45 0.25625 0.45 0.08125
0 0.4453125 0.803125 0.3125 0.803125 0.3125 0.96875 0.4453125 0.96875 0.4453125 0.803125
0 0.709375 0.4359375 0.6140625 0.4359375 0.6140625 0.5953125 0.709375 0.5953125 0.709375 0.4359375
0 0.91875 0.1765625 0.6734375 0.1765625 0.6734375 0.78125 0.91875 0.78125 0.91875 0.1765625
0 0.6296875 0.1109375 0.484375 0.1109375 0.484375 0.2296875 0.6296875 0.2296875 0.6296875 0.1109375
0 0.734375 0.0015625 0.465625 0.0015625 0.465625 0.0890625 0.734375 0.0890625 0.734375 0.0015625
0 0.45 0.0015625 0.315625 0.0015625 0.315625 0.084375 0.45 0.084375 0.45 0.0015625
0 0.9328125 0.0015625 0.7703125 0.0015625 0.7703125 0.184375 0.9328125 0.184375 0.9328125 0.0015625
0 0.1453125 0.0953125 0.05 0.0953125 0.05 0.2671875 0.1453125 0.2671875 0.1453125 0.0953125
0 0.0453125 0.5984375 0.0015625 0.5984375 0.0015625 0.7421875 0.0453125 0.7421875 0.0453125 0.5984375
0 0.025 0.0015625 0.0015625 0.0015625 0.0015625 0.0265625 0.025 0.0265625 0.025 0.0015625
0 0.6734375 0.8421875 0.403125 0.8421875 0.403125 1.0 0.6734375 1.0 0.6734375 0.8421875
0 0.4296875 0.9328125 0.3078125 0.9328125 0.3078125 1.0 0.4296875 1.0 0.4296875 0.9328125
0 0.753125 0.7921875 0.6703125 0.7921875 0.6703125 1.0 0.753125 1.0 0.753125 0.7921875
0 0.94375 0.7171875 0.728125 0.7171875 0.728125 0.8796875 0.94375 0.8796875 0.94375 0.7171875
0 0.3453125 0.6734375 0.2015625 0.6734375 0.2015625 0.9578125 0.3453125 0.9578125 0.3453125 0.6734375
0 0.525 0.3609375 0.3515625 0.3609375 0.3515625 0.578125 0.525 0.578125 0.525 0.3609375
0 1.0 0.0015625 0.5328125 0.0015625 0.5328125 0.43125 1.0 0.43125 1.0 0.0015625
0 0.953125 0.1765625 0.8625 0.1765625 0.8625 0.3390625 0.953125 0.3390625 0.953125 0.1765625
0 0.3234375 0.021875 0.1609375 0.021875 0.1609375 0.2640625 0.3234375 0.2640625 0.3234375 0.021875
0 0.5046875 0.0015625 0.3625 0.0015625 0.3625 0.2453125 0.5046875 0.2453125 0.5046875 0.0015625
0 0.3078125 0.0015625 0.234375 0.0015625 0.234375 0.0890625 0.3078125 0.0890625 0.3078125 0.0015625
0 1.0 0.571875 0.9421875 0.571875 0.9421875 0.7546875 1.0 0.7546875 1.0 0.571875
0 0.634375 0.0015625 0.071875 0.0015625 0.071875 1.0 0.634375 1.0 0.634375 0.0015625
0 0.125 0.6578125 0.0015625 0.6578125 0.0015625 1.0 0.125 1.0 0.125 0.6578125
0 0.575 0.3171875 0.44375 0.3171875 0.44375 0.4578125 0.575 0.4578125 0.575 0.3171875
0 0.0796875 0.1703125 0.0015625 0.1703125 0.0015625 0.428125 0.0796875 0.428125 0.0796875 0.1703125
0 0.6765625 0.0828125 0.4390625 0.0828125 0.4390625 0.3515625 0.6765625 0.3515625 0.6765625 0.0828125
0 0.43125 0.0015625 0.2921875 0.0015625 0.2921875 0.1796875 0.43125 0.1796875 0.43125 0.0015625
0 1.0 0.3921875 0.7703125 0.3921875 0.7703125 1.0 1.0 1.0 1.0 0.3921875
0 0.8109375 0.3546875 0.671875 0.3546875 0.671875 0.609375 0.8109375 0.609375 0.8109375 0.3546875
0 1.0 0.0171875 0.9 0.0171875 0.9 0.403125 1.0 0.403125 1.0 0.0171875
0 1.0 0.0015625 0.0015625 0.0015625 0.0015625 1.0 1.0 1.0 1.0 0.0015625
0 0.3046875 0.5328125 0.1890625 0.5328125 0.1890625 0.7203125 0.3046875 0.7203125 0.3046875 0.5328125
