0 0.159375 0.0015625 0.0578125 0.0015625 0.0578125 0.1359375 0.159375 0.1359375 0.159375 0.0015625
0 0.959375 0.43125 0.878125 0.43125 0.878125 0.578125 0.959375 0.578125 0.959375 0.43125
0 0.2296875 0.3609375 0.1578125 0.3609375 0.1578125 0.496875 0.2296875 0.496875 0.2296875 0.3609375
0 0.1421875 0.88125 0.0328125 0.88125 0.0328125 1.0 0.1421875 1.0 0.1421875 0.88125
0 0.3328125 0.7671875 0.253125 0.7671875 0.253125 0.8953125 0.3328125 0.8953125 0.3328125 0.7671875
0 0.3046875 0.9765625 0.209375 0.9765625 0.209375 1.0 0.3046875 1.0 0.3046875 0.9765625
0 0.1609375 0.7734375 0.0578125 0.7734375 0.0578125 0.9515625 0.1609375 0.9515625 0.1609375 0.7734375
0 0.1859375 0.4953125 0.0859375 0.4953125 0.0859375 0.65625 0.1859375 0.65625 0.1859375 0.4953125
0 0.1765625 0.0203125 0.0640625 0.0203125 0.0640625 0.16875 0.1765625 0.16875 0.1765625 0.0203125
0 0.7953125 0.0578125 0.6265625 0.0578125 0.6265625 0.2703125 0.7953125 0.2703125 0.7953125 0.0578125
0 0.096875 0.4875 0.0015625 0.4875 0.0015625 0.615625 0.096875 0.615625 0.096875 0.4875
0 0.540625 0.2515625 0.415625 0.2515625 0.415625 0.45625 0.540625 0.45625 0.540625 0.2515625
0 0.2078125 0.8265625 0.0015625 0.8265625 0.0015625 1.0 0.2078125 1.0 0.2078125 0.8265625
0 0.15 0.75625 0.0015625 0.75625 0.0015625 0.859375 0.15 0.859375 0.15 0.75625
0 0.6046875 0.8078125 0.4671875 0.8078125 0.4671875 1.0 0.6046875 1.0 0.6046875 0.8078125
0 0.73125 0.175 0.5703125 0.175 0.5703125 0.36875 0.73125 0.36875 0.73125 0.175
0 1.0 0.95625 0.9953125 0.95625 0.9953125 0.9890625 1.0 0.9890625 1.0 0.95625
0 1.0 0.66875 0.7484375 0.66875 0.7484375 0.99375 1.0 0.99375 1.0 0.66875
0 0.9671875 0.6421875 0.8765625 0.6421875 0.8765625 0.80625 0.9671875 0.80625 0.9671875 0.6421875
0 1.0 0.3015625 0.959375 0.3015625 0.959375 0.525 1.0 0.525 1.0 0.3015625
0 0.925 0.0015625 0.753125 0.0015625 0.753125 0.16875 0.925 0.16875 0.925 0.0015625
0 1.0 0.0015625 0.8828125 0.0015625 0.8828125 0.0890625 1.0 0.0890625 1.0 0.0015625
0 0.4625 0.9609375 0.3984375 0.9609375 0.3984375 1.0 0.4625 1.0 0.4625 0.9609375
0 0.8328125 0.95 0.6734375 0.95 0.6734375 1.0 0.8328125 1.0 0.8328125 0.95
0 0.63125 0.88125 0.546875 0.88125 0.546875 0.975 0.63125 0.975 0.63125 0.88125
0 0.4953125 0.696875 0.3578125 0.696875 0.3578125 0.9234375 0.4953125 0.9234375 0.4953125 0.696875
0 0.68125 0.5421875 0.45625 0.5421875 0.45625 0.871875 0.68125 0.871875 0.68125 0.5421875
0 0.728125 0.3625 0.6734375 0.3625 0.6734375 0.6609375 0.728125 0.6609375 0.728125 0.3625
0 0.7265625 0.1859375 0.6375 0.1859375 0.6375 0.325 0.7265625 0.325 0.7265625 0.1859375
0 0.6578125 0.153125 0.503125 0.153125 0.503125 0.30625 0.6578125 0.30625 0.6578125 0.153125
0 0.5375 0.0015625 0.40625 0.0015625 0.40625 0.134375 0.5375 0.134375 0.5375 0.0015625
0 0.7046875 0.0015625 0.5484375 0.0015625 0.5484375 0.05625 0.7046875 0.05625 0.7046875 0.0015625
0 0.96875 0.725 0.7625 0.725 0.7625 0.96875 0.96875 0.96875 0.96875 0.725
0 1.0 0.2515625 0.7546875 0.2515625 0.7546875 0.8875 1.0 0.8875 1.0 0.2515625
0 1.0 0.0015625 0.0015625 0.0015625 0.0015625 1.0 1.0 1.0 1.0 0.0015625
0 0.021875 0.99375 0.0015625 0.99375 0.0015625 1.0 0.021875 1.0 0.021875 0.99375
0 0.153125 0.9921875 0.125 0.9921875 0.125 1.0 0.153125 1.0 0.153125 0.9921875
0 1.0 0.85625 0.7328125 0.85625 0.7328125 1.0 1.0 1.0 1.0 0.85625
0 0.4984375 0.8640625 0.3796875 0.8640625 0.3796875 1.0 0.4984375 1.0 0.4984375 0.8640625
0 1.0 0.0453125 0.996875 0.0453125 0.996875 0.059375 1.0 0.059375 1.0 0.0453125
