0 0.8046875 0.29375 0.734375 0.29375 0.734375 0.459375 0.8046875 0.459375 0.8046875 0.29375
0 1.0 0.85 0.975 0.85 0.975 0.9703125 1.0 0.9703125 1.0 0.85
0 0.753125 0.2703125 0.653125 0.2703125 0.653125 0.3796875 0.753125 0.3796875 0.753125 0.2703125
0 0.846875 0.20625 0.6375 0.20625 0.6375 0.3515625 0.846875 0.3515625 0.846875 0.20625
0 0.6703125 0.6578125 0.4734375 0.6578125 0.4734375 0.8609375 0.6703125 0.8609375 0.6703125 0.6578125
0 0.74375 0.4953125 0.6359375 0.4953125 0.6359375 0.7390625 0.74375 0.7390625 0.74375 0.4953125
0 1.0 0.003125 1.0 0.003125 1.0 0.0171875 1.0 0.0171875 1.0 0.003125
0 0.940625 0.4828125 0.809375 0.4828125 0.809375 0.6375 0.940625 0.6375 0.940625 0.4828125
0 0.7546875 0.2484375 0.6375 0.2484375 0.6375 0.584375 0.7546875 0.584375 0.7546875 0.2484375
0 1.0 0.4296875 0.9515625 0.4296875 0.9515625 0.5375 1.0 0.5375 1.0 0.4296875
0 0.2078125 0.209375 0.1390625 0.209375 0.1390625 0.3625 0.2078125 0.3625 0.2078125 0.209375
0 0.984375 0.175 0.89375 0.175 0.89375 0.328125 0.984375 0.328125 0.984375 0.175
0 0.23125 0.0015625 0.1 0.0015625 0.1 0.0859375 0.23125 0.0859375 0.23125 0.0015625
0 1.0 0.0046875 0.9359375 0.0046875 0.9359375 0.1875 1.0 0.1875 1.0 0.0046875
0 0.396875 0.9953125 0.3875 0.9953125 0.3875 1.0 0.396875 1.0 0.396875 0.9953125
0 0.1484375 0.8734375 0.0015625 0.8734375 0.0015625 1.0 0.1484375 1.0 0.1484375 0.8734375
0 0.06875 0.5859375 0.0015625 0.5859375 0.0015625 0.75625 0.06875 0.75625 0.06875 0.5859375
0 0.35625 0.865625 0.2359375 0.865625 0.2359375 1.0 0.35625 1.0 0.35625 0.865625
0 0.815625 0.9453125 0.696875 0.9453125 0.696875 1.0 0.815625 1.0 0.815625 0.9453125
0 0.6140625 0.775 0.340625 0.775 0.340625 1.0 0.6140625 1.0 0.6140625 0.775
0 0.240625 0.8671875 0.1703125 0.8671875 0.1703125 1.0 0.240625 1.0 0.240625 0.8671875
0 0.9359375 0.6203125 0.8328125 0.6203125 0.8328125 0.7515625 0.9359375 0.7515625 0.9359375 0.6203125
0 0.8125 0.4984375 0.74375 0.4984375 0.74375 0.6265625 0.8125 0.6265625 0.8125 0.4984375
0 0.315625 0.940625 0.209375 0.940625 0.209375 1.0 0.315625 1.0 0.315625 0.940625
0 0.590625 0.784375 0.453125 0.784375 0.453125 0.8734375 0.590625 0.8734375 0.590625 0.784375
0 0.48125 0.6546875 0.35 0.6546875 0.35 0.7984375 0.48125 0.7984375 0.48125 0.6546875
0 0.571875 0.61875 0.478125 0.61875 0.478125 0.771875 0.571875 0.771875 0.571875 0.61875
0 0.709375 0.490625 0.5140625 0.490625 0.5140625 0.78125 0.709375 0.78125 0.709375 0.490625
0 0.09375 0.24375 0.0015625 0.24375 0.0015625 0.66875 0.09375 0.66875 0.09375 0.24375
0 0.5921875 0.359375 0.415625 0.359375 0.415625 0.55 0.5921875 0.55 0.5921875 0.359375
0 0.1953125 0.1109375 0.05 0.1109375 0.05 0.4171875 0.1953125 0.4171875 0.1953125 0.1109375
0 0.3890625 0.284375 0.275 0.284375 0.275 0.378125 0.3890625 0.378125 0.3890625 0.284375
0 0.4890625 0.0609375 0.425 0.0609375 0.425 0.2625 0.4890625 0.2625 0.4890625 0.0609375
0 0.0078125 0.121875 0.0015625 0.121875 0.0015625 0.1546875 0.0078125 0.1546875 0.0078125 0.121875
0 1.0 0.0015625 0.465625 0.0015625 0.465625 0.240625 1.0 0.240625 1.0 0.0015625
0 1.0 0.965625 0.934375 0.965625 0.934375 1.0 1.0 1.0 1.0 0.965625
0 0.771875 0.971875 0.7328125 0.971875 0.7328125 1.0 0.771875 1.0 0.771875 0.971875
0 1.0 0.734375 0.9984375 0.734375 0.9984375 0.771875 1.0 0.771875 1.0 0.734375
0 0.8265625 0.375 0.709375 0.375 0.709375 0.5484375 0.8265625 0.5484375 0.8265625 0.375
0 1.0 0.2484375 0.96875 0.2484375 0.96875 0.334375 1.0 0.334375 1.0 0.2484375
0 0.4609375 0.040625 0.3390625 0.040625 0.3390625 0.26875 0.4609375 0.26875 0.4609375 0.040625
0 0.4875 0.8828125 0.4046875 0.8828125 0.4046875 1.0 0.4875 1.0 0.4875 0.8828125
0 0.0390625 0.871875 0.0015625 0.871875 0.0015625 0.975 0.0390625 0.975 0.0390625 0.871875
0 0.6359375 0.6171875 0.33125 0.6171875 0.33125 0.9484375 0.6359375 0.9484375 0.6359375 0.6171875
0 0.7515625 0.7171875 0.6796875 0.7171875 0.6796875 0.9015625 0.7515625 0.9015625 0.7515625 0.7171875
0 0.0359375 0.684375 0.0015625 0.684375 0.0015625 0.81875 0.0359375 0.81875 0.0359375 0.684375
0 1.0 0.521875 0.9375 0.521875 0.9375 0.6953125 1.0 0.6953125 1.0 0.521875
0 0.203125 0.4859375 0.140625 0.4859375 0.140625 0.646875 0.203125 0.646875 0.203125 0.4859375
0 0.615625 0.4359375 0.4765625 0.4359375 0.4765625 0.53125 0.615625 0.53125 0.615625 0.4359375
0 0.140625 0.728125 0.0015625 0.728125 0.0015625 0.9578125 0.140625 0.9578125 0.140625 0.728125
0 0.425 0.3828125 0.0765625 0.3828125 0.0765625 1.0 0.425 1.0 0.425 0.3828125
0 0.01875 0.153125 0.0015625 0.153125 0.0015625 0.24375 0.01875 0.24375 0.01875 0.153125
0 1.0 0.0015625 0.0328125 0.0015625 0.0328125 0.5796875 1.0 0.5796875 1.0 0.0015625
0 0.3015625 0.79375 0.1515625 0.79375 0.1515625 0.9625 0.3015625 0.9625 0.3015625 0.79375
0 0.453125 0.5484375 0.31875 0.5484375 0.31875 0.653125 0.453125 0.653125 0.453125 0.5484375
0 0.984375 0.9359375 0.84375 0.9359375 0.84375 1.0 0.984375 1.0 0.984375 0.9359375
0 0.834375 0.928125 0.596875 0.928125 0.596875 1.0 0.834375 1.0 0.834375 0.928125
0 1.0 0.634375 0.775 0.634375 0.775 0.940625 1.0 0.940625 1.0 0.634375
0 0.8921875 0.5984375 0.7296875 0.5984375 0.7296875 0.86875 0.8921875 0.86875 0.8921875 0.5984375
0 1.0 0.0015625 0.953125 0.0015625 0.953125 0.0765625 1.0 0.0765625 1.0 0.0015625
