0 1.0 0.5375 0.8953125 0.5375 0.8953125 0.6859375 1.0 0.6859375 1.0 0.5375
0 0.8625 0.028125 0.78125 0.028125 0.78125 0.2421875 0.8625 0.2421875 0.8625 0.028125
0 0.346875 0.3421875 0.1578125 0.3421875 0.1578125 0.6171875 0.346875 0.6171875 0.346875 0.3421875
0 1.0 0.38125 0.8953125 0.38125 0.8953125 0.496875 1.0 0.496875 1.0 0.38125
0 0.6234375 0.578125 0.2578125 0.578125 0.2578125 0.884375 0.6234375 0.884375 0.6234375 0.578125
0 0.1640625 0.05625 0.046875 0.05625 0.046875 0.1546875 0.1640625 0.1546875 0.1640625 0.05625
0 0.1015625 0.778125 0.0015625 0.778125 0.0015625 0.8390625 0.1015625 0.8390625 0.1015625 0.778125
0 0.7328125 0.071875 0.5578125 0.071875 0.5578125 0.315625 0.7328125 0.315625 0.7328125 0.071875
0 0.0265625 0.9453125 0.0015625 0.9453125 0.0015625 1.0 0.0265625 1.0 0.0265625 0.9453125
0 0.2203125 0.0015625 0.1 0.0015625 0.1 0.15 0.2203125 0.15 0.2203125 0.0015625
0 0.221875 0.0015625 0.1828125 0.0015625 0.1828125 0.0421875 0.221875 0.0421875 0.221875 0.0015625
0 1.0 0.94375 0.80625 0.94375 0.80625 1.0 1.0 1.0 1.0 0.94375
0 0.9703125 0.7609375 0.803125 0.7609375 0.803125 0.853125 0.9703125 0.853125 0.9703125 0.7609375
0 0.859375 0.2015625 0.7609375 0.2015625 0.7609375 0.3390625 0.859375 0.3390625 0.859375 0.2015625
0 0.2375 0.0015625 0.1484375 0.0015625 0.1484375 0.096875 0.2375 0.096875 0.2375 0.0015625
0 0.175 0.8578125 0.040625 0.8578125 0.040625 1.0 0.175 1.0 0.175 0.8578125
0 0.3625 0.8421875 0.2734375 0.8421875 0.2734375 1.0 0.3625 1.0 0.3625 0.8421875
0 0.1078125 0.7234375 0.0015625 0.7234375 0.0015625 0.8078125 0.1078125 0.8078125 0.1078125 0.7234375
0 0.8453125 0.6421875 0.778125 0.6421875 0.778125 0.821875 0.8453125 0.821875 0.8453125 0.6421875
0 0.70625 0.1015625 0.56875 0.1015625 0.56875 0.3703125 0.70625 0.3703125 0.70625 0.1015625
0 0.403125 0.1015625 0.190625 0.1015625 0.190625 0.3625 0.403125 0.3625 0.403125 0.1015625
0 0.7 0.0015625 0.6640625 0.0015625 0.6640625 0.04375 0.7 0.04375 0.7 0.0015625
0 0.325 0.0015625 0.3140625 0.0015625 0.3140625 0.0109375 0.325 0.0109375 0.325 0.0015625
0 1.0 0.75 0.9703125 0.75 0.9703125 0.8859375 1.0 0.8859375 1.0 0.75
0 0.2515625 0.665625 0.165625 0.665625 0.165625 0.8265625 0.2515625 0.8265625 0.2515625 0.665625
0 0.2296875 0.509375 0.1390625 0.509375 0.1390625 0.6546875 0.2296875 0.6546875 0.2296875 0.509375
0 0.3671875 0.0015625 0.23125 0.0015625 0.23125 0.1609375 0.3671875 0.1609375 0.3671875 0.0015625
0 0.640625 0.0625 0.525 0.0625 0.525 0.1453125 0.640625 0.1453125 0.640625 0.0625
0 0.8453125 0.0015625 0.6984375 0.0015625 0.6984375 0.0734375 0.8453125 0.0734375 0.8453125 0.0015625
0 0.1984375 0.0015625 0.15625 0.0015625 0.15625 0.0109375 0.1984375 0.0109375 0.1984375 0.0015625
0 1.0 0.4921875 0.8171875 0.4921875 0.8171875 0.7984375 1.0 0.7984375 1.0 0.4921875
0 1.0 0.315625 0.9734375 0.315625 0.9734375 0.421875 1.0 0.421875 1.0 0.315625
0 0.8734375 0.2109375 0.50625 0.2109375 0.50625 0.6375 0.8734375 0.6375 0.8734375 0.2109375
0 0.2203125 0.1484375 0.0375 0.1484375 0.0375 0.5328125 0.2203125 0.5328125 0.2203125 0.1484375
0 0.1046875 0.728125 0.0015625 0.728125 0.0015625 1.0 0.1046875 1.0 0.1046875 0.728125
0 0.421875 0.8328125 0.33125 0.8328125 0.33125 1.0 0.421875 1.0 0.421875 0.8328125
0 0.2671875 0.6625 0.1015625 0.6625 0.1015625 0.9328125 0.2671875 0.9328125 0.2671875 0.6625
0 0.15 0.396875 0.028125 0.396875 0.028125 0.7109375 0.15 0.7109375 0.15 0.396875
0 0.4734375 0.421875 0.3203125 0.421875 0.3203125 0.6890625 0.4734375 0.6890625 0.4734375 0.421875
0 0.1890625 0.0015625 0.015625 0.0015625 0.015625 0.203125 0.1890625 0.203125 0.1890625 0.0015625
0 1.0 0.9109375 0.9140625 0.9109375 0.9140625 1.0 1.0 1.0 1.0 0.9109375
0 0.9484375 0.0015625 0.8265625 0.0015625 0.8265625 0.2015625 0.9484375 0.2015625 0.9484375 0.0015625
0 0.0578125 0.4640625 0.0015625 0.4640625 0.0015625 0.7015625 0.0578125 0.7015625 0.0578125 0.4640625
0 0.89375 0.9359375 0.6359375 0.9359375 0.6359375 1.0 0.89375 1.0 0.89375 0.9359375
0 0.515625 0.8796875 0.4234375 0.8796875 0.4234375 1.0 0.515625 1.0 0.515625 0.8796875
0 0.7421875 0.7109375 0.446875 0.7109375 0.446875 1.0 0.7421875 1.0 0.7421875 0.7109375
0 0.4421875 0.66875 0.240625 0.66875 0.240625 0.8765625 0.4421875 0.8765625 0.4421875 0.66875
0 0.7 0.0015625 0.1890625 0.0015625 0.1890625 0.7125 0.7 0.7125 0.7 0.0015625
0 0.803125 0.515625 0.71875 0.515625 0.71875 0.73125 0.803125 0.73125 0.803125 0.515625
0 0.296875 0.2796875 0.1359375 0.2796875 0.1359375 0.578125 0.296875 0.578125 0.296875 0.2796875
0 0.9171875 0.0140625 0.7046875 0.0140625 0.7046875 0.471875 0.9171875 0.471875 0.9171875 0.0140625
0 1.0 0.3359375 0.9046875 0.3359375 0.9046875 0.4640625 1.0 0.4640625 1.0 0.3359375
0 0.496875 0.01875 0.3609375 0.01875 0.3609375 0.2296875 0.496875 0.2296875 0.496875 0.01875
0 0.99375 0.0015625 0.95625 0.0015625 0.95625 0.084375 0.99375 0.084375 0.99375 0.0015625
0 0.3796875 0.3234375 0.2546875 0.3234375 0.2546875 0.503125 0.3796875 0.503125 0.3796875 0.3234375
0 0.5 0.09375 0.384375 0.09375 0.384375 0.2921875 0.5 0.2921875 0.5 0.09375
0 1.0 0.0015625 0.8859375 0.0015625 0.8859375 0.3171875 1.0 0.3171875 1.0 0.0015625
0 0.8234375 0.0015625 0.684375 0.0015625 0.684375 0.0984375 0.8234375 0.0984375 0.8234375 0.0015625
0 0.0234375 0.0015625 0.015625 0.0015625 0.015625 0.028125 0.0234375 0.028125 0.0234375 0.0015625
0 0.4 0.8484375 0.178125 0.8484375 0.178125 1.0 0.4 1.0 0.4 0.8484375
0 0.1421875 0.846875 0.0015625 0.846875 0.0015625 0.9421875 0.1421875 0.9421875 0.1421875 0.846875
0 0.1859375 0.359375 0.0015625 0.359375 0.0015625 0.8265625 0.1859375 0.8265625 0.1859375 0.359375
0 0.103125 0.5296875 0.0015625 0.5296875 0.0015625 0.6625 0.103125 0.6625 0.103125 0.5296875
0 0.9234375 0.725 0.63125 0.725 0.63125 1.0 0.9234375 1.0 0.9234375 0.725
0 0.5234375 0.3765625 0.4265625 0.3765625 0.4265625 0.66875 0.5234375 0.66875 0.5234375 0.3765625
0 0.5484375 0.0015625 0.4 0.0015625 0.4 0.21875 0.5484375 0.21875 0.5484375 0.0015625
0 1.0 0.0859375 0.9375 0.0859375 0.9375 0.2 1.0 0.2 1.0 0.0859375
