0 0.3078125 0.0015625 0.20625 0.0015625 0.20625 0.1140625 0.3078125 0.1140625 0.3078125 0.0015625
0 0.1359375 0.08125 0.04375 0.08125 0.04375 0.2 0.1359375 0.2 0.1359375 0.08125
0 0.9484375 0.5625 0.903125 0.5625 0.903125 0.7734375 0.9484375 0.7734375 0.9484375 0.5625
0 0.184375 0.56875 0.0015625 0.56875 0.0015625 0.7984375 0.184375 0.7984375 0.184375 0.56875
0 0.8828125 0.621875 0.7953125 0.621875 0.7953125 0.746875 0.8828125 0.746875 0.8828125 0.621875
0 0.14375 0.3453125 0.03125 0.3453125 0.03125 0.484375 0.14375 0.484375 0.14375 0.3453125
0 0.075 0.2765625 0.0015625 0.2765625 0.0015625 0.4078125 0.075 0.4078125 0.075 0.2765625
0 0.1546875 0.015625 0.05 0.015625 0.05 0.1484375 0.1546875 0.1484375 0.1546875 0.015625
0 0.29375 0.2375 0.1640625 0.2375 0.1640625 0.5 0.29375 0.5 0.29375 0.2375
0 0.9359375 0.775 0.8453125 0.775 0.8453125 1.0 0.9359375 1.0 0.9359375 0.775
0 0.034375 0.753125 0.0015625 0.753125 0.0015625 0.8328125 0.034375 0.8328125 0.034375 0.753125
0 0.0390625 0.1734375 0.0015625 0.1734375 0.0015625 0.30625 0.0390625 0.30625 0.0390625 0.1734375
0 0.253125 0.8546875 0.0234375 0.8546875 0.0234375 1.0 0.253125 1.0 0.253125 0.8546875
0 0.890625 0.709375 0.64375 0.709375 0.64375 1.0 0.890625 1.0 0.890625 0.709375
0 0.3796875 0.48125 0.0859375 0.48125 0.0859375 0.8625 0.3796875 0.8625 0.3796875 0.48125
0 0.509375 0.4734375 0.3765625 0.4734375 0.3765625 0.575 0.509375 0.575 0.509375 0.4734375
0 0.4625 0.3015625 0.3609375 0.3015625 0.3609375 0.440625 0.4625 0.440625 0.4625 0.3015625
0 0.6203125 0.203125 0.48125 0.203125 0.48125 0.3734375 0.6203125 0.3734375 0.6203125 0.203125
0 0.2578125 0.05625 0.0671875 0.05625 0.0671875 0.271875 0.2578125 0.271875 0.2578125 0.05625
0 0.83125 0.075 0.653125 0.075 0.653125 0.2453125 0.83125 0.2453125 0.83125 0.075
0 0.4296875 0.0015625 0.30625 0.0015625 0.30625 0.1078125 0.4296875 0.1078125 0.4296875 0.0015625
0 0.9953125 0.9984375 0.990625 0.9984375 0.990625 1.0 0.9953125 1.0 0.9953125 0.9984375
0 1.0 0.0015625 0.909375 0.0015625 0.909375 0.10625 1.0 0.10625 1.0 0.0015625
0 0.49375 0.0828125 0.0015625 0.0828125 0.0015625 0.6015625 0.49375 0.6015625 0.49375 0.0828125
0 0.271875 0.0015625 0.0015625 0.0015625 0.0015625 0.303125 0.271875 0.303125 0.271875 0.0015625
0 0.903125 0.884375 0.6828125 0.884375 0.6828125 1.0 0.903125 1.0 0.903125 0.884375
0 0.4890625 0.8109375 0.303125 0.8109375 0.303125 0.9578125 0.4890625 0.9578125 0.4890625 0.8109375
0 0.5890625 0.56875 0.409375 0.56875 0.409375 0.7140625 0.5890625 0.7140625 0.5890625 0.56875
0 0.99375 0.8203125 0.8984375 0.8203125 0.8984375 1.0 0.99375 1.0 0.99375 0.8203125
0 1.0 0.3765625 0.9546875 0.3765625 0.9546875 0.4984375 1.0 0.4984375 1.0 0.3765625
0 1.0 0.1296875 0.934375 0.1296875 0.934375 0.3390625 1.0 0.3390625 1.0 0.1296875
0 0.025 0.5625 0.0015625 0.5625 0.0015625 0.5859375 0.025 0.5859375 0.025 0.5625
0 1.0 0.2546875 0.828125 0.2546875 0.828125 0.4859375 1.0 0.4859375 1.0 0.2546875
0 0.346875 0.8375 0.2484375 0.8375 0.2484375 0.99375 0.346875 0.99375 0.346875 0.8375
0 0.084375 0.5046875 0.0015625 0.5046875 0.0015625 0.7265625 0.084375 0.7265625 0.084375 0.5046875
0 0.4203125 0.6125 0.240625 0.6125 0.240625 0.74375 0.4203125 0.74375 0.4203125 0.6125
0 0.3265625 0.484375 0.071875 0.484375 0.071875 0.6484375 0.3265625 0.6484375 0.3265625 0.484375
0 0.6015625 0.1953125 0.4390625 0.1953125 0.4390625 0.5515625 0.6015625 0.5515625 0.6015625 0.1953125
0 0.428125 0.0015625 0.221875 0.0015625 0.221875 0.2265625 0.428125 0.2265625 0.428125 0.0015625
0 0.5875 0.0015625 0.384375 0.0015625 0.384375 0.0375 0.5875 0.0375 0.5875 0.0015625
0 0.809375 0.965625 0.759375 0.965625 0.759375 1.0 0.809375 1.0 0.809375 0.965625
0 0.6640625 0.928125 0.6140625 0.928125 0.6140625 1.0 0.6640625 1.0 0.6640625 0.928125
0 1.0 0.6890625 0.9359375 0.6890625 0.9359375 0.8828125 1.0 0.8828125 1.0 0.6890625
0 0.846875 0.540625 0.7515625 0.540625 0.7515625 0.7671875 0.846875 0.7671875 0.846875 0.540625
0 1.0 0.3328125 0.9328125 0.3328125 0.9328125 0.55625 1.0 0.55625 1.0 0.3328125
0 0.94375 0.39375 0.8296875 0.39375 0.8296875 0.484375 0.94375 0.484375 0.94375 0.39375
0 0.909375 0.13125 0.6578125 0.13125 0.6578125 0.346875 0.909375 0.346875 0.909375 0.13125
0 1.0 0.0421875 0.8390625 0.0421875 0.8390625 0.3390625 1.0 0.3390625 1.0 0.0421875
0 0.7203125 0.0015625 0.690625 0.0015625 0.690625 0.0140625 0.7203125 0.0140625 0.7203125 0.0015625
0 0.4671875 0.5578125 0.3703125 0.5578125 0.3703125 0.69375 0.4671875 0.69375 0.4671875 0.5578125
0 0.584375 0.3859375 0.5 0.3859375 0.5 0.540625 0.584375 0.540625 0.584375 0.3859375
0 0.615625 0.1578125 0.475 0.1578125 0.475 0.2265625 0.615625 0.2265625 0.615625 0.1578125
0 0.65625 0.0015625 0.496875 0.0015625 0.496875 0.084375 0.65625 0.084375 0.65625 0.0015625
0 0.1265625 0.8921875 0.0015625 0.8921875 0.0015625 1.0 0.1265625 1.0 0.1265625 0.8921875
0 0.5 0.7375 0.140625 0.7375 0.140625 1.0 0.5 1.0 0.5 0.7375
0 0.0953125 0.7765625 0.0015625 0.7765625 0.0015625 0.865625 0.0953125 0.865625 0.0953125 0.7765625
0 0.225 0.578125 0.0421875 0.578125 0.0421875 0.7625 0.225 0.7625 0.225 0.578125
0 0.071875 0.6234375 0.0015625 0.6234375 0.0015625 0.740625 0.071875 0.740625 0.071875 0.6234375
0 1.0 0.2078125 0.4203125 0.2078125 0.4203125 0.9453125 1.0 0.9453125 1.0 0.2078125
0 0.6 0.009375 0.39375 0.009375 0.39375 0.18125 0.6 0.18125 0.6 0.009375
0 0.965625 0.9359375 0.796875 0.9359375 0.796875 1.0 0.965625 1.0 0.965625 0.9359375
0 1.0 0.5375 0.9140625 0.5375 0.9140625 0.70625 1.0 0.70625 1.0 0.5375
0 1.0 0.178125 0.9609375 0.178125 0.9609375 0.2828125 1.0 0.2828125 1.0 0.178125
0 0.9234375 0.0015625 0.734375 0.0015625 0.734375 0.1890625 0.9234375 0.1890625 0.9234375 0.0015625
0 0.78125 0.0015625 0.6609375 0.0015625 0.6609375 0.15625 0.78125 0.15625 0.78125 0.0015625
