0 0.1828125 0.321875 0.109375 0.321875 0.109375 0.428125 0.1828125 0.428125 0.1828125 0.321875
0 0.4 0.9296875 0.3453125 0.9296875 0.3453125 1.0 0.4 1.0 0.4 0.9296875
0 0.58125 0.215625 0.496875 0.215625 0.496875 0.33125 0.58125 0.33125 0.58125 0.215625
0 0.2515625 0.9703125 0.09375 0.9703125 0.09375 1.0 0.2515625 1.0 0.2515625 0.9703125
0 0.021875 0.8046875 0.0015625 0.8046875 0.0015625 1.0 0.021875 1.0 0.021875 0.8046875
0 0.3609375 0.575 0.0953125 0.575 0.0953125 0.8140625 0.3609375 0.8140625 0.3609375 0.575
0 0.01875 0.1890625 0.0015625 0.1890625 0.0015625 0.35 0.01875 0.35 0.01875 0.1890625
0 0.215625 0.409375 0.09375 0.409375 0.09375 0.5671875 0.215625 0.5671875 0.215625 0.409375
0 0.2328125 0.0015625 0.034375 0.0015625 0.034375 0.2390625 0.2328125 0.2390625 0.2328125 0.0015625
0 0.7109375 0.409375 0.553125 0.409375 0.553125 0.553125 0.7109375 0.553125 0.7109375 0.409375
0 0.5125 0.4125 0.3359375 0.4125 0.3359375 0.50625 0.5125 0.50625 0.5125 0.4125
0 1.0 0.33125 0.8921875 0.33125 0.8921875 0.4125 1.0 0.4125 1.0 0.33125
0 1.0 0.2140625 0.98125 0.2140625 0.98125 0.30625 1.0 0.30625 1.0 0.2140625
0 0.8125 0.0703125 0.675 0.0703125 0.675 0.190625 0.8125 0.190625 0.8125 0.0703125
0 0.6234375 0.0015625 0.4609375 0.0015625 0.4609375 0.0953125 0.6234375 0.0953125 0.6234375 0.0015625
0 0.1859375 0.0875 0.0015625 0.0875 0.0015625 0.3796875 0.1859375 0.3796875 0.1859375 0.0875
0 0.5 0.98125 0.465625 0.98125 0.465625 1.0 0.5 1.0 0.5 0.98125
0 0.3703125 0.809375 0.2484375 0.809375 0.2484375 0.9921875 0.3703125 0.9921875 0.3703125 0.809375
0 0.25625 0.540625 0.0015625 0.540625 0.0015625 0.93125 0.25625 0.93125 0.25625 0.540625
0 0.115625 0.3890625 0.0015625 0.3890625 0.0015625 0.4859375 0.115625 0.4859375 0.115625 0.3890625
0 0.2890625 0.0015625 0.1453125 0.0015625 0.1453125 0.221875 0.2890625 0.221875 0.2890625 0.0015625
0 0.91875 0.671875 0.8203125 0.671875 0.8203125 0.7859375 0.91875 0.7859375 0.91875 0.671875
0 0.5203125 0.5828125 0.403125 0.5828125 0.403125 0.78125 0.5203125 0.78125 0.5203125 0.5828125
0 0.5609375 0.4453125 0.4515625 0.4453125 0.4515625 0.521875 0.5609375 0.521875 0.5609375 0.4453125
0 0.7234375 0.0015625 0.540625 0.0015625 0.540625 0.409375 0.7234375 0.409375 0.7234375 0.0015625
0 1.0 0.0171875 0.8375 0.0171875 0.8375 0.365625 1.0 0.365625 1.0 0.0171875
0 0.8875 0.0015625 0.7453125 0.0015625 0.7453125 0.178125 0.8875 0.178125 0.8875 0.0015625
0 0.275 0.64375 0.125 0.64375 0.125 0.703125 0.275 0.703125 0.275 0.64375
0 0.3484375 0.953125 0.2515625 0.953125 0.2515625 1.0 0.3484375 1.0 0.3484375 0.953125
0 0.184375 0.79375 0.0015625 0.79375 0.0015625 1.0 0.184375 1.0 0.184375 0.79375
0 0.428125 0.7984375 0.34375 0.7984375 0.34375 0.9609375 0.428125 0.9609375 0.428125 0.7984375
0 0.325 0.7296875 0.1625 0.7296875 0.1625 0.846875 0.325 0.846875 0.325 0.7296875
0 0.0828125 0.3578125 0.0015625 0.3578125 0.0015625 0.790625 0.0828125 0.790625 0.0828125 0.3578125
0 0.8265625 0.646875 0.6546875 0.646875 0.6546875 0.775 0.8265625 0.775 0.8265625 0.646875
0 1.0 0.265625 0.571875 0.265625 0.571875 0.6921875 1.0 0.6921875 1.0 0.265625
0 0.56875 0.0015625 0.31875 0.0015625 0.31875 0.35625 0.56875 0.35625 0.56875 0.0015625
0 0.26875 0.20625 0.159375 0.20625 0.159375 0.325 0.26875 0.325 0.26875 0.20625
0 1.0 0.1078125 0.61875 0.1078125 0.61875 0.25625 1.0 0.25625 1.0 0.1078125
0 0.1578125 0.021875 0.0734375 0.021875 0.0734375 0.1546875 0.1578125 0.1546875 0.1578125 0.021875
0 0.7515625 0.0015625 0.5890625 0.0015625 0.5890625 0.103125 0.7515625 0.103125 0.7515625 0.0015625
0 0.3125 0.0015625 0.1765625 0.0015625 0.1765625 0.078125 0.3125 0.078125 0.3125 0.0015625
0 1.0 0.79375 0.93125 0.79375 0.93125 0.8890625 1.0 0.8890625 1.0 0.79375
0 0.546875 0.934375 0.434375 0.934375 0.434375 1.0 0.546875 1.0 0.546875 0.934375
0 0.08125 0.0015625 0.0015625 0.0015625 0.0015625 0.134375 0.08125 0.134375 0.08125 0.0015625
0 0.4328125 0.0015625 0.184375 0.0015625 0.184375 0.5046875 0.4328125 0.5046875 0.4328125 0.0015625
0 1.0 0.40625 0.2734375 0.40625 0.2734375 1.0 1.0 1.0 1.0 0.40625
0 0.275 0.7578125 0.1546875 0.7578125 0.1546875 0.9890625 0.275 0.9890625 0.275 0.7578125
0 0.1640625 0.2046875 0.0015625 0.2046875 0.0015625 0.478125 0.1640625 0.478125 0.1640625 0.2046875
0 0.55625 0.225 0.3140625 0.225 0.3140625 0.4515625 0.55625 0.4515625 0.55625 0.225
0 0.6046875 0.140625 0.471875 0.140625 0.471875 0.234375 0.6046875 0.234375 0.6046875 0.140625
0 0.23125 0.0953125 0.1234375 0.0953125 0.1234375 0.2125 0.23125 0.2125 0.23125 0.0953125
0 1.0 0.3765625 0.8125 0.3765625 0.8125 0.61875 1.0 0.61875 1.0 0.3765625
0 0.8578125 0.2078125 0.678125 0.2078125 0.678125 0.365625 0.8578125 0.365625 0.8578125 0.2078125
0 0.9703125 0.0015625 0.8375 0.0015625 0.8375 0.1359375 0.9703125 0.1359375 0.9703125 0.0015625
0 0.6421875 0.0015625 0.546875 0.0015625 0.546875 0.046875 0.6421875 0.046875 0.6421875 0.0015625
