0 0.8421875 0.325 0.74375 0.325 0.74375 0.5109375 0.8421875 0.5109375 0.8421875 0.325
0 0.4796875 0.0015625 0.3046875 0.0015625 0.3046875 0.021875 0.4796875 0.021875 0.4796875 0.0015625
0 0.725 0.925 0.4234375 0.925 0.4234375 1.0 0.725 1.0 0.725 0.925
0 0.5125 0.0703125 0.4015625 0.0703125 0.4015625 0.1703125 0.5125 0.1703125 0.5125 0.0703125
0 0.996875 0.9296875 0.7671875 0.9296875 0.7671875 1.0 0.996875 1.0 0.996875 0.9296875
0 1.0 0.3765625 0.978125 0.3765625 0.978125 0.4640625 1.0 0.4640625 1.0 0.3765625
0 1.0 0.2 0.9890625 0.2 0.9890625 0.2359375 1.0 0.2359375 1.0 0.2
0 0.971875 0.1296875 0.8875 0.1296875 0.8875 0.271875 0.971875 0.271875 0.971875 0.1296875
0 0.4984375 0.1140625 0.4046875 0.1140625 0.4046875 0.2171875 0.4984375 0.2171875 0.4984375 0.1140625
0 0.2578125 0.471875 0.0046875 0.471875 0.0046875 0.684375 0.2578125 0.684375 0.2578125 0.471875
0 1.0 0.4625 0.984375 0.4625 0.984375 0.575 1.0 0.575 1.0 0.4625
0 1.0 0.1328125 0.9375 0.1328125 0.9375 0.39375 1.0 0.39375 1.0 0.1328125
0 0.515625 0.015625 0.3 0.015625 0.3 0.1609375 0.515625 0.1609375 0.515625 0.015625
0 0.5171875 0.0015625 0.2453125 0.0015625 0.2453125 0.165625 0.5171875 0.165625 0.5171875 0.0015625
