0 0.0875 0.6921875 0.0015625 0.6921875 0.0015625 0.8796875 0.0875 0.8796875 0.0875 0.6921875
0 0.0625 0.0015625 0.015625 0.0015625 0.015625 0.03125 0.0625 0.03125 0.0625 0.0015625
0 0.809375 0.790625 0.621875 0.790625 0.621875 1.0 0.809375 1.0 0.809375 0.790625
0 0.9125 0.0015625 0.8140625 0.0015625 0.8140625 0.034375 0.9125 0.034375 0.9125 0.0015625
0 0.0875 0.7984375 0.003125 0.7984375 0.003125 0.9484375 0.0875 0.9484375 0.0875 0.7984375
0 0.23125 0.4875 0.1234375 0.4875 0.1234375 0.678125 0.23125 0.678125 0.23125 0.4875
0 0.7984375 0.0015625 0.68125 0.0015625 0.68125 0.084375 0.7984375 0.084375 0.7984375 0.0015625
0 0.0765625 0.259375 0.0015625 0.259375 0.0015625 0.5265625 0.0765625 0.5265625 0.0765625 0.259375
0 0.2234375 0.2171875 0.1125 0.2171875 0.1125 0.2984375 0.2234375 0.2984375 0.2234375 0.2171875
0 0.0765625 0.00625 0.0015625 0.00625 0.0015625 0.2109375 0.0765625 0.2109375 0.0765625 0.00625
0 0.7875 0.5421875 0.6609375 0.5421875 0.6609375 0.6375 0.7875 0.6375 0.7875 0.5421875
0 0.134375 0.334375 0.015625 0.334375 0.015625 0.5421875 0.134375 0.5421875 0.134375 0.334375
0 0.015625 0.0015625 0.0015625 0.0015625 0.0015625 0.0984375 0.015625 0.0984375 0.015625 0.0015625
0 0.6984375 0.0015625 0.0015625 0.0015625 0.0015625 1.0 0.6984375 1.0 0.6984375 0.0015625
0 0.8015625 0.0921875 0.6109375 0.0921875 0.6109375 0.359375 0.8015625 0.359375 0.8015625 0.0921875
0 1.0 0.0015625 0.440625 0.0015625 0.440625 1.0 1.0 1.0 1.0 0.0015625
0 0.6234375 0.825 0.5453125 0.825 0.5453125 1.0 0.6234375 1.0 0.6234375 0.825
