0 0.965625 0.6578125 0.8796875 0.6578125 0.8796875 1.0 0.965625 1.0 0.965625 0.6578125
0 0.1890625 0.0609375 0.0015625 0.0609375 0.0015625 0.4671875 0.1890625 0.4671875 0.1890625 0.0609375
0 0.7453125 0.9109375 0.6828125 0.9109375 0.6828125 1.0 0.7453125 1.0 0.7453125 0.9109375
0 0.828125 0.9171875 0.796875 0.9171875 0.796875 1.0 0.828125 1.0 0.828125 0.9171875
0 1.0 0.3765625 0.9390625 0.3765625 0.9390625 0.490625 1.0 0.490625 1.0 0.3765625
0 0.825 0.8328125 0.7234375 0.8328125 0.7234375 1.0 0.825 1.0 0.825 0.8328125
0 0.01875 0.909375 0.0015625 0.909375 0.0015625 0.9921875 0.01875 0.9921875 0.01875 0.909375
0 0.0765625 0.6453125 0.0015625 0.6453125 0.0015625 0.73125 0.0765625 0.73125 0.0765625 0.6453125
0 0.3578125 0.0015625 0.0015625 0.0015625 0.0015625 1.0 0.3578125 1.0 0.3578125 0.0015625
0 1.0 0.0015625 0.7609375 0.0015625 0.7609375 1.0 1.0 1.0 1.0 0.0015625
0 0.3609375 0.81875 0.21875 0.81875 0.21875 0.9125 0.3609375 0.9125 0.3609375 0.81875
0 0.2984375 0.128125 0.1453125 0.128125 0.1453125 0.29375 0.2984375 0.29375 0.2984375 0.128125
0 0.5484375 0.0921875 0.4484375 0.0921875 0.4484375 0.2125 0.5484375 0.2125 0.5484375 0.0921875
0 1.0 0.5953125 0.81875 0.5953125 0.81875 1.0 1.0 1.0 1.0 0.5953125
0 1.0 0.2640625 0.85625 0.2640625 0.85625 0.4171875 1.0 0.4171875 1.0 0.2640625
0 0.796875 0.0015625 0.5984375 0.0015625 0.5984375 0.2140625 0.796875 0.2140625 0.796875 0.0015625
0 0.221875 0.7796875 0.15625 0.7796875 0.15625 0.9984375 0.221875 0.9984375 0.221875 0.7796875
0 0.85625 0.678125 0.7171875 0.678125 0.7171875 0.896875 0.85625 0.896875 0.85625 0.678125
0 0.2703125 0.36875 0.1203125 0.36875 0.1203125 0.48125 0.2703125 0.48125 0.2703125 0.36875
0 1.0 0.23125 0.815625 0.23125 0.815625 0.590625 1.0 0.590625 1.0 0.23125
0 0.6484375 0.0015625 0.603125 0.0015625 0.603125 0.0234375 0.6484375 0.0234375 0.6484375 0.0015625
