0 0.9078125 0.565625 0.821875 0.565625 0.821875 0.9796875 0.9078125 0.9796875 0.9078125 0.565625
0 0.753125 0.290625 0.6328125 0.290625 0.6328125 0.4625 0.753125 0.4625 0.753125 0.290625
0 0.646875 0.6578125 0.5109375 0.6578125 0.5109375 0.8078125 0.646875 0.8078125 0.646875 0.6578125
0 1.0 0.29375 0.9828125 0.29375 0.9828125 0.3296875 1.0 0.3296875 1.0 0.29375
0 0.925 0.04375 0.665625 0.04375 0.665625 0.2015625 0.925 0.2015625 0.925 0.04375
0 0.8796875 0.3734375 0.7375 0.3734375 0.7375 0.5796875 0.8796875 0.5796875 0.8796875 0.3734375
0 0.66875 0.3125 0.5125 0.3125 0.5125 0.403125 0.66875 0.403125 0.66875 0.3125
0 0.5140625 0.6203125 0.3703125 0.6203125 0.3703125 0.7609375 0.5140625 0.7609375 0.5140625 0.6203125
0 1.0 0.5296875 0.9453125 0.5296875 0.9453125 0.6203125 1.0 0.6203125 1.0 0.5296875
0 1.0 0.375 0.98125 0.375 0.98125 0.4671875 1.0 0.4671875 1.0 0.375
0 1.0 0.9640625 0.96875 0.9640625 0.96875 1.0 1.0 1.0 1.0 0.9640625
0 1.0 0.3734375 0.9359375 0.3734375 0.9359375 0.55625 1.0 0.55625 1.0 0.3734375
0 0.39375 0.903125 0.33125 0.903125 0.33125 1.0 0.39375 1.0 0.39375 0.903125
0 0.3640625 0.778125 0.228125 0.778125 0.228125 0.8734375 0.3640625 0.8734375 0.3640625 0.778125
0 0.209375 0.834375 0.0984375 0.834375 0.0984375 0.9765625 0.209375 0.9765625 0.209375 0.834375
0 0.4171875 0.6421875 0.3234375 0.6421875 0.3234375 0.8078125 0.4171875 0.8078125 0.4171875 0.6421875
0 0.603125 0.0046875 0.5328125 0.0046875 0.5328125 0.253125 0.603125 0.253125 0.603125 0.0046875
0 0.7875 0.0015625 0.628125 0.0015625 0.628125 0.1625 0.7875 0.1625 0.7875 0.0015625
0 1.0 0.340625 0.9921875 0.340625 0.9921875 0.3875 1.0 0.3875 1.0 0.340625
0 0.5671875 0.6953125 0.371875 0.6953125 0.371875 0.85625 0.5671875 0.85625 0.5671875 0.6953125
0 0.503125 0.5640625 0.39375 0.5640625 0.39375 0.6515625 0.503125 0.6515625 0.503125 0.5640625
0 1.0 0.2515625 0.9640625 0.2515625 0.9640625 0.2953125 1.0 0.2953125 1.0 0.2515625
0 0.30625 0.2703125 0.1890625 0.2703125 0.1890625 0.46875 0.30625 0.46875 0.30625 0.2703125
0 0.0796875 0.884375 0.0046875 0.884375 0.0046875 1.0 0.0796875 1.0 0.0796875 0.884375
0 0.3375 0.91875 0.1640625 0.91875 0.1640625 1.0 0.3375 1.0 0.3375 0.91875
0 0.365625 0.63125 0.2296875 0.63125 0.2296875 0.79375 0.365625 0.79375 0.365625 0.63125
0 0.6296875 0.534375 0.4734375 0.534375 0.4734375 0.70625 0.6296875 0.70625 0.6296875 0.534375
0 0.584375 0.2828125 0.3015625 0.2828125 0.3015625 0.490625 0.584375 0.490625 0.584375 0.2828125
0 0.58125 0.0734375 0.3078125 0.0734375 0.3078125 0.2828125 0.58125 0.2828125 0.58125 0.0734375
0 0.878125 0.0015625 0.7046875 0.0015625 0.7046875 0.065625 0.878125 0.065625 0.878125 0.0015625
0 0.6671875 0.0015625 0.6515625 0.0015625 0.6515625 0.0140625 0.6671875 0.0140625 0.6671875 0.0015625
0 0.11875 0.9203125 0.053125 0.9203125 0.053125 1.0 0.11875 1.0 0.11875 0.9203125
0 0.215625 0.9265625 0.1171875 0.9265625 0.1171875 1.0 0.215625 1.0 0.215625 0.9265625
0 0.55625 0.603125 0.4421875 0.603125 0.4421875 0.7453125 0.55625 0.7453125 0.55625 0.603125
0 0.6953125 0.365625 0.3390625 0.365625 0.3390625 0.6671875 0.6953125 0.6671875 0.6953125 0.365625
0 0.6890625 0.0015625 0.5765625 0.0015625 0.5765625 0.1609375 0.6890625 0.1609375 0.6890625 0.0015625
0 0.7421875 0.0015625 0.7125 0.0015625 0.7125 0.0140625 0.7421875 0.0140625 0.7421875 0.0015625
0 0.940625 0.5 0.83125 0.5 0.83125 0.6625 0.940625 0.6625 0.940625 0.5
0 0.946875 0.0609375 0.7828125 0.0609375 0.7828125 0.1921875 0.946875 0.1921875 0.946875 0.0609375
0 1.0 0.0015625 0.9671875 0.0015625 0.9671875 0.0125 1.0 0.0125 1.0 0.0015625
0 0.7234375 0.0703125 0.6515625 0.0703125 0.6515625 0.2046875 0.7234375 0.2046875 0.7234375 0.0703125
0 0.3296875 0.675 0.24375 0.675 0.24375 0.7984375 0.3296875 0.7984375 0.3296875 0.675
0 0.328125 0.6359375 0.15 0.6359375 0.15 0.8171875 0.328125 0.8171875 0.328125 0.6359375
0 0.9859375 0.909375 0.9203125 0.909375 0.9203125 1.0 0.9859375 1.0 0.9859375 0.909375
0 0.375 0.0015625 0.0265625 0.0015625 0.0265625 0.246875 0.375 0.246875 0.375 0.0015625
0 0.6484375 0.0390625 0.5453125 0.0390625 0.5453125 0.3125 0.6484375 0.3125 0.6484375 0.0390625
0 0.659375 0.0015625 0.590625 0.0015625 0.590625 0.0375 0.659375 0.0375 0.659375 0.0015625
0 0.9578125 0.9484375 0.884375 0.9484375 0.884375 1.0 0.9578125 1.0 0.9578125 0.9484375
0 0.9125 0.403125 0.8109375 0.403125 0.8109375 0.5296875 0.9125 0.5296875 0.9125 0.403125
0 0.959375 0.228125 0.76875 0.228125 0.76875 0.415625 0.959375 0.415625 0.959375 0.228125
0 0.9609375 0.7859375 0.8953125 0.7859375 0.8953125 0.96875 0.9609375 0.96875 0.9609375 0.7859375
0 0.278125 0.740625 0.06875 0.740625 0.06875 0.91875 0.278125 0.91875 0.278125 0.740625
0 0.7796875 0.378125 0.553125 0.378125 0.553125 0.53125 0.7796875 0.53125 0.7796875 0.378125
0 1.0 0.0015625 0.8 0.0015625 0.8 0.5375 1.0 0.5375 1.0 0.0015625
0 0.6640625 0.2390625 0.5609375 0.2390625 0.5609375 0.3703125 0.6640625 0.3703125 0.6640625 0.2390625
0 0.0734375 0.0015625 0.0015625 0.0015625 0.0015625 0.0640625 0.0734375 0.0640625 0.0734375 0.0015625
0 0.7734375 0.759375 0.578125 0.759375 0.578125 0.9109375 0.7734375 0.9109375 0.7734375 0.759375
0 0.053125 0.0140625 0.0015625 0.0140625 0.0015625 0.296875 0.053125 0.296875 0.053125 0.0140625
0 0.1203125 0.6453125 0.034375 0.6453125 0.034375 0.9296875 0.1203125 0.9296875 0.1203125 0.6453125
0 0.04375 0.9015625 0.0015625 0.9015625 0.0015625 0.9703125 0.04375 0.9703125 0.04375 0.9015625
