0 0.946875 0.8359375 0.8140625 0.8359375 0.8140625 1.0 0.946875 1.0 0.946875 0.8359375
0 1.0 0.3734375 0.9 0.3734375 0.9 0.5671875 1.0 0.5671875 1.0 0.3734375
0 0.7859375 0.0015625 0.7109375 0.0015625 0.7109375 0.1109375 0.7859375 0.1109375 0.7859375 0.0015625
0 0.3796875 0.7390625 0.196875 0.7390625 0.196875 1.0 0.3796875 1.0 0.3796875 0.7390625
0 0.184375 0.578125 0.103125 0.578125 0.103125 0.784375 0.184375 0.784375 0.184375 0.578125
0 0.5109375 0.0796875 0.4328125 0.0796875 0.4328125 0.315625 0.5109375 0.315625 0.5109375 0.0796875
0 0.5859375 0.0015625 0.515625 0.0015625 0.515625 0.1265625 0.5859375 0.1265625 0.5859375 0.0015625
0 0.94375 0.321875 0.7296875 0.321875 0.7296875 0.74375 0.94375 0.74375 0.94375 0.321875
0 0.85625 0.8765625 0.746875 0.8765625 0.746875 0.9796875 0.85625 0.9796875 0.85625 0.8765625
0 0.4125 0.5484375 0.2921875 0.5484375 0.2921875 0.7390625 0.4125 0.7390625 0.4125 0.5484375
0 1.0 0.2484375 0.965625 0.2484375 0.965625 0.296875 1.0 0.296875 1.0 0.2484375
0 0.565625 0.696875 0.365625 0.696875 0.365625 1.0 0.565625 1.0 0.565625 0.696875
0 0.6421875 0.8078125 0.5625 0.8078125 0.5625 1.0 0.6421875 1.0 0.6421875 0.8078125
0 0.3484375 0.8359375 0.296875 0.8359375 0.296875 0.9953125 0.3484375 0.9953125 0.3484375 0.8359375
0 1.0 0.525 0.896875 0.525 0.896875 0.728125 1.0 0.728125 1.0 0.525
0 0.1515625 0.484375 0.053125 0.484375 0.053125 0.6796875 0.1515625 0.6796875 0.1515625 0.484375
0 0.8328125 0.0734375 0.4796875 0.0734375 0.4796875 0.4828125 0.8328125 0.4828125 0.8328125 0.0734375
0 0.95 0.13125 0.775 0.13125 0.775 0.49375 0.95 0.49375 0.95 0.13125
0 0.3625 0.0875 0.2328125 0.0875 0.2328125 0.30625 0.3625 0.30625 0.3625 0.0875
0 0.6484375 0.0015625 0.371875 0.0015625 0.371875 0.196875 0.6484375 0.196875 0.6484375 0.0015625
0 1.0 0.0015625 0.9109375 0.0015625 0.9109375 0.121875 1.0 0.121875 1.0 0.0015625
0 0.1984375 0.7578125 0.05625 0.7578125 0.05625 0.921875 0.1984375 0.921875 0.1984375 0.7578125
0 0.7265625 0.71875 0.559375 0.71875 0.559375 0.84375 0.7265625 0.84375 0.7265625 0.71875
0 0.2171875 0.59375 0.1625 0.59375 0.1625 0.7453125 0.2171875 0.7453125 0.2171875 0.59375
0 1.0 0.703125 0.875 0.703125 0.875 0.853125 1.0 0.853125 1.0 0.703125
0 0.453125 0.9828125 0.4140625 0.9828125 0.4140625 1.0 0.453125 1.0 0.453125 0.9828125
0 0.753125 0.8171875 0.621875 0.8171875 0.621875 0.8953125 0.753125 0.8953125 0.753125 0.8171875
0 0.7859375 0.29375 0.334375 0.29375 0.334375 0.6921875 0.7859375 0.6921875 0.7859375 0.29375
0 0.896875 0.0015625 0.0484375 0.0015625 0.0484375 0.8953125 0.896875 0.8953125 0.896875 0.0015625
0 0.45 0.0015625 0.3140625 0.0015625 0.3140625 0.271875 0.45 0.271875 0.45 0.0015625
0 0.0515625 0.7515625 0.0015625 0.7515625 0.0015625 1.0 0.0515625 1.0 0.0515625 0.7515625
0 0.83125 0.815625 0.7125 0.815625 0.7125 0.925 0.83125 0.925 0.83125 0.815625
0 0.9375 0.9078125 0.8171875 0.9078125 0.8171875 1.0 0.9375 1.0 0.9375 0.9078125
0 0.53125 0.3109375 0.0015625 0.3109375 0.0015625 1.0 0.53125 1.0 0.53125 0.3109375
0 1.0 0.0015625 0.809375 0.0015625 0.809375 0.3171875 1.0 0.3171875 1.0 0.0015625
0 0.0125 0.0015625 0.0015625 0.0015625 0.0015625 0.021875 0.0125 0.021875 0.0125 0.0015625
0 0.053125 0.0015625 0.021875 0.0015625 0.021875 0.0359375 0.053125 0.0359375 0.053125 0.0015625
0 1.0 0.925 0.921875 0.925 0.921875 1.0 1.0 1.0 1.0 0.925
0 0.8953125 0.8484375 0.6 0.8484375 0.6 1.0 0.8953125 1.0 0.8953125 0.8484375
0 0.603125 0.675 0.5203125 0.675 0.5203125 0.925 0.603125 0.925 0.603125 0.675
0 0.809375 0.0015625 0.465625 0.0015625 0.465625 0.328125 0.809375 0.328125 0.809375 0.0015625
0 1.0 0.478125 0.9921875 0.478125 0.9921875 0.58125 1.0 0.58125 1.0 0.478125
0 0.95625 0.4421875 0.8375 0.4421875 0.8375 0.6 0.95625 0.6 0.95625 0.4421875
0 0.8765625 0.265625 0.728125 0.265625 0.728125 0.4671875 0.8765625 0.4671875 0.8765625 0.265625
0 1.0 0.1984375 0.8734375 0.1984375 0.8734375 0.46875 1.0 0.46875 1.0 0.1984375
