0 0.7734375 0.871875 0.56875 0.871875 0.56875 1.0 0.7734375 1.0 0.7734375 0.871875
0 0.5921875 0.8109375 0.4703125 0.8109375 0.4703125 0.91875 0.5921875 0.91875 0.5921875 0.8109375
0 0.609375 0.0015625 0.2765625 0.0015625 0.2765625 0.8828125 0.609375 0.8828125 0.609375 0.0015625
0 1.0 0.8875 0.9046875 0.8875 0.9046875 1.0 1.0 1.0 1.0 0.8875
0 0.5609375 0.428125 0.4734375 0.428125 0.4734375 0.8 0.5609375 0.8 0.5609375 0.428125
0 1.0 0.9953125 0.9953125 0.9953125 0.9953125 1.0 1.0 1.0 1.0 0.9953125
0 0.9421875 0.159375 0.85 0.159375 0.85 0.3390625 0.9421875 0.3390625 0.9421875 0.159375
0 0.846875 0.0984375 0.7421875 0.0984375 0.7421875 0.2171875 0.846875 0.2171875 0.846875 0.0984375
0 0.175 0.0015625 0.0984375 0.0015625 0.0984375 0.1609375 0.175 0.1609375 0.175 0.0015625
0 0.2984375 0.7734375 0.2265625 0.7734375 0.2265625 1.0 0.2984375 1.0 0.2984375 0.7734375
0 1.0 0.43125 0.934375 0.43125 0.934375 0.55 1.0 0.55 1.0 0.43125
0 0.46875 0.0015625 0.3875 0.0015625 0.3875 0.1640625 0.46875 0.1640625 0.46875 0.0015625
0 0.5015625 0.4640625 0.2953125 0.4640625 0.2953125 0.8125 0.5015625 0.8125 0.5015625 0.4640625
0 0.609375 0.0015625 0.55 0.0015625 0.55 0.0484375 0.609375 0.0484375 0.609375 0.0015625
0 0.025 0.84375 0.0015625 0.84375 0.0015625 1.0 0.025 1.0 0.025 0.84375
0 0.40625 0.0453125 0.1328125 0.0453125 0.1328125 1.0 0.40625 1.0 0.40625 0.0453125
0 0.278125 0.0015625 0.0015625 0.0015625 0.0015625 0.7875 0.278125 0.7875 0.278125 0.0015625
0 0.759375 0.0015625 0.659375 0.0015625 0.659375 0.0984375 0.759375 0.0984375 0.759375 0.0015625
0 0.528125 0.0015625 0.5265625 0.0015625 0.5265625 0.0015625 0.528125 0.0015625 0.528125 0.0015625
0 0.334375 0.3734375 0.24375 0.3734375 0.24375 0.7625 0.334375 0.7625 0.334375 0.3734375
0 0.3875 0.0890625 0.296875 0.0890625 0.296875 0.375 0.3875 0.375 0.3875 0.0890625
0 0.41875 0.0015625 0.3875 0.0015625 0.3875 0.05 0.41875 0.05 0.41875 0.0015625
0 0.6359375 0.8359375 0.5390625 0.8359375 0.5390625 1.0 0.6359375 1.0 0.6359375 0.8359375
0 1.0 0.846875 0.8359375 0.846875 0.8359375 0.9171875 1.0 0.9171875 1.0 0.846875
0 1.0 0.09375 0.9703125 0.09375 0.9703125 0.396875 1.0 0.396875 1.0 0.09375
0 0.9328125 0.09375 0.7828125 0.09375 0.7828125 0.2859375 0.9328125 0.2859375 0.9328125 0.09375
0 0.9359375 0.3234375 0.71875 0.3234375 0.71875 0.4265625 0.9359375 0.4265625 0.9359375 0.3234375
0 0.8640625 0.953125 0.7859375 0.953125 0.7859375 1.0 0.8640625 1.0 0.8640625 0.953125
0 0.3984375 0.696875 0.246875 0.696875 0.246875 1.0 0.3984375 1.0 0.3984375 0.696875
0 0.38125 0.934375 0.2734375 0.934375 0.2734375 1.0 0.38125 1.0 0.38125 0.934375
0 0.55 0.6 0.3375 0.6 0.3375 0.9484375 0.55 0.9484375 0.55 0.6
0 0.4453125 0.0015625 0.3890625 0.0015625 0.3890625 0.1 0.4453125 0.1 0.4453125 0.0015625
0 0.7359375 0.8609375 0.628125 0.8609375 0.628125 0.9546875 0.7359375 0.9546875 0.7359375 0.8609375
0 0.6734375 0.0015625 0.6421875 0.0015625 0.6421875 0.0234375 0.6734375 0.0234375 0.6734375 0.0015625
0 0.0546875 0.3625 0.0015625 0.3625 0.0015625 0.534375 0.0546875 0.534375 0.0546875 0.3625
0 0.0375 0.8875 0.0171875 0.8875 0.0171875 1.0 0.0375 1.0 0.0375 0.8875
0 0.021875 0.5828125 0.0015625 0.5828125 0.0015625 0.68125 0.021875 0.68125 0.021875 0.5828125
0 0.040625 0.0078125 0.0015625 0.0078125 0.0015625 0.128125 0.040625 0.128125 0.040625 0.0078125
0 0.10625 0.153125 0.0015625 0.153125 0.0015625 0.26875 0.10625 0.26875 0.10625 0.153125
0 0.94375 0.9546875 0.6015625 0.9546875 0.6015625 1.0 0.94375 1.0 0.94375 0.9546875
0 0.534375 0.8453125 0.3984375 0.8453125 0.3984375 1.0 0.534375 1.0 0.534375 0.8453125
0 0.5046875 0.5453125 0.3375 0.5453125 0.3375 0.7125 0.5046875 0.7125 0.5046875 0.5453125
0 1.0 0.8765625 0.921875 0.8765625 0.921875 1.0 1.0 1.0 1.0 0.8765625
0 1.0 0.115625 0.9234375 0.115625 0.9234375 0.3484375 1.0 0.3484375 1.0 0.115625
0 0.915625 0.0015625 0.734375 0.0015625 0.734375 0.09375 0.915625 0.09375 0.915625 0.0015625
0 0.790625 0.0015625 0.7515625 0.0015625 0.7515625 0.0296875 0.790625 0.0296875 0.790625 0.0015625
0 0.0171875 0.71875 0.0015625 0.71875 0.0015625 0.8984375 0.0171875 0.8984375 0.0171875 0.71875
0 0.5765625 0.884375 0.503125 0.884375 0.503125 1.0 0.5765625 1.0 0.5765625 0.884375
0 0.0859375 0.1984375 0.0015625 0.1984375 0.0015625 0.5890625 0.0859375 0.5890625 0.0859375 0.1984375
0 0.775 0.978125 0.7484375 0.978125 0.7484375 1.0 0.775 1.0 0.775 0.978125
0 0.85625 0.8125 0.6625 0.8125 0.6625 0.978125 0.85625 0.978125 0.85625 0.8125
0 1.0 0.7546875 0.753125 0.7546875 0.753125 0.8921875 1.0 0.8921875 1.0 0.7546875
0 1.0 0.303125 0.790625 0.303125 0.790625 0.50625 1.0 0.50625 1.0 0.303125
0 1.0 0.0015625 0.8125 0.0015625 0.8125 0.096875 1.0 0.096875 1.0 0.0015625
0 0.734375 0.128125 0.571875 0.128125 0.571875 0.3375 0.734375 0.3375 0.734375 0.128125
0 0.965625 0.0375 0.746875 0.0375 0.746875 0.14375 0.965625 0.14375 0.965625 0.0375
