0 0.928125 0.83125 0.8359375 0.83125 0.8359375 1.0 0.928125 1.0 0.928125 0.83125
0 0.7296875 0.575 0.6359375 0.575 0.6359375 1.0 0.7296875 1.0 0.7296875 0.575
0 0.5078125 0.86875 0.38125 0.86875 0.38125 1.0 0.5078125 1.0 0.5078125 0.86875
0 0.7578125 0.18125 0.64375 0.18125 0.64375 0.60625 0.7578125 0.60625 0.7578125 0.18125
0 1.0 0.128125 0.8984375 0.128125 0.8984375 0.4421875 1.0 0.4421875 1.0 0.128125
0 0.51875 0.2859375 0.425 0.2859375 0.425 0.4578125 0.51875 0.4578125 0.51875 0.2859375
0 0.921875 0.2375 0.7390625 0.2375 0.7390625 0.3375 0.921875 0.3375 0.921875 0.2375
0 0.9828125 0.0828125 0.871875 0.0828125 0.871875 0.20625 0.9828125 0.20625 0.9828125 0.0828125
0 0.16875 0.94375 0.0859375 0.94375 0.0859375 1.0 0.16875 1.0 0.16875 0.94375
0 0.7796875 0.753125 0.703125 0.753125 0.703125 1.0 0.7796875 1.0 0.7796875 0.753125
0 0.6796875 0.9609375 0.65625 0.9609375 0.65625 1.0 0.6796875 1.0 0.6796875 0.9609375
0 1.0 0.7 0.9640625 0.7 0.9640625 0.890625 1.0 0.890625 1.0 0.7
0 0.9625 0.4375 0.7421875 0.4375 0.7421875 0.73125 0.9625 0.73125 0.9625 0.4375
0 1.0 0.3875 0.965625 0.3875 0.965625 0.5421875 1.0 0.5421875 1.0 0.3875
0 0.48125 0.6765625 0.3984375 0.6765625 0.3984375 0.8625 0.48125 0.8625 0.48125 0.6765625
0 0.390625 0.3109375 0.234375 0.3109375 0.234375 0.84375 0.390625 0.84375 0.390625 0.3109375
0 1.0 0.284375 0.9734375 0.284375 0.9734375 0.390625 1.0 0.390625 1.0 0.284375
0 0.484375 0.0015625 0.28125 0.0015625 0.28125 0.3078125 0.484375 0.3078125 0.484375 0.0015625
0 0.93125 0.0015625 0.665625 0.0015625 0.665625 0.1796875 0.93125 0.1796875 0.93125 0.0015625
0 1.0 0.0015625 0.0015625 0.0015625 0.0015625 1.0 1.0 1.0 1.0 0.0015625
0 0.4125 0.7859375 0.2 0.7859375 0.2 1.0 0.4125 1.0 0.4125 0.7859375
0 1.0 0.659375 0.68125 0.659375 0.68125 1.0 1.0 1.0 1.0 0.659375
0 0.934375 0.2796875 0.7046875 0.2796875 0.7046875 0.584375 0.934375 0.584375 0.934375 0.2796875
0 0.9296875 0.0015625 0.7109375 0.0015625 0.7109375 0.2671875 0.9296875 0.2671875 0.9296875 0.0015625
0 1.0 0.2265625 0.9453125 0.2265625 0.9453125 0.43125 1.0 0.43125 1.0 0.2265625
