0 1.0 0.334375 0.9328125 0.334375 0.9328125 0.478125 1.0 0.478125 1.0 0.334375
0 1.0 0.1734375 0.734375 0.1734375 0.734375 0.41875 1.0 0.41875 1.0 0.1734375
0 0.9578125 0.05625 0.8359375 0.05625 0.8359375 0.1515625 0.9578125 0.1515625 0.9578125 0.05625
0 0.2546875 0.9015625 0.0015625 0.9015625 0.0015625 1.0 0.2546875 1.0 0.2546875 0.9015625
0 0.0953125 0.65625 0.0015625 0.65625 0.0015625 0.8265625 0.0953125 0.8265625 0.0953125 0.65625
0 0.4734375 0.728125 0.265625 0.728125 0.265625 1.0 0.4734375 1.0 0.4734375 0.728125
0 0.91875 0.459375 0.5125 0.459375 0.5125 0.8625 0.91875 0.8625 0.91875 0.459375
0 0.175 0.4421875 0.0015625 0.4421875 0.0015625 0.653125 0.175 0.653125 0.175 0.4421875
0 0.4640625 0.365625 0.3640625 0.365625 0.3640625 0.503125 0.4640625 0.503125 0.4640625 0.365625
0 1.0 0.0015625 0.5421875 0.0015625 0.5421875 0.4109375 1.0 0.4109375 1.0 0.0015625
0 0.3140625 0.0015625 0.271875 0.0015625 0.271875 0.028125 0.3140625 0.028125 0.3140625 0.0015625
0 0.88125 0.9828125 0.7984375 0.9828125 0.7984375 1.0 0.88125 1.0 0.88125 0.9828125
0 1.0 0.2203125 0.7765625 0.2203125 0.7765625 0.9828125 1.0 0.9828125 1.0 0.2203125
0 1.0 0.8 0.8921875 0.8 0.8921875 0.9 1.0 0.9 1.0 0.8
0 1.0 0.3640625 0.0015625 0.3640625 0.0015625 1.0 1.0 1.0 1.0 0.3640625
0 1.0 0.0015625 0.315625 0.0015625 0.315625 0.4546875 1.0 0.4546875 1.0 0.0015625
0 0.478125 0.009375 0.0015625 0.009375 0.0015625 0.396875 0.478125 0.396875 0.478125 0.009375
0 0.43125 0.7953125 0.325 0.7953125 0.325 0.90625 0.43125 0.90625 0.43125 0.7953125
0 0.690625 0.609375 0.6234375 0.609375 0.6234375 0.7625 0.690625 0.7625 0.690625 0.609375
0 0.7765625 0.41875 0.6671875 0.41875 0.6671875 0.521875 0.7765625 0.521875 0.7765625 0.41875
0 1.0 0.240625 0.9984375 0.240625 0.9984375 0.2578125 1.0 0.2578125 1.0 0.240625
