0 0.3015625 0.4453125 0.1609375 0.4453125 0.1609375 1.0 0.3015625 1.0 0.3015625 0.4453125
0 0.1328125 0.8171875 0.0015625 0.8171875 0.0015625 1.0 0.1328125 1.0 0.1328125 0.8171875
0 0.0640625 0.5046875 0.0015625 0.5046875 0.0015625 0.80625 0.0640625 0.80625 0.0640625 0.5046875
0 0.4546875 0.471875 0.3453125 0.471875 0.3453125 0.646875 0.4546875 0.646875 0.4546875 0.471875
0 0.4265625 0.1859375 0.36875 0.1859375 0.36875 0.340625 0.4265625 0.340625 0.4265625 0.1859375
0 0.5234375 0.0015625 0.4734375 0.0015625 0.4734375 0.121875 0.5234375 0.121875 0.5234375 0.0015625
0 0.721875 0.0015625 0.0015625 0.0015625 0.0015625 1.0 0.721875 1.0 0.721875 0.0015625
0 1.0 0.0015625 0.0015625 0.0015625 0.0015625 0.284375 1.0 0.284375 1.0 0.0015625
0 0.9125 0.5171875 0.8 0.5171875 0.8 0.6484375 0.9125 0.6484375 0.9125 0.5171875
0 1.0 0.7765625 0.9171875 0.7765625 0.9171875 0.9265625 1.0 0.9265625 1.0 0.7765625
0 1.0 0.490625 0.846875 0.490625 0.846875 0.75 1.0 0.75 1.0 0.490625
0 0.6390625 0.109375 0.559375 0.109375 0.559375 0.3109375 0.6390625 0.3109375 0.6390625 0.109375
0 0.2890625 0.0015625 0.0015625 0.0015625 0.0015625 1.0 0.2890625 1.0 0.2890625 0.0015625
0 0.0953125 0.69375 0.034375 0.69375 0.034375 0.840625 0.0953125 0.840625 0.0953125 0.69375
0 0.465625 0.9640625 0.421875 0.9640625 0.421875 1.0 0.465625 1.0 0.465625 0.9640625
0 1.0 0.671875 0.578125 0.671875 0.578125 1.0 1.0 1.0 1.0 0.671875
0 0.8203125 0.053125 0.55 0.053125 0.55 0.5984375 0.8203125 0.5984375 0.8203125 0.053125
0 0.884375 0.58125 0.76875 0.58125 0.76875 0.728125 0.884375 0.728125 0.884375 0.58125
0 0.5109375 0.3 0.3890625 0.3 0.3890625 0.4 0.5109375 0.4 0.5109375 0.3
0 0.5625 0.1078125 0.41875 0.1078125 0.41875 0.2953125 0.5625 0.2953125 0.5625 0.1078125
0 0.6546875 0.0015625 0.5671875 0.0015625 0.5671875 0.1515625 0.6546875 0.1515625 0.6546875 0.0015625
0 1.0 0.0015625 0.9171875 0.0015625 0.9171875 0.125 1.0 0.125 1.0 0.0015625
