0 0.7234375 0.0015625 0.5765625 0.0015625 0.5765625 0.1296875 0.7234375 0.1296875 0.7234375 0.0015625
0 0.446875 0.3625 0.3296875 0.3625 0.3296875 0.6828125 0.446875 0.6828125 0.446875 0.3625
0 0.8359375 0.084375 0.6859375 0.084375 0.6859375 0.2890625 0.8359375 0.2890625 0.8359375 0.084375
0 0.9140625 0.2890625 0.66875 0.2890625 0.66875 0.471875 0.9140625 0.471875 0.9140625 0.2890625
0 1.0 0.3484375 0.890625 0.3484375 0.890625 0.434375 1.0 0.434375 1.0 0.3484375
0 0.1265625 0.93125 0.0015625 0.93125 0.0015625 1.0 0.1265625 1.0 0.1265625 0.93125
0 0.1703125 0.5703125 0.0015625 0.5703125 0.0015625 0.775 0.1703125 0.775 0.1703125 0.5703125
0 0.0859375 0.0015625 0.0015625 0.0015625 0.0015625 0.321875 0.0859375 0.321875 0.0859375 0.0015625
0 0.8890625 0.8203125 0.725 0.8203125 0.725 1.0 0.8890625 1.0 0.8890625 0.8203125
0 0.5890625 0.765625 0.4171875 0.765625 0.4171875 0.8890625 0.5890625 0.8890625 0.5890625 0.765625
0 0.428125 0.5265625 0.15625 0.5265625 0.15625 0.8046875 0.428125 0.8046875 0.428125 0.5265625
0 0.7109375 0.084375 0.578125 0.084375 0.578125 0.4875 0.7109375 0.4875 0.7109375 0.084375
0 0.23125 0.140625 0.1125 0.140625 0.1125 0.309375 0.23125 0.309375 0.23125 0.140625
0 1.0 0.009375 0.990625 0.009375 0.990625 0.040625 1.0 0.040625 1.0 0.009375
0 0.4078125 0.521875 0.0015625 0.521875 0.0015625 1.0 0.4078125 1.0 0.4078125 0.521875
0 0.0234375 0.0890625 0.0015625 0.0890625 0.0015625 0.1296875 0.0234375 0.1296875 0.0234375 0.0890625
0 0.3765625 0.115625 0.2546875 0.115625 0.2546875 0.375 0.3765625 0.375 0.3765625 0.115625
0 0.928125 0.9125 0.8453125 0.9125 0.8453125 1.0 0.928125 1.0 0.928125 0.9125
0 0.8625 0.35625 0.725 0.35625 0.725 0.5140625 0.8625 0.5140625 0.8625 0.35625
0 0.81875 0.278125 0.684375 0.278125 0.684375 0.36875 0.81875 0.36875 0.81875 0.278125
0 0.80625 0.109375 0.721875 0.109375 0.721875 0.2515625 0.80625 0.2515625 0.80625 0.109375
0 0.675 0.0015625 0.6234375 0.0015625 0.6234375 0.028125 0.675 0.028125 0.675 0.0015625
0 0.2328125 0.940625 0.0953125 0.940625 0.0953125 1.0 0.2328125 1.0 0.2328125 0.940625
0 0.084375 0.2390625 0.0015625 0.2390625 0.0015625 0.4875 0.084375 0.4875 0.084375 0.2390625
0 0.1890625 0.775 0.0203125 0.775 0.0203125 0.9421875 0.1890625 0.9421875 0.1890625 0.775
0 0.45 0.7390625 0.2734375 0.7390625 0.2734375 0.84375 0.45 0.84375 0.45 0.7390625
0 0.5828125 0.103125 0.378125 0.103125 0.378125 0.7375 0.5828125 0.7375 0.5828125 0.103125
0 0.7453125 0.4453125 0.540625 0.4453125 0.540625 0.675 0.7453125 0.675 0.7453125 0.4453125
0 0.40625 0.340625 0.1203125 0.340625 0.1203125 0.5609375 0.40625 0.5609375 0.40625 0.340625
0 0.775 0.3078125 0.6671875 0.3078125 0.6671875 0.43125 0.775 0.43125 0.775 0.3078125
0 0.390625 0.2734375 0.3078125 0.2734375 0.3078125 0.4234375 0.390625 0.4234375 0.390625 0.2734375
0 0.1734375 0.084375 0.05 0.084375 0.05 0.2140625 0.1734375 0.2140625 0.1734375 0.084375
0 1.0 0.7140625 0.9046875 0.7140625 0.9046875 0.85 1.0 0.85 1.0 0.7140625
0 0.8828125 0.65625 0.76875 0.65625 0.76875 0.85625 0.8828125 0.85625 0.8828125 0.65625
0 0.96875 0.3703125 0.8578125 0.3703125 0.8578125 0.6609375 0.96875 0.6609375 0.96875 0.3703125
0 1.0 0.421875 0.9796875 0.421875 0.9796875 0.4921875 1.0 0.4921875 1.0 0.421875
0 0.9890625 0.1296875 0.80625 0.1296875 0.80625 0.334375 0.9890625 0.334375 0.9890625 0.1296875
0 1.0 0.0015625 0.965625 0.0015625 0.965625 0.009375 1.0 0.009375 1.0 0.0015625
0 0.1359375 0.390625 0.0390625 0.390625 0.0390625 0.4953125 0.1359375 0.4953125 0.1359375 0.390625
0 0.4921875 0.1578125 0.3859375 0.1578125 0.3859375 0.3046875 0.4921875 0.3046875 0.4921875 0.1578125
0 0.6296875 0.025 0.5375 0.025 0.5375 0.175 0.6296875 0.175 0.6296875 0.025
0 0.9640625 0.0015625 0.8078125 0.0015625 0.8078125 0.021875 0.9640625 0.021875 0.9640625 0.0015625
0 0.0359375 0.60625 0.0015625 0.60625 0.0015625 0.8171875 0.0359375 0.8171875 0.0359375 0.60625
0 0.2203125 0.7 0.096875 0.7 0.096875 0.7828125 0.2203125 0.7828125 0.2203125 0.7
0 0.190625 0.478125 0.046875 0.478125 0.046875 0.5796875 0.190625 0.5796875 0.190625 0.478125
0 0.1578125 0.1703125 0.04375 0.1703125 0.04375 0.428125 0.1578125 0.428125 0.1578125 0.1703125
0 0.3421875 0.0328125 0.1546875 0.0328125 0.1546875 0.3640625 0.3421875 0.3640625 0.3421875 0.0328125
0 0.24375 0.0015625 0.0625 0.0015625 0.0625 0.1296875 0.24375 0.1296875 0.24375 0.0015625
0 0.06875 0.0015625 0.03125 0.0015625 0.03125 0.0296875 0.06875 0.0296875 0.06875 0.0015625
0 0.8515625 0.7609375 0.659375 0.7609375 0.659375 1.0 0.8515625 1.0 0.8515625 0.7609375
0 0.2703125 0.965625 0.2375 0.965625 0.2375 1.0 0.2703125 1.0 0.2703125 0.965625
0 0.3203125 0.740625 0.20625 0.740625 0.20625 0.8453125 0.3203125 0.8453125 0.3203125 0.740625
0 0.5140625 0.65625 0.396875 0.65625 0.396875 0.7765625 0.5140625 0.7765625 0.5140625 0.65625
0 0.6 0.4734375 0.475 0.4734375 0.475 0.721875 0.6 0.721875 0.6 0.4734375
0 0.384375 0.5421875 0.3171875 0.5421875 0.3171875 0.690625 0.384375 0.690625 0.384375 0.5421875
0 0.4734375 0.346875 0.4109375 0.346875 0.4109375 0.6375 0.4734375 0.6375 0.4734375 0.346875
0 0.625 0.1515625 0.5578125 0.1515625 0.5578125 0.434375 0.625 0.434375 0.625 0.1515625
0 0.59375 0.0015625 0.2640625 0.0015625 0.2640625 0.284375 0.59375 0.284375 0.59375 0.0015625
0 1.0 0.61875 0.8734375 0.61875 0.8734375 0.75625 1.0 0.75625 1.0 0.61875
0 1.0 0.1953125 0.9 0.1953125 0.9 0.3890625 1.0 0.3890625 1.0 0.1953125
0 0.9078125 0.06875 0.809375 0.06875 0.809375 0.265625 0.9078125 0.265625 0.9078125 0.06875
0 0.9203125 0.0015625 0.653125 0.0015625 0.653125 0.25 0.9203125 0.25 0.9203125 0.0015625
