0 0.2015625 0.1109375 0.109375 0.1109375 0.109375 0.3203125 0.2015625 0.3203125 0.2015625 0.1109375
0 0.4296875 0.0015625 0.290625 0.0015625 0.290625 0.053125 0.4296875 0.053125 0.4296875 0.0015625
0 0.4765625 0.0875 0.33125 0.0875 0.33125 0.44375 0.4765625 0.44375 0.4765625 0.0875
0 0.3625 0.2015625 0.234375 0.2015625 0.234375 0.45625 0.3625 0.45625 0.3625 0.2015625
0 0.6421875 0.5 0.5578125 0.5 0.5578125 0.6140625 0.6421875 0.6140625 0.6421875 0.5
0 0.009375 0.0015625 0.0015625 0.0015625 0.0015625 0.009375 0.009375 0.009375 0.009375 0.0015625
0 1.0 0.2890625 0.9328125 0.2890625 0.9328125 0.4484375 1.0 0.4484375 1.0 0.2890625
0 0.9 0.465625 0.790625 0.465625 0.790625 0.65625 0.9 0.65625 0.9 0.465625
0 0.2 0.0015625 0.0453125 0.0015625 0.0453125 0.35625 0.2 0.35625 0.2 0.0015625
0 1.0 0.3453125 0.9859375 0.3453125 0.9859375 0.434375 1.0 0.434375 1.0 0.3453125
0 1.0 0.1015625 0.921875 0.1015625 0.921875 0.2734375 1.0 0.2734375 1.0 0.1015625
0 0.01875 0.9421875 0.0015625 0.9421875 0.0015625 1.0 0.01875 1.0 0.01875 0.9421875
0 0.1015625 0.0984375 0.0015625 0.0984375 0.0015625 0.721875 0.1015625 0.721875 0.1015625 0.0984375
0 0.04375 0.0015625 0.0015625 0.0015625 0.0015625 0.1265625 0.04375 0.1265625 0.04375 0.0015625
0 0.840625 0.2578125 0.5375 0.2578125 0.5375 0.68125 0.840625 0.68125 0.840625 0.2578125
0 0.559375 0.33125 0.3828125 0.33125 0.3828125 0.571875 0.559375 0.571875 0.559375 0.33125
0 1.0 0.0015625 0.678125 0.0015625 0.678125 0.9078125 1.0 0.9078125 1.0 0.0015625
0 0.771875 0.0015625 0.6890625 0.0015625 0.6890625 0.1703125 0.771875 0.1703125 0.771875 0.0015625
