0 0.2890625 0.675 0.1609375 0.675 0.1609375 0.8078125 0.2890625 0.8078125 0.2890625 0.675
0 0.0328125 0.746875 0.0015625 0.746875 0.0015625 0.7640625 0.0328125 0.7640625 0.0328125 0.746875
0 0.99375 0.4890625 0.6828125 0.4890625 0.6828125 0.7828125 0.99375 0.7828125 0.99375 0.4890625
0 0.1875 0.909375 0.040625 0.909375 0.040625 1.0 0.1875 1.0 0.1875 0.909375
0 0.815625 0.890625 0.7328125 0.890625 0.7328125 1.0 0.815625 1.0 0.815625 0.890625
0 0.8953125 0.7921875 0.809375 0.7921875 0.809375 1.0 0.8953125 1.0 0.8953125 0.7921875
0 0.7171875 0.815625 0.5953125 0.815625 0.5953125 0.9375 0.7171875 0.9375 0.7171875 0.815625
0 1.0 0.825 0.990625 0.825 0.990625 0.85 1.0 0.85 1.0 0.825
0 0.99375 0.68125 0.8859375 0.68125 0.8859375 0.821875 0.99375 0.821875 0.99375 0.68125
0 1.0 0.590625 0.9796875 0.590625 0.9796875 0.640625 1.0 0.640625 1.0 0.590625
0 0.959375 0.3703125 0.790625 0.3703125 0.790625 0.584375 0.959375 0.584375 0.959375 0.3703125
0 1.0 0.0890625 0.878125 0.0890625 0.878125 0.215625 1.0 0.215625 1.0 0.0890625
0 0.9375 0.8125 0.8328125 0.8125 0.8328125 1.0 0.9375 1.0 0.9375 0.8125
0 0.3796875 0.1484375 0.2984375 0.1484375 0.2984375 0.2875 0.3796875 0.2875 0.3796875 0.1484375
0 0.1671875 0.1 0.0671875 0.1 0.0671875 0.2875 0.1671875 0.2875 0.1671875 0.1
0 0.88125 0.0015625 0.84375 0.0015625 0.84375 0.14375 0.88125 0.14375 0.88125 0.0015625
0 0.3515625 0.678125 0.240625 0.678125 0.240625 0.8875 0.3515625 0.8875 0.3515625 0.678125
0 0.14375 0.703125 0.084375 0.703125 0.084375 0.8578125 0.14375 0.8578125 0.14375 0.703125
0 1.0 0.8109375 0.9359375 0.8109375 0.9359375 0.9875 1.0 0.9875 1.0 0.8109375
0 0.228125 0.7859375 0.01875 0.7859375 0.01875 1.0 0.228125 1.0 0.228125 0.7859375
0 0.9578125 0.45 0.8578125 0.45 0.8578125 0.6265625 0.9578125 0.6265625 0.9578125 0.45
0 0.971875 0.8234375 0.8625 0.8234375 0.8625 1.0 0.971875 1.0 0.971875 0.8234375
0 1.0 0.5796875 0.99375 0.5796875 0.99375 0.5921875 1.0 0.5921875 1.0 0.5796875
0 0.2515625 0.0015625 0.096875 0.0015625 0.096875 0.453125 0.2515625 0.453125 0.2515625 0.0015625
0 0.4921875 0.075 0.378125 0.075 0.378125 0.1953125 0.4921875 0.1953125 0.4921875 0.075
0 0.584375 0.1890625 0.5359375 0.1890625 0.5359375 0.390625 0.584375 0.390625 0.584375 0.1890625
0 0.971875 0.14375 0.78125 0.14375 0.78125 0.3484375 0.971875 0.3484375 0.971875 0.14375
0 0.78125 0.0015625 0.49375 0.0015625 0.49375 0.071875 0.78125 0.071875 0.78125 0.0015625
0 0.9703125 0.0015625 0.8703125 0.0015625 0.8703125 0.115625 0.9703125 0.115625 0.9703125 0.0015625
0 0.0640625 0.7296875 0.0015625 0.7296875 0.0015625 0.86875 0.0640625 0.86875 0.0640625 0.7296875
0 0.053125 0.475 0.0015625 0.475 0.0015625 0.625 0.053125 0.625 0.053125 0.475
0 0.0625 0.2375 0.0015625 0.2375 0.0015625 0.3921875 0.0625 0.3921875 0.0625 0.2375
0 0.0265625 0.109375 0.0015625 0.109375 0.0015625 0.225 0.0265625 0.225 0.0265625 0.109375
0 0.115625 0.0015625 0.0265625 0.0015625 0.0265625 0.1078125 0.115625 0.1078125 0.115625 0.0015625
0 0.021875 0.0296875 0.0015625 0.0296875 0.0015625 0.096875 0.021875 0.096875 0.021875 0.0296875
0 0.428125 0.903125 0.3171875 0.903125 0.3171875 1.0 0.428125 1.0 0.428125 0.903125
0 0.221875 0.9796875 0.1296875 0.9796875 0.1296875 1.0 0.221875 1.0 0.221875 0.9796875
0 0.5578125 0.784375 0.3796875 0.784375 0.3796875 1.0 0.5578125 1.0 0.5578125 0.784375
0 0.346875 0.7640625 0.196875 0.7640625 0.196875 0.959375 0.346875 0.959375 0.346875 0.7640625
0 0.2265625 0.4625 0.090625 0.4625 0.090625 0.703125 0.2265625 0.703125 0.2265625 0.4625
0 0.5234375 0.4453125 0.36875 0.4453125 0.36875 0.678125 0.5234375 0.678125 0.5234375 0.4453125
0 0.34375 0.3828125 0.228125 0.3828125 0.228125 0.6546875 0.34375 0.6546875 0.34375 0.3828125
0 0.8046875 0.384375 0.5859375 0.384375 0.5859375 0.6203125 0.8046875 0.6203125 0.8046875 0.384375
0 0.6125 0.06875 0.4109375 0.06875 0.4109375 0.4765625 0.6125 0.4765625 0.6125 0.06875
0 0.471875 0.1546875 0.265625 0.1546875 0.265625 0.378125 0.471875 0.378125 0.471875 0.1546875
0 0.8453125 0.0015625 0.60625 0.0015625 0.60625 0.30625 0.8453125 0.30625 0.8453125 0.0015625
0 0.4828125 0.0015625 0.346875 0.0015625 0.346875 0.1421875 0.4828125 0.1421875 0.4828125 0.0015625
0 0.621875 0.0015625 0.5453125 0.0015625 0.5453125 0.05 0.621875 0.05 0.621875 0.0015625
0 0.70625 0.0015625 0.64375 0.0015625 0.64375 0.0421875 0.70625 0.0421875 0.70625 0.0015625
0 1.0 0.0015625 0.9015625 0.0015625 0.9015625 0.11875 1.0 0.11875 1.0 0.0015625
0 0.7609375 0.7125 0.6953125 0.7125 0.6953125 0.903125 0.7609375 0.903125 0.7609375 0.7125
0 0.8453125 0.1484375 0.7109375 0.1484375 0.7109375 0.234375 0.8453125 0.234375 0.8453125 0.1484375
0 0.4296875 0.990625 0.3828125 0.990625 0.3828125 1.0 0.4296875 1.0 0.4296875 0.990625
0 0.846875 0.7578125 0.6765625 0.7578125 0.6765625 0.9515625 0.846875 0.9515625 0.846875 0.7578125
0 0.0734375 0.646875 0.0015625 0.646875 0.0015625 0.7515625 0.0734375 0.7515625 0.0734375 0.646875
0 0.5109375 0.703125 0.40625 0.703125 0.40625 0.8515625 0.5109375 0.8515625 0.5109375 0.703125
0 0.646875 0.51875 0.478125 0.51875 0.478125 0.640625 0.646875 0.640625 0.646875 0.51875
0 0.265625 0.38125 0.196875 0.38125 0.196875 0.6484375 0.265625 0.6484375 0.265625 0.38125
0 0.7546875 0.4359375 0.665625 0.4359375 0.665625 0.565625 0.7546875 0.565625 0.7546875 0.4359375
0 0.8828125 0.2890625 0.6171875 0.2890625 0.6171875 0.41875 0.8828125 0.41875 0.8828125 0.2890625
0 0.075 0.259375 0.0015625 0.259375 0.0015625 0.4609375 0.075 0.4609375 0.075 0.259375
0 0.9953125 0.1796875 0.8265625 0.1796875 0.8265625 0.3421875 0.9953125 0.3421875 0.9953125 0.1796875
0 0.759375 0.140625 0.653125 0.140625 0.653125 0.2421875 0.759375 0.2421875 0.759375 0.140625
0 0.3703125 0.0015625 0.2703125 0.0015625 0.2703125 0.1265625 0.3703125 0.1265625 0.3703125 0.0015625
0 0.578125 0.0015625 0.490625 0.0015625 0.490625 0.05 0.578125 0.05 0.578125 0.0015625
0 0.6265625 0.0015625 0.0015625 0.0015625 0.0015625 1.0 0.6265625 1.0 0.6265625 0.0015625
0 0.75 0.93125 0.7078125 0.93125 0.7078125 1.0 0.75 1.0 0.75 0.93125
0 0.8703125 0.40625 0.5375 0.40625 0.5375 1.0 0.8703125 1.0 0.8703125 0.40625
0 1.0 0.3609375 0.8671875 0.3609375 0.8671875 0.53125 1.0 0.53125 1.0 0.3609375
0 1.0 0.046875 0.8625 0.046875 0.8625 0.20625 1.0 0.20625 1.0 0.046875
0 1.0 0.4578125 0.975 0.4578125 0.975 0.584375 1.0 0.584375 1.0 0.4578125
0 0.95 0.2984375 0.825 0.2984375 0.825 0.3828125 0.95 0.3828125 0.95 0.2984375
