0 0.034375 0.4171875 0.0015625 0.4171875 0.0015625 0.53125 0.034375 0.53125 0.034375 0.4171875
0 0.0453125 0.1421875 0.0015625 0.1421875 0.0015625 0.3703125 0.0453125 0.3703125 0.0453125 0.1421875
0 0.7296875 0.275 0.6046875 0.275 0.6046875 0.4046875 0.7296875 0.4046875 0.7296875 0.275
0 0.3140625 0.9671875 0.271875 0.9671875 0.271875 1.0 0.3140625 1.0 0.3140625 0.9671875
0 0.0328125 0.921875 0.0015625 0.921875 0.0015625 1.0 0.0328125 1.0 0.0328125 0.921875
0 0.2703125 0.9734375 0.0453125 0.9734375 0.0453125 1.0 0.2703125 1.0 0.2703125 0.9734375
0 0.2109375 0.9234375 0.0453125 0.9234375 0.0453125 1.0 0.2109375 1.0 0.2109375 0.9234375
0 0.440625 0.0015625 0.4171875 0.0015625 0.4171875 0.0046875 0.440625 0.0046875 0.440625 0.0015625
0 0.175 0.0015625 0.13125 0.0015625 0.13125 0.015625 0.175 0.015625 0.175 0.0015625
0 0.76875 0.9921875 0.59375 0.9921875 0.59375 1.0 0.76875 1.0 0.76875 0.9921875
0 0.84375 0.678125 0.565625 0.678125 0.565625 0.9 0.84375 0.9 0.84375 0.678125
0 0.390625 0.6703125 0.29375 0.6703125 0.29375 0.8421875 0.390625 0.8421875 0.390625 0.6703125
0 0.5203125 0.4921875 0.4265625 0.4921875 0.4265625 0.78125 0.5203125 0.78125 0.5203125 0.4921875
0 0.3515625 0.425 0.246875 0.425 0.246875 0.590625 0.3515625 0.590625 0.3515625 0.425
0 0.4515625 0.125 0.175 0.125 0.175 0.4296875 0.4515625 0.4296875 0.4515625 0.125
0 0.828125 0.965625 0.76875 0.965625 0.76875 1.0 0.828125 1.0 0.828125 0.965625
0 0.5265625 0.896875 0.3296875 0.896875 0.3296875 1.0 0.5265625 1.0 0.5265625 0.896875
0 0.6140625 0.928125 0.5640625 0.928125 0.5640625 1.0 0.6140625 1.0 0.6140625 0.928125
0 0.7703125 0.609375 0.6453125 0.609375 0.6453125 0.7078125 0.7703125 0.7078125 0.7703125 0.609375
0 0.375 0.2984375 0.2140625 0.2984375 0.2140625 0.6625 0.375 0.6625 0.375 0.2984375
0 0.7640625 0.321875 0.66875 0.321875 0.66875 0.453125 0.7640625 0.453125 0.7640625 0.321875
0 0.696875 0.0015625 0.54375 0.0015625 0.54375 0.1140625 0.696875 0.1140625 0.696875 0.0015625
0 0.6625 0.09375 0.5765625 0.09375 0.5765625 0.2921875 0.6625 0.2921875 0.6625 0.09375
0 1.0 0.2171875 0.9609375 0.2171875 0.9609375 0.296875 1.0 0.296875 1.0 0.2171875
0 0.9859375 0.8890625 0.8796875 0.8890625 0.8796875 0.9953125 0.9859375 0.9953125 0.9859375 0.8890625
0 0.309375 0.509375 0.209375 0.509375 0.209375 0.765625 0.309375 0.765625 0.309375 0.509375
0 0.4765625 0.284375 0.3421875 0.284375 0.3421875 0.4703125 0.4765625 0.4703125 0.4765625 0.284375
0 0.2421875 0.184375 0.1578125 0.184375 0.1578125 0.4671875 0.2421875 0.4671875 0.2421875 0.184375
0 0.01875 0.396875 0.0015625 0.396875 0.0015625 0.4171875 0.01875 0.4171875 0.01875 0.396875
0 1.0 0.0015625 0.0015625 0.0015625 0.0015625 1.0 1.0 1.0 1.0 0.0015625
0 0.2234375 0.50625 0.0390625 0.50625 0.0390625 0.7671875 0.2234375 0.7671875 0.2234375 0.50625
0 0.08125 0.5390625 0.0015625 0.5390625 0.0015625 0.7140625 0.08125 0.7140625 0.08125 0.5390625
0 0.06875 0.134375 0.0015625 0.134375 0.0015625 0.3921875 0.06875 0.3921875 0.06875 0.134375
0 0.4234375 0.746875 0.2875 0.746875 0.2875 0.9296875 0.4234375 0.9296875 0.4234375 0.746875
0 0.5859375 0.5015625 0.309375 0.5015625 0.309375 0.85625 0.5859375 0.85625 0.5859375 0.5015625
0 0.6046875 0.159375 0.4640625 0.159375 0.4640625 0.3890625 0.6046875 0.3890625 0.6046875 0.159375
0 0.6359375 0.0015625 0.5046875 0.0015625 0.5046875 0.1453125 0.6359375 0.1453125 0.6359375 0.0015625
0 0.1203125 0.45625 0.0015625 0.45625 0.0015625 0.6984375 0.1203125 0.6984375 0.1203125 0.45625
