0 0.9625 0.790625 0.8609375 0.790625 0.8609375 0.8890625 0.9625 0.8890625 0.9625 0.790625
0 0.7640625 0.6296875 0.575 0.6296875 0.575 0.8203125 0.7640625 0.8203125 0.7640625 0.6296875
0 0.8515625 0.6015625 0.225 0.6015625 0.225 1.0 0.8515625 1.0 0.8515625 0.6015625
0 0.7984375 0.10625 0.56875 0.10625 0.56875 0.1984375 0.7984375 0.1984375 0.7984375 0.10625
0 1.0 0.90625 0.9421875 0.90625 0.9421875 1.0 1.0 1.0 1.0 0.90625
0 0.85625 0.98125 0.8015625 0.98125 0.8015625 1.0 0.85625 1.0 0.85625 0.98125
0 0.8796875 0.5875 0.7703125 0.5875 0.7703125 0.7625 0.8796875 0.7625 0.8796875 0.5875
0 1.0 0.5890625 0.8953125 0.5890625 0.8953125 0.809375 1.0 0.809375 1.0 0.5890625
0 0.990625 0.3484375 0.884375 0.3484375 0.884375 0.575 0.990625 0.575 0.990625 0.3484375
0 1.0 0.2609375 0.9328125 0.2609375 0.9328125 0.4390625 1.0 0.4390625 1.0 0.2609375
0 0.9984375 0.0859375 0.8734375 0.0859375 0.8734375 0.209375 0.9984375 0.209375 0.9984375 0.0859375
0 0.409375 0.9140625 0.2375 0.9140625 0.2375 1.0 0.409375 1.0 0.409375 0.9140625
0 0.61875 0.7453125 0.5265625 0.7453125 0.5265625 0.89375 0.61875 0.89375 0.61875 0.7453125
0 0.771875 0.5734375 0.6375 0.5734375 0.6375 0.775 0.771875 0.775 0.771875 0.5734375
0 1.0 0.0015625 0.525 0.0015625 0.525 1.0 1.0 1.0 1.0 0.0015625
0 0.5671875 0.8828125 0.459375 0.8828125 0.459375 0.9984375 0.5671875 0.9984375 0.5671875 0.8828125
0 0.44375 0.903125 0.3484375 0.903125 0.3484375 1.0 0.44375 1.0 0.44375 0.903125
0 0.7640625 0.8046875 0.6515625 0.8046875 0.6515625 0.9234375 0.7640625 0.9234375 0.7640625 0.8046875
