0 0.9703125 0.0015625 0.925 0.0015625 0.925 0.0171875 0.9703125 0.0171875 0.9703125 0.0015625
0 0.403125 0.6140625 0.303125 0.6140625 0.303125 0.8140625 0.403125 0.8140625 0.403125 0.6140625
0 1.0 0.303125 0.9046875 0.303125 0.9046875 0.403125 1.0 0.403125 1.0 0.303125
0 0.23125 0.053125 0.09375 0.053125 0.09375 0.209375 0.23125 0.209375 0.23125 0.053125
0 0.0546875 0.15625 0.0015625 0.15625 0.0015625 0.4 0.0546875 0.4 0.0546875 0.15625
0 0.396875 0.9703125 0.2875 0.9703125 0.2875 1.0 0.396875 1.0 0.396875 0.9703125
0 0.8828125 0.7453125 0.65 0.7453125 0.65 1.0 0.8828125 1.0 0.8828125 0.7453125
0 0.1859375 0.846875 0.084375 0.846875 0.084375 1.0 0.1859375 1.0 0.1859375 0.846875
0 0.084375 0.7578125 0.0046875 0.7578125 0.0046875 0.8828125 0.084375 0.8828125 0.084375 0.7578125
0 1.0 0.425 0.825 0.425 0.825 0.8203125 1.0 0.8203125 1.0 0.425
0 0.1890625 0.4609375 0.0171875 0.4609375 0.0171875 0.6796875 0.1890625 0.6796875 0.1890625 0.4609375
0 0.115625 0.3640625 0.0015625 0.3640625 0.0015625 0.565625 0.115625 0.565625 0.115625 0.3640625
0 0.875 0.4171875 0.7734375 0.4171875 0.7734375 0.5390625 0.875 0.5390625 0.875 0.4171875
0 0.35625 0.2875 0.2765625 0.2875 0.2765625 0.4359375 0.35625 0.4359375 0.35625 0.2875
0 0.934375 0.13125 0.7484375 0.13125 0.7484375 0.4046875 0.934375 0.4046875 0.934375 0.13125
0 0.6234375 0.1078125 0.521875 0.1078125 0.521875 0.3796875 0.6234375 0.3796875 0.6234375 0.1078125
0 0.14375 0.19375 0.0671875 0.19375 0.0671875 0.378125 0.14375 0.378125 0.14375 0.19375
0 0.75 0.0015625 0.6671875 0.0015625 0.6671875 0.328125 0.75 0.328125 0.75 0.0015625
0 0.071875 0.090625 0.0015625 0.090625 0.0015625 0.2171875 0.071875 0.2171875 0.071875 0.090625
0 0.99375 0.0015625 0.828125 0.0015625 0.828125 0.2109375 0.99375 0.2109375 0.99375 0.0015625
0 0.70625 0.0015625 0.6703125 0.0015625 0.6703125 0.11875 0.70625 0.11875 0.70625 0.0015625
0 0.1328125 0.0015625 0.03125 0.0015625 0.03125 0.05625 0.1328125 0.05625 0.1328125 0.0015625
0 0.6203125 0.5734375 0.5 0.5734375 0.5 0.990625 0.6203125 0.990625 0.6203125 0.5734375
0 0.19375 0.2890625 0.1046875 0.2890625 0.1046875 0.453125 0.19375 0.453125 0.19375 0.2890625
0 0.4296875 0.23125 0.234375 0.23125 0.234375 0.35 0.4296875 0.35 0.4296875 0.23125
0 0.31875 0.0125 0.2359375 0.0125 0.2359375 0.184375 0.31875 0.184375 0.31875 0.0125
0 0.253125 0.0015625 0.015625 0.0015625 0.015625 0.1 0.253125 0.1 0.253125 0.0015625
0 0.2671875 0.0015625 0.246875 0.0015625 0.246875 0.0109375 0.2671875 0.0109375 0.2671875 0.0015625
0 0.8609375 0.4875 0.6765625 0.4875 0.6765625 0.68125 0.8609375 0.68125 0.8609375 0.4875
0 0.8265625 0.06875 0.728125 0.06875 0.728125 0.30625 0.8265625 0.30625 0.8265625 0.06875
0 0.8296875 0.0015625 0.73125 0.0015625 0.73125 0.071875 0.8296875 0.071875 0.8296875 0.0015625
0 0.009375 0.9671875 0.0015625 0.9671875 0.0015625 0.98125 0.009375 0.98125 0.009375 0.9671875
0 0.5734375 0.8078125 0.434375 0.8078125 0.434375 0.9078125 0.5734375 0.9078125 0.5734375 0.8078125
0 0.00625 0.2609375 0.0015625 0.2609375 0.0015625 0.2875 0.00625 0.2875 0.00625 0.2609375
0 0.559375 0.1109375 0.45 0.1109375 0.45 0.3890625 0.559375 0.3890625 0.559375 0.1109375
0 0.4328125 0.7796875 0.3453125 0.7796875 0.3453125 0.9140625 0.4328125 0.9140625 0.4328125 0.7796875
0 1.0 0.0015625 0.0015625 0.0015625 0.0015625 1.0 1.0 1.0 1.0 0.0015625
0 0.35625 0.025 0.053125 0.025 0.053125 0.5203125 0.35625 0.5203125 0.35625 0.025
0 0.9265625 0.4921875 0.6375 0.4921875 0.6375 0.9234375 0.9265625 0.9234375 0.9265625 0.4921875
0 1.0 0.734375 0.94375 0.734375 0.94375 0.875 1.0 0.875 1.0 0.734375
0 1.0 0.1515625 0.6515625 0.1515625 0.6515625 0.68125 1.0 0.68125 1.0 0.1515625
0 1.0 0.0015625 0.9578125 0.0015625 0.9578125 0.21875 1.0 0.21875 1.0 0.0015625
