0 0.84375 0.2484375 0.76875 0.2484375 0.76875 0.353125 0.84375 0.353125 0.84375 0.2484375
0 0.009375 0.18125 0.0015625 0.18125 0.0015625 0.2390625 0.009375 0.2390625 0.009375 0.18125
0 0.440625 0.996875 0.4265625 0.996875 0.4265625 1.0 0.440625 1.0 0.440625 0.996875
0 0.8515625 0.9609375 0.7953125 0.9609375 0.7953125 1.0 0.8515625 1.0 0.8515625 0.9609375
0 0.8421875 0.7578125 0.68125 0.7578125 0.68125 1.0 0.8421875 1.0 0.8421875 0.7578125
0 0.1984375 0.7890625 0.03125 0.7890625 0.03125 0.8796875 0.1984375 0.8796875 0.1984375 0.7890625
0 0.4765625 0.5828125 0.26875 0.5828125 0.26875 0.725 0.4765625 0.725 0.4765625 0.5828125
0 0.871875 0.5484375 0.7640625 0.5484375 0.7640625 0.740625 0.871875 0.740625 0.871875 0.5484375
0 0.353125 0.4671875 0.140625 0.4671875 0.140625 0.64375 0.353125 0.64375 0.353125 0.4671875
0 0.6796875 0.4234375 0.521875 0.4234375 0.521875 0.4875 0.6796875 0.4875 0.6796875 0.4234375
0 0.55 0.0015625 0.3890625 0.0015625 0.3890625 0.11875 0.55 0.11875 0.55 0.0015625
0 1.0 0.8234375 0.8765625 0.8234375 0.8765625 1.0 1.0 1.0 1.0 0.8234375
0 0.9859375 0.0015625 0.86875 0.0015625 0.86875 0.08125 0.9859375 0.08125 0.9859375 0.0015625
0 0.88125 0.125 0.0015625 0.125 0.0015625 1.0 0.88125 1.0 0.88125 0.125
0 0.3890625 0.0203125 0.0015625 0.0203125 0.0015625 0.5703125 0.3890625 0.5703125 0.3890625 0.0203125
0 0.3828125 0.5234375 0.25 0.5234375 0.25 0.6734375 0.3828125 0.6734375 0.3828125 0.5234375
0 1.0 0.94375 0.9421875 0.94375 0.9421875 1.0 1.0 1.0 1.0 0.94375
0 0.809375 0.9140625 0.6421875 0.9140625 0.6421875 1.0 0.809375 1.0 0.809375 0.9140625
0 1.0 0.575 0.571875 0.575 0.571875 0.9671875 1.0 0.9671875 1.0 0.575
0 0.215625 0.4265625 0.0015625 0.4265625 0.0015625 0.7390625 0.215625 0.7390625 0.215625 0.4265625
0 1.0 0.059375 0.9875 0.059375 0.9875 0.078125 1.0 0.078125 1.0 0.059375
0 0.721875 0.890625 0.5015625 0.890625 0.5015625 1.0 0.721875 1.0 0.721875 0.890625
0 0.840625 0.4609375 0.4984375 0.4609375 0.4984375 0.9015625 0.840625 0.9015625 0.840625 0.4609375
0 0.3375 0.21875 0.1640625 0.21875 0.1640625 0.540625 0.3375 0.540625 0.3375 0.21875
0 0.6859375 0.2953125 0.5546875 0.2953125 0.5546875 0.4296875 0.6859375 0.4296875 0.6859375 0.2953125
0 0.478125 0.309375 0.3375 0.309375 0.3375 0.3828125 0.478125 0.3828125 0.478125 0.309375
0 0.421875 0.0015625 0.2203125 0.0015625 0.2203125 0.103125 0.421875 0.103125 0.421875 0.0015625
0 1.0 0.3734375 0.83125 0.3734375 0.83125 0.8328125 1.0 0.8328125 1.0 0.3734375
0 1.0 0.0015625 0.9546875 0.0015625 0.9546875 0.0578125 1.0 0.0578125 1.0 0.0015625
0 0.040625 0.4796875 0.0015625 0.4796875 0.0015625 0.5921875 0.040625 0.5921875 0.040625 0.4796875
0 0.2015625 0.353125 0.034375 0.353125 0.034375 0.5359375 0.2015625 0.5359375 0.2015625 0.353125
0 0.5171875 0.1796875 0.3921875 0.1796875 0.3921875 0.3625 0.5171875 0.3625 0.5171875 0.1796875
0 0.7734375 0.0015625 0.4359375 0.0015625 0.4359375 0.2828125 0.7734375 0.2828125 0.7734375 0.0015625
0 0.3140625 0.1390625 0.2171875 0.1390625 0.2171875 0.2703125 0.3140625 0.2703125 0.3140625 0.1390625
0 0.8875 0.375 0.70625 0.375 0.70625 0.49375 0.8875 0.49375 0.8875 0.375
0 1.0 0.1125 0.8765625 0.1125 0.8765625 0.5015625 1.0 0.5015625 1.0 0.1125
0 0.89375 0.0265625 0.79375 0.0265625 0.79375 0.1921875 0.89375 0.1921875 0.89375 0.0265625
0 1.0 0.4859375 0.9625 0.4859375 0.9625 0.534375 1.0 0.534375 1.0 0.4859375
0 1.0 0.059375 0.79375 0.059375 0.79375 0.384375 1.0 0.384375 1.0 0.059375
