0 0.8828125 0.215625 0.7765625 0.215625 0.7765625 0.38125 0.8828125 0.38125 0.8828125 0.215625
0 1.0 0.1390625 0.38125 0.1390625 0.38125 0.98125 1.0 0.98125 1.0 0.1390625
0 0.903125 0.4046875 0.746875 0.4046875 0.746875 0.6625 0.903125 0.6625 0.903125 0.4046875
0 0.24375 0.0015625 0.1359375 0.0015625 0.1359375 0.1125 0.24375 0.1125 0.24375 0.0015625
0 0.8953125 0.0015625 0.715625 0.0015625 0.715625 0.0859375 0.8953125 0.0859375 0.8953125 0.0015625
0 1.0 0.071875 0.9953125 0.071875 0.9953125 0.0890625 1.0 0.0890625 1.0 0.071875
0 0.3078125 0.3640625 0.215625 0.3640625 0.215625 0.51875 0.3078125 0.51875 0.3078125 0.3640625
0 0.5515625 0.1203125 0.3796875 0.1203125 0.3796875 0.3265625 0.5515625 0.3265625 0.5515625 0.1203125
0 0.3953125 0.140625 0.1515625 0.140625 0.1515625 0.3125 0.3953125 0.3125 0.3953125 0.140625
0 0.0640625 0.0828125 0.0015625 0.0828125 0.0015625 0.228125 0.0640625 0.228125 0.0640625 0.0828125
0 0.6984375 0.0109375 0.5953125 0.0109375 0.5953125 0.0953125 0.6984375 0.0953125 0.6984375 0.0109375
0 0.43125 0.0015625 0.3140625 0.0015625 0.3140625 0.1 0.43125 0.1 0.43125 0.0015625
0 0.26875 0.0015625 0.253125 0.0015625 0.253125 0.0015625 0.26875 0.0015625 0.26875 0.0015625
0 0.946875 0.0015625 0.8375 0.0015625 0.8375 0.1875 0.946875 0.1875 0.946875 0.0015625
0 1.0 0.009375 0.9734375 0.009375 0.9734375 0.04375 1.0 0.04375 1.0 0.009375
0 0.2609375 0.2140625 0.1625 0.2140625 0.1625 0.4734375 0.2609375 0.4734375 0.2609375 0.2140625
0 0.3984375 0.0015625 0.3578125 0.0015625 0.3578125 0.01875 0.3984375 0.01875 0.3984375 0.0015625
0 0.1875 0.5609375 0.0015625 0.5609375 0.0015625 0.759375 0.1875 0.759375 0.1875 0.5609375
0 0.0125 0.5 0.0015625 0.5 0.0015625 0.5265625 0.0125 0.5265625 0.0125 0.5
0 0.06875 0.9 0.0015625 0.9 0.0015625 1.0 0.06875 1.0 0.06875 0.9
0 0.225 0.3859375 0.16875 0.3859375 0.16875 0.5828125 0.225 0.5828125 0.225 0.3859375
0 0.1203125 0.3390625 0.0015625 0.3390625 0.0015625 0.5171875 0.1203125 0.5171875 0.1203125 0.3390625
0 0.553125 0.3140625 0.4875 0.3140625 0.4875 0.4796875 0.553125 0.4796875 0.553125 0.3140625
0 0.4453125 0.2609375 0.321875 0.2609375 0.321875 0.4328125 0.4453125 0.4328125 0.4453125 0.2609375
0 0.171875 0.2046875 0.1 0.2046875 0.1 0.3359375 0.171875 0.3359375 0.171875 0.2046875
0 0.171875 0.0015625 0.0015625 0.0015625 0.0015625 0.28125 0.171875 0.28125 0.171875 0.0015625
0 0.815625 0.1 0.7421875 0.1 0.7421875 0.2484375 0.815625 0.2484375 0.815625 0.1
0 0.615625 0.0015625 0.3859375 0.0015625 0.3859375 0.2015625 0.615625 0.2015625 0.615625 0.0015625
0 0.8578125 0.0015625 0.7671875 0.0015625 0.7671875 0.0703125 0.8578125 0.0703125 0.8578125 0.0015625
0 0.3171875 0.0015625 0.23125 0.0015625 0.23125 0.059375 0.3171875 0.059375 0.3171875 0.0015625
0 0.08125 0.5234375 0.0015625 0.5234375 0.0015625 0.6546875 0.08125 0.6546875 0.08125 0.5234375
0 0.00625 0.0015625 0.0015625 0.0015625 0.0015625 0.00625 0.00625 0.00625 0.00625 0.0015625
0 1.0 0.0015625 0.8890625 0.0015625 0.8890625 0.2 1.0 0.2 1.0 0.0015625
0 0.8703125 0.0015625 0.0015625 0.0015625 0.0015625 0.865625 0.8703125 0.865625 0.8703125 0.0015625
0 1.0 0.721875 0.0015625 0.721875 0.0015625 1.0 1.0 1.0 1.0 0.721875
0 0.3625 0.0015625 0.128125 0.0015625 0.128125 0.1703125 0.3625 0.1703125 0.3625 0.0015625
0 0.4453125 0.1546875 0.35 0.1546875 0.35 0.3984375 0.4453125 0.3984375 0.4453125 0.1546875
0 0.5609375 0.0015625 0.259375 0.0015625 0.259375 0.2078125 0.5609375 0.2078125 0.5609375 0.0015625
0 0.80625 0.0015625 0.5890625 0.0015625 0.5890625 0.0609375 0.80625 0.0609375 0.80625 0.0015625
0 0.9703125 0.0015625 0.93125 0.0015625 0.93125 0.0625 0.9703125 0.0625 0.9703125 0.0015625
