0 0.509375 0.8703125 0.365625 0.8703125 0.365625 1.0 0.509375 1.0 0.509375 0.8703125
0 0.365625 0.55 0.221875 0.55 0.221875 0.6921875 0.365625 0.6921875 0.365625 0.55
0 0.1859375 0.440625 0.103125 0.440625 0.103125 0.6078125 0.1859375 0.6078125 0.1859375 0.440625
0 0.0109375 0.35 0.0015625 0.35 0.0015625 0.465625 0.0109375 0.465625 0.0109375 0.35
0 0.3828125 0.1703125 0.0640625 0.1703125 0.0640625 0.434375 0.3828125 0.434375 0.3828125 0.1703125
0 0.921875 0.0171875 0.784375 0.0171875 0.784375 0.1359375 0.921875 0.1359375 0.921875 0.0171875
0 0.840625 0.0015625 0.8078125 0.0015625 0.8078125 0.0046875 0.840625 0.0046875 0.840625 0.0015625
0 0.046875 0.7796875 0.0015625 0.7796875 0.0015625 0.9765625 0.046875 0.9765625 0.046875 0.7796875
0 0.24375 0.0890625 0.1265625 0.0890625 0.1265625 0.2859375 0.24375 0.2859375 0.24375 0.0890625
0 0.4453125 0.8109375 0.253125 0.8109375 0.253125 0.9984375 0.4453125 0.9984375 0.4453125 0.8109375
0 0.3203125 0.6671875 0.184375 0.6671875 0.184375 0.8109375 0.3203125 0.8109375 0.3203125 0.6671875
0 0.4828125 0.4796875 0.4 0.4796875 0.4 0.640625 0.4828125 0.640625 0.4828125 0.4796875
0 0.428125 0.290625 0.2125 0.290625 0.2125 0.4375 0.428125 0.4375 0.428125 0.290625
0 0.1859375 0.8625 0.0578125 0.8625 0.0578125 1.0 0.1859375 1.0 0.1859375 0.8625
0 0.4171875 0.925 0.3171875 0.925 0.3171875 1.0 0.4171875 1.0 0.4171875 0.925
0 0.415625 0.753125 0.19375 0.753125 0.19375 1.0 0.415625 1.0 0.415625 0.753125
0 0.2046875 0.3140625 0.1015625 0.3140625 0.1015625 0.459375 0.2046875 0.459375 0.2046875 0.3140625
0 0.2875 0.05625 0.1578125 0.05625 0.1578125 0.190625 0.2875 0.190625 0.2875 0.05625
0 0.1421875 0.0015625 0.1328125 0.0015625 0.1328125 0.0046875 0.1421875 0.0046875 0.1421875 0.0015625
0 0.9375 0.115625 0.8171875 0.115625 0.8171875 0.2375 0.9375 0.2375 0.9375 0.115625
0 0.590625 0.0015625 0.5125 0.0015625 0.5125 0.1375 0.590625 0.1375 0.590625 0.0015625
0 1.0 0.0015625 0.91875 0.0015625 0.91875 0.071875 1.0 0.071875 1.0 0.0015625
0 0.821875 0.109375 0.6703125 0.109375 0.6703125 0.2140625 0.821875 0.2140625 0.821875 0.109375
0 0.25 0.0015625 0.0015625 0.0015625 0.0015625 1.0 0.25 1.0 0.25 0.0015625
0 0.9328125 0.0015625 0.14375 0.0015625 0.14375 0.5578125 0.9328125 0.5578125 0.9328125 0.0015625
0 0.4125 0.3921875 0.1640625 0.3921875 0.1640625 1.0 0.4125 1.0 0.4125 0.3921875
0 0.4890625 0.7015625 0.3484375 0.7015625 0.3484375 0.9265625 0.4890625 0.9265625 0.4890625 0.7015625
0 0.3515625 0.2 0.2359375 0.2 0.2359375 0.346875 0.3515625 0.346875 0.3515625 0.2
0 1.0 0.4359375 0.85 0.4359375 0.85 0.6296875 1.0 0.6296875 1.0 0.4359375
0 1.0 0.3453125 0.990625 0.3453125 0.990625 0.365625 1.0 0.365625 1.0 0.3453125
0 0.640625 0.1390625 0.471875 0.1390625 0.471875 0.3671875 0.640625 0.3671875 0.640625 0.1390625
