0 0.8796875 0.9046875 0.803125 0.9046875 0.803125 1.0 0.8796875 1.0 0.8796875 0.9046875
0 0.959375 0.8859375 0.853125 0.8859375 0.853125 1.0 0.959375 1.0 0.959375 0.8859375
0 0.9359375 0.075 0.825 0.075 0.825 0.19375 0.9359375 0.19375 0.9359375 0.075
0 1.0 0.215625 0.9546875 0.215625 0.9546875 0.3671875 1.0 0.3671875 1.0 0.215625
0 0.3703125 0.9171875 0.2671875 0.9171875 0.2671875 1.0 0.3703125 1.0 0.3703125 0.9171875
0 1.0 0.065625 0.9046875 0.065625 0.9046875 0.2140625 1.0 0.2140625 1.0 0.065625
0 0.165625 0.9421875 0.015625 0.9421875 0.015625 1.0 0.165625 1.0 0.165625 0.9421875
0 0.603125 0.7046875 0.428125 0.7046875 0.428125 0.9109375 0.603125 0.9109375 0.603125 0.7046875
0 0.921875 0.2609375 0.771875 0.2609375 0.771875 0.44375 0.921875 0.44375 0.921875 0.2609375
0 0.35 0.675 0.1328125 0.675 0.1328125 0.7921875 0.35 0.7921875 0.35 0.675
0 0.28125 0.653125 0.1421875 0.653125 0.1421875 0.7671875 0.28125 0.7671875 0.28125 0.653125
0 1.0 0.5671875 0.9359375 0.5671875 0.9359375 0.6828125 1.0 0.6828125 1.0 0.5671875
0 1.0 0.3609375 0.928125 0.3609375 0.928125 0.5015625 1.0 0.5015625 1.0 0.3609375
0 1.0 0.896875 0.9921875 0.896875 0.9921875 0.9515625 1.0 0.9515625 1.0 0.896875
0 0.3546875 0.4421875 0.18125 0.4421875 0.18125 0.596875 0.3546875 0.596875 0.3546875 0.4421875
0 1.0 0.00625 0.8359375 0.00625 0.8359375 0.1234375 1.0 0.1234375 1.0 0.00625
0 1.0 0.315625 0.8953125 0.315625 0.8953125 0.4828125 1.0 0.4828125 1.0 0.315625
0 0.2125 0.0015625 0.1 0.0015625 0.1 0.05625 0.2125 0.05625 0.2125 0.0015625
0 0.7234375 0.9734375 0.6328125 0.9734375 0.6328125 1.0 0.7234375 1.0 0.7234375 0.9734375
0 0.95625 0.728125 0.81875 0.728125 0.81875 0.846875 0.95625 0.846875 0.95625 0.728125
0 0.8796875 0.2859375 0.7015625 0.2859375 0.7015625 0.4359375 0.8796875 0.4359375 0.8796875 0.2859375
0 0.05625 0.9671875 0.0015625 0.9671875 0.0015625 1.0 0.05625 1.0 0.05625 0.9671875
0 0.26875 0.98125 0.221875 0.98125 0.221875 1.0 0.26875 1.0 0.26875 0.98125
0 0.01875 0.7203125 0.0015625 0.7203125 0.0015625 0.9734375 0.01875 0.9734375 0.01875 0.7203125
0 0.3953125 0.8625 0.2609375 0.8625 0.2609375 1.0 0.3953125 1.0 0.3953125 0.8625
0 0.240625 0.878125 0.1640625 0.878125 0.1640625 1.0 0.240625 1.0 0.240625 0.878125
0 0.3890625 0.6328125 0.2296875 0.6328125 0.2296875 0.759375 0.3890625 0.759375 0.3890625 0.6328125
0 0.08125 0.4984375 0.0015625 0.4984375 0.0015625 0.59375 0.08125 0.59375 0.08125 0.4984375
0 0.3859375 0.3453125 0.0484375 0.3453125 0.0484375 0.5109375 0.3859375 0.5109375 0.3859375 0.3453125
0 0.44375 0.9625 0.4078125 0.9625 0.4078125 1.0 0.44375 1.0 0.44375 0.9625
0 0.678125 0.9015625 0.521875 0.9015625 0.521875 1.0 0.678125 1.0 0.678125 0.9015625
0 1.0 0.8609375 0.9203125 0.8609375 0.9203125 1.0 1.0 1.0 1.0 0.8609375
0 0.95625 0.58125 0.8609375 0.58125 0.8609375 0.771875 0.95625 0.771875 0.95625 0.58125
0 0.9671875 0.1875 0.875 0.1875 0.875 0.3375 0.9671875 0.3375 0.9671875 0.1875
0 0.8734375 0.171875 0.7671875 0.171875 0.7671875 0.2890625 0.8734375 0.2890625 0.8734375 0.171875
0 0.6609375 0.0859375 0.4 0.0859375 0.4 0.2203125 0.6609375 0.2203125 0.6609375 0.0859375
0 0.4828125 0.0328125 0.3296875 0.0328125 0.3296875 0.109375 0.4828125 0.109375 0.4828125 0.0328125
0 0.546875 0.0015625 0.434375 0.0015625 0.434375 0.05625 0.546875 0.05625 0.546875 0.0015625
0 0.7484375 0.0015625 0.6078125 0.0015625 0.6078125 0.090625 0.7484375 0.090625 0.7484375 0.0015625
0 1.0 0.4921875 0.9546875 0.4921875 0.9546875 0.5859375 1.0 0.5859375 1.0 0.4921875
0 0.9359375 0.3484375 0.809375 0.3484375 0.809375 0.66875 0.9359375 0.66875 0.9359375 0.3484375
0 0.1796875 0.471875 0.0015625 0.471875 0.0015625 0.584375 0.1796875 0.584375 0.1796875 0.471875
0 0.5390625 0.0015625 0.4390625 0.0015625 0.4390625 0.1484375 0.5390625 0.1484375 0.5390625 0.0015625
0 1.0 0.125 0.99375 0.125 0.99375 0.1828125 1.0 0.1828125 1.0 0.125
0 0.2625 0.5390625 0.0625 0.5390625 0.0625 0.6359375 0.2625 0.6359375 0.2625 0.5390625
0 0.340625 0.1234375 0.0015625 0.1234375 0.0015625 0.225 0.340625 0.225 0.340625 0.1234375
0 0.475 0.0015625 0.1234375 0.0015625 0.1234375 0.0625 0.475 0.0625 0.475 0.0015625
0 0.41875 0.9234375 0.3703125 0.9234375 0.3703125 1.0 0.41875 1.0 0.41875 0.9234375
0 0.603125 0.8796875 0.415625 0.8796875 0.415625 1.0 0.603125 1.0 0.603125 0.8796875
0 0.2640625 0.8828125 0.153125 0.8828125 0.153125 1.0 0.2640625 1.0 0.2640625 0.8828125
0 0.5546875 0.6203125 0.35 0.6203125 0.35 0.8171875 0.5546875 0.8171875 0.5546875 0.6203125
0 0.7296875 0.090625 0.5984375 0.090625 0.5984375 0.2953125 0.7296875 0.2953125 0.7296875 0.090625
0 0.4046875 0.0015625 0.359375 0.0015625 0.359375 0.0171875 0.4046875 0.0171875 0.4046875 0.0015625
0 0.834375 0.9375 0.753125 0.9375 0.753125 1.0 0.834375 1.0 0.834375 0.9375
0 0.9390625 0.0234375 0.8140625 0.0234375 0.8140625 0.171875 0.9390625 0.171875 0.9390625 0.0234375
0 1.0 0.8078125 0.90625 0.8078125 0.90625 0.9234375 1.0 0.9234375 1.0 0.8078125
0 0.3328125 0.0328125 0.128125 0.0328125 0.128125 0.0984375 0.3328125 0.0984375 0.3328125 0.0328125
0 0.58125 0.7640625 0.178125 0.7640625 0.178125 0.9234375 0.58125 0.9234375 0.58125 0.7640625
0 0.50625 0.8625 0.371875 0.8625 0.371875 1.0 0.50625 1.0 0.50625 0.8625
0 1.0 0.675 0.93125 0.675 0.93125 0.78125 1.0 0.78125 1.0 0.675
