0 0.9171875 0.4765625 0.746875 0.4765625 0.746875 0.6578125 0.9171875 0.6578125 0.9171875 0.4765625
0 1.0 0.584375 0.959375 0.584375 0.959375 0.6296875 1.0 0.6296875 1.0 0.584375
0 0.634375 0.25 0.5609375 0.25 0.5609375 0.54375 0.634375 0.54375 0.634375 0.25
0 0.5109375 0.6921875 0.46875 0.6921875 0.46875 0.95 0.5109375 0.95 0.5109375 0.6921875
0 0.140625 0.0015625 0.11875 0.0015625 0.11875 0.04375 0.140625 0.04375 0.140625 0.0015625
0 0.1375 0.0015625 0.0015625 0.0015625 0.0015625 0.546875 0.1375 0.546875 0.1375 0.0015625
0 0.25 0.8015625 0.1078125 0.8015625 0.1078125 1.0 0.25 1.0 0.25 0.8015625
0 1.0 0.0015625 0.6921875 0.0015625 0.6921875 1.0 1.0 1.0 1.0 0.0015625
0 0.5484375 0.0015625 0.2453125 0.0015625 0.2453125 0.8390625 0.5484375 0.8390625 0.5484375 0.0015625
0 0.603125 0.615625 0.321875 0.615625 0.321875 1.0 0.603125 1.0 0.603125 0.615625
0 0.653125 0.14375 0.5453125 0.14375 0.5453125 0.278125 0.653125 0.278125 0.653125 0.14375
0 0.796875 0.5796875 0.603125 0.5796875 0.603125 0.9046875 0.796875 0.9046875 0.796875 0.5796875
0 0.8703125 0.6109375 0.7625 0.6109375 0.7625 0.778125 0.8703125 0.778125 0.8703125 0.6109375
