0 0.4921875 0.73125 0.35625 0.73125 0.35625 0.984375 0.4921875 0.984375 0.4921875 0.73125
0 0.8140625 0.0015625 0.5109375 0.0015625 0.5109375 0.2015625 0.8140625 0.2015625 0.8140625 0.0015625
0 1.0 0.46875 0.6140625 0.46875 0.6140625 1.0 1.0 1.0 1.0 0.46875
0 0.1 0.81875 0.0015625 0.81875 0.0015625 0.975 0.1 0.975 0.1 0.81875
0 0.365625 0.7265625 0.11875 0.7265625 0.11875 1.0 0.365625 1.0 0.365625 0.7265625
0 0.4671875 0.7578125 0.3484375 0.7578125 0.3484375 0.8921875 0.4671875 0.8921875 0.4671875 0.7578125
0 0.2984375 0.559375 0.1140625 0.559375 0.1140625 0.7921875 0.2984375 0.7921875 0.2984375 0.559375
0 0.659375 0.1453125 0.553125 0.1453125 0.553125 0.2609375 0.659375 0.2609375 0.659375 0.1453125
0 0.8265625 0.075 0.690625 0.075 0.690625 0.265625 0.8265625 0.265625 0.8265625 0.075
0 0.85 0.0015625 0.021875 0.0015625 0.021875 0.2234375 0.85 0.2234375 0.85 0.0015625
0 0.4984375 0.0234375 0.2734375 0.0234375 0.2734375 0.24375 0.4984375 0.24375 0.4984375 0.0234375
0 1.0 0.0015625 0.9125 0.0015625 0.9125 0.15625 1.0 0.15625 1.0 0.0015625
0 0.9578125 0.0015625 0.5390625 0.0015625 0.5390625 0.0984375 0.9578125 0.0984375 0.9578125 0.0015625
0 0.9890625 0.996875 0.9703125 0.996875 0.9703125 1.0 0.9890625 1.0 0.9890625 0.996875
0 0.6171875 0.921875 0.4734375 0.921875 0.4734375 1.0 0.6171875 1.0 0.6171875 0.921875
0 0.9046875 0.871875 0.6875 0.871875 0.6875 1.0 0.9046875 1.0 0.9046875 0.871875
0 0.634375 0.490625 0.39375 0.490625 0.39375 0.834375 0.634375 0.834375 0.634375 0.490625
0 0.16875 0.3640625 0.0328125 0.3640625 0.0328125 0.625 0.16875 0.625 0.16875 0.3640625
0 1.0 0.146875 0.5875 0.146875 0.5875 0.6109375 1.0 0.6109375 1.0 0.146875
0 0.5390625 0.0015625 0.3765625 0.0015625 0.3765625 0.15 0.5390625 0.15 0.5390625 0.0015625
0 0.1375 0.0015625 0.0015625 0.0015625 0.0015625 0.0625 0.1375 0.0625 0.1375 0.0015625
0 0.475 0.7953125 0.1703125 0.7953125 0.1703125 1.0 0.475 1.0 0.475 0.7953125
0 0.30625 0.4859375 0.2296875 0.4859375 0.2296875 0.7296875 0.30625 0.7296875 0.30625 0.4859375
0 0.3921875 0.0015625 0.284375 0.0015625 0.284375 0.071875 0.3921875 0.071875 0.3921875 0.0015625
