0 0.140625 0.240625 0.03125 0.240625 0.03125 0.3421875 0.140625 0.3421875 0.140625 0.240625
0 0.428125 0.715625 0.309375 0.715625 0.309375 0.89375 0.428125 0.89375 0.428125 0.715625
0 0.9140625 0.9125 0.7640625 0.9125 0.7640625 1.0 0.9140625 1.0 0.9140625 0.9125
0 0.5640625 0.0015625 0.134375 0.0015625 0.134375 0.046875 0.5640625 0.046875 0.5640625 0.0015625
0 1.0 0.090625 0.9359375 0.090625 0.9359375 0.175 1.0 0.175 1.0 0.090625
0 0.609375 0.0015625 0.5515625 0.0015625 0.5515625 0.1875 0.609375 0.1875 0.609375 0.0015625
0 0.978125 0.0015625 0.7875 0.0015625 0.7875 0.0546875 0.978125 0.0546875 0.978125 0.0015625
0 0.4640625 0.878125 0.278125 0.878125 0.278125 1.0 0.4640625 1.0 0.4640625 0.878125
0 0.8875 0.5578125 0.734375 0.5578125 0.734375 0.8 0.8875 0.8 0.8875 0.5578125
0 0.396875 0.4078125 0.2125 0.4078125 0.2125 0.6765625 0.396875 0.6765625 0.396875 0.4078125
0 0.325 0.30625 0.221875 0.30625 0.221875 0.4546875 0.325 0.4546875 0.325 0.30625
0 0.48125 0.1265625 0.371875 0.1265625 0.371875 0.328125 0.48125 0.328125 0.48125 0.1265625
0 0.409375 0.0015625 0.334375 0.0015625 0.334375 0.0796875 0.409375 0.0796875 0.409375 0.0015625
0 0.175 0.7828125 0.0859375 0.7828125 0.0859375 0.90625 0.175 0.90625 0.175 0.7828125
0 0.659375 0.64375 0.5671875 0.64375 0.5671875 0.8234375 0.659375 0.8234375 0.659375 0.64375
0 0.2171875 0.178125 0.053125 0.178125 0.053125 0.340625 0.2171875 0.340625 0.2171875 0.178125
0 0.371875 0.04375 0.178125 0.04375 0.178125 0.234375 0.371875 0.234375 0.371875 0.04375
0 0.0515625 0.171875 0.0015625 0.171875 0.0015625 0.246875 0.0515625 0.246875 0.0515625 0.171875
0 0.2421875 0.0015625 0.0234375 0.0015625 0.0234375 0.134375 0.2421875 0.134375 0.2421875 0.0015625
0 0.63125 0.10625 0.56875 0.10625 0.56875 0.34375 0.63125 0.34375 0.63125 0.10625
0 1.0 0.00625 0.8328125 0.00625 0.8328125 0.0921875 1.0 0.0921875 1.0 0.00625
0 0.7453125 0.0015625 0.6109375 0.0015625 0.6109375 0.1125 0.7453125 0.1125 0.7453125 0.0015625
0 0.790625 0.0015625 0.665625 0.0015625 0.665625 0.140625 0.790625 0.140625 0.790625 0.0015625
0 0.0703125 0.9875 0.05625 0.9875 0.05625 1.0 0.0703125 1.0 0.0703125 0.9875
0 0.6578125 0.79375 0.40625 0.79375 0.40625 1.0 0.6578125 1.0 0.6578125 0.79375
0 0.440625 0.0015625 0.2875 0.0015625 0.2875 0.2640625 0.440625 0.2640625 0.440625 0.0015625
0 1.0 0.625 0.940625 0.625 0.940625 0.709375 1.0 0.709375 1.0 0.625
0 0.8171875 0.4828125 0.7015625 0.4828125 0.7015625 0.65625 0.8171875 0.65625 0.8171875 0.4828125
0 0.0765625 0.865625 0.0015625 0.865625 0.0015625 1.0 0.0765625 1.0 0.0765625 0.865625
0 0.046875 0.4640625 0.0015625 0.4640625 0.0015625 0.6578125 0.046875 0.6578125 0.046875 0.4640625
0 0.4265625 0.81875 0.321875 0.81875 0.321875 0.940625 0.4265625 0.940625 0.4265625 0.81875
0 0.678125 0.84375 0.46875 0.84375 0.46875 1.0 0.678125 1.0 0.678125 0.84375
0 0.58125 0.659375 0.459375 0.659375 0.459375 0.8265625 0.58125 0.8265625 0.58125 0.659375
0 0.6328125 0.5140625 0.3890625 0.5140625 0.3890625 0.721875 0.6328125 0.721875 0.6328125 0.5140625
0 0.4078125 0.20625 0.2546875 0.20625 0.2546875 0.403125 0.4078125 0.403125 0.4078125 0.20625
0 1.0 0.6921875 0.875 0.6921875 0.875 0.84375 1.0 0.84375 1.0 0.6921875
0 0.6296875 0.6953125 0.5234375 0.6953125 0.5234375 0.8359375 0.6296875 0.8359375 0.6296875 0.6953125
0 0.0390625 0.7953125 0.0015625 0.7953125 0.0015625 0.921875 0.0390625 0.921875 0.0390625 0.7953125
0 0.0921875 0.6078125 0.0015625 0.6078125 0.0015625 0.8234375 0.0921875 0.8234375 0.0921875 0.6078125
0 0.03125 0.4578125 0.0015625 0.4578125 0.0015625 0.615625 0.03125 0.615625 0.03125 0.4578125
0 0.078125 0.315625 0.0015625 0.315625 0.0015625 0.45 0.078125 0.45 0.078125 0.315625
0 0.2625 0.0265625 0.0015625 0.0265625 0.0015625 0.215625 0.2625 0.215625 0.2625 0.0265625
0 1.0 0.903125 0.94375 0.903125 0.94375 1.0 1.0 1.0 1.0 0.903125
0 0.871875 0.89375 0.75625 0.89375 0.75625 0.965625 0.871875 0.965625 0.871875 0.89375
0 0.5015625 0.7546875 0.3796875 0.7546875 0.3796875 0.8890625 0.5015625 0.8890625 0.5015625 0.7546875
0 0.3875 0.6671875 0.2921875 0.6671875 0.2921875 0.7703125 0.3875 0.7703125 0.3875 0.6671875
0 0.240625 0.5734375 0.1578125 0.5734375 0.1578125 0.7078125 0.240625 0.7078125 0.240625 0.5734375
0 0.5859375 0.459375 0.3578125 0.459375 0.3578125 0.68125 0.5859375 0.68125 0.5859375 0.459375
0 0.2625 0.4171875 0.1171875 0.4171875 0.1171875 0.571875 0.2625 0.571875 0.2625 0.4171875
0 0.5171875 0.3359375 0.3875 0.3359375 0.3875 0.5171875 0.5171875 0.5171875 0.5171875 0.3359375
0 0.85625 0.0015625 0.0015625 0.0015625 0.0015625 0.1125 0.85625 0.1125 0.85625 0.0015625
0 0.703125 0.0015625 0.034375 0.0015625 0.034375 1.0 0.703125 1.0 0.703125 0.0015625
0 0.1515625 0.0140625 0.015625 0.0140625 0.015625 0.11875 0.1515625 0.11875 0.1515625 0.0140625
0 0.3359375 0.0015625 0.153125 0.0015625 0.153125 0.128125 0.3359375 0.128125 0.3359375 0.0015625
0 1.0 0.0484375 0.64375 0.0484375 0.64375 1.0 1.0 1.0 1.0 0.0484375
