0 0.0140625 0.9796875 0.0015625 0.9796875 0.0015625 1.0 0.0140625 1.0 0.0140625 0.9796875
0 0.1078125 0.18125 0.0015625 0.18125 0.0015625 0.2734375 0.1078125 0.2734375 0.1078125 0.18125
0 0.65625 0.8296875 0.565625 0.8296875 0.565625 0.9828125 0.65625 0.9828125 0.65625 0.8296875
0 0.259375 0.134375 0.0015625 0.134375 0.0015625 0.559375 0.259375 0.559375 0.259375 0.134375
0 0.7640625 0.940625 0.625 0.940625 0.625 1.0 0.7640625 1.0 0.7640625 0.940625
0 1.0 0.63125 0.965625 0.63125 0.965625 0.70625 1.0 0.70625 1.0 0.63125
0 1.0 0.21875 0.6671875 0.21875 0.6671875 0.4515625 1.0 0.4515625 1.0 0.21875
0 0.5921875 0.6109375 0.4015625 0.6109375 0.4015625 1.0 0.5921875 1.0 0.5921875 0.6109375
0 0.2765625 0.8171875 0.0953125 0.8171875 0.0953125 0.9828125 0.2765625 0.9828125 0.2765625 0.8171875
0 0.440625 0.36875 0.18125 0.36875 0.18125 0.6375 0.440625 0.6375 0.440625 0.36875
0 0.225 0.084375 0.01875 0.084375 0.01875 0.175 0.225 0.175 0.225 0.084375
0 0.384375 0.046875 0.2453125 0.046875 0.2453125 0.153125 0.384375 0.153125 0.384375 0.046875
0 0.378125 0.0015625 0.2734375 0.0015625 0.2734375 0.0609375 0.378125 0.0609375 0.378125 0.0015625
0 0.7984375 0.9953125 0.7703125 0.9953125 0.7703125 1.0 0.7984375 1.0 0.7984375 0.9953125
0 0.740625 0.975 0.6140625 0.975 0.6140625 1.0 0.740625 1.0 0.740625 0.975
0 0.8953125 0.0015625 0.0015625 0.0015625 0.0015625 1.0 0.8953125 1.0 0.8953125 0.0015625
0 0.071875 0.0015625 0.0015625 0.0015625 0.0015625 0.371875 0.071875 0.371875 0.071875 0.0015625
0 0.353125 0.89375 0.246875 0.89375 0.246875 1.0 0.353125 1.0 0.353125 0.89375
0 0.6203125 0.96875 0.5796875 0.96875 0.5796875 1.0 0.6203125 1.0 0.6203125 0.96875
0 0.7671875 0.81875 0.5796875 0.81875 0.5796875 0.959375 0.7671875 0.959375 0.7671875 0.81875
0 1.0 0.0015625 0.66875 0.0015625 0.66875 0.3671875 1.0 0.3671875 1.0 0.0015625
