0 0.084375 0.70625 0.0015625 0.70625 0.0015625 0.8171875 0.084375 0.8171875 0.084375 0.70625
0 0.3328125 0.484375 0.025 0.484375 0.025 0.7125 0.3328125 0.7125 0.3328125 0.484375
0 0.3453125 0.6875 0.0015625 0.6875 0.0015625 1.0 0.3453125 1.0 0.3453125 0.6875
0 1.0 0.6265625 0.309375 0.6265625 0.309375 1.0 1.0 1.0 1.0 0.6265625
0 0.49375 0.9953125 0.475 0.9953125 0.475 1.0 0.49375 1.0 0.49375 0.9953125
0 1.0 0.3734375 0.628125 0.3734375 0.628125 0.809375 1.0 0.809375 1.0 0.3734375
0 0.328125 0.0984375 0.0734375 0.0984375 0.0734375 0.378125 0.328125 0.378125 0.328125 0.0984375
0 0.446875 0.125 0.328125 0.125 0.328125 0.34375 0.446875 0.34375 0.446875 0.125
0 0.6390625 0.0015625 0.4796875 0.0015625 0.4796875 0.1765625 0.6390625 0.1765625 0.6390625 0.0015625
0 0.15 0.0015625 0.028125 0.0015625 0.028125 0.196875 0.15 0.196875 0.15 0.0015625
0 0.8390625 0.0015625 0.6421875 0.0015625 0.6421875 0.16875 0.8390625 0.16875 0.8390625 0.0015625
0 0.0078125 0.0015625 0.0015625 0.0015625 0.0015625 0.021875 0.0078125 0.021875 0.0078125 0.0015625
0 0.4453125 0.95 0.390625 0.95 0.390625 1.0 0.4453125 1.0 0.4453125 0.95
0 1.0 0.903125 0.8328125 0.903125 0.8328125 1.0 1.0 1.0 1.0 0.903125
0 1.0 0.315625 0.8796875 0.315625 0.8796875 0.440625 1.0 0.440625 1.0 0.315625
0 0.684375 0.0015625 0.5515625 0.0015625 0.5515625 0.159375 0.684375 0.159375 0.684375 0.0015625
0 0.90625 0.471875 0.0015625 0.471875 0.0015625 1.0 0.90625 1.0 0.90625 0.471875
0 0.996875 0.0015625 0.0015625 0.0015625 0.0015625 0.56875 0.996875 0.56875 0.996875 0.0015625
0 1.0 0.25 0.5359375 0.25 0.5359375 0.496875 1.0 0.496875 1.0 0.25
0 0.8078125 0.0015625 0.7421875 0.0015625 0.7421875 0.0578125 0.8078125 0.0578125 0.8078125 0.0015625
0 0.3375 0.4546875 0.0015625 0.4546875 0.0015625 0.7015625 0.3375 0.7015625 0.3375 0.4546875
0 1.0 0.1609375 0.353125 0.1609375 0.353125 0.5015625 1.0 0.5015625 1.0 0.1609375
0 0.9484375 0.0015625 0.8125 0.0015625 0.8125 0.0390625 0.9484375 0.0390625 0.9484375 0.0015625
0 0.9609375 0.3703125 0.846875 0.3703125 0.846875 0.5125 0.9609375 0.5125 0.9609375 0.3703125
