0 0.159375 0.528125 0.0015625 0.528125 0.0015625 0.6140625 0.159375 0.6140625 0.159375 0.528125
0 0.334375 0.2609375 0.203125 0.2609375 0.203125 0.3515625 0.334375 0.3515625 0.334375 0.2609375
0 0.259375 0.0015625 0.0875 0.0015625 0.0875 0.1125 0.259375 0.1125 0.259375 0.0015625
0 0.571875 0.9234375 0.4515625 0.9234375 0.4515625 1.0 0.571875 1.0 0.571875 0.9234375
0 1.0 0.75 0.865625 0.75 0.865625 0.965625 1.0 0.965625 1.0 0.75
0 1.0 0.6109375 0.7515625 0.6109375 0.7515625 0.8015625 1.0 0.8015625 1.0 0.6109375
0 0.7984375 0.359375 0.7015625 0.359375 0.7015625 0.540625 0.7984375 0.540625 0.7984375 0.359375
0 1.0 0.1453125 0.95625 0.1453125 0.95625 0.328125 1.0 0.328125 1.0 0.1453125
0 1.0 0.0375 0.9375 0.0375 0.9375 0.1296875 1.0 0.1296875 1.0 0.0375
0 1.0 0.0015625 0.9328125 0.0015625 0.9328125 0.0296875 1.0 0.0296875 1.0 0.0015625
0 0.809375 0.0015625 0.71875 0.0015625 0.71875 0.0359375 0.809375 0.0359375 0.809375 0.0015625
0 0.6 0.0015625 0.478125 0.0015625 0.478125 0.0875 0.6 0.0875 0.6 0.0015625
0 0.134375 0.6140625 0.0015625 0.6140625 0.0015625 0.80625 0.134375 0.80625 0.134375 0.6140625
0 0.4 0.3140625 0.2484375 0.3140625 0.2484375 0.4359375 0.4 0.4359375 0.4 0.3140625
0 0.2390625 0.5921875 0.0546875 0.5921875 0.0546875 0.8171875 0.2390625 0.8171875 0.2390625 0.5921875
0 0.171875 0.10625 0.053125 0.10625 0.053125 0.2640625 0.171875 0.2640625 0.171875 0.10625
0 0.2765625 0.06875 0.1671875 0.06875 0.1671875 0.2453125 0.2765625 0.2453125 0.2765625 0.06875
0 0.9703125 0.5078125 0.490625 0.5078125 0.490625 1.0 0.9703125 1.0 0.9703125 0.5078125
0 0.440625 0.7546875 0.271875 0.7546875 0.271875 1.0 0.440625 1.0 0.440625 0.7546875
0 0.615625 0.2671875 0.3015625 0.2671875 0.3015625 0.553125 0.615625 0.553125 0.615625 0.2671875
0 0.953125 0.121875 0.721875 0.121875 0.721875 0.3640625 0.953125 0.3640625 0.953125 0.121875
0 0.8859375 0.0015625 0.771875 0.0015625 0.771875 0.2703125 0.8859375 0.2703125 0.8859375 0.0015625
0 0.60625 0.0015625 0.515625 0.0015625 0.515625 0.09375 0.60625 0.09375 0.60625 0.0015625
0 0.0265625 0.9953125 0.0015625 0.9953125 0.0015625 1.0 0.0265625 1.0 0.0265625 0.9953125
0 0.2421875 0.7 0.08125 0.7 0.08125 1.0 0.2421875 1.0 0.2421875 0.7
0 0.0921875 0.6671875 0.0015625 0.6671875 0.0015625 0.8078125 0.0921875 0.8078125 0.0921875 0.6671875
0 0.1609375 0.6140625 0.01875 0.6140625 0.01875 0.796875 0.1609375 0.796875 0.1609375 0.6140625
0 0.1671875 0.3578125 0.0015625 0.3578125 0.0015625 0.5796875 0.1671875 0.5796875 0.1671875 0.3578125
0 0.1859375 0.1296875 0.0015625 0.1296875 0.0015625 0.4171875 0.1859375 0.4171875 0.1859375 0.1296875
0 0.0125 0.125 0.0015625 0.125 0.0015625 0.1390625 0.0125 0.1390625 0.0125 0.125
0 0.096875 0.0015625 0.0015625 0.0015625 0.0015625 0.0984375 0.096875 0.0984375 0.096875 0.0015625
0 0.409375 0.8546875 0.228125 0.8546875 0.228125 1.0 0.409375 1.0 0.409375 0.8546875
0 0.5421875 0.6671875 0.3796875 0.6671875 0.3796875 1.0 0.5421875 1.0 0.5421875 0.6671875
0 0.85625 0.66875 0.5578125 0.66875 0.5578125 1.0 0.85625 1.0 0.85625 0.66875
0 0.6265625 0.43125 0.2515625 0.43125 0.2515625 0.875 0.6265625 0.875 0.6265625 0.43125
0 0.4578125 0.4375 0.1875 0.4375 0.1875 0.6859375 0.4578125 0.6859375 0.4578125 0.4375
0 0.2609375 0.3296875 0.1984375 0.3296875 0.1984375 0.459375 0.2609375 0.459375 0.2609375 0.3296875
0 0.6203125 0.1078125 0.4125 0.1078125 0.4125 0.3125 0.6203125 0.3125 0.6203125 0.1078125
0 0.5015625 0.040625 0.25625 0.040625 0.25625 0.259375 0.5015625 0.259375 0.5015625 0.040625
0 0.4609375 0.0015625 0.1625 0.0015625 0.1625 0.1171875 0.4609375 0.1171875 0.4609375 0.0015625
0 0.1640625 0.0015625 0.1140625 0.0015625 0.1140625 0.0421875 0.1640625 0.0421875 0.1640625 0.0015625
0 1.0 0.5390625 0.8609375 0.5390625 0.8609375 0.6765625 1.0 0.6765625 1.0 0.5390625
0 0.9515625 0.375 0.6765625 0.375 0.6765625 0.6765625 0.9515625 0.6765625 0.9515625 0.375
0 1.0 0.121875 0.8640625 0.121875 0.8640625 0.553125 1.0 0.553125 1.0 0.121875
0 0.74375 0.078125 0.59375 0.078125 0.59375 0.3734375 0.74375 0.3734375 0.74375 0.078125
0 0.959375 0.0015625 0.7828125 0.0015625 0.7828125 0.1734375 0.959375 0.1734375 0.959375 0.0015625
0 0.0765625 0.8234375 0.0015625 0.8234375 0.0015625 1.0 0.0765625 1.0 0.0765625 0.8234375
0 0.91875 0.2484375 0.7140625 0.2484375 0.7140625 0.4359375 0.91875 0.4359375 0.91875 0.2484375
0 0.471875 0.009375 0.25 0.009375 0.25 0.20625 0.471875 0.20625 0.471875 0.009375
0 1.0 0.065625 0.4578125 0.065625 0.4578125 1.0 1.0 1.0 1.0 0.065625
0 0.3859375 0.48125 0.059375 0.48125 0.059375 1.0 0.3859375 1.0 0.3859375 0.48125
0 0.784375 0.0015625 0.7765625 0.0015625 0.7765625 0.00625 0.784375 0.00625 0.784375 0.0015625
