0 0.1828125 0.453125 0.115625 0.453125 0.115625 0.6 0.1828125 0.6 0.1828125 0.453125
0 0.6203125 0.7640625 0.5515625 0.7640625 0.5515625 0.91875 0.6203125 0.91875 0.6203125 0.7640625
0 0.296875 0.6296875 0.1296875 0.6296875 0.1296875 0.7734375 0.296875 0.7734375 0.296875 0.6296875
0 0.86875 0.1875 0.6 0.1875 0.6 0.38125 0.86875 0.38125 0.86875 0.1875
0 0.0078125 0.0015625 0.0015625 0.0015625 0.0015625 0.01875 0.0078125 0.01875 0.0078125 0.0015625
0 0.515625 0.6828125 0.0953125 0.6828125 0.0953125 0.8875 0.515625 0.8875 0.515625 0.6828125
0 0.3375 0.45625 0.19375 0.45625 0.19375 0.628125 0.3375 0.628125 0.3375 0.45625
0 0.1671875 0.3171875 0.071875 0.3171875 0.071875 0.5859375 0.1671875 0.5859375 0.1671875 0.3171875
0 0.9828125 0.9640625 0.9515625 0.9640625 0.9515625 1.0 0.9828125 1.0 0.9828125 0.9640625
0 0.446875 0.9 0.378125 0.9 0.378125 1.0 0.446875 1.0 0.446875 0.9
0 0.971875 0.896875 0.8328125 0.896875 0.8328125 1.0 0.971875 1.0 0.971875 0.896875
0 0.7515625 0.6234375 0.634375 0.6234375 0.634375 0.7203125 0.7515625 0.7203125 0.7515625 0.6234375
0 0.6703125 0.5015625 0.4921875 0.5015625 0.4921875 0.609375 0.6703125 0.609375 0.6703125 0.5015625
0 0.4 0.4421875 0.315625 0.4421875 0.315625 0.578125 0.4 0.578125 0.4 0.4421875
0 1.0 0.290625 0.9328125 0.290625 0.9328125 0.40625 1.0 0.40625 1.0 0.290625
0 0.9265625 0.98125 0.9015625 0.98125 0.9015625 1.0 0.9265625 1.0 0.9265625 0.98125
0 0.778125 0.725 0.684375 0.725 0.684375 0.884375 0.778125 0.884375 0.778125 0.725
0 0.1671875 0.803125 0.040625 0.803125 0.040625 1.0 0.1671875 1.0 0.1671875 0.803125
0 0.346875 0.825 0.1734375 0.825 0.1734375 1.0 0.346875 1.0 0.346875 0.825
0 0.4953125 0.7296875 0.3421875 0.7296875 0.3421875 1.0 0.4953125 1.0 0.4953125 0.7296875
0 0.29375 0.73125 0.190625 0.73125 0.190625 0.8109375 0.29375 0.8109375 0.29375 0.73125
0 0.15 0.2828125 0.0015625 0.2828125 0.0015625 0.7390625 0.15 0.7390625 0.15 0.2828125
0 0.4015625 0.3859375 0.2046875 0.3859375 0.2046875 0.63125 0.4015625 0.63125 0.4015625 0.3859375
0 0.7859375 0.0015625 0.278125 0.0015625 0.278125 0.4984375 0.7859375 0.4984375 0.7859375 0.0015625
0 1.0 0.9921875 0.996875 0.9921875 0.996875 1.0 1.0 1.0 1.0 0.9921875
0 0.6390625 0.8609375 0.4734375 0.8609375 0.4734375 1.0 0.6390625 1.0 0.6390625 0.8609375
0 0.6 0.5875 0.36875 0.5875 0.36875 0.7390625 0.6 0.7390625 0.6 0.5875
0 1.0 0.478125 0.884375 0.478125 0.884375 0.6359375 1.0 0.6359375 1.0 0.478125
0 0.8828125 0.30625 0.6484375 0.30625 0.6484375 0.53125 0.8828125 0.53125 0.8828125 0.30625
0 1.0 0.1734375 0.8796875 0.1734375 0.8796875 0.4671875 1.0 0.4671875 1.0 0.1734375
0 0.9125 0.0640625 0.703125 0.0640625 0.703125 0.225 0.9125 0.225 0.9125 0.0640625
0 0.33125 0.5453125 0.0015625 0.5453125 0.0015625 0.8046875 0.33125 0.8046875 0.33125 0.5453125
0 0.3296875 0.3765625 0.1859375 0.3765625 0.1859375 0.5609375 0.3296875 0.5609375 0.3296875 0.3765625
0 0.14375 0.1984375 0.0015625 0.1984375 0.0015625 0.378125 0.14375 0.378125 0.14375 0.1984375
0 0.39375 0.0015625 0.275 0.0015625 0.275 0.1421875 0.39375 0.1421875 0.39375 0.0015625
0 0.4890625 0.4296875 0.3765625 0.4296875 0.3765625 0.6234375 0.4890625 0.6234375 0.4890625 0.4296875
0 0.4140625 0.7328125 0.0015625 0.7328125 0.0015625 1.0 0.4140625 1.0 0.4140625 0.7328125
0 0.1703125 0.38125 0.0515625 0.38125 0.0515625 0.684375 0.1703125 0.684375 0.1703125 0.38125
0 0.325 0.0015625 0.0015625 0.0015625 0.0015625 0.546875 0.325 0.546875 0.325 0.0015625
0 0.409375 0.2109375 0.1765625 0.2109375 0.1765625 0.4375 0.409375 0.4375 0.409375 0.2109375
0 0.678125 1.0 0.6765625 1.0 0.6765625 1.0 0.678125 1.0 0.678125 1.0
0 0.796875 0.740625 0.6140625 0.740625 0.6140625 0.928125 0.796875 0.928125 0.796875 0.740625
0 1.0 0.51875 0.403125 0.51875 0.403125 1.0 1.0 1.0 1.0 0.51875
0 0.971875 0.0015625 0.4453125 0.0015625 0.4453125 0.2078125 0.971875 0.2078125 0.971875 0.0015625
0 1.0 0.0015625 0.946875 0.0015625 0.946875 0.2 1.0 0.2 1.0 0.0015625
0 0.96875 0.3765625 0.8265625 0.3765625 0.8265625 0.58125 0.96875 0.58125 0.96875 0.3765625
0 1.0 0.0671875 0.86875 0.0671875 0.86875 0.29375 1.0 0.29375 1.0 0.0671875
0 0.0140625 0.6546875 0.0015625 0.6546875 0.0015625 0.696875 0.0140625 0.696875 0.0140625 0.6546875
0 0.00625 0.3296875 0.0015625 0.3296875 0.0015625 0.3546875 0.00625 0.3546875 0.00625 0.3296875
