0 1.0 0.56875 0.8546875 0.56875 0.8546875 0.8421875 1.0 0.8421875 1.0 0.56875
0 0.0328125 0.40625 0.0015625 0.40625 0.0015625 0.5453125 0.0328125 0.5453125 0.0328125 0.40625
0 0.178125 0.203125 0.075 0.203125 0.075 0.4671875 0.178125 0.4671875 0.178125 0.203125
0 0.009375 0.140625 0.0015625 0.140625 0.0015625 0.159375 0.009375 0.159375 0.009375 0.140625
0 0.209375 0.0140625 0.071875 0.0140625 0.071875 0.234375 0.209375 0.234375 0.209375 0.0140625
0 0.3171875 0.0359375 0.2453125 0.0359375 0.2453125 0.1875 0.3171875 0.1875 0.3171875 0.0359375
0 0.121875 0.334375 0.0390625 0.334375 0.0390625 0.4734375 0.121875 0.4734375 0.121875 0.334375
0 0.028125 0.2984375 0.0015625 0.2984375 0.0015625 0.3421875 0.028125 0.3421875 0.028125 0.2984375
0 0.1125 0.1296875 0.0015625 0.1296875 0.0015625 0.296875 0.1125 0.296875 0.1125 0.1296875
0 0.4171875 0.1046875 0.3140625 0.1046875 0.3140625 0.2390625 0.4171875 0.2390625 0.4171875 0.1046875
0 0.1578125 0.0015625 0.028125 0.0015625 0.028125 0.2046875 0.1578125 0.2046875 0.1578125 0.0015625
0 0.234375 0.7921875 0.0015625 0.7921875 0.0015625 1.0 0.234375 1.0 0.234375 0.7921875
0 0.6578125 0.0015625 0.0015625 0.0015625 0.0015625 0.45 0.6578125 0.45 0.6578125 0.0015625
0 1.0 0.2921875 0.8 0.2921875 0.8 1.0 1.0 1.0 1.0 0.2921875
0 0.5640625 0.459375 0.39375 0.459375 0.39375 0.7734375 0.5640625 0.7734375 0.5640625 0.459375
0 0.28125 0.19375 0.1140625 0.19375 0.1140625 0.7484375 0.28125 0.7484375 0.28125 0.19375
0 0.3921875 0.4109375 0.259375 0.4109375 0.259375 0.7328125 0.3921875 0.7328125 0.3921875 0.4109375
0 0.6796875 0.2671875 0.446875 0.2671875 0.446875 0.715625 0.6796875 0.715625 0.6796875 0.2671875
0 0.2390625 0.0015625 0.1484375 0.0015625 0.1484375 0.10625 0.2390625 0.10625 0.2390625 0.0015625
0 0.81875 0.9265625 0.7578125 0.9265625 0.7578125 1.0 0.81875 1.0 0.81875 0.9265625
0 0.24375 0.8140625 0.0015625 0.8140625 0.0015625 0.921875 0.24375 0.921875 0.24375 0.8140625
0 0.8046875 0.7 0.5921875 0.7 0.5921875 1.0 0.8046875 1.0 0.8046875 0.7
