0 0.7859375 0.0015625 0.6078125 0.0015625 0.6078125 0.115625 0.7859375 0.115625 0.7859375 0.0015625
0 0.1265625 0.6296875 0.0203125 0.6296875 0.0203125 0.790625 0.1265625 0.790625 0.1265625 0.6296875
0 0.2796875 0.2375 0.1328125 0.2375 0.1328125 0.3734375 0.2796875 0.3734375 0.2796875 0.2375
0 0.640625 0.0796875 0.503125 0.0796875 0.503125 0.3828125 0.640625 0.3828125 0.640625 0.0796875
0 0.921875 0.0015625 0.6390625 0.0015625 0.6390625 0.384375 0.921875 0.384375 0.921875 0.0015625
0 0.73125 0.0015625 0.5890625 0.0015625 0.5890625 0.05625 0.73125 0.05625 0.73125 0.0015625
0 0.078125 0.6859375 0.0015625 0.6859375 0.0015625 0.83125 0.078125 0.83125 0.078125 0.6859375
0 0.2390625 0.3796875 0.134375 0.3796875 0.134375 0.6015625 0.2390625 0.6015625 0.2390625 0.3796875
0 0.821875 0.9375 0.6375 0.9375 0.6375 1.0 0.821875 1.0 0.821875 0.9375
0 0.65 0.6359375 0.284375 0.6359375 0.284375 0.8890625 0.65 0.8890625 0.65 0.6359375
0 0.83125 0.271875 0.7359375 0.271875 0.7359375 0.4625 0.83125 0.4625 0.83125 0.271875
0 0.85625 0.0015625 0.775 0.0015625 0.775 0.0328125 0.85625 0.0328125 0.85625 0.0015625
0 1.0 0.853125 0.8671875 0.853125 0.8671875 0.984375 1.0 0.984375 1.0 0.853125
0 1.0 0.778125 0.984375 0.778125 0.984375 0.84375 1.0 0.84375 1.0 0.778125
0 0.0265625 0.8234375 0.0015625 0.8234375 0.0015625 0.85625 0.0265625 0.85625 0.0265625 0.8234375
0 0.909375 0.896875 0.746875 0.896875 0.746875 1.0 0.909375 1.0 0.909375 0.896875
0 0.9125 0.35 0.6296875 0.35 0.6296875 0.75 0.9125 0.75 0.9125 0.35
0 0.35625 0.0921875 0.1734375 0.0921875 0.1734375 0.2609375 0.35625 0.2609375 0.35625 0.0921875
0 0.8875 0.1046875 0.7265625 0.1046875 0.7265625 0.2375 0.8875 0.2375 0.8875 0.1046875
0 1.0 0.0609375 0.853125 0.0609375 0.853125 0.328125 1.0 0.328125 1.0 0.0609375
0 0.0578125 0.8390625 0.0015625 0.8390625 0.0015625 0.9578125 0.0578125 0.9578125 0.0578125 0.8390625
0 0.059375 0.628125 0.0015625 0.628125 0.0015625 0.74375 0.059375 0.74375 0.059375 0.628125
0 0.578125 0.83125 0.2453125 0.83125 0.2453125 1.0 0.578125 1.0 0.578125 0.83125
0 0.190625 0.9859375 0.096875 0.9859375 0.096875 1.0 0.190625 1.0 0.190625 0.9859375
0 0.1734375 0.6390625 0.0390625 0.6390625 0.0390625 0.85 0.1734375 0.85 0.1734375 0.6390625
0 0.2109375 0.284375 0.0015625 0.284375 0.0015625 0.6390625 0.2109375 0.6390625 0.2109375 0.284375
0 0.240625 0.0015625 0.08125 0.0015625 0.08125 0.0828125 0.240625 0.0828125 0.240625 0.0015625
0 0.425 0.3421875 0.30625 0.3421875 0.30625 0.4765625 0.425 0.4765625 0.425 0.3421875
0 0.6765625 0.1578125 0.5546875 0.1578125 0.5546875 0.3875 0.6765625 0.3875 0.6765625 0.1578125
0 0.4515625 0.0015625 0.3609375 0.0015625 0.3609375 0.09375 0.4515625 0.09375 0.4515625 0.0015625
0 0.9703125 0.7828125 0.8140625 0.7828125 0.8140625 0.909375 0.9703125 0.909375 0.9703125 0.7828125
0 1.0 0.6203125 0.8546875 0.6203125 0.8546875 0.8328125 1.0 0.8328125 1.0 0.6203125
0 1.0 0.0015625 0.9109375 0.0015625 0.9109375 0.046875 1.0 0.046875 1.0 0.0015625
0 0.8125 0.846875 0.7046875 0.846875 0.7046875 0.98125 0.8125 0.98125 0.8125 0.846875
0 0.08125 0.3125 0.0015625 0.3125 0.0015625 0.3984375 0.08125 0.3984375 0.08125 0.3125
0 0.915625 0.0015625 0.9078125 0.0015625 0.9078125 0.0046875 0.915625 0.0046875 0.915625 0.0015625
0 0.9734375 0.0015625 0.0015625 0.0015625 0.0015625 1.0 0.9734375 1.0 0.9734375 0.0015625
0 1.0 0.9265625 0.9953125 0.9265625 0.9953125 0.9578125 1.0 0.9578125 1.0 0.9265625
0 1.0 0.5765625 0.828125 0.5765625 0.828125 0.7453125 1.0 0.7453125 1.0 0.5765625
0 1.0 0.2296875 0.909375 0.2296875 0.909375 0.384375 1.0 0.384375 1.0 0.2296875
0 1.0 0.0328125 0.815625 0.0328125 0.815625 0.3421875 1.0 0.3421875 1.0 0.0328125
