0 0.4 0.91875 0.2484375 0.91875 0.2484375 1.0 0.4 1.0 0.4 0.91875
0 0.35625 0.734375 0.246875 0.734375 0.246875 0.9453125 0.35625 0.9453125 0.35625 0.734375
0 0.8015625 0.0015625 0.7671875 0.0015625 0.7671875 0.075 0.8015625 0.075 0.8015625 0.0015625
0 0.3921875 0.565625 0.303125 0.565625 0.303125 0.9796875 0.3921875 0.9796875 0.3921875 0.565625
0 0.0328125 0.2453125 0.0015625 0.2453125 0.0015625 0.46875 0.0328125 0.46875 0.0328125 0.2453125
0 0.1625 0.1359375 0.1109375 0.1359375 0.1109375 0.3125 0.1625 0.3125 0.1625 0.1359375
0 0.0125 0.8625 0.0015625 0.8625 0.0015625 0.9015625 0.0125 0.9015625 0.0125 0.8625
0 0.103125 0.4484375 0.0015625 0.4484375 0.0015625 0.6015625 0.103125 0.6015625 0.103125 0.4484375
0 0.484375 0.5296875 0.36875 0.5296875 0.36875 0.9015625 0.484375 0.9015625 0.484375 0.5296875
0 0.29375 0.459375 0.153125 0.459375 0.153125 0.6421875 0.29375 0.6421875 0.29375 0.459375
0 1.0 0.1453125 0.9359375 0.1453125 0.9359375 0.278125 1.0 0.278125 1.0 0.1453125
0 0.7421875 0.03125 0.6171875 0.03125 0.6171875 0.3578125 0.7421875 0.3578125 0.7421875 0.03125
0 0.3484375 0.109375 0.2 0.109375 0.2 0.3203125 0.3484375 0.3203125 0.3484375 0.109375
0 1.0 0.0015625 0.9375 0.0015625 0.9375 0.0515625 1.0 0.0515625 1.0 0.0015625
0 0.053125 0.1453125 0.0015625 0.1453125 0.0015625 0.340625 0.053125 0.340625 0.053125 0.1453125
0 0.171875 0.0015625 0.09375 0.0015625 0.09375 0.1484375 0.171875 0.1484375 0.171875 0.0015625
0 0.4296875 0.1375 0.2796875 0.1375 0.2796875 1.0 0.4296875 1.0 0.4296875 0.1375
0 0.6765625 0.0015625 0.621875 0.0015625 0.621875 0.0375 0.6765625 0.0375 0.6765625 0.0015625
0 1.0 0.60625 0.95625 0.60625 0.95625 0.7265625 1.0 0.7265625 1.0 0.60625
0 0.6265625 0.0015625 0.5703125 0.0015625 0.5703125 0.1171875 0.6265625 0.1171875 0.6265625 0.0015625
0 0.5 0.8484375 0.409375 0.8484375 0.409375 1.0 0.5 1.0 0.5 0.8484375
0 0.20625 0.3140625 0.128125 0.3140625 0.128125 0.4984375 0.20625 0.4984375 0.20625 0.3140625
0 0.2171875 0.0015625 0.128125 0.0015625 0.128125 0.140625 0.2171875 0.140625 0.2171875 0.0015625
0 1.0 0.965625 0.99375 0.965625 0.99375 0.996875 1.0 0.996875 1.0 0.965625
0 0.9609375 0.5109375 0.8453125 0.5109375 0.8453125 0.715625 0.9609375 0.715625 0.9609375 0.5109375
0 1.0 0.5984375 0.99375 0.5984375 0.99375 0.6328125 1.0 0.6328125 1.0 0.5984375
0 0.85 0.16875 0.778125 0.16875 0.778125 0.3890625 0.85 0.3890625 0.85 0.16875
0 0.9328125 0.0015625 0.83125 0.0015625 0.83125 0.0609375 0.9328125 0.0609375 0.9328125 0.0015625
0 0.0890625 0.6453125 0.0015625 0.6453125 0.0015625 0.9578125 0.0890625 0.9578125 0.0890625 0.6453125
0 0.1453125 0.0015625 0.0015625 0.0015625 0.0015625 0.5078125 0.1453125 0.5078125 0.1453125 0.0015625
0 0.2328125 0.5734375 0.028125 0.5734375 0.028125 1.0 0.2328125 1.0 0.2328125 0.5734375
0 0.690625 0.725 0.496875 0.725 0.496875 1.0 0.690625 1.0 0.690625 0.725
0 0.5203125 0.8203125 0.4421875 0.8203125 0.4421875 0.971875 0.5203125 0.971875 0.5203125 0.8203125
0 0.325 0.565625 0.2421875 0.565625 0.2421875 0.921875 0.325 0.921875 0.325 0.565625
0 0.2109375 0.7 0.1484375 0.7 0.1484375 0.884375 0.2109375 0.884375 0.2109375 0.7
0 0.471875 0.6015625 0.4234375 0.6015625 0.4234375 0.7875 0.471875 0.7875 0.471875 0.6015625
0 0.6125 0.41875 0.5078125 0.41875 0.5078125 0.6984375 0.6125 0.6984375 0.6125 0.41875
0 0.496875 0.2359375 0.36875 0.2359375 0.36875 0.634375 0.496875 0.634375 0.496875 0.2359375
0 0.359375 0.140625 0.2046875 0.140625 0.2046875 0.515625 0.359375 0.515625 0.359375 0.140625
0 0.4546875 0.0015625 0.29375 0.0015625 0.29375 0.0859375 0.4546875 0.0859375 0.4546875 0.0015625
0 0.93125 0.978125 0.8609375 0.978125 0.8609375 1.0 0.93125 1.0 0.93125 0.978125
0 0.8328125 0.6515625 0.7359375 0.6515625 0.7359375 0.8515625 0.8328125 0.8515625 0.8328125 0.6515625
0 0.8 0.221875 0.63125 0.221875 0.63125 0.7046875 0.8 0.7046875 0.8 0.221875
0 0.8375 0.25625 0.765625 0.25625 0.765625 0.4015625 0.8375 0.4015625 0.8375 0.25625
0 0.9890625 0.1875 0.8734375 0.1875 0.8734375 0.4296875 0.9890625 0.4296875 0.9890625 0.1875
0 0.875 0.121875 0.81875 0.121875 0.81875 0.3890625 0.875 0.3890625 0.875 0.121875
0 1.0 0.0015625 0.796875 0.0015625 0.796875 0.1546875 1.0 0.1546875 1.0 0.0015625
0 0.721875 0.0015625 0.4953125 0.0015625 0.4953125 0.60625 0.721875 0.60625 0.721875 0.0015625
0 0.3609375 0.7296875 0.134375 0.7296875 0.134375 1.0 0.3609375 1.0 0.3609375 0.7296875
0 0.98125 0.628125 0.9109375 0.628125 0.9109375 0.79375 0.98125 0.79375 0.98125 0.628125
0 0.2390625 0.1546875 0.1640625 0.1546875 0.1640625 0.328125 0.2390625 0.328125 0.2390625 0.1546875
0 0.10625 0.5984375 0.0015625 0.5984375 0.0015625 0.890625 0.10625 0.890625 0.10625 0.5984375
0 0.159375 0.5625 0.0828125 0.5625 0.0828125 0.840625 0.159375 0.840625 0.159375 0.5625
0 0.334375 0.0015625 0.0953125 0.0015625 0.0953125 0.5390625 0.334375 0.5390625 0.334375 0.0015625
0 0.13125 0.0015625 0.065625 0.0015625 0.065625 0.1578125 0.13125 0.1578125 0.13125 0.0015625
0 0.784375 0.0015625 0.4796875 0.0015625 0.4796875 1.0 0.784375 1.0 0.784375 0.0015625
0 0.1921875 0.9359375 0.1375 0.9359375 0.1375 1.0 0.1921875 1.0 0.1921875 0.9359375
0 0.6890625 0.0015625 0.3703125 0.0015625 0.3703125 1.0 0.6890625 1.0 0.6890625 0.0015625
0 1.0 0.0015625 0.6671875 0.0015625 0.6671875 1.0 1.0 1.0 1.0 0.0015625
0 0.7140625 0.9359375 0.675 0.9359375 0.675 1.0 0.7140625 1.0 0.7140625 0.9359375
