0 0.7625 0.0609375 0.6609375 0.0609375 0.6609375 0.309375 0.7625 0.309375 0.7625 0.0609375
0 0.2125 0.0015625 0.0203125 0.0015625 0.0203125 0.2375 0.2125 0.2375 0.2125 0.0015625
0 0.6296875 0.0015625 0.5484375 0.0015625 0.5484375 0.2765625 0.6296875 0.2765625 0.6296875 0.0015625
0 0.2 0.121875 0.0015625 0.121875 0.0015625 0.5984375 0.2 0.5984375 0.2 0.121875
0 1.0 0.6 0.978125 0.6 0.978125 0.625 1.0 0.625 1.0 0.6
0 0.31875 0.39375 0.2078125 0.39375 0.2078125 0.5625 0.31875 0.5625 0.31875 0.39375
0 0.5890625 0.303125 0.371875 0.303125 0.371875 0.50625 0.5890625 0.50625 0.5890625 0.303125
0 0.765625 0.2609375 0.6296875 0.2609375 0.6296875 0.4890625 0.765625 0.4890625 0.765625 0.2609375
0 0.821875 0.3515625 0.64375 0.3515625 0.64375 0.5140625 0.821875 0.5140625 0.821875 0.3515625
0 0.6484375 0.0015625 0.6171875 0.0015625 0.6171875 0.0609375 0.6484375 0.0609375 0.6484375 0.0015625
0 0.1546875 0.0015625 0.0015625 0.0015625 0.0015625 0.1703125 0.1546875 0.1703125 0.1546875 0.0015625
0 0.8953125 0.0546875 0.7984375 0.0546875 0.7984375 0.225 0.8953125 0.225 0.8953125 0.0546875
0 0.5359375 0.0015625 0.390625 0.0015625 0.390625 0.203125 0.5359375 0.203125 0.5359375 0.0015625
0 0.06875 0.0015625 0.0015625 0.0015625 0.0015625 0.0421875 0.06875 0.0421875 0.06875 0.0015625
0 1.0 0.20625 0.85625 0.20625 0.85625 0.425 1.0 0.425 1.0 0.20625
0 0.5921875 0.4921875 0.3515625 0.4921875 0.3515625 0.6875 0.5921875 0.6875 0.5921875 0.4921875
0 0.715625 0.0421875 0.6125 0.0421875 0.6125 0.3140625 0.715625 0.3140625 0.715625 0.0421875
0 0.2078125 0.1453125 0.096875 0.1453125 0.096875 0.3859375 0.2078125 0.3859375 0.2078125 0.1453125
0 0.8734375 0.0015625 0.75 0.0015625 0.75 0.1421875 0.8734375 0.1421875 0.8734375 0.0015625
0 0.9421875 0.0015625 0.9375 0.0015625 0.9375 0.0015625 0.9421875 0.0015625 0.9421875 0.0015625
0 0.909375 0.459375 0.78125 0.459375 0.78125 0.578125 0.909375 0.578125 0.909375 0.459375
0 0.975 0.3015625 0.909375 0.3015625 0.909375 0.4953125 0.975 0.4953125 0.975 0.3015625
0 0.8171875 0.0953125 0.740625 0.0953125 0.740625 0.3625 0.8171875 0.3625 0.8171875 0.0953125
0 0.5640625 0.1109375 0.496875 0.1109375 0.496875 0.2796875 0.5640625 0.2796875 0.5640625 0.1109375
0 0.6171875 0.0015625 0.4234375 0.0015625 0.4234375 0.2265625 0.6171875 0.2265625 0.6171875 0.0015625
0 0.0109375 0.0015625 0.0015625 0.0015625 0.0015625 0.0515625 0.0109375 0.0515625 0.0109375 0.0015625
0 0.7703125 0.0015625 0.6640625 0.0015625 0.6640625 0.053125 0.7703125 0.053125 0.7703125 0.0015625
0 1.0 0.434375 0.9578125 0.434375 0.9578125 0.6140625 1.0 0.6140625 1.0 0.434375
0 1.0 0.0015625 0.7765625 0.0015625 0.7765625 0.1953125 1.0 0.1953125 1.0 0.0015625
0 0.2203125 0.8875 0.0015625 0.8875 0.0015625 1.0 0.2203125 1.0 0.2203125 0.8875
0 0.46875 0.0015625 0.109375 0.0015625 0.109375 0.58125 0.46875 0.58125 0.46875 0.0015625
0 1.0 0.5703125 0.371875 0.5703125 0.371875 1.0 1.0 1.0 1.0 0.5703125
0 1.0 0.2296875 0.94375 0.2296875 0.94375 0.3453125 1.0 0.3453125 1.0 0.2296875
