0 0.10625 0.4375 0.0015625 0.4375 0.0015625 0.503125 0.10625 0.503125 0.10625 0.4375
0 0.075 0.9375 0.0015625 0.9375 0.0015625 1.0 0.075 1.0 0.075 0.9375
0 0.2125 0.8765625 0.146875 0.8765625 0.146875 1.0 0.2125 1.0 0.2125 0.8765625
0 0.5328125 0.8359375 0.4109375 0.8359375 0.4109375 1.0 0.5328125 1.0 0.5328125 0.8359375
0 0.1453125 0.8109375 0.0015625 0.8109375 0.0015625 0.9125 0.1453125 0.9125 0.1453125 0.8109375
0 0.2625 0.6453125 0.134375 0.6453125 0.134375 0.8296875 0.2625 0.8296875 0.2625 0.6453125
0 0.14375 0.5421875 0.0015625 0.5421875 0.0015625 0.665625 0.14375 0.665625 0.14375 0.5421875
0 0.8625 0.6421875 0.75625 0.6421875 0.75625 0.9359375 0.8625 0.9359375 0.8625 0.6421875
0 1.0 0.21875 0.73125 0.21875 0.73125 0.775 1.0 0.775 1.0 0.21875
0 0.9125 0.5609375 0.83125 0.5609375 0.83125 0.715625 0.9125 0.715625 0.9125 0.5609375
0 0.846875 0.003125 0.74375 0.003125 0.74375 0.215625 0.846875 0.215625 0.846875 0.003125
0 0.609375 0.0015625 0.5453125 0.0015625 0.5453125 0.1640625 0.609375 0.1640625 0.609375 0.0015625
0 0.096875 0.178125 0.0015625 0.178125 0.0015625 0.28125 0.096875 0.28125 0.096875 0.178125
0 0.5625 0.946875 0.528125 0.946875 0.528125 1.0 0.5625 1.0 0.5625 0.946875
0 0.0984375 0.9828125 0.046875 0.9828125 0.046875 1.0 0.0984375 1.0 0.0984375 0.9828125
0 0.3625 0.6109375 0.1125 0.6109375 0.1125 0.9609375 0.3625 0.9609375 0.3625 0.6109375
0 0.6515625 0.659375 0.5078125 0.659375 0.5078125 0.896875 0.6515625 0.896875 0.6515625 0.659375
0 0.159375 0.509375 0.0015625 0.509375 0.0015625 0.6890625 0.159375 0.6890625 0.159375 0.509375
0 0.5625 0.271875 0.5078125 0.271875 0.5078125 0.465625 0.5625 0.465625 0.5625 0.271875
0 0.5453125 0.0125 0.4453125 0.0125 0.4453125 0.1390625 0.5453125 0.1390625 0.5453125 0.0125
0 0.140625 0.0015625 0.0828125 0.0015625 0.0828125 0.0328125 0.140625 0.0328125 0.140625 0.0015625
0 0.753125 0.915625 0.590625 0.915625 0.590625 1.0 0.753125 1.0 0.753125 0.915625
0 1.0 0.9296875 0.91875 0.9296875 0.91875 1.0 1.0 1.0 1.0 0.9296875
0 0.8890625 0.9015625 0.7765625 0.9015625 0.7765625 1.0 0.8890625 1.0 0.8890625 0.9015625
0 0.965625 0.7453125 0.8703125 0.7453125 0.8703125 0.89375 0.965625 0.89375 0.965625 0.7453125
0 0.884375 0.7234375 0.79375 0.7234375 0.79375 0.8390625 0.884375 0.8390625 0.884375 0.7234375
0 0.975 0.446875 0.7859375 0.446875 0.7859375 0.7328125 0.975 0.7328125 0.975 0.446875
0 0.753125 0.4359375 0.5890625 0.4359375 0.5890625 0.709375 0.753125 0.709375 0.753125 0.4359375
0 0.978125 0.2 0.746875 0.2 0.746875 0.35625 0.978125 0.35625 0.978125 0.2
0 1.0 0.23125 0.953125 0.23125 0.953125 0.346875 1.0 0.346875 1.0 0.23125
0 1.0 0.021875 0.7609375 0.021875 0.7609375 0.2484375 1.0 0.2484375 1.0 0.021875
0 0.825 0.0015625 0.746875 0.0015625 0.746875 0.0671875 0.825 0.0671875 0.825 0.0015625
0 0.13125 0.0640625 0.0015625 0.0640625 0.0015625 0.39375 0.13125 0.39375 0.13125 0.0640625
0 0.1671875 0.875 0.0015625 0.875 0.0015625 1.0 0.1671875 1.0 0.1671875 0.875
0 0.33125 0.509375 0.15625 0.509375 0.15625 0.853125 0.33125 0.853125 0.33125 0.509375
0 0.1359375 0.403125 0.0390625 0.403125 0.0390625 0.5078125 0.1359375 0.5078125 0.1359375 0.403125
0 0.2765625 0.171875 0.1265625 0.171875 0.1265625 0.3640625 0.2765625 0.3640625 0.2765625 0.171875
0 0.40625 0.1171875 0.290625 0.1171875 0.290625 0.2296875 0.40625 0.2296875 0.40625 0.1171875
0 0.453125 0.0015625 0.3109375 0.0015625 0.3109375 0.1171875 0.453125 0.1171875 0.453125 0.0015625
0 0.7546875 0.0015625 0.70625 0.0015625 0.70625 0.134375 0.7546875 0.134375 0.7546875 0.0015625
0 0.1609375 0.0015625 0.0125 0.0015625 0.0125 0.09375 0.1609375 0.09375 0.1609375 0.0015625
0 0.965625 0.0015625 0.896875 0.0015625 0.896875 0.05625 0.965625 0.05625 0.965625 0.0015625
0 1.0 0.0015625 0.971875 0.0015625 0.971875 0.0875 1.0 0.0875 1.0 0.0015625
0 0.2859375 0.3828125 0.115625 0.3828125 0.115625 0.809375 0.2859375 0.809375 0.2859375 0.3828125
0 1.0 0.0015625 0.0015625 0.0015625 0.0015625 1.0 1.0 1.0 1.0 0.0015625
0 0.9390625 0.0015625 0.6953125 0.0015625 0.6953125 0.31875 0.9390625 0.31875 0.9390625 0.0015625
0 1.0 0.0984375 0.95625 0.0984375 0.95625 0.3328125 1.0 0.3328125 1.0 0.0984375
