0 0.421875 0.1578125 0.2890625 0.1578125 0.2890625 0.2875 0.421875 0.2875 0.421875 0.1578125
0 0.115625 0.075 0.0015625 0.075 0.0015625 0.23125 0.115625 0.23125 0.115625 0.075
0 0.4734375 0.55 0.35 0.55 0.35 0.6671875 0.4734375 0.6671875 0.4734375 0.55
0 0.040625 0.596875 0.0015625 0.596875 0.0015625 0.6546875 0.040625 0.6546875 0.040625 0.596875
0 0.409375 0.525 0.2390625 0.525 0.2390625 0.778125 0.409375 0.778125 0.409375 0.525
0 0.2390625 0.3921875 0.065625 0.3921875 0.065625 0.59375 0.2390625 0.59375 0.2390625 0.3921875
0 0.2140625 0.421875 0.0015625 0.421875 0.0015625 0.6140625 0.2140625 0.6140625 0.2140625 0.421875
0 0.2859375 0.246875 0.0453125 0.246875 0.0453125 0.4578125 0.2859375 0.4578125 0.2859375 0.246875
0 0.459375 0.0015625 0.009375 0.0015625 0.009375 0.3171875 0.459375 0.3171875 0.459375 0.0015625
0 0.4171875 0.2921875 0.2875 0.2921875 0.2875 0.3703125 0.4171875 0.3703125 0.4171875 0.2921875
0 0.3078125 0.6 0.1375 0.6 0.1375 0.734375 0.3078125 0.734375 0.3078125 0.6
0 0.1359375 0.5265625 0.0015625 0.5265625 0.0015625 0.665625 0.1359375 0.665625 0.1359375 0.5265625
0 0.475 0.028125 0.1125 0.028125 0.1125 0.540625 0.475 0.540625 0.475 0.028125
0 0.409375 0.0015625 0.3 0.0015625 0.3 0.0484375 0.409375 0.0484375 0.409375 0.0015625
0 0.0828125 0.0015625 0.0765625 0.0015625 0.0765625 0.0015625 0.0828125 0.0015625 0.0828125 0.0015625
0 0.0515625 0.15625 0.0015625 0.15625 0.0015625 0.2625 0.0515625 0.2625 0.0515625 0.15625
0 0.0234375 0.9609375 0.0015625 0.9609375 0.0015625 1.0 0.0234375 1.0 0.0234375 0.9609375
0 0.3734375 0.9671875 0.3390625 0.9671875 0.3390625 1.0 0.3734375 1.0 0.3734375 0.9671875
0 0.5078125 0.653125 0.225 0.653125 0.225 0.89375 0.5078125 0.89375 0.5078125 0.653125
0 0.5359375 0.8203125 0.390625 0.8203125 0.390625 1.0 0.5359375 1.0 0.5359375 0.8203125
0 0.4078125 0.671875 0.1640625 0.671875 0.1640625 0.88125 0.4078125 0.88125 0.4078125 0.671875
0 0.4921875 0.5640625 0.375 0.5640625 0.375 0.69375 0.4921875 0.69375 0.4921875 0.5640625
0 0.19375 0.6015625 0.0890625 0.6015625 0.0890625 0.725 0.19375 0.725 0.19375 0.6015625
0 0.521875 0.4390625 0.1734375 0.4390625 0.1734375 0.7546875 0.521875 0.7546875 0.521875 0.4390625
0 0.0265625 0.365625 0.0015625 0.365625 0.0015625 0.4140625 0.0265625 0.4140625 0.0265625 0.365625
0 0.4765625 0.69375 0.0015625 0.69375 0.0015625 1.0 0.4765625 1.0 0.4765625 0.69375
0 0.0609375 0.0015625 0.0015625 0.0015625 0.0015625 0.14375 0.0609375 0.14375 0.0609375 0.0015625
0 0.465625 0.9265625 0.35625 0.9265625 0.35625 1.0 0.465625 1.0 0.465625 0.9265625
