0 0.640625 0.821875 0.5203125 0.821875 0.5203125 0.9390625 0.640625 0.9390625 0.640625 0.821875
0 0.1703125 0.853125 0.0015625 0.853125 0.0015625 1.0 0.1703125 1.0 0.1703125 0.853125
0 1.0 0.61875 0.8578125 0.61875 0.8578125 0.790625 1.0 0.790625 1.0 0.61875
0 0.7875 0.1953125 0.6203125 0.1953125 0.6203125 0.33125 0.7875 0.33125 0.7875 0.1953125
0 0.884375 0.146875 0.7828125 0.146875 0.7828125 0.2375 0.884375 0.2375 0.884375 0.146875
0 0.6171875 0.9109375 0.5390625 0.9109375 0.5390625 1.0 0.6171875 1.0 0.6171875 0.9109375
0 0.640625 0.2640625 0.503125 0.2640625 0.503125 0.4109375 0.640625 0.4109375 0.640625 0.2640625
0 0.9078125 0.6296875 0.7359375 0.6296875 0.7359375 0.7859375 0.9078125 0.7859375 0.9078125 0.6296875
0 0.8453125 0.2234375 0.7046875 0.2234375 0.7046875 0.3421875 0.8453125 0.3421875 0.8453125 0.2234375
0 0.603125 0.0390625 0.378125 0.0390625 0.378125 0.19375 0.603125 0.19375 0.603125 0.0390625
0 0.634375 0.0015625 0.471875 0.0015625 0.471875 0.0125 0.634375 0.0125 0.634375 0.0015625
0 0.1421875 0.8375 0.0265625 0.8375 0.0265625 0.98125 0.1421875 0.98125 0.1421875 0.8375
0 0.803125 0.6625 0.68125 0.6625 0.68125 0.7859375 0.803125 0.7859375 0.803125 0.6625
0 0.5828125 0.325 0.33125 0.325 0.33125 0.4671875 0.5828125 0.4671875 0.5828125 0.325
0 0.9265625 0.2171875 0.6609375 0.2171875 0.6609375 0.4203125 0.9265625 0.4203125 0.9265625 0.2171875
0 1.0 0.621875 0.896875 0.621875 0.896875 0.69375 1.0 0.69375 1.0 0.621875
0 0.8796875 0.990625 0.828125 0.990625 0.828125 1.0 0.8796875 1.0 0.8796875 0.990625
0 0.78125 0.890625 0.6328125 0.890625 0.6328125 1.0 0.78125 1.0 0.78125 0.890625
0 0.7546875 0.06875 0.590625 0.06875 0.590625 0.1640625 0.7546875 0.1640625 0.7546875 0.06875
0 0.471875 0.0015625 0.3296875 0.0015625 0.3296875 0.05 0.471875 0.05 0.471875 0.0015625
0 1.0 0.903125 0.9546875 0.903125 0.9546875 0.9734375 1.0 0.9734375 1.0 0.903125
0 1.0 0.7875 0.9578125 0.7875 0.9578125 0.8953125 1.0 0.8953125 1.0 0.7875
0 1.0 0.5046875 0.9328125 0.5046875 0.9328125 0.5671875 1.0 0.5671875 1.0 0.5046875
0 0.828125 0.9921875 0.815625 0.9921875 0.815625 1.0 0.828125 1.0 0.828125 0.9921875
0 0.296875 0.0015625 0.171875 0.0015625 0.171875 0.1234375 0.296875 0.1234375 0.296875 0.0015625
0 0.725 0.18125 0.0015625 0.18125 0.0015625 0.95 0.725 0.95 0.725 0.18125
0 0.0078125 0.98125 0.0015625 0.98125 0.0015625 1.0 0.0078125 1.0 0.0078125 0.98125
0 0.5671875 0.778125 0.2859375 0.778125 0.2859375 1.0 0.5671875 1.0 0.5671875 0.778125
0 1.0 0.3765625 0.421875 0.3765625 0.421875 0.875 1.0 0.875 1.0 0.3765625
0 0.7328125 0.29375 0.55625 0.29375 0.55625 0.4453125 0.7328125 0.4453125 0.7328125 0.29375
0 0.940625 0.91875 0.8796875 0.91875 0.8796875 1.0 0.940625 1.0 0.940625 0.91875
0 0.975 0.6890625 0.828125 0.6890625 0.828125 0.784375 0.975 0.784375 0.975 0.6890625
0 1.0 0.590625 0.921875 0.590625 0.921875 0.6578125 1.0 0.6578125 1.0 0.590625
0 1.0 0.221875 0.8890625 0.221875 0.8890625 0.371875 1.0 0.371875 1.0 0.221875
0 1.0 0.00625 0.9078125 0.00625 0.9078125 0.1359375 1.0 0.1359375 1.0 0.00625
