0 0.9375 0.1796875 0.7984375 0.1796875 0.7984375 0.3640625 0.9375 0.3640625 0.9375 0.1796875
0 0.7109375 0.0015625 0.640625 0.0015625 0.640625 0.021875 0.7109375 0.021875 0.7109375 0.0015625
0 0.475 0.1546875 0.3328125 0.1546875 0.3328125 0.3140625 0.475 0.3140625 0.475 0.1546875
0 0.775 0.0015625 0.64375 0.0015625 0.64375 0.0609375 0.775 0.0609375 0.775 0.0015625
0 0.915625 0.0015625 0.8171875 0.0015625 0.8171875 0.08125 0.915625 0.08125 0.915625 0.0015625
0 0.50625 0.0015625 0.40625 0.0015625 0.40625 0.225 0.50625 0.225 0.50625 0.0015625
0 0.4453125 0.0015625 0.378125 0.0015625 0.378125 0.146875 0.4453125 0.146875 0.4453125 0.0015625
0 0.5421875 0.1875 0.3890625 0.1875 0.3890625 0.2890625 0.5421875 0.2890625 0.5421875 0.1875
0 0.890625 0.0015625 0.79375 0.0015625 0.79375 0.1359375 0.890625 0.1359375 0.890625 0.0015625
0 0.453125 0.0015625 0.34375 0.0015625 0.34375 0.1625 0.453125 0.1625 0.453125 0.0015625
0 1.0 0.0015625 0.86875 0.0015625 0.86875 0.096875 1.0 0.096875 1.0 0.0015625
0 0.384375 0.0015625 0.3125 0.0015625 0.3125 0.190625 0.384375 0.190625 0.384375 0.0015625
0 0.64375 0.0015625 0.4171875 0.0015625 0.4171875 0.1515625 0.64375 0.1515625 0.64375 0.0015625
0 1.0 0.0015625 0.746875 0.0015625 0.746875 0.325 1.0 0.325 1.0 0.0015625
