0 1.0 0.0015625 0.99375 0.0015625 0.99375 0.0109375 1.0 0.0109375 1.0 0.0015625
0 1.0 0.7734375 0.9203125 0.7734375 0.9203125 1.0 1.0 1.0 1.0 0.7734375
0 0.1 0.8265625 0.0015625 0.8265625 0.0015625 0.9328125 0.1 0.9328125 0.1 0.8265625
0 0.1890625 0.7609375 0.11875 0.7609375 0.11875 0.8828125 0.1890625 0.8828125 0.1890625 0.7609375
0 0.3265625 0.0921875 0.259375 0.0921875 0.259375 0.253125 0.3265625 0.253125 0.3265625 0.0921875
0 0.0078125 0.0015625 0.0015625 0.0015625 0.0015625 0.0359375 0.0078125 0.0359375 0.0078125 0.0015625
0 0.2296875 0.184375 0.1875 0.184375 0.1875 0.371875 0.2296875 0.371875 0.2296875 0.184375
0 0.0015625 0.8203125 0.0015625 0.8203125 0.0015625 0.828125 0.0015625 0.828125 0.0015625 0.8203125
0 0.6578125 0.7546875 0.4515625 0.7546875 0.4515625 1.0 0.6578125 1.0 0.6578125 0.7546875
0 0.5234375 0.6265625 0.3640625 0.6265625 0.3640625 0.76875 0.5234375 0.76875 0.5234375 0.6265625
0 0.346875 0.5203125 0.2828125 0.5203125 0.2828125 0.725 0.346875 0.725 0.346875 0.5203125
0 0.7296875 0.0015625 0.5546875 0.0015625 0.5546875 0.090625 0.7296875 0.090625 0.7296875 0.0015625
0 0.78125 0.8734375 0.6671875 0.8734375 0.6671875 0.9828125 0.78125 0.9828125 0.78125 0.8734375
0 0.065625 0.99375 0.01875 0.99375 0.01875 1.0 0.065625 1.0 0.065625 0.99375
0 0.0859375 0.340625 0.0015625 0.340625 0.0015625 0.5703125 0.0859375 0.5703125 0.0859375 0.340625
0 0.7609375 0.9484375 0.50625 0.9484375 0.50625 1.0 0.7609375 1.0 0.7609375 0.9484375
0 0.30625 0.8078125 0.24375 0.8078125 0.24375 0.9578125 0.30625 0.9578125 0.30625 0.8078125
0 0.8046875 0.7265625 0.6421875 0.7265625 0.6421875 0.91875 0.8046875 0.91875 0.8046875 0.7265625
0 0.178125 0.6359375 0.0015625 0.6359375 0.0015625 0.7921875 0.178125 0.7921875 0.178125 0.6359375
0 0.6609375 0.5015625 0.503125 0.5015625 0.503125 0.6828125 0.6609375 0.6828125 0.6609375 0.5015625
0 0.240625 0.4859375 0.1640625 0.4859375 0.1640625 0.65625 0.240625 0.65625 0.240625 0.4859375
0 0.5875 0.396875 0.4515625 0.396875 0.4515625 0.5625 0.5875 0.5625 0.5875 0.396875
0 0.159375 0.2953125 0.046875 0.2953125 0.046875 0.4734375 0.159375 0.4734375 0.159375 0.2953125
0 0.825 0.1296875 0.7515625 0.1296875 0.7515625 0.253125 0.825 0.253125 0.825 0.1296875
0 0.5296875 0.0015625 0.3375 0.0015625 0.3375 0.2453125 0.5296875 0.2453125 0.5296875 0.0015625
0 0.678125 0.9140625 0.4875 0.9140625 0.4875 1.0 0.678125 1.0 0.678125 0.9140625
0 0.134375 0.9328125 0.0796875 0.9328125 0.0796875 1.0 0.134375 1.0 0.134375 0.9328125
0 0.2265625 0.3796875 0.165625 0.3796875 0.165625 0.584375 0.2265625 0.584375 0.2265625 0.3796875
0 0.5515625 0.4484375 0.3671875 0.4484375 0.3671875 0.6515625 0.5515625 0.6515625 0.5515625 0.4484375
0 0.4578125 0.2828125 0.33125 0.2828125 0.33125 0.4421875 0.4578125 0.4421875 0.4578125 0.2828125
0 0.5484375 0.0015625 0.3953125 0.0015625 0.3953125 0.1546875 0.5484375 0.1546875 0.5484375 0.0015625
0 0.865625 0.94375 0.7734375 0.94375 0.7734375 1.0 0.865625 1.0 0.865625 0.94375
0 1.0 0.596875 0.859375 0.596875 0.859375 1.0 1.0 1.0 1.0 0.596875
0 1.0 0.8375 0.971875 0.8375 0.971875 0.975 1.0 0.975 1.0 0.8375
0 0.65625 0.79375 0.5578125 0.79375 0.5578125 0.915625 0.65625 0.915625 0.65625 0.79375
0 0.6109375 0.66875 0.5109375 0.66875 0.5109375 0.7796875 0.6109375 0.7796875 0.6109375 0.66875
0 0.9015625 0.5265625 0.8390625 0.5265625 0.8390625 0.696875 0.9015625 0.696875 0.9015625 0.5265625
0 1.0 0.378125 0.996875 0.378125 0.996875 0.40625 1.0 0.40625 1.0 0.378125
0 0.6625 0.2265625 0.490625 0.2265625 0.490625 0.3703125 0.6625 0.3703125 0.6625 0.2265625
0 0.828125 0.034375 0.7234375 0.034375 0.7234375 0.13125 0.828125 0.13125 0.828125 0.034375
0 0.696875 0.025 0.571875 0.025 0.571875 0.1359375 0.696875 0.1359375 0.696875 0.025
0 1.0 0.0015625 0.0015625 0.0015625 0.0015625 1.0 1.0 1.0 1.0 0.0015625
0 0.6984375 0.7375 0.5453125 0.7375 0.5453125 0.85 0.6984375 0.85 0.6984375 0.7375
