0 0.171875 0.153125 0.03125 0.153125 0.03125 0.3703125 0.171875 0.3703125 0.171875 0.153125
0 0.021875 0.0015625 0.0015625 0.0015625 0.0015625 0.35 0.021875 0.35 0.021875 0.0015625
0 0.0796875 0.684375 0.0015625 0.684375 0.0015625 1.0 0.0796875 1.0 0.0796875 0.684375
0 0.0109375 0.59375 0.0015625 0.59375 0.0015625 0.659375 0.0109375 0.659375 0.0109375 0.59375
0 0.1578125 0.1609375 0.0515625 0.1609375 0.0515625 0.43125 0.1578125 0.43125 0.1578125 0.1609375
0 0.30625 0.0015625 0.1328125 0.0015625 0.1328125 0.2421875 0.30625 0.2421875 0.30625 0.0015625
0 0.775 0.8796875 0.6578125 0.8796875 0.6578125 1.0 0.775 1.0 0.775 0.8796875
0 1.0 0.7 0.84375 0.7 0.84375 0.9546875 1.0 0.9546875 1.0 0.7
0 0.7171875 0.721875 0.6328125 0.721875 0.6328125 0.8671875 0.7171875 0.8671875 0.7171875 0.721875
0 0.890625 0.6578125 0.6859375 0.6578125 0.6859375 0.834375 0.890625 0.834375 0.890625 0.6578125
0 1.0 0.553125 0.953125 0.553125 0.953125 0.7453125 1.0 0.7453125 1.0 0.553125
0 1.0 0.359375 0.834375 0.359375 0.834375 0.6203125 1.0 0.6203125 1.0 0.359375
0 1.0 0.0015625 0.7265625 0.0015625 0.7265625 0.1765625 1.0 0.1765625 1.0 0.0015625
0 1.0 0.315625 0.2265625 0.315625 0.2265625 1.0 1.0 1.0 1.0 0.315625
0 0.03125 0.2671875 0.0015625 0.2671875 0.0015625 0.4765625 0.03125 0.4765625 0.03125 0.2671875
0 0.5578125 0.0015625 0.0015625 0.0015625 0.0015625 0.4484375 0.5578125 0.4484375 0.5578125 0.0015625
0 0.15625 0.4640625 0.01875 0.4640625 0.01875 1.0 0.15625 1.0 0.15625 0.4640625
0 0.0765625 0.6546875 0.0015625 0.6546875 0.0015625 1.0 0.0765625 1.0 0.0765625 0.6546875
0 0.6984375 0.153125 0.5375 0.153125 0.5375 0.625 0.6984375 0.625 0.6984375 0.153125
0 1.0 0.50625 0.9390625 0.50625 0.9390625 0.5859375 1.0 0.5859375 1.0 0.50625
0 1.0 0.0625 0.990625 0.0625 0.990625 0.075 1.0 0.075 1.0 0.0625
