0 0.2359375 0.8015625 0.1234375 0.8015625 0.1234375 0.91875 0.2359375 0.91875 0.2359375 0.8015625
0 0.309375 0.7625 0.2078125 0.7625 0.2078125 0.8671875 0.309375 0.8671875 0.309375 0.7625
0 0.1984375 0.75625 0.0421875 0.75625 0.0421875 0.903125 0.1984375 0.903125 0.1984375 0.75625
0 0.3265625 0.25625 0.134375 0.25625 0.134375 0.465625 0.3265625 0.465625 0.3265625 0.25625
0 0.1484375 0.0015625 0.0015625 0.0015625 0.0015625 0.2390625 0.1484375 0.2390625 0.1484375 0.0015625
0 0.5421875 0.0015625 0.3765625 0.0015625 0.3765625 0.1671875 0.5421875 0.1671875 0.5421875 0.0015625
0 0.36875 0.7640625 0.2984375 0.7640625 0.2984375 1.0 0.36875 1.0 0.36875 0.7640625
0 0.0078125 0.8890625 0.0015625 0.8890625 0.0015625 0.903125 0.0078125 0.903125 0.0078125 0.8890625
0 0.19375 0.659375 0.0015625 0.659375 0.0015625 0.8609375 0.19375 0.8609375 0.19375 0.659375
0 1.0 0.9609375 0.9625 0.9609375 0.9625 1.0 1.0 1.0 1.0 0.9609375
0 0.0984375 0.3421875 0.0015625 0.3421875 0.0015625 0.4453125 0.0984375 0.4453125 0.0984375 0.3421875
0 0.6140625 0.271875 0.5 0.271875 0.5 0.365625 0.6140625 0.365625 0.6140625 0.271875
0 1.0 0.8703125 0.8921875 0.8703125 0.8921875 1.0 1.0 1.0 1.0 0.8703125
0 0.9390625 0.65625 0.7609375 0.65625 0.7609375 0.79375 0.9390625 0.79375 0.9390625 0.65625
0 1.0 0.5671875 0.9359375 0.5671875 0.9359375 0.6640625 1.0 0.6640625 1.0 0.5671875
0 1.0 0.60625 0.803125 0.60625 0.803125 0.725 1.0 0.725 1.0 0.60625
0 0.334375 0.846875 0.209375 0.846875 0.209375 1.0 0.334375 1.0 0.334375 0.846875
0 0.50625 0.79375 0.4015625 0.79375 0.4015625 0.9484375 0.50625 0.9484375 0.50625 0.79375
0 0.221875 0.5578125 0.0015625 0.5578125 0.0015625 0.8984375 0.221875 0.8984375 0.221875 0.5578125
0 0.1515625 0.3953125 0.0625 0.3953125 0.0625 0.4984375 0.1515625 0.4984375 0.1515625 0.3953125
0 0.046875 0.0015625 0.0015625 0.0015625 0.0015625 0.128125 0.046875 0.128125 0.046875 0.0015625
0 0.7703125 0.0015625 0.496875 0.0015625 0.496875 0.2 0.7703125 0.2 0.7703125 0.0015625
0 0.6546875 0.4828125 0.55625 0.4828125 0.55625 0.690625 0.6546875 0.690625 0.6546875 0.4828125
0 0.95 0.4796875 0.8296875 0.4796875 0.8296875 0.690625 0.95 0.690625 0.95 0.4796875
0 0.8828125 0.0015625 0.809375 0.0015625 0.809375 0.015625 0.8828125 0.015625 0.8828125 0.0015625
0 0.2515625 0.88125 0.0015625 0.88125 0.0015625 1.0 0.2515625 1.0 0.2515625 0.88125
0 0.0484375 0.7546875 0.0015625 0.7546875 0.0015625 0.821875 0.0484375 0.821875 0.0484375 0.7546875
0 0.0421875 0.5390625 0.0015625 0.5390625 0.0015625 0.64375 0.0421875 0.64375 0.0421875 0.5390625
0 0.0484375 0.390625 0.0015625 0.390625 0.0015625 0.521875 0.0484375 0.521875 0.0484375 0.390625
0 0.4171875 0.8015625 0.33125 0.8015625 0.33125 0.959375 0.4171875 0.959375 0.4171875 0.8015625
0 0.103125 0.0015625 0.0296875 0.0015625 0.0296875 0.065625 0.103125 0.065625 0.103125 0.0015625
0 0.4734375 0.734375 0.3953125 0.734375 0.3953125 0.8859375 0.4734375 0.8859375 0.4734375 0.734375
0 0.3359375 0.6796875 0.19375 0.6796875 0.19375 0.775 0.3359375 0.775 0.3359375 0.6796875
0 0.275 0.4703125 0.16875 0.4703125 0.16875 0.659375 0.275 0.659375 0.275 0.4703125
0 1.0 0.20625 0.80625 0.20625 0.80625 0.3578125 1.0 0.3578125 1.0 0.20625
0 1.0 0.090625 0.8390625 0.090625 0.8390625 0.2046875 1.0 0.2046875 1.0 0.090625
0 0.715625 0.084375 0.6078125 0.084375 0.6078125 0.1765625 0.715625 0.1765625 0.715625 0.084375
0 0.5703125 0.0015625 0.4953125 0.0015625 0.4953125 0.034375 0.5703125 0.034375 0.5703125 0.0015625
0 1.0 0.3890625 0.9171875 0.3890625 0.9171875 0.6234375 1.0 0.6234375 1.0 0.3890625
0 0.6125 0.2890625 0.2 0.2890625 0.2 1.0 0.6125 1.0 0.6125 0.2890625
0 0.0390625 0.496875 0.0015625 0.496875 0.0015625 0.559375 0.0390625 0.559375 0.0390625 0.496875
0 1.0 0.0015625 0.0015625 0.0015625 0.0015625 1.0 1.0 1.0 1.0 0.0015625
0 0.659375 0.0015625 0.584375 0.0015625 0.584375 0.0859375 0.659375 0.0859375 0.659375 0.0015625
