0 0.6859375 0.0265625 0.5640625 0.0265625 0.5640625 0.23125 0.6859375 0.23125 0.6859375 0.0265625
0 0.9640625 0.0015625 0.9046875 0.0015625 0.9046875 0.096875 0.9640625 0.096875 0.9640625 0.0015625
0 0.8359375 0.0015625 0.721875 0.0015625 0.721875 0.0546875 0.8359375 0.0546875 0.8359375 0.0015625
0 0.5375 0.18125 0.4359375 0.18125 0.4359375 0.29375 0.5375 0.29375 0.5375 0.18125
0 0.753125 0.0296875 0.6421875 0.0296875 0.6421875 0.26875 0.753125 0.26875 0.753125 0.0296875
0 0.95625 0.5921875 0.83125 0.5921875 0.83125 0.790625 0.95625 0.790625 0.95625 0.5921875
0 0.96875 0.071875 0.840625 0.071875 0.840625 0.2390625 0.96875 0.2390625 0.96875 0.071875
0 0.6609375 0.0015625 0.584375 0.0015625 0.584375 0.1640625 0.6609375 0.1640625 0.6609375 0.0015625
0 0.875 0.0015625 0.821875 0.0015625 0.821875 0.040625 0.875 0.040625 0.875 0.0015625
0 0.8390625 0.9046875 0.7234375 0.9046875 0.7234375 1.0 0.8390625 1.0 0.8390625 0.9046875
0 0.3046875 0.834375 0.1421875 0.834375 0.1421875 0.9734375 0.3046875 0.9734375 0.3046875 0.834375
0 0.553125 0.81875 0.4171875 0.81875 0.4171875 0.9296875 0.553125 0.9296875 0.553125 0.81875
0 0.690625 0.15 0.5546875 0.15 0.5546875 0.3671875 0.690625 0.3671875 0.690625 0.15
0 0.2890625 0.121875 0.203125 0.121875 0.203125 0.26875 0.2890625 0.26875 0.2890625 0.121875
0 0.540625 0.0015625 0.471875 0.0015625 0.471875 0.2265625 0.540625 0.2265625 0.540625 0.0015625
0 0.9515625 0.60625 0.78125 0.60625 0.78125 0.83125 0.9515625 0.83125 0.9515625 0.60625
0 0.775 0.0015625 0.678125 0.0015625 0.678125 0.0671875 0.775 0.0671875 0.775 0.0015625
0 0.06875 0.5515625 0.0015625 0.5515625 0.0015625 0.6625 0.06875 0.6625 0.06875 0.5515625
0 0.3921875 0.684375 0.0015625 0.684375 0.0015625 1.0 0.3921875 1.0 0.3921875 0.684375
0 0.190625 0.0015625 0.0015625 0.0015625 0.0015625 0.378125 0.190625 0.378125 0.190625 0.0015625
0 0.41875 0.9640625 0.3359375 0.9640625 0.3359375 1.0 0.41875 1.0 0.41875 0.9640625
0 0.815625 0.6890625 0.36875 0.6890625 0.36875 1.0 0.815625 1.0 0.815625 0.6890625
0 0.3078125 0.9125 0.140625 0.9125 0.140625 1.0 0.3078125 1.0 0.3078125 0.9125
0 0.8953125 0.634375 0.5125 0.634375 0.5125 0.8421875 0.8953125 0.8421875 0.8953125 0.634375
0 0.3328125 0.625 0.178125 0.625 0.178125 0.74375 0.3328125 0.74375 0.3328125 0.625
0 0.3734375 0.559375 0.259375 0.559375 0.259375 0.675 0.3734375 0.675 0.3734375 0.559375
0 0.5671875 0.4359375 0.396875 0.4359375 0.396875 0.6765625 0.5671875 0.6765625 0.5671875 0.4359375
0 0.553125 0.2578125 0.040625 0.2578125 0.040625 0.4671875 0.553125 0.4671875 0.553125 0.2578125
0 0.46875 0.146875 0.3328125 0.146875 0.3328125 0.3359375 0.46875 0.3359375 0.46875 0.146875
0 0.5640625 0.0015625 0.4921875 0.0015625 0.4921875 0.1375 0.5640625 0.1375 0.5640625 0.0015625
0 0.9203125 0.9765625 0.8609375 0.9765625 0.8609375 1.0 0.9203125 1.0 0.9203125 0.9765625
0 1.0 0.5484375 0.8609375 0.5484375 0.8609375 0.9484375 1.0 0.9484375 1.0 0.5484375
0 0.7578125 0.225 0.55625 0.225 0.55625 0.5890625 0.7578125 0.5890625 0.7578125 0.225
0 1.0 0.4328125 0.9453125 0.4328125 0.9453125 0.6109375 1.0 0.6109375 1.0 0.4328125
0 0.9328125 0.41875 0.7765625 0.41875 0.7765625 0.5578125 0.9328125 0.5578125 0.9328125 0.41875
0 0.96875 0.325 0.8484375 0.325 0.8484375 0.4546875 0.96875 0.4546875 0.96875 0.325
0 1.0 0.28125 0.9921875 0.28125 0.9921875 0.3015625 1.0 0.3015625 1.0 0.28125
0 0.9359375 0.0328125 0.7125 0.0328125 0.7125 0.4 0.9359375 0.4 0.9359375 0.0328125
0 0.4703125 0.4 0.28125 0.4 0.28125 0.4984375 0.4703125 0.4984375 0.4703125 0.4
0 0.45 0.0703125 0.353125 0.0703125 0.353125 0.165625 0.45 0.165625 0.45 0.0703125
0 1.0 0.25625 0.96875 0.25625 0.96875 0.2890625 1.0 0.2890625 1.0 0.25625
0 0.6109375 0.0015625 0.55 0.0015625 0.55 0.1078125 0.6109375 0.1078125 0.6109375 0.0015625
0 1.0 0.0015625 0.0015625 0.0015625 0.0015625 1.0 1.0 1.0 1.0 0.0015625
0 0.071875 0.6828125 0.0015625 0.6828125 0.0015625 0.728125 0.071875 0.728125 0.071875 0.6828125
0 0.14375 0.2453125 0.0015625 0.2453125 0.0015625 0.6828125 0.14375 0.6828125 0.14375 0.2453125
0 0.2296875 0.18125 0.028125 0.18125 0.028125 0.3875 0.2296875 0.3875 0.2296875 0.18125
0 0.115625 0.0015625 0.025 0.0015625 0.025 0.0921875 0.115625 0.0921875 0.115625 0.0015625
0 0.015625 0.0015625 0.0015625 0.0015625 0.0015625 0.0375 0.015625 0.0375 0.015625 0.0015625
0 0.6515625 0.9546875 0.48125 0.9546875 0.48125 1.0 0.6515625 1.0 0.6515625 0.9546875
0 0.9609375 0.6078125 0.4921875 0.6078125 0.4921875 1.0 0.9609375 1.0 0.9609375 0.6078125
0 0.4765625 0.0015625 0.3375 0.0015625 0.3375 0.1546875 0.4765625 0.1546875 0.4765625 0.0015625
0 1.0 0.934375 0.8328125 0.934375 0.8328125 1.0 1.0 1.0 1.0 0.934375
0 0.54375 0.3125 0.334375 0.3125 0.334375 0.3921875 0.54375 0.3921875 0.54375 0.3125
0 0.490625 0.11875 0.4046875 0.11875 0.4046875 0.29375 0.490625 0.29375 0.490625 0.11875
0 0.346875 0.08125 0.2546875 0.08125 0.2546875 0.2890625 0.346875 0.2890625 0.346875 0.08125
0 0.9359375 0.0046875 0.8203125 0.0046875 0.8203125 0.2796875 0.9359375 0.2796875 0.9359375 0.0046875
