0 0.6171875 0.88125 0.4203125 0.88125 0.4203125 1.0 0.6171875 1.0 0.6171875 0.88125
0 0.5609375 0.89375 0.3953125 0.89375 0.3953125 1.0 0.5609375 1.0 0.5609375 0.89375
0 0.528125 0.775 0.425 0.775 0.425 0.8921875 0.528125 0.8921875 0.528125 0.775
0 0.4109375 0.0015625 0.115625 0.0015625 0.115625 0.521875 0.4109375 0.521875 0.4109375 0.0015625
0 0.2703125 0.0015625 0.196875 0.0015625 0.196875 0.1265625 0.2703125 0.1265625 0.2703125 0.0015625
0 0.2796875 0.0703125 0.165625 0.0703125 0.165625 0.228125 0.2796875 0.228125 0.2796875 0.0703125
0 0.2484375 0.3578125 0.165625 0.3578125 0.165625 0.5578125 0.2484375 0.5578125 0.2484375 0.3578125
0 0.3234375 0.90625 0.2640625 0.90625 0.2640625 1.0 0.3234375 1.0 0.3234375 0.90625
0 0.21875 0.7953125 0.0578125 0.7953125 0.0578125 0.95 0.21875 0.95 0.21875 0.7953125
0 0.35625 0.540625 0.2046875 0.540625 0.2046875 0.75625 0.35625 0.75625 0.35625 0.540625
0 0.6375 0.3109375 0.5421875 0.3109375 0.5421875 0.45 0.6375 0.45 0.6375 0.3109375
0 0.3234375 0.0015625 0.2453125 0.0015625 0.2453125 0.1359375 0.3234375 0.1359375 0.3234375 0.0015625
0 0.0265625 0.015625 0.0015625 0.015625 0.0015625 0.04375 0.0265625 0.04375 0.0265625 0.015625
0 0.3203125 0.64375 0.2375 0.64375 0.2375 0.75 0.3203125 0.75 0.3203125 0.64375
0 0.759375 0.4625 0.590625 0.4625 0.590625 0.5421875 0.759375 0.5421875 0.759375 0.4625
0 0.53125 0.0015625 0.359375 0.0015625 0.359375 0.23125 0.53125 0.23125 0.53125 0.0015625
0 0.5671875 0.0015625 0.5078125 0.0015625 0.5078125 0.075 0.5671875 0.075 0.5671875 0.0015625
0 1.0 0.9109375 0.925 0.9109375 0.925 1.0 1.0 1.0 1.0 0.9109375
0 0.6828125 0.88125 0.60625 0.88125 0.60625 1.0 0.6828125 1.0 0.6828125 0.88125
0 0.765625 0.615625 0.5265625 0.615625 0.5265625 0.78125 0.765625 0.78125 0.765625 0.615625
0 0.60625 0.3703125 0.4671875 0.3703125 0.4671875 0.6359375 0.60625 0.6359375 0.60625 0.3703125
0 0.33125 0.375 0.23125 0.375 0.23125 0.4875 0.33125 0.4875 0.33125 0.375
0 0.4546875 0.2203125 0.3375 0.2203125 0.3375 0.3515625 0.4546875 0.3515625 0.4546875 0.2203125
0 0.9 0.6609375 0.70625 0.6609375 0.70625 0.940625 0.9 0.940625 0.9 0.6609375
0 1.0 0.7421875 0.8625 0.7421875 0.8625 0.865625 1.0 0.865625 1.0 0.7421875
0 0.9953125 0.4828125 0.88125 0.4828125 0.88125 0.6109375 0.9953125 0.6109375 0.9953125 0.4828125
0 0.8375 0.3265625 0.7515625 0.3265625 0.7515625 0.546875 0.8375 0.546875 0.8375 0.3265625
0 0.9359375 0.0015625 0.625 0.0015625 0.625 0.3109375 0.9359375 0.3109375 0.9359375 0.0015625
0 0.7953125 0.0015625 0.7125 0.0015625 0.7125 0.0640625 0.7953125 0.0640625 0.7953125 0.0015625
0 0.4375 0.7953125 0.33125 0.7953125 0.33125 1.0 0.4375 1.0 0.4375 0.7953125
0 0.4578125 0.2453125 0.3984375 0.2453125 0.3984375 0.475 0.4578125 0.475 0.4578125 0.2453125
0 0.6125 0.134375 0.4890625 0.134375 0.4890625 0.3859375 0.6125 0.3859375 0.6125 0.134375
0 0.9921875 0.8171875 0.8796875 0.8171875 0.8796875 0.94375 0.9921875 0.94375 0.9921875 0.8171875
0 0.759375 0.490625 0.5265625 0.490625 0.5265625 0.590625 0.759375 0.590625 0.759375 0.490625
0 1.0 0.2 0.9515625 0.2 0.9515625 0.278125 1.0 0.278125 1.0 0.2
0 0.0515625 0.503125 0.0015625 0.503125 0.0015625 0.5375 0.0515625 0.5375 0.0515625 0.503125
0 0.2203125 0.0015625 0.0015625 0.0015625 0.0015625 0.475 0.2203125 0.475 0.2203125 0.0015625
0 1.0 0.0015625 0.0015625 0.0015625 0.0015625 1.0 1.0 1.0 1.0 0.0015625
0 0.39375 0.1265625 0.2578125 0.1265625 0.2578125 0.3578125 0.39375 0.3578125 0.39375 0.1265625
