0 0.215625 0.8265625 0.146875 0.8265625 0.146875 1.0 0.215625 1.0 0.215625 0.8265625
0 0.4859375 0.871875 0.3828125 0.871875 0.3828125 1.0 0.4859375 1.0 0.4859375 0.871875
0 0.3515625 0.6015625 0.1890625 0.6015625 0.1890625 0.8203125 0.3515625 0.8203125 0.3515625 0.6015625
0 0.496875 0.46875 0.3078125 0.46875 0.3078125 0.659375 0.496875 0.659375 0.496875 0.46875
0 0.4875 0.5421875 0.3015625 0.5421875 0.3015625 0.815625 0.4875 0.815625 0.4875 0.5421875
0 0.6859375 0.484375 0.59375 0.484375 0.59375 0.6171875 0.6859375 0.6171875 0.6859375 0.484375
0 0.5203125 0.571875 0.3375 0.571875 0.3375 0.7390625 0.5203125 0.7390625 0.5203125 0.571875
0 0.16875 0.79375 0.0703125 0.79375 0.0703125 0.959375 0.16875 0.959375 0.16875 0.79375
0 0.046875 0.9703125 0.0015625 0.9703125 0.0015625 1.0 0.046875 1.0 0.046875 0.9703125
0 0.2734375 1.0 0.24375 1.0 0.24375 1.0 0.2734375 1.0 0.2734375 1.0
0 0.0078125 0.8265625 0.0015625 0.8265625 0.0015625 0.9578125 0.0078125 0.9578125 0.0078125 0.8265625
0 0.08125 0.4375 0.0015625 0.4375 0.0015625 0.5359375 0.08125 0.5359375 0.08125 0.4375
0 0.4625 0.7953125 0.3421875 0.7953125 0.3421875 0.878125 0.4625 0.878125 0.4625 0.7953125
0 0.146875 0.95625 0.1296875 0.95625 0.1296875 1.0 0.146875 1.0 0.146875 0.95625
0 0.715625 0.0109375 0.4703125 0.0109375 0.4703125 0.1953125 0.715625 0.1953125 0.715625 0.0109375
0 0.2578125 0.5609375 0.13125 0.5609375 0.13125 0.83125 0.2578125 0.83125 0.2578125 0.5609375
0 0.2875 0.0015625 0.190625 0.0015625 0.190625 0.034375 0.2875 0.034375 0.2875 0.0015625
0 0.684375 0.0015625 0.4546875 0.0015625 0.4546875 0.1625 0.684375 0.1625 0.684375 0.0015625
0 0.025 0.6640625 0.0015625 0.6640625 0.0015625 0.68125 0.025 0.68125 0.025 0.6640625
0 0.1140625 0.7234375 0.0015625 0.7234375 0.0015625 0.821875 0.1140625 0.821875 0.1140625 0.7234375
0 0.2515625 0.4171875 0.0453125 0.4171875 0.0453125 0.6015625 0.2515625 0.6015625 0.2515625 0.4171875
0 0.8421875 0.0015625 0.7390625 0.0015625 0.7390625 0.0578125 0.8421875 0.0578125 0.8421875 0.0015625
0 0.4 0.8765625 0.2671875 0.8765625 0.2671875 1.0 0.4 1.0 0.4 0.8765625
0 0.0828125 0.6796875 0.0015625 0.6796875 0.0015625 0.746875 0.0828125 0.746875 0.0828125 0.6796875
0 0.478125 0.015625 0.3796875 0.015625 0.3796875 0.1921875 0.478125 0.1921875 0.478125 0.015625
0 0.3703125 0.140625 0.234375 0.140625 0.234375 0.290625 0.3703125 0.290625 0.3703125 0.140625
0 1.0 0.0015625 0.8171875 0.0015625 0.8171875 0.08125 1.0 0.08125 1.0 0.0015625
0 0.1390625 0.734375 0.0015625 0.734375 0.0015625 1.0 0.1390625 1.0 0.1390625 0.734375
0 0.346875 0.690625 0.128125 0.690625 0.128125 1.0 0.346875 1.0 0.346875 0.690625
0 0.434375 0.7984375 0.3125 0.7984375 0.3125 0.9328125 0.434375 0.9328125 0.434375 0.7984375
0 0.715625 0.584375 0.575 0.584375 0.575 0.7296875 0.715625 0.7296875 0.715625 0.584375
0 0.275 0.6890625 0.109375 0.6890625 0.109375 0.89375 0.275 0.89375 0.275 0.6890625
0 0.4640625 0.490625 0.378125 0.490625 0.378125 0.60625 0.4640625 0.60625 0.4640625 0.490625
0 0.6359375 0.4046875 0.4296875 0.4046875 0.4296875 0.6484375 0.6359375 0.6484375 0.6359375 0.4046875
0 0.565625 0.1828125 0.3421875 0.1828125 0.3421875 0.4515625 0.565625 0.4515625 0.565625 0.1828125
0 0.3625 0.1609375 0.2203125 0.1609375 0.2203125 0.3734375 0.3625 0.3734375 0.3625 0.1609375
0 0.0765625 0.034375 0.0015625 0.034375 0.0015625 0.165625 0.0765625 0.165625 0.0765625 0.034375
0 0.1453125 0.0015625 0.134375 0.0015625 0.134375 0.009375 0.1453125 0.009375 0.1453125 0.0015625
0 1.0 0.83125 0.8609375 0.83125 0.8609375 0.9390625 1.0 0.9390625 1.0 0.83125
0 0.8421875 0.634375 0.44375 0.634375 0.44375 1.0 0.8421875 1.0 0.8421875 0.634375
0 1.0 0.5890625 0.7265625 0.5890625 0.7265625 0.8234375 1.0 0.8234375 1.0 0.5890625
0 0.821875 0.4484375 0.6359375 0.4484375 0.6359375 0.5828125 0.821875 0.5828125 0.821875 0.4484375
0 0.9296875 0.390625 0.8078125 0.390625 0.8078125 0.5703125 0.9296875 0.5703125 0.9296875 0.390625
0 0.05625 0.653125 0.0015625 0.653125 0.0015625 0.728125 0.05625 0.728125 0.05625 0.653125
0 0.078125 0.559375 0.0015625 0.559375 0.0015625 0.6515625 0.078125 0.6515625 0.078125 0.559375
0 0.1296875 0.0015625 0.0015625 0.0015625 0.0015625 0.1734375 0.1296875 0.1734375 0.1296875 0.0015625
0 0.528125 0.753125 0.4359375 0.753125 0.4359375 0.9625 0.528125 0.9625 0.528125 0.753125
0 0.5265625 0.46875 0.4234375 0.46875 0.4234375 0.6453125 0.5265625 0.6453125 0.5265625 0.46875
0 0.3078125 0.3265625 0.0984375 0.3265625 0.0984375 0.5609375 0.3078125 0.5609375 0.3078125 0.3265625
0 0.3046875 0.0015625 0.290625 0.0015625 0.290625 0.003125 0.3046875 0.003125 0.3046875 0.0015625
0 0.709375 0.640625 0.5359375 0.640625 0.5359375 0.871875 0.709375 0.871875 0.709375 0.640625
0 1.0 0.384375 0.9796875 0.384375 0.9796875 0.4546875 1.0 0.4546875 1.0 0.384375
0 1.0 0.20625 0.9875 0.20625 0.9875 0.2296875 1.0 0.2296875 1.0 0.20625
0 0.4109375 0.375 0.275 0.375 0.275 0.4875 0.4109375 0.4875 0.4109375 0.375
0 1.0 0.534375 0.9 0.534375 0.9 0.634375 1.0 0.634375 1.0 0.534375
