0 0.184375 0.0015625 0.0015625 0.0015625 0.0015625 0.259375 0.184375 0.259375 0.184375 0.0015625
0 0.7796875 0.0328125 0.0015625 0.0328125 0.0015625 1.0 0.7796875 1.0 0.7796875 0.0328125
0 0.7328125 0.0015625 0.203125 0.0015625 0.203125 0.065625 0.7328125 0.065625 0.7328125 0.0015625
0 0.9984375 0.0015625 0.753125 0.0015625 0.753125 0.01875 0.9984375 0.01875 0.9984375 0.0015625
0 0.2328125 0.3875 0.0015625 0.3875 0.0015625 0.553125 0.2328125 0.553125 0.2328125 0.3875
0 0.1703125 0.0015625 0.059375 0.0015625 0.059375 0.134375 0.1703125 0.134375 0.1703125 0.0015625
0 0.7 0.2375 0.215625 0.2375 0.215625 0.59375 0.7 0.59375 0.7 0.2375
0 0.271875 0.6671875 0.0015625 0.6671875 0.0015625 0.953125 0.271875 0.953125 0.271875 0.6671875
0 0.2609375 0.0015625 0.15 0.0015625 0.15 0.2203125 0.2609375 0.2203125 0.2609375 0.0015625
0 1.0 0.0015625 0.40625 0.0015625 0.40625 0.8125 1.0 0.8125 1.0 0.0015625
0 0.7609375 0.0015625 0.5078125 0.0015625 0.5078125 0.2796875 0.7609375 0.2796875 0.7609375 0.0015625
0 0.43125 0.0015625 0.25625 0.0015625 0.25625 0.115625 0.43125 0.115625 0.43125 0.0015625
0 0.4921875 0.0015625 0.4234375 0.0015625 0.4234375 0.0328125 0.4921875 0.0328125 0.4921875 0.0015625
