0 0.5734375 0.690625 0.5046875 0.690625 0.5046875 0.8359375 0.5734375 0.8359375 0.5734375 0.690625
0 0.328125 0.33125 0.1921875 0.33125 0.1921875 0.4515625 0.328125 0.4515625 0.328125 0.33125
0 0.278125 0.9125 0.228125 0.9125 0.228125 1.0 0.278125 1.0 0.278125 0.9125
0 0.3046875 0.2703125 0.0421875 0.2703125 0.0421875 0.496875 0.3046875 0.496875 0.3046875 0.2703125
0 0.4640625 0.240625 0.4046875 0.240625 0.4046875 0.503125 0.4640625 0.503125 0.4640625 0.240625
0 0.4328125 0.8671875 0.3640625 0.8671875 0.3640625 1.0 0.4328125 1.0 0.4328125 0.8671875
0 1.0 0.2046875 0.975 0.2046875 0.975 0.2328125 1.0 0.2328125 1.0 0.2046875
0 0.9359375 0.15625 0.8015625 0.15625 0.8015625 0.278125 0.9359375 0.278125 0.9359375 0.15625
0 0.76875 0.9640625 0.7171875 0.9640625 0.7171875 1.0 0.76875 1.0 0.76875 0.9640625
0 0.33125 0.8046875 0.246875 0.8046875 0.246875 0.9375 0.33125 0.9375 0.33125 0.8046875
0 0.4125 0.334375 0.3078125 0.334375 0.3078125 0.525 0.4125 0.525 0.4125 0.334375
0 1.0 0.7765625 0.803125 0.7765625 0.803125 1.0 1.0 1.0 1.0 0.7765625
0 1.0 0.7203125 0.840625 0.7203125 0.840625 0.8375 1.0 0.8375 1.0 0.7203125
0 0.3046875 0.771875 0.0890625 0.771875 0.0890625 0.9203125 0.3046875 0.9203125 0.3046875 0.771875
0 0.2484375 0.0203125 0.1796875 0.0203125 0.1796875 0.1828125 0.2484375 0.1828125 0.2484375 0.0203125
0 0.0984375 0.0015625 0.0015625 0.0015625 0.0015625 0.05625 0.0984375 0.05625 0.0984375 0.0015625
0 0.3953125 0.790625 0.1765625 0.790625 0.1765625 1.0 0.3953125 1.0 0.3953125 0.790625
0 0.915625 0.096875 0.790625 0.096875 0.790625 0.2390625 0.915625 0.2390625 0.915625 0.096875
0 1.0 0.1234375 0.9859375 0.1234375 0.9859375 0.1734375 1.0 0.1734375 1.0 0.1234375
0 1.0 0.0015625 0.975 0.0015625 0.975 0.05625 1.0 0.05625 1.0 0.0015625
0 0.2546875 0.8140625 0.0015625 0.8140625 0.0015625 1.0 0.2546875 1.0 0.2546875 0.8140625
0 0.1734375 0.71875 0.046875 0.71875 0.046875 0.8421875 0.1734375 0.8421875 0.1734375 0.71875
0 0.01875 0.66875 0.0015625 0.66875 0.0015625 0.771875 0.01875 0.771875 0.01875 0.66875
0 0.2859375 0.4359375 0.05 0.4359375 0.05 0.6734375 0.2859375 0.6734375 0.2859375 0.4359375
0 0.5421875 0.8328125 0.415625 0.8328125 0.415625 0.9390625 0.5421875 0.9390625 0.5421875 0.8328125
0 0.878125 0.5078125 0.734375 0.5078125 0.734375 0.7421875 0.878125 0.7421875 0.878125 0.5078125
0 1.0 0.0015625 0.7953125 0.0015625 0.7953125 0.140625 1.0 0.140625 1.0 0.0015625
0 0.36875 0.921875 0.315625 0.921875 0.315625 1.0 0.36875 1.0 0.36875 0.921875
0 0.4328125 0.2453125 0.3109375 0.2453125 0.3109375 0.4 0.4328125 0.4 0.4328125 0.2453125
0 0.153125 0.275 0.0015625 0.275 0.0015625 0.453125 0.153125 0.453125 0.153125 0.275
0 0.2984375 0.0015625 0.0015625 0.0015625 0.0015625 0.3125 0.2984375 0.3125 0.2984375 0.0015625
0 0.63125 0.2265625 0.540625 0.2265625 0.540625 0.4625 0.63125 0.4625 0.63125 0.2265625
0 0.484375 0.0015625 0.3921875 0.0015625 0.3921875 0.075 0.484375 0.075 0.484375 0.0015625
0 0.8671875 0.0015625 0.6453125 0.0015625 0.6453125 0.046875 0.8671875 0.046875 0.8671875 0.0015625
0 0.09375 0.521875 0.0015625 0.521875 0.0015625 0.7453125 0.09375 0.7453125 0.09375 0.521875
