0 0.35 0.0015625 0.2234375 0.0015625 0.2234375 0.221875 0.35 0.221875 0.35 0.0015625
0 0.6890625 0.8828125 0.5421875 0.8828125 0.5421875 1.0 0.6890625 1.0 0.6890625 0.8828125
0 0.8421875 0.7671875 0.6640625 0.7671875 0.6640625 0.890625 0.8421875 0.890625 0.8421875 0.7671875
0 0.953125 0.0375 0.85 0.0375 0.85 0.2421875 0.953125 0.2421875 0.953125 0.0375
0 1.0 0.6875 0.8875 0.6875 0.8875 1.0 1.0 1.0 1.0 0.6875
0 0.428125 0.7984375 0.3 0.7984375 0.3 0.996875 0.428125 0.996875 0.428125 0.7984375
0 0.88125 0.7578125 0.8140625 0.7578125 0.8140625 1.0 0.88125 1.0 0.88125 0.7578125
0 0.8859375 0.0015625 0.7140625 0.0015625 0.7140625 0.171875 0.8859375 0.171875 0.8859375 0.0015625
0 0.2671875 0.0015625 0.1296875 0.0015625 0.1296875 0.0421875 0.2671875 0.0421875 0.2671875 0.0015625
0 1.0 0.0015625 0.9015625 0.0015625 0.9015625 0.228125 1.0 0.228125 1.0 0.0015625
0 0.38125 0.921875 0.2015625 0.921875 0.2015625 1.0 0.38125 1.0 0.38125 0.921875
0 0.9765625 0.0546875 0.3171875 0.0546875 0.3171875 0.815625 0.9765625 0.815625 0.9765625 0.0546875
0 0.4390625 0.3796875 0.171875 0.3796875 0.171875 0.70625 0.4390625 0.70625 0.4390625 0.3796875
0 0.4203125 0.0140625 0.2578125 0.0140625 0.2578125 0.2171875 0.4203125 0.2171875 0.4203125 0.0140625
0 0.546875 0.8578125 0.3828125 0.8578125 0.3828125 1.0 0.546875 1.0 0.546875 0.8578125
0 1.0 0.8546875 0.8359375 0.8546875 0.8359375 1.0 1.0 1.0 1.0 0.8546875
0 0.703125 0.909375 0.659375 0.909375 0.659375 1.0 0.703125 1.0 0.703125 0.909375
0 0.8265625 0.7984375 0.4796875 0.7984375 0.4796875 1.0 0.8265625 1.0 0.8265625 0.7984375
0 0.8859375 0.5375 0.684375 0.5375 0.684375 0.7 0.8859375 0.7 0.8859375 0.5375
0 0.53125 0.0015625 0.478125 0.0015625 0.478125 0.0546875 0.53125 0.0546875 0.53125 0.0015625
0 1.0 0.553125 0.9046875 0.553125 0.9046875 0.684375 1.0 0.684375 1.0 0.553125
0 1.0 0.1953125 0.996875 0.1953125 0.996875 0.2015625 1.0 0.2015625 1.0 0.1953125
