0 0.2015625 0.0015625 0.165625 0.0015625 0.165625 0.0390625 0.2015625 0.0390625 0.2015625 0.0015625
0 0.1859375 0.7328125 0.0015625 0.7328125 0.0015625 0.7953125 0.1859375 0.7953125 0.1859375 0.7328125
0 0.115625 0.3125 0.0015625 0.3125 0.0015625 0.5140625 0.115625 0.5140625 0.115625 0.3125
0 0.2046875 0.8234375 0.0296875 0.8234375 0.0296875 1.0 0.2046875 1.0 0.2046875 0.8234375
0 0.0125 0.6640625 0.0015625 0.6640625 0.0015625 0.6828125 0.0125 0.6828125 0.0125 0.6640625
0 0.1125 0.54375 0.0015625 0.54375 0.0015625 0.6328125 0.1125 0.6328125 0.1125 0.54375
0 0.16875 0.14375 0.0015625 0.14375 0.0015625 0.45 0.16875 0.45 0.16875 0.14375
0 0.803125 0.1328125 0.65625 0.1328125 0.65625 0.5109375 0.803125 0.5109375 0.803125 0.1328125
0 0.3796875 0.8078125 0.0015625 0.8078125 0.0015625 1.0 0.3796875 1.0 0.3796875 0.8078125
0 0.55625 0.775 0.41875 0.775 0.41875 1.0 0.55625 1.0 0.55625 0.775
0 0.71875 0.0015625 0.4078125 0.0015625 0.4078125 0.3546875 0.71875 0.3546875 0.71875 0.0015625
0 0.365625 0.0015625 0.0015625 0.0015625 0.0015625 0.2015625 0.365625 0.2015625 0.365625 0.0015625
0 0.3421875 0.0015625 0.1796875 0.0015625 0.1796875 0.0359375 0.3421875 0.0359375 0.3421875 0.0015625
0 0.821875 0.0015625 0.7421875 0.0015625 0.7421875 0.1328125 0.821875 0.1328125 0.821875 0.0015625
0 1.0 0.0015625 0.0015625 0.0015625 0.0015625 1.0 1.0 1.0 1.0 0.0015625
0 0.275 0.8984375 0.1421875 0.8984375 0.1421875 1.0 0.275 1.0 0.275 0.8984375
