0 0.121875 0.0015625 0.1140625 0.0015625 0.1140625 0.00625 0.121875 0.00625 0.121875 0.0015625
0 0.8921875 0.090625 0.6953125 0.090625 0.6953125 0.275 0.8921875 0.275 0.8921875 0.090625
0 0.6875 0.053125 0.5234375 0.053125 0.5234375 0.3671875 0.6875 0.3671875 0.6875 0.053125
0 0.4578125 0.0765625 0.1015625 0.0765625 0.1015625 0.3375 0.4578125 0.3375 0.4578125 0.0765625
0 0.3296875 0.0015625 0.2296875 0.0015625 0.2296875 0.05 0.3296875 0.05 0.3296875 0.0015625
0 0.975 0.0015625 0.89375 0.0015625 0.89375 0.0609375 0.975 0.0609375 0.975 0.0015625
0 0.028125 0.8375 0.0015625 0.8375 0.0015625 0.9421875 0.028125 0.9421875 0.028125 0.8375
0 0.0734375 0.484375 0.0015625 0.484375 0.0015625 0.6515625 0.0734375 0.6515625 0.0734375 0.484375
0 0.8234375 0.3921875 0.7 0.3921875 0.7 0.58125 0.8234375 0.58125 0.8234375 0.3921875
0 1.0 0.1328125 0.884375 0.1328125 0.884375 0.33125 1.0 0.33125 1.0 0.1328125
0 0.8328125 0.1125 0.7015625 0.1125 0.7015625 0.215625 0.8328125 0.215625 0.8328125 0.1125
0 0.675 0.115625 0.59375 0.115625 0.59375 0.196875 0.675 0.196875 0.675 0.115625
0 0.521875 0.0453125 0.39375 0.0453125 0.39375 0.1375 0.521875 0.1375 0.521875 0.0453125
0 0.6859375 0.0015625 0.5265625 0.0015625 0.5265625 0.09375 0.6859375 0.09375 0.6859375 0.0015625
0 0.078125 0.0015625 0.0359375 0.0015625 0.0359375 0.0265625 0.078125 0.0265625 0.078125 0.0015625
0 0.7765625 0.40625 0.65 0.40625 0.65 0.56875 0.7765625 0.56875 0.7765625 0.40625
0 0.921875 0.3375 0.825 0.3375 0.825 0.528125 0.921875 0.528125 0.921875 0.3375
0 0.9640625 0.30625 0.8796875 0.30625 0.8796875 0.425 0.9640625 0.425 0.9640625 0.30625
0 0.1140625 0.159375 0.0140625 0.159375 0.0140625 0.284375 0.1140625 0.284375 0.1140625 0.159375
0 0.4921875 0.09375 0.4 0.09375 0.4 0.2078125 0.4921875 0.2078125 0.4921875 0.09375
0 1.0 0.0328125 0.9296875 0.0328125 0.9296875 0.171875 1.0 0.171875 1.0 0.0328125
0 0.059375 0.028125 0.0015625 0.028125 0.0015625 0.125 0.059375 0.125 0.059375 0.028125
0 0.834375 0.0015625 0.7109375 0.0015625 0.7109375 0.1234375 0.834375 0.1234375 0.834375 0.0015625
0 0.6109375 0.0015625 0.50625 0.0015625 0.50625 0.015625 0.6109375 0.015625 0.6109375 0.0015625
0 0.2765625 0.1828125 0.18125 0.1828125 0.18125 0.3390625 0.2765625 0.3390625 0.2765625 0.1828125
0 0.2421875 0.0046875 0.04375 0.0046875 0.04375 0.1171875 0.2421875 0.1171875 0.2421875 0.0046875
0 0.396875 0.0015625 0.2734375 0.0015625 0.2734375 0.0875 0.396875 0.0875 0.396875 0.0015625
0 1.0 0.0015625 0.0015625 0.0015625 0.0015625 1.0 1.0 1.0 1.0 0.0015625
0 0.23125 0.0015625 0.0015625 0.0015625 0.0015625 0.090625 0.23125 0.090625 0.23125 0.0015625
0 0.3078125 0.8609375 0.1375 0.8609375 0.1375 1.0 0.3078125 1.0 0.3078125 0.8609375
0 1.0 0.253125 0.9390625 0.253125 0.9390625 0.7265625 1.0 0.7265625 1.0 0.253125
