0 1.0 0.3484375 0.9421875 0.3484375 0.9421875 0.4640625 1.0 0.4640625 1.0 0.3484375
0 0.95625 0.03125 0.8390625 0.03125 0.8390625 0.203125 0.95625 0.203125 0.95625 0.03125
0 0.9375 0.0015625 0.8859375 0.0015625 0.8859375 0.071875 0.9375 0.071875 0.9375 0.0015625
0 0.3 0.9 0.1328125 0.9 0.1328125 1.0 0.3 1.0 0.3 0.9
0 0.3171875 0.39375 0.1421875 0.39375 0.1421875 0.559375 0.3171875 0.559375 0.3171875 0.39375
0 0.2234375 0.1546875 0.040625 0.1546875 0.040625 0.2796875 0.2234375 0.2796875 0.2234375 0.1546875
0 0.034375 0.971875 0.0015625 0.971875 0.0015625 1.0 0.034375 1.0 0.034375 0.971875
0 1.0 0.6546875 0.94375 0.6546875 0.94375 0.7734375 1.0 0.7734375 1.0 0.6546875
0 1.0 0.1984375 0.959375 0.1984375 0.959375 0.3484375 1.0 0.3484375 1.0 0.1984375
0 1.0 0.409375 0.8609375 0.409375 0.8609375 0.5375 1.0 0.5375 1.0 0.409375
0 1.0 0.0015625 0.9515625 0.0015625 0.9515625 0.04375 1.0 0.04375 1.0 0.0015625
0 1.0 0.0015625 0.859375 0.0015625 0.859375 0.1765625 1.0 0.1765625 1.0 0.0015625
