0 0.7671875 0.9625 0.68125 0.9625 0.68125 1.0 0.7671875 1.0 0.7671875 0.9625
0 0.1015625 0.4546875 0.0015625 0.4546875 0.0015625 0.59375 0.1015625 0.59375 0.1015625 0.4546875
0 0.4359375 0.659375 0.3328125 0.659375 0.3328125 0.75625 0.4359375 0.75625 0.4359375 0.659375
0 0.190625 0.3625 0.0890625 0.3625 0.0890625 0.5078125 0.190625 0.5078125 0.190625 0.3625
0 0.1859375 0.2578125 0.0765625 0.2578125 0.0765625 0.4109375 0.1859375 0.4109375 0.1859375 0.2578125
0 1.0 0.0671875 0.9609375 0.0671875 0.9609375 0.1265625 1.0 0.1265625 1.0 0.0671875
0 1.0 0.6015625 0.9859375 0.6015625 0.9859375 0.6609375 1.0 0.6609375 1.0 0.6015625
0 0.1875 0.1890625 0.059375 0.1890625 0.059375 0.334375 0.1875 0.334375 0.1875 0.1890625
0 0.428125 0.18125 0.2921875 0.18125 0.2921875 0.3171875 0.428125 0.3171875 0.428125 0.18125
0 0.1375 0.565625 0.059375 0.565625 0.059375 0.8140625 0.1375 0.8140625 0.1375 0.565625
0 0.9734375 0.3453125 0.746875 0.3453125 0.746875 0.475 0.9734375 0.475 0.9734375 0.3453125
0 1.0 0.125 0.984375 0.125 0.984375 0.153125 1.0 0.153125 1.0 0.125
0 0.5703125 0.1984375 0.0015625 0.1984375 0.0015625 1.0 0.5703125 1.0 0.5703125 0.1984375
0 0.7 0.3609375 0.603125 0.3609375 0.603125 0.5953125 0.7 0.5953125 0.7 0.3609375
0 1.0 0.3515625 0.896875 0.3515625 0.896875 0.5828125 1.0 0.5828125 1.0 0.3515625
0 1.0 0.0015625 0.3109375 0.0015625 0.3109375 0.396875 1.0 0.396875 1.0 0.0015625
0 0.559375 0.0078125 0.465625 0.0078125 0.465625 0.2265625 0.559375 0.2265625 0.559375 0.0078125
0 1.0 0.0015625 0.8953125 0.0015625 0.8953125 0.10625 1.0 0.10625 1.0 0.0015625
0 0.184375 0.825 0.0578125 0.825 0.0578125 1.0 0.184375 1.0 0.184375 0.825
0 0.5140625 0.8625 0.265625 0.8625 0.265625 1.0 0.5140625 1.0 0.5140625 0.8625
0 1.0 0.9328125 0.9328125 0.9328125 0.9328125 1.0 1.0 1.0 1.0 0.9328125
0 0.228125 0.8515625 0.1015625 0.8515625 0.1015625 1.0 0.228125 1.0 0.228125 0.8515625
0 0.915625 0.675 0.746875 0.675 0.746875 1.0 0.915625 1.0 0.915625 0.675
0 0.7453125 0.3703125 0.3890625 0.3703125 0.3890625 0.7875 0.7453125 0.7875 0.7453125 0.3703125
0 0.971875 0.45625 0.8640625 0.45625 0.8640625 0.5671875 0.971875 0.5671875 0.971875 0.45625
0 1.0 0.215625 0.821875 0.215625 0.821875 0.4671875 1.0 0.4671875 1.0 0.215625
0 0.7296875 0.13125 0.5578125 0.13125 0.5578125 0.25625 0.7296875 0.25625 0.7296875 0.13125
0 0.509375 0.0015625 0.4203125 0.0015625 0.4203125 0.121875 0.509375 0.121875 0.509375 0.0015625
0 0.1171875 0.3140625 0.0203125 0.3140625 0.0203125 0.521875 0.1171875 0.521875 0.1171875 0.3140625
0 0.7359375 0.5953125 0.334375 0.5953125 0.334375 1.0 0.7359375 1.0 0.7359375 0.5953125
0 1.0 0.4 0.6671875 0.4 0.6671875 1.0 1.0 1.0 1.0 0.4
0 1.0 0.703125 0.909375 0.703125 0.909375 0.9515625 1.0 0.9515625 1.0 0.703125
0 0.653125 0.3625 0.5265625 0.3625 0.5265625 0.6359375 0.653125 0.6359375 0.653125 0.3625
0 1.0 0.465625 0.9875 0.465625 0.9875 0.5328125 1.0 0.5328125 1.0 0.465625
0 0.8203125 0.278125 0.70625 0.278125 0.70625 0.396875 0.8203125 0.396875 0.8203125 0.278125
0 1.0 0.2625 0.803125 0.2625 0.803125 0.375 1.0 0.375 1.0 0.2625
0 1.0 0.0015625 0.8234375 0.0015625 0.8234375 0.21875 1.0 0.21875 1.0 0.0015625
0 0.8015625 0.0015625 0.6125 0.0015625 0.6125 0.184375 0.8015625 0.184375 0.8015625 0.0015625
0 0.74375 0.0015625 0.715625 0.0015625 0.715625 0.00625 0.74375 0.00625 0.74375 0.0015625
0 0.5046875 0.0609375 0.3375 0.0609375 0.3375 0.2578125 0.5046875 0.2578125 0.5046875 0.0609375
0 1.0 0.6078125 0.88125 0.6078125 0.88125 1.0 1.0 1.0 1.0 0.6078125
