0 0.0125 0.9671875 0.0015625 0.9671875 0.0015625 0.990625 0.0125 0.990625 0.0125 0.9671875
0 0.934375 0.7671875 0.80625 0.7671875 0.80625 0.909375 0.934375 0.909375 0.934375 0.7671875
0 0.5359375 0.4921875 0.30625 0.4921875 0.30625 0.6078125 0.5359375 0.6078125 0.5359375 0.4921875
0 0.2015625 0.1921875 0.040625 0.1921875 0.040625 0.3078125 0.2015625 0.3078125 0.2015625 0.1921875
0 0.4890625 0.5671875 0.3359375 0.5671875 0.3359375 0.678125 0.4890625 0.678125 0.4890625 0.5671875
0 0.4484375 0.346875 0.2609375 0.346875 0.2609375 0.5078125 0.4484375 0.5078125 0.4484375 0.346875
0 0.6984375 0.7734375 0.6046875 0.7734375 0.6046875 0.9796875 0.6984375 0.9796875 0.6984375 0.7734375
0 0.1984375 0.7609375 0.125 0.7609375 0.125 0.9890625 0.1984375 0.9890625 0.1984375 0.7609375
0 0.5859375 0.634375 0.35625 0.634375 0.35625 0.840625 0.5859375 0.840625 0.5859375 0.634375
0 0.134375 0.590625 0.015625 0.590625 0.015625 0.69375 0.134375 0.69375 0.134375 0.590625
0 0.396875 0.5109375 0.278125 0.5109375 0.278125 0.634375 0.396875 0.634375 0.396875 0.5109375
0 0.2921875 0.321875 0.165625 0.321875 0.165625 0.4921875 0.2921875 0.4921875 0.2921875 0.321875
0 0.9546875 0.2328125 0.846875 0.2328125 0.846875 0.3453125 0.9546875 0.3453125 0.9546875 0.2328125
0 0.2265625 0.0109375 0.096875 0.0109375 0.096875 0.2421875 0.2265625 0.2421875 0.2265625 0.0109375
0 1.0 0.8390625 0.953125 0.8390625 0.953125 1.0 1.0 1.0 1.0 0.8390625
0 0.6234375 0.7921875 0.5328125 0.7921875 0.5328125 0.90625 0.6234375 0.90625 0.6234375 0.7921875
0 0.8 0.45625 0.65 0.45625 0.65 0.6265625 0.8 0.6265625 0.8 0.45625
0 0.5703125 0.3015625 0.3671875 0.3015625 0.3671875 0.4640625 0.5703125 0.4640625 0.5703125 0.3015625
0 0.6171875 0.590625 0.440625 0.590625 0.440625 0.6828125 0.6171875 0.6828125 0.6171875 0.590625
0 0.5640625 0.0015625 0.128125 0.0015625 0.128125 0.296875 0.5640625 0.296875 0.5640625 0.0015625
0 0.6625 0.040625 0.5296875 0.040625 0.5296875 0.2890625 0.6625 0.2890625 0.6625 0.040625
0 0.2515625 0.921875 0.2015625 0.921875 0.2015625 1.0 0.2515625 1.0 0.2515625 0.921875
0 0.7234375 0.803125 0.6328125 0.803125 0.6328125 1.0 0.7234375 1.0 0.7234375 0.803125
0 0.175 0.8109375 0.0015625 0.8109375 0.0015625 0.925 0.175 0.925 0.175 0.8109375
0 0.58125 0.659375 0.4375 0.659375 0.4375 0.9953125 0.58125 0.9953125 0.58125 0.659375
0 0.29375 0.465625 0.1359375 0.465625 0.1359375 0.7203125 0.29375 0.7203125 0.29375 0.465625
0 0.0875 0.340625 0.0015625 0.340625 0.0015625 0.5171875 0.0875 0.5171875 0.0875 0.340625
0 0.2375 0.328125 0.1578125 0.328125 0.1578125 0.453125 0.2375 0.453125 0.2375 0.328125
0 0.2765625 0.21875 0.184375 0.21875 0.184375 0.325 0.2765625 0.325 0.2765625 0.21875
0 0.975 0.0015625 0.928125 0.0015625 0.928125 0.059375 0.975 0.059375 0.975 0.0015625
0 0.3578125 0.6640625 0.1671875 0.6640625 0.1671875 1.0 0.3578125 1.0 0.3578125 0.6640625
0 0.0890625 0.6765625 0.0015625 0.6765625 0.0015625 0.809375 0.0890625 0.809375 0.0890625 0.6765625
0 0.140625 0.50625 0.046875 0.50625 0.046875 0.65 0.140625 0.65 0.140625 0.50625
0 0.1984375 0.3515625 0.084375 0.3515625 0.084375 0.5625 0.1984375 0.5625 0.1984375 0.3515625
0 0.053125 0.190625 0.0015625 0.190625 0.0015625 0.2484375 0.053125 0.2484375 0.053125 0.190625
0 0.71875 0.678125 0.5078125 0.678125 0.5078125 0.8234375 0.71875 0.8234375 0.71875 0.678125
0 0.278125 0.0484375 0.1390625 0.0484375 0.1390625 0.190625 0.278125 0.190625 0.278125 0.0484375
0 0.1 0.0015625 0.0015625 0.0015625 0.0015625 0.225 0.1 0.225 0.1 0.0015625
0 0.4203125 0.0453125 0.3421875 0.0453125 0.3421875 0.171875 0.4203125 0.171875 0.4203125 0.0453125
0 0.775 0.1953125 0.6328125 0.1953125 0.6328125 0.2984375 0.775 0.2984375 0.775 0.1953125
0 0.1421875 0.9375 0.0015625 0.9375 0.0015625 1.0 0.1421875 1.0 0.1421875 0.9375
0 1.0 0.0015625 0.2359375 0.0015625 0.2359375 1.0 1.0 1.0 1.0 0.0015625
0 0.190625 0.96875 0.1203125 0.96875 0.1203125 1.0 0.190625 1.0 0.190625 0.96875
0 0.1234375 0.24375 0.015625 0.24375 0.015625 0.53125 0.1234375 0.53125 0.1234375 0.24375
0 0.215625 0.25625 0.0796875 0.25625 0.0796875 0.4 0.215625 0.4 0.215625 0.25625
0 0.290625 0.1734375 0.2203125 0.1734375 0.2203125 0.2671875 0.290625 0.2671875 0.290625 0.1734375
0 0.1828125 0.0984375 0.06875 0.0984375 0.06875 0.2609375 0.1828125 0.2609375 0.1828125 0.0984375
0 0.2296875 0.0015625 0.0015625 0.0015625 0.0015625 0.16875 0.2296875 0.16875 0.2296875 0.0015625
0 0.3265625 0.0015625 0.278125 0.0015625 0.278125 0.0359375 0.3265625 0.0359375 0.3265625 0.0015625
0 0.3828125 0.4359375 0.178125 0.4359375 0.178125 0.528125 0.3828125 0.528125 0.3828125 0.4359375
