0 1.0 0.5453125 0.95625 0.5453125 0.95625 0.5875 1.0 0.5875 1.0 0.5453125
0 0.0421875 0.365625 0.0015625 0.365625 0.0015625 0.4421875 0.0421875 0.4421875 0.0421875 0.365625
0 0.2234375 0.5734375 0.1359375 0.5734375 0.1359375 0.7359375 0.2234375 0.7359375 0.2234375 0.5734375
0 0.440625 0.85 0.0125 0.85 0.0125 1.0 0.440625 1.0 0.440625 0.85
0 0.5265625 0.50625 0.4328125 0.50625 0.4328125 0.6609375 0.5265625 0.6609375 0.5265625 0.50625
0 0.3984375 0.16875 0.071875 0.16875 0.071875 0.409375 0.3984375 0.409375 0.3984375 0.16875
0 0.9203125 0.71875 0.828125 0.71875 0.828125 0.9578125 0.9203125 0.9578125 0.9203125 0.71875
0 0.790625 0.325 0.603125 0.325 0.603125 0.425 0.790625 0.425 0.790625 0.325
0 0.6578125 0.19375 0.45 0.19375 0.45 0.3140625 0.6578125 0.3140625 0.6578125 0.19375
0 0.8890625 0.796875 0.7296875 0.796875 0.7296875 0.95 0.8890625 0.95 0.8890625 0.796875
0 0.0984375 0.540625 0.0015625 0.540625 0.0015625 0.75625 0.0984375 0.75625 0.0984375 0.540625
0 0.828125 0.6875 0.6734375 0.6875 0.6734375 0.8125 0.828125 0.8125 0.828125 0.6875
0 0.3109375 0.5890625 0.2125 0.5890625 0.2125 0.7640625 0.3109375 0.7640625 0.3109375 0.5890625
0 0.6234375 0.3859375 0.5328125 0.3859375 0.5328125 0.58125 0.6234375 0.58125 0.6234375 0.3859375
0 0.01875 0.3375 0.0015625 0.3375 0.0015625 0.425 0.01875 0.425 0.01875 0.3375
0 0.5859375 0.2390625 0.390625 0.2390625 0.390625 0.4671875 0.5859375 0.4671875 0.5859375 0.2390625
0 0.640625 0.125 0.4921875 0.125 0.4921875 0.240625 0.640625 0.240625 0.640625 0.125
0 0.4703125 0.5125 0.2984375 0.5125 0.2984375 0.73125 0.4703125 0.73125 0.4703125 0.5125
0 0.559375 0.4828125 0.4734375 0.4828125 0.4734375 0.60625 0.559375 0.60625 0.559375 0.4828125
0 0.21875 0.2765625 0.0984375 0.2765625 0.0984375 0.4359375 0.21875 0.4359375 0.21875 0.2765625
0 0.44375 0.1890625 0.35625 0.1890625 0.35625 0.3296875 0.44375 0.3296875 0.44375 0.1890625
0 1.0 0.1921875 0.9421875 0.1921875 0.9421875 0.3359375 1.0 0.3359375 1.0 0.1921875
0 0.3359375 0.3203125 0.096875 0.3203125 0.096875 0.459375 0.3359375 0.459375 0.3359375 0.3203125
0 0.603125 0.14375 0.3890625 0.14375 0.3890625 0.3375 0.603125 0.3375 0.603125 0.14375
0 1.0 0.6875 0.978125 0.6875 0.978125 0.7359375 1.0 0.7359375 1.0 0.6875
0 0.5640625 0.290625 0.440625 0.290625 0.440625 0.490625 0.5640625 0.490625 0.5640625 0.290625
0 0.85 0.6453125 0.36875 0.6453125 0.36875 1.0 0.85 1.0 0.85 0.6453125
0 0.85625 0.290625 0.53125 0.290625 0.53125 0.5015625 0.85625 0.5015625 0.85625 0.290625
0 0.209375 0.25625 0.1109375 0.25625 0.1109375 0.4 0.209375 0.4 0.209375 0.25625
0 0.340625 0.240625 0.215625 0.240625 0.215625 0.3234375 0.340625 0.3234375 0.340625 0.240625
0 0.8796875 0.93125 0.7890625 0.93125 0.7890625 1.0 0.8796875 1.0 0.8796875 0.93125
0 0.9515625 0.596875 0.85 0.596875 0.85 0.7265625 0.9515625 0.7265625 0.9515625 0.596875
0 0.5421875 0.0453125 0.2796875 0.0453125 0.2796875 0.221875 0.5421875 0.221875 0.5421875 0.0453125
0 0.8515625 0.5078125 0.621875 0.5078125 0.621875 0.6453125 0.8515625 0.6453125 0.8515625 0.5078125
0 0.5921875 0.071875 0.43125 0.071875 0.43125 0.2109375 0.5921875 0.2109375 0.5921875 0.071875
0 0.4046875 0.0015625 0.2875 0.0015625 0.2875 0.0328125 0.4046875 0.0328125 0.4046875 0.0015625
0 0.2625 0.35625 0.0609375 0.35625 0.0609375 0.546875 0.2625 0.546875 0.2625 0.35625
0 0.33125 0.3984375 0.1984375 0.3984375 0.1984375 0.490625 0.33125 0.490625 0.33125 0.3984375
0 1.0 0.1796875 0.9546875 0.1796875 0.9546875 0.2484375 1.0 0.2484375 1.0 0.1796875
0 0.4984375 0.6484375 0.4234375 0.6484375 0.4234375 0.8796875 0.4984375 0.8796875 0.4984375 0.6484375
0 0.1765625 0.6703125 0.05 0.6703125 0.05 0.7984375 0.1765625 0.7984375 0.1765625 0.6703125
0 0.75 0.121875 0.5375 0.121875 0.5375 0.3140625 0.75 0.3140625 0.75 0.121875
0 1.0 0.5765625 0.9421875 0.5765625 0.9421875 0.69375 1.0 0.69375 1.0 0.5765625
0 0.953125 0.390625 0.85 0.390625 0.85 0.565625 0.953125 0.565625 0.953125 0.390625
0 0.4484375 0.7890625 0.121875 0.7890625 0.121875 0.9875 0.4484375 0.9875 0.4484375 0.7890625
0 0.0578125 0.821875 0.0015625 0.821875 0.0015625 0.9859375 0.0578125 0.9859375 0.0578125 0.821875
0 0.45 0.46875 0.2625 0.46875 0.2625 0.765625 0.45 0.765625 0.45 0.46875
0 0.9546875 0.9203125 0.8390625 0.9203125 0.8390625 1.0 0.9546875 1.0 0.9546875 0.9203125
0 0.5796875 0.753125 0.4546875 0.753125 0.4546875 0.9515625 0.5796875 0.9515625 0.5796875 0.753125
0 0.771875 0.6921875 0.559375 0.6921875 0.559375 0.8390625 0.771875 0.8390625 0.771875 0.6921875
0 0.8140625 0.603125 0.571875 0.603125 0.571875 0.7265625 0.8140625 0.7265625 0.8140625 0.603125
0 0.6171875 0.44375 0.525 0.44375 0.525 0.6375 0.6171875 0.6375 0.6171875 0.44375
0 0.8578125 0.3890625 0.58125 0.3890625 0.58125 0.64375 0.8578125 0.64375 0.8578125 0.3890625
0 0.8875 0.2140625 0.6484375 0.2140625 0.6484375 0.4703125 0.8875 0.4703125 0.8875 0.2140625
0 0.0234375 0.425 0.0015625 0.425 0.0015625 0.475 0.0234375 0.475 0.0234375 0.425
0 0.7546875 0.9078125 0.253125 0.9078125 0.253125 1.0 0.7546875 1.0 0.7546875 0.9078125
0 0.025 0.9421875 0.0015625 0.9421875 0.0015625 1.0 0.025 1.0 0.025 0.9421875
0 0.1015625 0.859375 0.0421875 0.859375 0.0421875 0.9984375 0.1015625 0.9984375 0.1015625 0.859375
0 1.0 0.4828125 0.7921875 0.4828125 0.7921875 0.7953125 1.0 0.7953125 1.0 0.4828125
0 0.703125 0.7640625 0.571875 0.7640625 0.571875 0.878125 0.703125 0.878125 0.703125 0.7640625
0 0.44375 0.7140625 0.0734375 0.7140625 0.0734375 0.846875 0.44375 0.846875 0.44375 0.7140625
0 0.9109375 0.6859375 0.8234375 0.6859375 0.8234375 0.8234375 0.9109375 0.8234375 0.9109375 0.6859375
0 0.2984375 0.5390625 0.18125 0.5390625 0.18125 0.76875 0.2984375 0.76875 0.2984375 0.5390625
0 0.8984375 0.4765625 0.6921875 0.4765625 0.6921875 0.6015625 0.8984375 0.6015625 0.8984375 0.4765625
0 0.7328125 0.359375 0.6046875 0.359375 0.6046875 0.5078125 0.7328125 0.5078125 0.7328125 0.359375
0 0.4625 0.3515625 0.3140625 0.3515625 0.3140625 0.528125 0.4625 0.528125 0.4625 0.3515625
0 0.5234375 0.0015625 0.2421875 0.0015625 0.2421875 0.1640625 0.5234375 0.1640625 0.5234375 0.0015625
0 0.8765625 0.0015625 0.68125 0.0015625 0.68125 0.0625 0.8765625 0.0625 0.8765625 0.0015625
0 0.94375 0.5984375 0.821875 0.5984375 0.821875 0.8015625 0.94375 0.8015625 0.94375 0.5984375
0 0.8671875 0.2234375 0.746875 0.2234375 0.746875 0.3328125 0.8671875 0.3328125 0.8671875 0.2234375
0 0.1984375 0.9953125 0.11875 0.9953125 0.11875 1.0 0.1984375 1.0 0.1984375 0.9953125
0 0.3171875 0.8109375 0.08125 0.8109375 0.08125 0.9859375 0.3171875 0.9859375 0.3171875 0.8109375
0 0.1359375 0.75625 0.01875 0.75625 0.01875 0.8703125 0.1359375 0.8703125 0.1359375 0.75625
0 1.0 0.3265625 0.7 0.3265625 0.7 0.628125 1.0 0.628125 1.0 0.3265625
0 0.453125 0.0015625 0.2828125 0.0015625 0.2828125 0.1203125 0.453125 0.1203125 0.453125 0.0015625
0 0.459375 0.0015625 0.4375 0.0015625 0.4375 0.0140625 0.459375 0.0140625 0.459375 0.0015625
0 0.93125 0.040625 0.6890625 0.040625 0.6890625 0.140625 0.93125 0.140625 0.93125 0.040625
