0 0.3109375 0.5359375 0.065625 0.5359375 0.065625 0.8546875 0.3109375 0.8546875 0.3109375 0.5359375
0 0.3046875 0.4546875 0.11875 0.4546875 0.11875 0.55625 0.3046875 0.55625 0.3046875 0.4546875
0 0.2546875 0.6109375 0.0828125 0.6109375 0.0828125 0.725 0.2546875 0.725 0.2546875 0.6109375
0 0.8765625 0.7625 0.7375 0.7625 0.7375 0.88125 0.8765625 0.88125 0.8765625 0.7625
0 0.38125 0.2109375 0.2671875 0.2109375 0.2671875 0.31875 0.38125 0.31875 0.38125 0.2109375
0 0.73125 0.41875 0.534375 0.41875 0.534375 0.525 0.73125 0.525 0.73125 0.41875
0 1.0 0.1359375 0.7859375 0.1359375 0.7859375 0.3734375 1.0 0.3734375 1.0 0.1359375
0 1.0 0.0015625 0.896875 0.0015625 0.896875 0.128125 1.0 0.128125 1.0 0.0015625
0 0.8859375 0.35625 0.7578125 0.35625 0.7578125 0.4703125 0.8859375 0.4703125 0.8859375 0.35625
0 0.625 0.4359375 0.4875 0.4359375 0.4875 0.5046875 0.625 0.5046875 0.625 0.4359375
0 0.53125 0.7984375 0.3859375 0.7984375 0.3859375 0.8859375 0.53125 0.8859375 0.53125 0.7984375
0 0.6671875 0.625 0.5015625 0.625 0.5015625 0.7265625 0.6671875 0.7265625 0.6671875 0.625
0 0.4765625 0.49375 0.3546875 0.49375 0.3546875 0.615625 0.4765625 0.615625 0.4765625 0.49375
0 0.509375 0.6296875 0.346875 0.6296875 0.346875 0.7453125 0.509375 0.7453125 0.509375 0.6296875
0 0.5234375 0.0890625 0.2453125 0.0890625 0.2453125 0.4109375 0.5234375 0.4109375 0.5234375 0.0890625
0 0.93125 0.1890625 0.6859375 0.1890625 0.6859375 0.3421875 0.93125 0.3421875 0.93125 0.1890625
0 0.6671875 0.015625 0.5875 0.015625 0.5875 0.1359375 0.6671875 0.1359375 0.6671875 0.015625
0 0.9203125 0.0125 0.74375 0.0125 0.74375 0.109375 0.9203125 0.109375 0.9203125 0.0125
0 0.61875 0.5078125 0.3859375 0.5078125 0.3859375 0.671875 0.61875 0.671875 0.61875 0.5078125
0 0.4796875 0.459375 0.315625 0.459375 0.315625 0.55625 0.4796875 0.55625 0.4796875 0.459375
0 0.9359375 0.6359375 0.7078125 0.6359375 0.7078125 0.8 0.9359375 0.8 0.9359375 0.6359375
0 0.828125 0.5265625 0.61875 0.5265625 0.61875 0.6625 0.828125 0.6625 0.828125 0.5265625
0 0.9578125 0.4421875 0.8265625 0.4421875 0.8265625 0.5921875 0.9578125 0.5921875 0.9578125 0.4421875
0 0.3140625 0.7078125 0.1421875 0.7078125 0.1421875 0.8140625 0.3140625 0.8140625 0.3140625 0.7078125
0 0.475 0.3265625 0.3421875 0.3265625 0.3421875 0.4703125 0.475 0.4703125 0.475 0.3265625
0 0.278125 0.965625 0.221875 0.965625 0.221875 1.0 0.278125 1.0 0.278125 0.965625
0 0.55625 0.6796875 0.178125 0.6796875 0.178125 0.91875 0.55625 0.91875 0.55625 0.6796875
0 0.7734375 0.9890625 0.7359375 0.9890625 0.7359375 1.0 0.7734375 1.0 0.7734375 0.9890625
0 0.98125 0.959375 0.8984375 0.959375 0.8984375 1.0 0.98125 1.0 0.98125 0.959375
0 0.45625 0.78125 0.334375 0.78125 0.334375 0.9671875 0.45625 0.9671875 0.45625 0.78125
0 0.8515625 0.59375 0.640625 0.59375 0.640625 0.7875 0.8515625 0.7875 0.8515625 0.59375
0 0.9 0.44375 0.6953125 0.44375 0.6953125 0.55 0.9 0.55 0.9 0.44375
0 0.6265625 0.3484375 0.4484375 0.3484375 0.4484375 0.4140625 0.6265625 0.4140625 0.6265625 0.3484375
0 0.315625 0.278125 0.1578125 0.278125 0.1578125 0.45 0.315625 0.45 0.315625 0.278125
0 1.0 0.0015625 0.3140625 0.0015625 0.3140625 0.44375 1.0 0.44375 1.0 0.0015625
0 0.7828125 0.803125 0.634375 0.803125 0.634375 0.940625 0.7828125 0.940625 0.7828125 0.803125
