0 0.809375 0.9359375 0.7421875 0.9359375 0.7421875 1.0 0.809375 1.0 0.809375 0.9359375
0 0.915625 0.484375 0.7515625 0.484375 0.7515625 0.690625 0.915625 0.690625 0.915625 0.484375
0 0.4296875 0.0609375 0.225 0.0609375 0.225 0.225 0.4296875 0.225 0.4296875 0.0609375
0 0.2484375 0.05625 0.1421875 0.05625 0.1421875 0.1421875 0.2484375 0.1421875 0.2484375 0.05625
0 0.5125 0.371875 0.25 0.371875 0.25 0.675 0.5125 0.675 0.5125 0.371875
0 0.0265625 0.0015625 0.0015625 0.0015625 0.0015625 0.0640625 0.0265625 0.0640625 0.0265625 0.0015625
0 0.5609375 0.3984375 0.4453125 0.3984375 0.4453125 0.6078125 0.5609375 0.6078125 0.5609375 0.3984375
0 0.7125 0.1828125 0.534375 0.1828125 0.534375 0.3234375 0.7125 0.3234375 0.7125 0.1828125
0 1.0 0.95625 0.996875 0.95625 0.996875 0.9953125 1.0 0.9953125 1.0 0.95625
0 1.0 0.4578125 0.796875 0.4578125 0.796875 0.7984375 1.0 0.7984375 1.0 0.4578125
0 0.94375 0.0203125 0.84375 0.0203125 0.84375 0.3203125 0.94375 0.3203125 0.94375 0.0203125
