0 0.265625 0.9796875 0.1703125 0.9796875 0.1703125 1.0 0.265625 1.0 0.265625 0.9796875
0 0.6578125 0.8671875 0.4796875 0.8671875 0.4796875 1.0 0.6578125 1.0 0.6578125 0.8671875
0 0.3234375 0.8078125 0.0015625 0.8078125 0.0015625 0.9828125 0.3234375 0.9828125 0.3234375 0.8078125
0 0.9859375 0.821875 0.8296875 0.821875 0.8296875 0.984375 0.9859375 0.984375 0.9859375 0.821875
0 1.0 0.7515625 0.9515625 0.7515625 0.9515625 0.84375 1.0 0.84375 1.0 0.7515625
0 0.8828125 0.6625 0.5984375 0.6625 0.5984375 0.78125 0.8828125 0.78125 0.8828125 0.6625
0 0.284375 0.6390625 0.1703125 0.6390625 0.1703125 0.8046875 0.284375 0.8046875 0.284375 0.6390625
0 0.7828125 0.4171875 0.6609375 0.4171875 0.6609375 0.6296875 0.7828125 0.6296875 0.7828125 0.4171875
0 0.2625 0.4265625 0.0015625 0.4265625 0.0015625 0.5921875 0.2625 0.5921875 0.2625 0.4265625
0 0.415625 0.3921875 0.275 0.3921875 0.275 0.5578125 0.415625 0.5578125 0.415625 0.3921875
0 0.6375 0.321875 0.446875 0.321875 0.446875 0.5515625 0.6375 0.5515625 0.6375 0.321875
0 0.8640625 0.1109375 0.5859375 0.1109375 0.5859375 0.3078125 0.8640625 0.3078125 0.8640625 0.1109375
0 0.5609375 0.090625 0.4578125 0.090625 0.4578125 0.209375 0.5609375 0.209375 0.5609375 0.090625
0 0.6078125 0.1015625 0.5078125 0.1015625 0.5078125 0.225 0.6078125 0.225 0.6078125 0.1015625
0 0.071875 0.8125 0.0015625 0.8125 0.0015625 0.878125 0.071875 0.878125 0.071875 0.8125
0 0.1 0.3046875 0.0015625 0.3046875 0.0015625 0.425 0.1 0.425 0.1 0.3046875
0 0.0390625 0.0859375 0.0015625 0.0859375 0.0015625 0.25625 0.0390625 0.25625 0.0390625 0.0859375
0 0.4890625 0.7859375 0.4 0.7859375 0.4 0.8703125 0.4890625 0.8703125 0.4890625 0.7859375
0 0.3015625 0.5390625 0.046875 0.5390625 0.046875 0.8453125 0.3015625 0.8453125 0.3015625 0.5390625
0 1.0 0.4984375 0.9703125 0.4984375 0.9703125 0.528125 1.0 0.528125 1.0 0.4984375
0 0.421875 0.3421875 0.1234375 0.3421875 0.1234375 0.5640625 0.421875 0.5640625 0.421875 0.3421875
0 0.84375 0.2265625 0.721875 0.2265625 0.721875 0.3515625 0.84375 0.3515625 0.84375 0.2265625
0 1.0 0.0015625 0.6625 0.0015625 0.6625 0.2515625 1.0 0.2515625 1.0 0.0015625
0 0.209375 0.059375 0.059375 0.059375 0.059375 0.225 0.209375 0.225 0.209375 0.059375
0 0.384375 0.0015625 0.228125 0.0015625 0.228125 0.1953125 0.384375 0.1953125 0.384375 0.0015625
0 0.65625 0.0015625 0.63125 0.0015625 0.63125 0.03125 0.65625 0.03125 0.65625 0.0015625
0 0.3859375 0.7140625 0.2859375 0.7140625 0.2859375 0.8796875 0.3859375 0.8796875 0.3859375 0.7140625
0 0.64375 0.575 0.5015625 0.575 0.5015625 0.8296875 0.64375 0.8296875 0.64375 0.575
0 0.2859375 0.1765625 0.01875 0.1765625 0.01875 0.4390625 0.2859375 0.4390625 0.2859375 0.1765625
0 0.59375 0.2453125 0.3734375 0.2453125 0.3734375 0.3609375 0.59375 0.3609375 0.59375 0.2453125
0 0.025 0.1234375 0.0015625 0.1234375 0.0015625 0.175 0.025 0.175 0.025 0.1234375
0 0.4046875 0.0015625 0.1046875 0.0015625 0.1046875 0.1125 0.4046875 0.1125 0.4046875 0.0015625
0 0.9859375 0.45 0.7203125 0.45 0.7203125 0.646875 0.9859375 0.646875 0.9859375 0.45
0 0.8 0.3125 0.721875 0.3125 0.721875 0.421875 0.8 0.421875 0.8 0.3125
0 0.45625 0.9359375 0.265625 0.9359375 0.265625 1.0 0.45625 1.0 0.45625 0.9359375
0 0.125 0.9265625 0.0015625 0.9265625 0.0015625 0.9578125 0.125 0.9578125 0.125 0.9265625
0 0.0203125 0.75 0.0015625 0.75 0.0015625 0.821875 0.0203125 0.821875 0.0203125 0.75
0 0.578125 0.453125 0.384375 0.453125 0.384375 0.6734375 0.578125 0.6734375 0.578125 0.453125
0 0.628125 0.403125 0.4625 0.403125 0.4625 0.484375 0.628125 0.484375 0.628125 0.403125
0 0.2171875 0.278125 0.125 0.278125 0.125 0.4359375 0.2171875 0.4359375 0.2171875 0.278125
0 0.6765625 0.2859375 0.5703125 0.2859375 0.5703125 0.396875 0.6765625 0.396875 0.6765625 0.2859375
0 0.65625 0.121875 0.575 0.121875 0.575 0.2515625 0.65625 0.2515625 0.65625 0.121875
0 0.003125 0.246875 0.0015625 0.246875 0.0015625 0.2734375 0.003125 0.2734375 0.003125 0.246875
0 0.853125 0.79375 0.6671875 0.79375 0.6671875 1.0 0.853125 1.0 0.853125 0.79375
0 0.7328125 0.29375 0.5640625 0.29375 0.5640625 0.596875 0.7328125 0.596875 0.7328125 0.29375
0 0.65 0.2375 0.5 0.2375 0.5 0.3515625 0.65 0.3515625 0.65 0.2375
0 0.2765625 0.2359375 0.1453125 0.2359375 0.1453125 0.31875 0.2765625 0.31875 0.2765625 0.2359375
0 0.9203125 0.209375 0.8015625 0.209375 0.8015625 0.3171875 0.9203125 0.3171875 0.9203125 0.209375
0 0.06875 0.10625 0.0140625 0.10625 0.0140625 0.25 0.06875 0.25 0.06875 0.10625
0 0.625 0.0609375 0.3234375 0.0609375 0.3234375 0.125 0.625 0.125 0.625 0.0609375
0 0.0921875 0.0015625 0.0640625 0.0015625 0.0640625 0.0296875 0.0921875 0.0296875 0.0921875 0.0015625
0 0.9796875 0.0296875 0.8546875 0.0296875 0.8546875 0.11875 0.9796875 0.11875 0.9796875 0.0296875
0 0.4859375 0.996875 0.478125 0.996875 0.478125 1.0 0.4859375 1.0 0.4859375 0.996875
0 0.1265625 0.9390625 0.0015625 0.9390625 0.0015625 1.0 0.1265625 1.0 0.1265625 0.9390625
0 0.0078125 0.9046875 0.0015625 0.9046875 0.0015625 0.9359375 0.0078125 0.9359375 0.0078125 0.9046875
0 0.4578125 0.89375 0.34375 0.89375 0.34375 0.971875 0.4578125 0.971875 0.4578125 0.89375
0 0.090625 0.49375 0.0015625 0.49375 0.0015625 0.7609375 0.090625 0.7609375 0.090625 0.49375
0 0.290625 0.5484375 0.1859375 0.5484375 0.1859375 0.7 0.290625 0.7 0.290625 0.5484375
0 0.11875 0.421875 0.0015625 0.421875 0.0015625 0.50625 0.11875 0.50625 0.11875 0.421875
0 0.4765625 0.3546875 0.384375 0.3546875 0.384375 0.4671875 0.4765625 0.4671875 0.4765625 0.3546875
0 0.5171875 0.11875 0.18125 0.11875 0.18125 0.421875 0.5171875 0.421875 0.5171875 0.11875
0 1.0 0.928125 0.84375 0.928125 0.84375 1.0 1.0 1.0 1.0 0.928125
0 0.728125 0.8328125 0.6015625 0.8328125 0.6015625 1.0 0.728125 1.0 0.728125 0.8328125
0 0.6078125 0.9234375 0.4703125 0.9234375 0.4703125 0.9984375 0.6078125 0.9984375 0.6078125 0.9234375
0 0.971875 0.7640625 0.8046875 0.7640625 0.8046875 0.971875 0.971875 0.971875 0.971875 0.7640625
0 1.0 0.725 0.940625 0.725 0.940625 0.765625 1.0 0.765625 1.0 0.725
0 0.734375 0.5078125 0.6078125 0.5078125 0.6078125 0.746875 0.734375 0.746875 0.734375 0.5078125
0 0.9859375 0.509375 0.8734375 0.509375 0.8734375 0.628125 0.9859375 0.628125 0.9859375 0.509375
0 1.0 0.08125 0.909375 0.08125 0.909375 0.20625 1.0 0.20625 1.0 0.08125
0 0.8046875 0.0015625 0.6640625 0.0015625 0.6640625 0.0296875 0.8046875 0.0296875 0.8046875 0.0015625
0 1.0 0.0015625 0.871875 0.0015625 0.871875 0.0140625 1.0 0.0140625 1.0 0.0015625
0 0.815625 0.934375 0.659375 0.934375 0.659375 1.0 0.815625 1.0 0.815625 0.934375
0 0.3453125 0.7859375 0.1125 0.7859375 0.1125 0.896875 0.3453125 0.896875 0.3453125 0.7859375
0 0.00625 0.821875 0.0015625 0.821875 0.0015625 0.853125 0.00625 0.853125 0.00625 0.821875
0 0.3921875 0.6296875 0.3140625 0.6296875 0.3140625 0.7734375 0.3921875 0.7734375 0.3921875 0.6296875
0 1.0 0.575 0.934375 0.575 0.934375 0.70625 1.0 0.70625 1.0 0.575
0 0.215625 0.55625 0.071875 0.55625 0.071875 0.6765625 0.215625 0.6765625 0.215625 0.55625
0 0.5859375 0.5453125 0.428125 0.5453125 0.428125 0.6734375 0.5859375 0.6734375 0.5859375 0.5453125
0 0.4671875 0.4796875 0.3765625 0.4796875 0.3765625 0.6 0.4671875 0.6 0.4671875 0.4796875
0 1.0 0.125 0.7921875 0.125 0.7921875 0.409375 1.0 0.409375 1.0 0.125
0 0.490625 0.0796875 0.3171875 0.0796875 0.3171875 0.18125 0.490625 0.18125 0.490625 0.0796875
0 0.909375 0.0015625 0.653125 0.0015625 0.653125 0.1421875 0.909375 0.1421875 0.909375 0.0015625
0 0.6359375 0.0015625 0.3125 0.0015625 0.3125 0.096875 0.6359375 0.096875 0.6359375 0.0015625
0 0.196875 0.0015625 0.0015625 0.0015625 0.0015625 0.1515625 0.196875 0.1515625 0.196875 0.0015625
0 0.3859375 0.871875 0.2828125 0.871875 0.2828125 1.0 0.3859375 1.0 0.3859375 0.871875
0 0.3234375 0.5640625 0.2390625 0.5640625 0.2390625 0.784375 0.3234375 0.784375 0.3234375 0.5640625
0 0.0546875 0.2453125 0.0015625 0.2453125 0.0015625 0.3484375 0.0546875 0.3484375 0.0546875 0.2453125
0 0.31875 0.096875 0.1828125 0.096875 0.1828125 0.2453125 0.31875 0.2453125 0.31875 0.096875
0 0.5015625 0.884375 0.4359375 0.884375 0.4359375 1.0 0.5015625 1.0 0.5015625 0.884375
0 0.54375 0.6921875 0.3515625 0.6921875 0.3515625 0.8546875 0.54375 0.8546875 0.54375 0.6921875
