0 0.6984375 0.978125 0.5234375 0.978125 0.5234375 1.0 0.6984375 1.0 0.6984375 0.978125
0 0.9765625 0.190625 0.8671875 0.190625 0.8671875 0.3140625 0.9765625 0.3140625 0.9765625 0.190625
0 0.63125 0.0015625 0.4640625 0.0015625 0.4640625 0.1109375 0.63125 0.1109375 0.63125 0.0015625
0 0.259375 0.0015625 0.240625 0.0015625 0.240625 0.0078125 0.259375 0.0078125 0.259375 0.0015625
0 1.0 0.7203125 0.9796875 0.7203125 0.9796875 0.7515625 1.0 0.7515625 1.0 0.7203125
0 0.9078125 0.76875 0.6890625 0.76875 0.6890625 0.984375 0.9078125 0.984375 0.9078125 0.76875
0 1.0 0.3046875 0.915625 0.3046875 0.915625 0.375 1.0 0.375 1.0 0.3046875
0 0.8875 0.1140625 0.8015625 0.1140625 0.8015625 0.265625 0.8875 0.265625 0.8875 0.1140625
0 0.0515625 0.6796875 0.0015625 0.6796875 0.0015625 0.9921875 0.0515625 0.9921875 0.0515625 0.6796875
0 1.0 0.6234375 0.859375 0.6234375 0.859375 0.8359375 1.0 0.8359375 1.0 0.6234375
0 0.878125 0.2796875 0.7796875 0.2796875 0.7796875 0.40625 0.878125 0.40625 0.878125 0.2796875
0 1.0 0.1609375 0.884375 0.1609375 0.884375 0.3140625 1.0 0.3140625 1.0 0.1609375
0 0.8234375 0.0546875 0.7203125 0.0546875 0.7203125 0.25625 0.8234375 0.25625 0.8234375 0.0546875
0 0.884375 0.9296875 0.7203125 0.9296875 0.7203125 1.0 0.884375 1.0 0.884375 0.9296875
0 0.9796875 0.7625 0.715625 0.7625 0.715625 0.921875 0.9796875 0.921875 0.9796875 0.7625
0 1.0 0.2578125 0.7921875 0.2578125 0.7921875 0.5546875 1.0 0.5546875 1.0 0.2578125
0 1.0 0.0015625 0.859375 0.0015625 0.859375 0.2375 1.0 0.2375 1.0 0.0015625
0 0.303125 0.1734375 0.109375 0.1734375 0.109375 0.4578125 0.303125 0.4578125 0.303125 0.1734375
0 0.88125 0.059375 0.690625 0.059375 0.690625 0.4328125 0.88125 0.4328125 0.88125 0.059375
0 0.8671875 0.646875 0.7953125 0.646875 0.7953125 0.8359375 0.8671875 0.8359375 0.8671875 0.646875
0 0.4328125 0.0015625 0.2671875 0.0015625 0.2671875 0.2953125 0.4328125 0.2953125 0.4328125 0.0015625
0 0.1609375 0.065625 0.0015625 0.065625 0.0015625 0.2125 0.1609375 0.2125 0.1609375 0.065625
0 0.8296875 0.0015625 0.74375 0.0015625 0.74375 0.065625 0.8296875 0.065625 0.8296875 0.0015625
0 1.0 0.390625 0.8265625 0.390625 0.8265625 0.5890625 1.0 0.5890625 1.0 0.390625
0 0.7234375 0.053125 0.3859375 0.053125 0.3859375 0.30625 0.7234375 0.30625 0.7234375 0.053125
0 0.74375 0.8359375 0.65625 0.8359375 0.65625 1.0 0.74375 1.0 0.74375 0.8359375
0 0.16875 0.0015625 0.0078125 0.0015625 0.0078125 0.165625 0.16875 0.165625 0.16875 0.0015625
0 0.9890625 0.74375 0.8671875 0.74375 0.8671875 0.840625 0.9890625 0.840625 0.9890625 0.74375
0 1.0 0.415625 0.6984375 0.415625 0.6984375 0.8 1.0 0.8 1.0 0.415625
0 0.909375 0.0484375 0.79375 0.0484375 0.79375 0.1390625 0.909375 0.1390625 0.909375 0.0484375
0 0.040625 0.4515625 0.0015625 0.4515625 0.0015625 0.565625 0.040625 0.565625 0.040625 0.4515625
0 0.115625 0.3484375 0.0078125 0.3484375 0.0078125 0.5015625 0.115625 0.5015625 0.115625 0.3484375
0 0.284375 0.2640625 0.190625 0.2640625 0.190625 0.41875 0.284375 0.41875 0.284375 0.2640625
0 0.3171875 0.0015625 0.05625 0.0015625 0.05625 0.278125 0.3171875 0.278125 0.3171875 0.0015625
0 0.0421875 0.0015625 0.0015625 0.0015625 0.0015625 0.121875 0.0421875 0.121875 0.0421875 0.0015625
0 0.55625 0.0015625 0.340625 0.0015625 0.340625 0.0484375 0.55625 0.0484375 0.55625 0.0015625
0 0.6546875 0.0015625 0.6234375 0.0015625 0.6234375 0.0171875 0.6546875 0.0171875 0.6546875 0.0015625
0 0.190625 0.0359375 0.09375 0.0359375 0.09375 0.18125 0.190625 0.18125 0.190625 0.0359375
0 0.621875 0.0015625 0.0015625 0.0015625 0.0015625 0.7140625 0.621875 0.7140625 0.621875 0.0015625
0 0.8421875 0.2 0.484375 0.2 0.484375 1.0 0.8421875 1.0 0.8421875 0.2
0 0.3546875 0.0015625 0.2671875 0.0015625 0.2671875 0.1109375 0.3546875 0.1109375 0.3546875 0.0015625
0 0.7953125 0.0015625 0.553125 0.0015625 0.553125 0.1484375 0.7953125 0.1484375 0.7953125 0.0015625
0 1.0 0.8765625 0.8734375 0.8765625 0.8734375 1.0 1.0 1.0 1.0 0.8765625
0 1.0 0.6421875 0.9875 0.6421875 0.9875 0.6921875 1.0 0.6921875 1.0 0.6421875
0 0.890625 0.0015625 0.7953125 0.0015625 0.7953125 0.0734375 0.890625 0.0734375 0.890625 0.0015625
