0 0.5234375 0.9953125 0.5046875 0.9953125 0.5046875 1.0 0.5234375 1.0 0.5234375 0.9953125
0 0.803125 0.7140625 0.6953125 0.7140625 0.6953125 0.8703125 0.803125 0.8703125 0.803125 0.7140625
0 0.621875 0.3078125 0.490625 0.3078125 0.490625 0.4640625 0.621875 0.4640625 0.621875 0.3078125
0 1.0 0.0015625 0.5953125 0.0015625 0.5953125 0.4765625 1.0 0.4765625 1.0 0.0015625
0 1.0 0.8921875 0.95625 0.8921875 0.95625 0.9265625 1.0 0.9265625 1.0 0.8921875
0 1.0 0.70625 0.90625 0.70625 0.90625 0.8765625 1.0 0.8765625 1.0 0.70625
0 1.0 0.6046875 0.971875 0.6046875 0.971875 0.6734375 1.0 0.6734375 1.0 0.6046875
0 0.9453125 0.0015625 0.4515625 0.0015625 0.4515625 0.25 0.9453125 0.25 0.9453125 0.0015625
0 1.0 0.9 0.8796875 0.9 0.8796875 1.0 1.0 1.0 1.0 0.9
0 1.0 0.5796875 0.634375 0.5796875 0.634375 1.0 1.0 1.0 1.0 0.5796875
0 1.0 0.3421875 0.9359375 0.3421875 0.9359375 0.5234375 1.0 0.5234375 1.0 0.3421875
0 1.0 0.2640625 0.8984375 0.2640625 0.8984375 0.3734375 1.0 0.3734375 1.0 0.2640625
0 1.0 0.075 0.8875 0.075 0.8875 0.2625 1.0 0.2625 1.0 0.075
0 0.809375 0.9109375 0.7390625 0.9109375 0.7390625 1.0 0.809375 1.0 0.809375 0.9109375
0 0.7546875 0.8890625 0.6359375 0.8890625 0.6359375 1.0 0.7546875 1.0 0.7546875 0.8890625
0 0.7296875 0.5578125 0.5375 0.5578125 0.5375 0.7296875 0.7296875 0.7296875 0.7296875 0.5578125
0 0.8703125 0.0015625 0.6203125 0.0015625 0.6203125 0.1765625 0.8703125 0.1765625 0.8703125 0.0015625
0 0.603125 0.0015625 0.540625 0.0015625 0.540625 0.059375 0.603125 0.059375 0.603125 0.0015625
0 1.0 0.990625 0.9828125 0.990625 0.9828125 1.0 1.0 1.0 1.0 0.990625
0 1.0 0.8484375 0.8046875 0.8484375 0.8046875 1.0 1.0 1.0 1.0 0.8484375
0 1.0 0.509375 0.9234375 0.509375 0.9234375 0.5875 1.0 0.5875 1.0 0.509375
0 1.0 0.203125 0.8390625 0.203125 0.8390625 0.503125 1.0 0.503125 1.0 0.203125
0 1.0 0.0015625 0.9453125 0.0015625 0.9453125 0.0375 1.0 0.0375 1.0 0.0015625
0 0.2578125 0.0015625 0.0015625 0.0015625 0.0015625 1.0 0.2578125 1.0 0.2578125 0.0015625
0 0.503125 0.9921875 0.4453125 0.9921875 0.4453125 1.0 0.503125 1.0 0.503125 0.9921875
0 0.96875 0.1609375 0.4625 0.1609375 0.4625 1.0 0.96875 1.0 0.96875 0.1609375
0 0.59375 0.0015625 0.4671875 0.0015625 0.4671875 0.1296875 0.59375 0.1296875 0.59375 0.0015625
0 0.6171875 0.0015625 0.5890625 0.0015625 0.5890625 0.0203125 0.6171875 0.0203125 0.6171875 0.0015625
0 1.0 0.646875 0.8765625 0.646875 0.8765625 0.8484375 1.0 0.8484375 1.0 0.646875
0 0.8359375 0.0015625 0.6078125 0.0015625 0.6078125 0.125 0.8359375 0.125 0.8359375 0.0015625
