0 0.6234375 0.0015625 0.0015625 0.0015625 0.0015625 0.9671875 0.6234375 0.9671875 0.6234375 0.0015625
0 1.0 0.0015625 0.303125 0.0015625 0.303125 1.0 1.0 1.0 1.0 0.0015625
0 0.2328125 0.8875 0.121875 0.8875 0.121875 1.0 0.2328125 1.0 0.2328125 0.8875
0 0.1578125 0.1765625 0.0640625 0.1765625 0.0640625 0.375 0.1578125 0.375 0.1578125 0.1765625
0 0.828125 0.978125 0.75 0.978125 0.75 1.0 0.828125 1.0 0.828125 0.978125
0 0.9828125 0.815625 0.4421875 0.815625 0.4421875 1.0 0.9828125 1.0 0.9828125 0.815625
0 0.7515625 0.5 0.403125 0.5 0.403125 0.821875 0.7515625 0.821875 0.7515625 0.5
0 0.971875 0.2 0.5953125 0.2 0.5953125 0.4640625 0.971875 0.4640625 0.971875 0.2
0 0.5875 0.275 0.409375 0.275 0.409375 0.5015625 0.5875 0.5015625 0.5875 0.275
0 0.3 0.0859375 0.228125 0.0859375 0.228125 0.3328125 0.3 0.3328125 0.3 0.0859375
0 0.4984375 0.028125 0.3171875 0.028125 0.3171875 0.3734375 0.4984375 0.3734375 0.4984375 0.028125
0 0.8265625 0.0015625 0.721875 0.0015625 0.721875 0.1296875 0.8265625 0.1296875 0.8265625 0.0015625
0 0.41875 0.64375 0.2296875 0.64375 0.2296875 1.0 0.41875 1.0 0.41875 0.64375
0 0.1328125 0.8578125 0.0015625 0.8578125 0.0015625 1.0 0.1328125 1.0 0.1328125 0.8578125
0 0.48125 0.8765625 0.3796875 0.8765625 0.3796875 1.0 0.48125 1.0 0.48125 0.8765625
0 0.7828125 0.0015625 0.3671875 0.0015625 0.3671875 0.5421875 0.7828125 0.5421875 0.7828125 0.0015625
0 1.0 0.021875 0.99375 0.021875 0.99375 0.040625 1.0 0.040625 1.0 0.021875
0 0.9390625 0.128125 0.78125 0.128125 0.78125 0.3375 0.9390625 0.3375 0.9390625 0.128125
0 0.6734375 0.98125 0.625 0.98125 0.625 1.0 0.6734375 1.0 0.6734375 0.98125
