0 0.3296875 0.2265625 0.24375 0.2265625 0.24375 0.3625 0.3296875 0.3625 0.3296875 0.2265625
0 0.06875 0.1578125 0.0109375 0.1578125 0.0109375 0.359375 0.06875 0.359375 0.06875 0.1578125
0 0.290625 0.0015625 0.253125 0.0015625 0.253125 0.071875 0.290625 0.071875 0.290625 0.0015625
0 0.0453125 0.18125 0.0015625 0.18125 0.0015625 0.371875 0.0453125 0.371875 0.0453125 0.18125
0 0.0875 0.0015625 0.0015625 0.0015625 0.0015625 0.171875 0.0875 0.171875 0.0875 0.0015625
0 1.0 0.2 0.965625 0.2 0.965625 0.315625 1.0 0.315625 1.0 0.2
0 0.0734375 0.0015625 0.0015625 0.0015625 0.0015625 0.15 0.0734375 0.15 0.0734375 0.0015625
0 0.8859375 0.2234375 0.7984375 0.2234375 0.7984375 0.334375 0.8859375 0.334375 0.8859375 0.2234375
0 0.1078125 0.0015625 0.0546875 0.0015625 0.0546875 0.359375 0.1078125 0.359375 0.1078125 0.0015625
0 0.0453125 0.0015625 0.0015625 0.0015625 0.0015625 0.20625 0.0453125 0.20625 0.0453125 0.0015625
0 0.2546875 0.2421875 0.15 0.2421875 0.15 0.3890625 0.2546875 0.3890625 0.2546875 0.2421875
0 0.3203125 0.0015625 0.23125 0.0015625 0.23125 0.334375 0.3203125 0.334375 0.3203125 0.0015625
0 1.0 0.0359375 0.8546875 0.0359375 0.8546875 0.25625 1.0 0.25625 1.0 0.0359375
0 0.25625 0.0015625 0.08125 0.0015625 0.08125 0.3953125 0.25625 0.3953125 0.25625 0.0015625
0 0.890625 0.0828125 0.8328125 0.0828125 0.8328125 0.2125 0.890625 0.2125 0.890625 0.0828125
0 0.9703125 0.2015625 0.8703125 0.2015625 0.8703125 0.3328125 0.9703125 0.3328125 0.9703125 0.2015625
0 1.0 0.0015625 0.921875 0.0015625 0.921875 0.1484375 1.0 0.1484375 1.0 0.0015625
0 0.1359375 0.034375 0.0859375 0.034375 0.0859375 0.3265625 0.1359375 0.3265625 0.1359375 0.034375
0 0.1140625 0.0015625 0.10625 0.0015625 0.10625 0.021875 0.1140625 0.021875 0.1140625 0.0015625
0 1.0 0.1296875 0.996875 0.1296875 0.996875 0.14375 1.0 0.14375 1.0 0.1296875
