0 0.0265625 0.1171875 0.0015625 0.1171875 0.0015625 0.2734375 0.0265625 0.2734375 0.0265625 0.1171875
0 1.0 0.30625 0.9640625 0.30625 0.9640625 0.39375 1.0 0.39375 1.0 0.30625
0 1.0 0.9546875 0.9828125 0.9546875 0.9828125 0.9890625 1.0 0.9890625 1.0 0.9546875
0 0.9625 0.5 0.7953125 0.5 0.7953125 0.91875 0.9625 0.91875 0.9625 0.5
0 0.509375 0.3703125 0.415625 0.3703125 0.415625 0.60625 0.509375 0.60625 0.509375 0.3703125
0 1.0 0.0015625 0.975 0.0015625 0.975 0.0203125 1.0 0.0203125 1.0 0.0015625
0 0.0265625 0.0734375 0.0015625 0.0734375 0.0015625 0.1453125 0.0265625 0.1453125 0.0265625 0.0734375
0 0.6 0.165625 0.5171875 0.165625 0.5171875 0.2671875 0.6 0.2671875 0.6 0.165625
0 0.0921875 0.0015625 0.0671875 0.0015625 0.0671875 0.0109375 0.0921875 0.0109375 0.0921875 0.0015625
0 0.0125 0.0015625 0.0015625 0.0015625 0.0015625 0.046875 0.0125 0.046875 0.0125 0.0015625
0 0.9328125 0.640625 0.8328125 0.640625 0.8328125 0.83125 0.9328125 0.83125 0.9328125 0.640625
0 0.675 0.0015625 0.509375 0.0015625 0.509375 0.1546875 0.675 0.1546875 0.675 0.0015625
0 0.959375 0.3921875 0.8640625 0.3921875 0.8640625 0.5125 0.959375 0.5125 0.959375 0.3921875
0 0.1828125 0.0859375 0.01875 0.0859375 0.01875 0.4625 0.1828125 0.4625 0.1828125 0.0859375
0 0.0796875 0.2875 0.0015625 0.2875 0.0015625 0.5296875 0.0796875 0.5296875 0.0796875 0.2875
0 0.659375 0.1546875 0.240625 0.1546875 0.240625 0.3734375 0.659375 0.3734375 0.659375 0.1546875
0 0.8421875 0.08125 0.6390625 0.08125 0.6390625 0.4859375 0.8421875 0.4859375 0.8421875 0.08125
0 1.0 0.640625 0.996875 0.640625 0.996875 0.6734375 1.0 0.6734375 1.0 0.640625
0 0.1421875 0.4140625 0.0046875 0.4140625 0.0046875 0.53125 0.1421875 0.53125 0.1421875 0.4140625
0 0.3625 0.0015625 0.109375 0.0015625 0.109375 0.109375 0.3625 0.109375 0.3625 0.0015625
0 0.4734375 0.21875 0.184375 0.21875 0.184375 0.4703125 0.4734375 0.4703125 0.4734375 0.21875
0 0.91875 0.0609375 0.6671875 0.0609375 0.6671875 0.4453125 0.91875 0.4453125 0.91875 0.0609375
0 0.6859375 0.0265625 0.496875 0.0265625 0.496875 0.2671875 0.6859375 0.2671875 0.6859375 0.0265625
0 0.8734375 0.0015625 0.75 0.0015625 0.75 0.084375 0.8734375 0.084375 0.8734375 0.0015625
0 0.675 0.0015625 0.6453125 0.0015625 0.6453125 0.0328125 0.675 0.0328125 0.675 0.0015625
0 1.0 0.10625 0.9125 0.10625 0.9125 0.25 1.0 0.25 1.0 0.10625
0 1.0 0.0015625 0.0015625 0.0015625 0.0015625 1.0 1.0 1.0 1.0 0.0015625
0 0.134375 0.0015625 0.0015625 0.0015625 0.0015625 0.346875 0.134375 0.346875 0.134375 0.0015625
0 0.8421875 0.24375 0.715625 0.24375 0.715625 0.3921875 0.8421875 0.3921875 0.8421875 0.24375
0 0.9671875 0.765625 0.865625 0.765625 0.865625 0.9140625 0.9671875 0.9140625 0.9671875 0.765625
0 0.9828125 0.5671875 0.8796875 0.5671875 0.8796875 0.790625 0.9828125 0.790625 0.9828125 0.5671875
0 0.3078125 0.33125 0.0703125 0.33125 0.0703125 0.4703125 0.3078125 0.4703125 0.3078125 0.33125
0 0.90625 0.2421875 0.83125 0.2421875 0.83125 0.40625 0.90625 0.40625 0.90625 0.2421875
0 0.6234375 0.0640625 0.4375 0.0640625 0.4375 0.2671875 0.6234375 0.2671875 0.6234375 0.0640625
