0 0.2046875 0.5 0.0875 0.5 0.0875 0.6953125 0.2046875 0.6953125 0.2046875 0.5
0 0.715625 0.35625 0.5046875 0.35625 0.5046875 0.6390625 0.715625 0.6390625 0.715625 0.35625
0 0.0984375 0.4078125 0.0015625 0.4078125 0.0015625 0.634375 0.0984375 0.634375 0.0984375 0.4078125
0 1.0 0.6234375 0.825 0.6234375 0.825 0.7390625 1.0 0.7390625 1.0 0.6234375
0 0.771875 0.2484375 0.6078125 0.2484375 0.6078125 0.371875 0.771875 0.371875 0.771875 0.2484375
0 0.90625 0.959375 0.8265625 0.959375 0.8265625 1.0 0.90625 1.0 0.90625 0.959375
0 0.9875 0.7859375 0.9 0.7859375 0.9 1.0 0.9875 1.0 0.9875 0.7859375
0 0.9390625 0.5421875 0.671875 0.5421875 0.671875 0.896875 0.9390625 0.896875 0.9390625 0.5421875
0 0.696875 0.5421875 0.5125 0.5421875 0.5125 0.609375 0.696875 0.609375 0.696875 0.5421875
0 0.7828125 0.278125 0.6125 0.278125 0.6125 0.4890625 0.7828125 0.4890625 0.7828125 0.278125
0 0.5296875 0.0015625 0.3953125 0.0015625 0.3953125 0.1296875 0.5296875 0.1296875 0.5296875 0.0015625
0 0.734375 0.7375 0.6546875 0.7375 0.6546875 1.0 0.734375 1.0 0.734375 0.7375
0 0.01875 0.01875 0.0015625 0.01875 0.0015625 0.1703125 0.01875 0.1703125 0.01875 0.01875
0 1.0 0.6734375 0.7875 0.6734375 0.7875 1.0 1.0 1.0 1.0 0.6734375
0 0.946875 0.4265625 0.7125 0.4265625 0.7125 0.56875 0.946875 0.56875 0.946875 0.4265625
0 0.34375 0.375 0.2359375 0.375 0.2359375 0.5203125 0.34375 0.5203125 0.34375 0.375
0 0.565625 0.8453125 0.446875 0.8453125 0.446875 1.0 0.565625 1.0 0.565625 0.8453125
0 0.015625 0.1625 0.0015625 0.1625 0.0015625 0.2296875 0.015625 0.2296875 0.015625 0.1625
0 1.0 0.0015625 0.0015625 0.0015625 0.0015625 1.0 1.0 1.0 1.0 0.0015625
0 0.49375 0.0015625 0.428125 0.0015625 0.428125 0.0328125 0.49375 0.0328125 0.49375 0.0015625
0 0.3765625 0.8828125 0.1734375 0.8828125 0.1734375 1.0 0.3765625 1.0 0.3765625 0.8828125
0 0.609375 0.053125 0.4609375 0.053125 0.4609375 0.209375 0.609375 0.209375 0.609375 0.053125
0 0.925 0.69375 0.8140625 0.69375 0.8140625 0.825 0.925 0.825 0.925 0.69375
0 1.0 0.471875 0.9515625 0.471875 0.9515625 0.609375 1.0 0.609375 1.0 0.471875
0 0.3625 0.590625 0.153125 0.590625 0.153125 0.88125 0.3625 0.88125 0.3625 0.590625
0 0.1734375 0.953125 0.1078125 0.953125 0.1078125 1.0 0.1734375 1.0 0.1734375 0.953125
0 0.1296875 0.6515625 0.0015625 0.6515625 0.0015625 0.840625 0.1296875 0.840625 0.1296875 0.6515625
