0 0.365625 0.91875 0.1796875 0.91875 0.1796875 1.0 0.365625 1.0 0.365625 0.91875
0 0.2359375 0.721875 0.03125 0.721875 0.03125 0.853125 0.2359375 0.853125 0.2359375 0.721875
0 0.040625 0.5421875 0.0015625 0.5421875 0.0015625 0.709375 0.040625 0.709375 0.040625 0.5421875
0 0.2546875 0.5703125 0.1171875 0.5703125 0.1171875 0.7296875 0.2546875 0.7296875 0.2546875 0.5703125
0 0.3640625 0.203125 0.1296875 0.203125 0.1296875 0.3484375 0.3640625 0.3484375 0.3640625 0.203125
0 0.3484375 0.05625 0.165625 0.05625 0.165625 0.1609375 0.3484375 0.1609375 0.3484375 0.05625
0 0.890625 0.590625 0.825 0.590625 0.825 0.8046875 0.890625 0.8046875 0.890625 0.590625
0 1.0 0.6609375 0.990625 0.6609375 0.990625 0.740625 1.0 0.740625 1.0 0.6609375
0 0.003125 0.546875 0.0015625 0.546875 0.0015625 0.5515625 0.003125 0.5515625 0.003125 0.546875
0 0.05 0.6921875 0.0015625 0.6921875 0.0015625 0.96875 0.05 0.96875 0.05 0.6921875
0 0.646875 0.7703125 0.51875 0.7703125 0.51875 1.0 0.646875 1.0 0.646875 0.7703125
0 0.1625 0.8328125 0.05625 0.8328125 0.05625 1.0 0.1625 1.0 0.1625 0.8328125
0 0.34375 0.1359375 0.1421875 0.1359375 0.1421875 0.265625 0.34375 0.265625 0.34375 0.1359375
0 0.3484375 0.0015625 0.184375 0.0015625 0.184375 0.11875 0.3484375 0.11875 0.3484375 0.0015625
0 1.0 0.828125 0.921875 0.828125 0.921875 1.0 1.0 1.0 1.0 0.828125
0 1.0 0.0015625 0.6015625 0.0015625 0.6015625 1.0 1.0 1.0 1.0 0.0015625
0 0.65625 0.1234375 0.575 0.1234375 0.575 0.25625 0.65625 0.25625 0.65625 0.1234375
0 0.0171875 0.409375 0.0015625 0.409375 0.0015625 0.55 0.0171875 0.55 0.0171875 0.409375
0 0.253125 0.3046875 0.121875 0.3046875 0.121875 0.4921875 0.253125 0.4921875 0.253125 0.3046875
0 0.2765625 0.9515625 0.265625 0.9515625 0.265625 1.0 0.2765625 1.0 0.2765625 0.9515625
0 0.2203125 0.9421875 0.125 0.9421875 0.125 1.0 0.2203125 1.0 0.2203125 0.9421875
0 0.090625 0.8296875 0.0015625 0.8296875 0.0015625 1.0 0.090625 1.0 0.090625 0.8296875
0 0.303125 0.0015625 0.0015625 0.0015625 0.0015625 0.30625 0.303125 0.30625 0.303125 0.0015625
0 1.0 0.0015625 0.08125 0.0015625 0.08125 1.0 1.0 1.0 1.0 0.0015625
0 0.23125 0.190625 0.0390625 0.190625 0.0390625 0.7234375 0.23125 0.7234375 0.23125 0.190625
0 0.59375 0.65 0.50625 0.65 0.50625 0.8875 0.59375 0.8875 0.59375 0.65
0 0.9671875 0.0359375 0.7421875 0.0359375 0.7421875 0.734375 0.9671875 0.734375 0.9671875 0.0359375
