0 0.834375 0.7375 0.7203125 0.7375 0.7203125 0.9453125 0.834375 0.9453125 0.834375 0.7375
0 0.1421875 0.69375 0.0015625 0.69375 0.0015625 0.8125 0.1421875 0.8125 0.1421875 0.69375
0 0.0390625 0.9265625 0.0015625 0.9265625 0.0015625 0.9609375 0.0390625 0.9609375 0.0390625 0.9265625
0 0.0703125 0.4 0.0015625 0.4 0.0015625 0.5453125 0.0703125 0.5453125 0.0703125 0.4
0 0.54375 0.0046875 0.4375 0.0046875 0.4375 0.109375 0.54375 0.109375 0.54375 0.0046875
0 0.078125 0.459375 0.0140625 0.459375 0.0140625 0.6625 0.078125 0.6625 0.078125 0.459375
0 0.9890625 0.7265625 0.690625 0.7265625 0.690625 1.0 0.9890625 1.0 0.9890625 0.7265625
0 0.9078125 0.040625 0.6453125 0.040625 0.6453125 0.271875 0.9078125 0.271875 0.9078125 0.040625
0 1.0 0.9796875 0.9875 0.9796875 0.9875 1.0 1.0 1.0 1.0 0.9796875
0 0.921875 0.21875 0.8359375 0.21875 0.8359375 0.315625 0.921875 0.315625 0.921875 0.21875
0 0.1703125 0.121875 0.0015625 0.121875 0.0015625 0.2265625 0.1703125 0.2265625 0.1703125 0.121875
0 0.1328125 0.678125 0.0015625 0.678125 0.0015625 1.0 0.1328125 1.0 0.1328125 0.678125
0 0.040625 0.5390625 0.0015625 0.5390625 0.0015625 0.6234375 0.040625 0.6234375 0.040625 0.5390625
0 0.271875 0.4140625 0.0703125 0.4140625 0.0703125 0.5375 0.271875 0.5375 0.271875 0.4140625
0 0.6203125 0.0984375 0.3671875 0.0984375 0.3671875 0.134375 0.6203125 0.134375 0.6203125 0.0984375
0 0.70625 0.8671875 0.6359375 0.8671875 0.6359375 1.0 0.70625 1.0 0.70625 0.8671875
0 0.9953125 0.68125 0.921875 0.68125 0.921875 0.8484375 0.9953125 0.8484375 0.9953125 0.68125
0 1.0 0.2078125 0.75 0.2078125 0.75 0.4578125 1.0 0.4578125 1.0 0.2078125
0 0.7953125 0.0015625 0.65 0.0015625 0.65 0.05 0.7953125 0.05 0.7953125 0.0015625
0 0.09375 0.853125 0.0015625 0.853125 0.0015625 1.0 0.09375 1.0 0.09375 0.853125
0 0.2921875 0.6265625 0.015625 0.6265625 0.015625 0.946875 0.2921875 0.946875 0.2921875 0.6265625
0 0.0140625 0.0015625 0.0015625 0.0015625 0.0015625 0.0578125 0.0140625 0.0578125 0.0140625 0.0015625
0 0.2484375 0.9375 0.1875 0.9375 0.1875 1.0 0.2484375 1.0 0.2484375 0.9375
0 0.559375 0.6078125 0.43125 0.6078125 0.43125 0.746875 0.559375 0.746875 0.559375 0.6078125
0 0.3203125 0.534375 0.2484375 0.534375 0.2484375 0.665625 0.3203125 0.665625 0.3203125 0.534375
0 0.1640625 0.4890625 0.0703125 0.4890625 0.0703125 0.6203125 0.1640625 0.6203125 0.1640625 0.4890625
0 0.575 0.29375 0.3796875 0.29375 0.3796875 0.571875 0.575 0.571875 0.575 0.29375
0 0.1984375 0.31875 0.0546875 0.31875 0.0546875 0.4953125 0.1984375 0.4953125 0.1984375 0.31875
0 0.6234375 0.1078125 0.196875 0.1078125 0.196875 0.25 0.6234375 0.25 0.6234375 0.1078125
0 0.20625 0.0015625 0.096875 0.0015625 0.096875 0.1421875 0.20625 0.1421875 0.20625 0.0015625
0 0.6296875 0.0015625 0.375 0.0015625 0.375 0.1140625 0.6296875 0.1140625 0.6296875 0.0015625
0 0.4296875 0.0015625 0.2703125 0.0015625 0.2703125 0.0953125 0.4296875 0.0953125 0.4296875 0.0015625
0 1.0 0.85625 0.90625 0.85625 0.90625 1.0 1.0 1.0 1.0 0.85625
0 0.7640625 0.60625 0.628125 0.60625 0.628125 0.7875 0.7640625 0.7875 0.7640625 0.60625
0 0.7765625 0.265625 0.596875 0.265625 0.596875 0.5078125 0.7765625 0.5078125 0.7765625 0.265625
0 0.928125 0.2578125 0.759375 0.2578125 0.759375 0.3953125 0.928125 0.3953125 0.928125 0.2578125
0 0.88125 0.128125 0.6796875 0.128125 0.6796875 0.2421875 0.88125 0.2421875 0.88125 0.128125
0 1.0 0.04375 0.915625 0.04375 0.915625 0.2578125 1.0 0.2578125 1.0 0.04375
0 0.7796875 0.0015625 0.63125 0.0015625 0.63125 0.190625 0.7796875 0.190625 0.7796875 0.0015625
0 0.7046875 0.0015625 0.6640625 0.0015625 0.6640625 0.00625 0.7046875 0.00625 0.7046875 0.0015625
0 1.0 0.7328125 0.9453125 0.7328125 0.9453125 0.81875 1.0 0.81875 1.0 0.7328125
0 1.0 0.4671875 0.803125 0.4671875 0.803125 0.6265625 1.0 0.6265625 1.0 0.4671875
0 0.4875 0.3421875 0.3859375 0.3421875 0.3859375 0.5203125 0.4875 0.5203125 0.4875 0.3421875
0 1.0 0.0015625 0.0015625 0.0015625 0.0015625 1.0 1.0 1.0 1.0 0.0015625
0 0.3234375 0.0015625 0.0015625 0.0015625 0.0015625 0.228125 0.3234375 0.228125 0.3234375 0.0015625
0 0.4515625 0.0015625 0.34375 0.0015625 0.34375 0.11875 0.4515625 0.11875 0.4515625 0.0015625
0 0.0328125 0.60625 0.0015625 0.60625 0.0015625 0.6984375 0.0328125 0.6984375 0.0328125 0.60625
0 0.6015625 0.1265625 0.4328125 0.1265625 0.4328125 0.1875 0.6015625 0.1875 0.6015625 0.1265625
0 0.3828125 0.0015625 0.3265625 0.0015625 0.3265625 0.0578125 0.3828125 0.0578125 0.3828125 0.0015625
0 0.8140625 0.9171875 0.7171875 0.9171875 0.7171875 1.0 0.8140625 1.0 0.8140625 0.9171875
0 1.0 0.8171875 0.984375 0.8171875 0.984375 0.8703125 1.0 0.8703125 1.0 0.8171875
0 0.7828125 0.2234375 0.6203125 0.2234375 0.6203125 0.3859375 0.7828125 0.3859375 0.7828125 0.2234375
0 0.9734375 0.0015625 0.8015625 0.0015625 0.8015625 0.2015625 0.9734375 0.2015625 0.9734375 0.0015625
