0 0.146875 0.0015625 0.040625 0.0015625 0.040625 0.1203125 0.146875 0.1203125 0.146875 0.0015625
0 0.0875 0.3328125 0.0015625 0.3328125 0.0015625 0.478125 0.0875 0.478125 0.0875 0.3328125
0 0.1671875 0.2421875 0.0515625 0.2421875 0.0515625 0.43125 0.1671875 0.43125 0.1671875 0.2421875
0 0.9796875 0.9765625 0.953125 0.9765625 0.953125 1.0 0.9796875 1.0 0.9796875 0.9765625
0 0.5875 0.8609375 0.5015625 0.8609375 0.5015625 1.0 0.5875 1.0 0.5875 0.8609375
0 0.3203125 0.1203125 0.1578125 0.1203125 0.1578125 0.2265625 0.3203125 0.2265625 0.3203125 0.1203125
0 0.1875 0.275 0.046875 0.275 0.046875 0.5 0.1875 0.5 0.1875 0.275
0 1.0 0.55625 0.996875 0.55625 0.996875 0.5625 1.0 0.5625 1.0 0.55625
0 0.290625 0.3421875 0.190625 0.3421875 0.190625 0.553125 0.290625 0.553125 0.290625 0.3421875
0 0.4453125 0.83125 0.2546875 0.83125 0.2546875 1.0 0.4453125 1.0 0.4453125 0.83125
0 0.1890625 0.9578125 0.071875 0.9578125 0.071875 1.0 0.1890625 1.0 0.1890625 0.9578125
0 0.1984375 0.04375 0.0015625 0.04375 0.0015625 0.309375 0.1984375 0.309375 0.1984375 0.04375
0 0.41875 0.0015625 0.3890625 0.0015625 0.3890625 0.0453125 0.41875 0.0453125 0.41875 0.0015625
0 0.2953125 0.8609375 0.16875 0.8609375 0.16875 1.0 0.2953125 1.0 0.2953125 0.8609375
0 0.0203125 0.6359375 0.0015625 0.6359375 0.0015625 0.6546875 0.0203125 0.6546875 0.0203125 0.6359375
0 0.1078125 0.3359375 0.0015625 0.3359375 0.0015625 0.5140625 0.1078125 0.5140625 0.1078125 0.3359375
0 0.41875 0.0015625 0.0015625 0.0015625 0.0015625 0.30625 0.41875 0.30625 0.41875 0.0015625
0 0.8671875 0.0015625 0.65 0.0015625 0.65 0.109375 0.8671875 0.109375 0.8671875 0.0015625
0 0.4765625 0.0015625 0.409375 0.0015625 0.409375 0.0546875 0.4765625 0.0546875 0.4765625 0.0015625
0 0.68125 0.28125 0.0015625 0.28125 0.0015625 1.0 0.68125 1.0 0.68125 0.28125
0 1.0 0.0015625 0.6359375 0.0015625 0.6359375 1.0 1.0 1.0 1.0 0.0015625
0 0.509375 0.1875 0.3734375 0.1875 0.3734375 0.2796875 0.509375 0.2796875 0.509375 0.1875
0 0.29375 0.0015625 0.1890625 0.0015625 0.1890625 0.01875 0.29375 0.01875 0.29375 0.0015625
