0 0.63125 0.271875 0.5 0.271875 0.5 0.4 0.63125 0.4 0.63125 0.271875
0 0.63125 0.790625 0.465625 0.790625 0.465625 0.925 0.63125 0.925 0.63125 0.790625
0 0.3390625 0.7078125 0.1921875 0.7078125 0.1921875 0.8875 0.3390625 0.8875 0.3390625 0.7078125
0 0.69375 0.228125 0.5609375 0.228125 0.5609375 0.3171875 0.69375 0.3171875 0.69375 0.228125
0 0.9328125 0.8875 0.7421875 0.8875 0.7421875 0.9921875 0.9328125 0.9921875 0.9328125 0.8875
0 1.0 0.759375 0.9515625 0.759375 0.9515625 0.8375 1.0 0.8375 1.0 0.759375
0 1.0 0.6296875 0.796875 0.6296875 0.796875 0.725 1.0 0.725 1.0 0.6296875
0 1.0 0.46875 0.7 0.46875 0.7 0.640625 1.0 0.640625 1.0 0.46875
0 0.7625 0.325 0.6421875 0.325 0.6421875 0.43125 0.7625 0.43125 0.7625 0.325
0 0.7484375 0.4875 0.5140625 0.4875 0.5140625 0.6828125 0.7484375 0.6828125 0.7484375 0.4875
0 0.6203125 0.353125 0.478125 0.353125 0.478125 0.446875 0.6203125 0.446875 0.6203125 0.353125
0 0.5140625 0.8265625 0.3984375 0.8265625 0.3984375 0.93125 0.5140625 0.93125 0.5140625 0.8265625
0 0.675 0.4859375 0.2703125 0.4859375 0.2703125 0.8765625 0.675 0.8765625 0.675 0.4859375
0 0.7203125 0.6875 0.58125 0.6875 0.58125 0.7546875 0.7203125 0.7546875 0.7203125 0.6875
0 0.921875 0.4765625 0.696875 0.4765625 0.696875 0.609375 0.921875 0.609375 0.921875 0.4765625
0 0.6859375 0.3140625 0.584375 0.3140625 0.584375 0.434375 0.6859375 0.434375 0.6859375 0.3140625
0 1.0 0.0390625 0.7421875 0.0390625 0.7421875 0.371875 1.0 0.371875 1.0 0.0390625
0 1.0 0.78125 0.9125 0.78125 0.9125 0.984375 1.0 0.984375 1.0 0.78125
0 0.9390625 0.7484375 0.734375 0.7484375 0.734375 0.8171875 0.9390625 0.8171875 0.9390625 0.7484375
0 1.0 0.7296875 0.9453125 0.7296875 0.9453125 0.809375 1.0 0.809375 1.0 0.7296875
0 1.0 0.5609375 0.8015625 0.5609375 0.8015625 0.6453125 1.0 0.6453125 1.0 0.5609375
0 1.0 0.4328125 0.8640625 0.4328125 0.8640625 0.471875 1.0 0.471875 1.0 0.4328125
0 1.0 0.253125 0.8609375 0.253125 0.8609375 0.40625 1.0 0.40625 1.0 0.253125
0 0.8046875 0.203125 0.5546875 0.203125 0.5546875 0.334375 0.8046875 0.334375 0.8046875 0.203125
0 0.6328125 0.3625 0.4140625 0.3625 0.4140625 0.525 0.6328125 0.525 0.6328125 0.3625
0 0.45625 0.7984375 0.1625 0.7984375 0.1625 0.9453125 0.45625 0.9453125 0.45625 0.7984375
0 0.971875 0.9140625 0.6984375 0.9140625 0.6984375 0.9984375 0.971875 0.9984375 0.971875 0.9140625
0 1.0 0.9796875 0.996875 0.9796875 0.996875 0.98125 1.0 0.98125 1.0 0.9796875
0 0.6421875 0.659375 0.3375 0.659375 0.3375 0.8421875 0.6421875 0.8421875 0.6421875 0.659375
0 1.0 0.5953125 0.509375 0.5953125 0.509375 0.921875 1.0 0.921875 1.0 0.5953125
0 1.0 0.4578125 0.8828125 0.4578125 0.8828125 0.525 1.0 0.525 1.0 0.4578125
0 1.0 0.16875 0.6953125 0.16875 0.6953125 0.646875 1.0 0.646875 1.0 0.16875
