0 0.8 0.9875 0.7015625 0.9875 0.7015625 1.0 0.8 1.0 0.8 0.9875
0 1.0 0.0015625 0.0015625 0.0015625 0.0015625 1.0 1.0 1.0 1.0 0.0015625
0 1.0 0.98125 0.9609375 0.98125 0.9609375 1.0 1.0 1.0 1.0 0.98125
0 1.0 0.4734375 0.9671875 0.4734375 0.9671875 0.5546875 1.0 0.5546875 1.0 0.4734375
0 0.159375 0.01875 0.003125 0.01875 0.003125 0.23125 0.159375 0.23125 0.159375 0.01875
0 0.984375 0.7328125 0.565625 0.7328125 0.565625 1.0 0.984375 1.0 0.984375 0.7328125
0 0.0078125 0.8703125 0.0015625 0.8703125 0.0015625 0.9390625 0.0078125 0.9390625 0.0078125 0.8703125
0 0.6296875 0.39375 0.3140625 0.39375 0.3140625 0.7125 0.6296875 0.7125 0.6296875 0.39375
0 1.0 0.4984375 0.6296875 0.4984375 0.6296875 0.703125 1.0 0.703125 1.0 0.4984375
0 0.1859375 0.34375 0.0984375 0.34375 0.0984375 0.653125 0.1859375 0.653125 0.1859375 0.34375
0 0.1671875 0.134375 0.0015625 0.134375 0.0015625 0.3515625 0.1671875 0.3515625 0.1671875 0.134375
0 0.61875 0.2125 0.475 0.2125 0.475 0.365625 0.61875 0.365625 0.61875 0.2125
0 0.4875 0.9421875 0.453125 0.9421875 0.453125 1.0 0.4875 1.0 0.4875 0.9421875
0 0.14375 0.8859375 0.0015625 0.8859375 0.0015625 1.0 0.14375 1.0 0.14375 0.8859375
0 0.3515625 0.54375 0.09375 0.54375 0.09375 0.8890625 0.3515625 0.8890625 0.3515625 0.54375
0 0.465625 0.0015625 0.0015625 0.0015625 0.0015625 0.2265625 0.465625 0.2265625 0.465625 0.0015625
0 0.990625 0.0015625 0.90625 0.0015625 0.90625 0.021875 0.990625 0.021875 0.990625 0.0015625
0 1.0 0.3796875 0.91875 0.3796875 0.91875 0.48125 1.0 0.48125 1.0 0.3796875
0 0.4390625 0.896875 0.284375 0.896875 0.284375 1.0 0.4390625 1.0 0.4390625 0.896875
