0 1.0 0.9375 0.953125 0.9375 0.953125 1.0 1.0 1.0 1.0 0.9375
0 1.0 0.765625 0.8984375 0.765625 0.8984375 1.0 1.0 1.0 1.0 0.765625
0 1.0 0.2890625 0.9828125 0.2890625 0.9828125 0.3390625 1.0 0.3390625 1.0 0.2890625
0 0.925 0.29375 0.8109375 0.29375 0.8109375 0.4359375 0.925 0.4359375 0.925 0.29375
0 1.0 0.10625 0.890625 0.10625 0.890625 0.1953125 1.0 0.1953125 1.0 0.10625
0 0.9515625 0.4734375 0.859375 0.4734375 0.859375 0.634375 0.9515625 0.634375 0.9515625 0.4734375
0 1.0 0.44375 0.9796875 0.44375 0.9796875 0.51875 1.0 0.51875 1.0 0.44375
0 0.96875 0.0015625 0.7796875 0.0015625 0.7796875 0.15625 0.96875 0.15625 0.96875 0.0015625
0 1.0 0.80625 0.80625 0.80625 0.80625 0.9125 1.0 0.9125 1.0 0.80625
0 1.0 0.190625 0.790625 0.190625 0.790625 0.696875 1.0 0.696875 1.0 0.190625
0 1.0 0.0015625 0.93125 0.0015625 0.93125 0.121875 1.0 0.121875 1.0 0.0015625
0 1.0 0.65 0.8578125 0.65 0.8578125 1.0 1.0 1.0 1.0 0.65
0 0.94375 0.7359375 0.7453125 0.7359375 0.7453125 0.984375 0.94375 0.984375 0.94375 0.7359375
0 0.9328125 0.2875 0.765625 0.2875 0.765625 0.5515625 0.9328125 0.5515625 0.9328125 0.2875
0 0.8875 0.0015625 0.7546875 0.0015625 0.7546875 0.175 0.8875 0.175 0.8875 0.0015625
0 1.0 0.05625 0.84375 0.05625 0.84375 0.234375 1.0 0.234375 1.0 0.05625
0 1.0 0.0015625 0.9734375 0.0015625 0.9734375 0.0265625 1.0 0.0265625 1.0 0.0015625
0 0.89375 0.546875 0.7296875 0.546875 0.7296875 0.7203125 0.89375 0.7203125 0.89375 0.546875
