0 0.3953125 0.10625 0.1390625 0.10625 0.1390625 0.2296875 0.3953125 0.2296875 0.3953125 0.10625
0 0.2640625 0.771875 0.1453125 0.771875 0.1453125 0.871875 0.2640625 0.871875 0.2640625 0.771875
0 0.23125 0.565625 0.115625 0.565625 0.115625 0.7359375 0.23125 0.7359375 0.23125 0.565625
0 0.634375 0.165625 0.5125 0.165625 0.5125 0.3109375 0.634375 0.3109375 0.634375 0.165625
0 0.4203125 0.0015625 0.396875 0.0015625 0.396875 0.0140625 0.4203125 0.0140625 0.4203125 0.0015625
0 0.5890625 0.0015625 0.3921875 0.0015625 0.3921875 0.0703125 0.5890625 0.0703125 0.5890625 0.0015625
0 1.0 0.8265625 0.896875 0.8265625 0.896875 0.94375 1.0 0.94375 1.0 0.8265625
0 0.3296875 0.215625 0.1828125 0.215625 0.1828125 0.5984375 0.3296875 0.5984375 0.3296875 0.215625
0 0.6453125 0.809375 0.5625 0.809375 0.5625 0.9171875 0.6453125 0.9171875 0.6453125 0.809375
0 0.103125 0.0015625 0.0015625 0.0015625 0.0015625 0.0796875 0.103125 0.0796875 0.103125 0.0015625
0 0.9734375 0.8796875 0.8765625 0.8796875 0.8765625 1.0 0.9734375 1.0 0.9734375 0.8796875
0 0.80625 0.140625 0.75 0.140625 0.75 0.3609375 0.80625 0.3609375 0.80625 0.140625
0 0.9421875 0.0015625 0.915625 0.0015625 0.915625 0.0109375 0.9421875 0.0109375 0.9421875 0.0015625
0 1.0 0.7015625 0.965625 0.7015625 0.965625 0.8328125 1.0 0.8328125 1.0 0.7015625
0 1.0 0.7890625 0.934375 0.7890625 0.934375 0.978125 1.0 0.978125 1.0 0.7890625
0 0.36875 0.5734375 0.0734375 0.5734375 0.0734375 0.946875 0.36875 0.946875 0.36875 0.5734375
0 0.246875 0.3609375 0.1265625 0.3609375 0.1265625 0.5765625 0.246875 0.5765625 0.246875 0.3609375
0 0.2734375 0.2 0.165625 0.2 0.165625 0.3859375 0.2734375 0.3859375 0.2734375 0.2
0 0.4625 0.4796875 0.346875 0.4796875 0.346875 0.653125 0.4625 0.653125 0.4625 0.4796875
0 0.6921875 0.265625 0.490625 0.265625 0.490625 0.3984375 0.6921875 0.3984375 0.6921875 0.265625
0 0.590625 0.0265625 0.346875 0.0265625 0.346875 0.0953125 0.590625 0.0953125 0.590625 0.0265625
0 0.7984375 0.4359375 0.6578125 0.4359375 0.6578125 0.6828125 0.7984375 0.6828125 0.7984375 0.4359375
0 0.6828125 0.61875 0.509375 0.61875 0.509375 1.0 0.6828125 1.0 0.6828125 0.61875
0 0.4984375 0.89375 0.3828125 0.89375 0.3828125 1.0 0.4984375 1.0 0.4984375 0.89375
0 0.9875 0.6640625 0.815625 0.6640625 0.815625 0.878125 0.9875 0.878125 0.9875 0.6640625
0 1.0 0.746875 0.9984375 0.746875 0.9984375 0.759375 1.0 0.759375 1.0 0.746875
0 0.2703125 0.3828125 0.18125 0.3828125 0.18125 0.4796875 0.2703125 0.4796875 0.2703125 0.3828125
0 0.70625 0.2703125 0.4359375 0.2703125 0.4359375 0.4796875 0.70625 0.4796875 0.70625 0.2703125
0 0.0875 0.546875 0.00625 0.546875 0.00625 0.7625 0.0875 0.7625 0.0875 0.546875
0 0.35625 0.63125 0.2796875 0.63125 0.2796875 0.8390625 0.35625 0.8390625 0.35625 0.63125
0 0.9203125 0.0015625 0.884375 0.0015625 0.884375 0.0234375 0.9203125 0.0234375 0.9203125 0.0015625
0 0.55625 0.8890625 0.3625 0.8890625 0.3625 1.0 0.55625 1.0 0.55625 0.8890625
0 1.0 0.903125 0.94375 0.903125 0.94375 1.0 1.0 1.0 1.0 0.903125
0 0.7484375 0.6515625 0.609375 0.6515625 0.609375 0.8296875 0.7484375 0.8296875 0.7484375 0.6515625
0 0.7765625 0.5078125 0.6046875 0.5078125 0.6046875 0.68125 0.7765625 0.68125 0.7765625 0.5078125
0 0.853125 0.021875 0.7265625 0.021875 0.7265625 0.1453125 0.853125 0.1453125 0.853125 0.021875
0 0.6453125 0.3609375 0.46875 0.3609375 0.46875 0.5625 0.6453125 0.5625 0.6453125 0.3609375
0 0.38125 0.3328125 0.2859375 0.3328125 0.2859375 0.5296875 0.38125 0.5296875 0.38125 0.3328125
0 0.7625 0.2359375 0.6296875 0.2359375 0.6296875 0.3796875 0.7625 0.3796875 0.7625 0.2359375
0 0.909375 0.778125 0.8125 0.778125 0.8125 0.959375 0.909375 0.959375 0.909375 0.778125
0 0.775 0.0703125 0.6859375 0.0703125 0.6859375 0.228125 0.775 0.228125 0.775 0.0703125
0 0.771875 0.421875 0.603125 0.421875 0.603125 0.5625 0.771875 0.5625 0.771875 0.421875
0 0.9296875 0.0203125 0.803125 0.0203125 0.803125 0.3125 0.9296875 0.3125 0.9296875 0.0203125
0 0.053125 0.0328125 0.0015625 0.0328125 0.0015625 0.175 0.053125 0.175 0.053125 0.0328125
0 0.275 0.1328125 0.0015625 0.1328125 0.0015625 1.0 0.275 1.0 0.275 0.1328125
0 0.334375 0.896875 0.0828125 0.896875 0.0828125 1.0 0.334375 1.0 0.334375 0.896875
0 0.6125 0.7640625 0.4734375 0.7640625 0.4734375 0.9609375 0.6125 0.9609375 0.6125 0.7640625
0 0.525 0.2296875 0.196875 0.2296875 0.196875 0.8328125 0.525 0.8328125 0.525 0.2296875
0 0.6140625 0.109375 0.4390625 0.109375 0.4390625 0.225 0.6140625 0.225 0.6140625 0.109375
0 0.9 0.0015625 0.4296875 0.0015625 0.4296875 0.240625 0.9 0.240625 0.9 0.0015625
0 0.403125 0.0015625 0.1234375 0.0015625 0.1234375 0.1328125 0.403125 0.1328125 0.403125 0.0015625
0 0.4796875 0.0015625 0.390625 0.0015625 0.390625 0.0453125 0.4796875 0.0453125 0.4796875 0.0015625
0 0.696875 0.478125 0.5390625 0.478125 0.5390625 0.7734375 0.696875 0.7734375 0.696875 0.478125
0 0.8828125 0.1484375 0.5484375 0.1484375 0.5484375 0.5203125 0.8828125 0.5203125 0.8828125 0.1484375
0 0.7578125 0.2234375 0.6671875 0.2234375 0.6671875 0.2953125 0.7578125 0.2953125 0.7578125 0.2234375
0 1.0 0.1 0.98125 0.1 0.98125 0.159375 1.0 0.159375 1.0 0.1
0 1.0 0.571875 0.9140625 0.571875 0.9140625 0.6515625 1.0 0.6515625 1.0 0.571875
0 0.990625 0.6890625 0.878125 0.6890625 0.878125 0.8484375 0.990625 0.8484375 0.990625 0.6890625
0 1.0 0.55625 0.9171875 0.55625 0.9171875 0.7046875 1.0 0.7046875 1.0 0.55625
