0 0.440625 0.4828125 0.340625 0.4828125 0.340625 0.6234375 0.440625 0.6234375 0.440625 0.4828125
0 0.2734375 0.3765625 0.23125 0.3765625 0.23125 0.7171875 0.2734375 0.7171875 0.2734375 0.3765625
0 0.1359375 0.084375 0.0140625 0.084375 0.0140625 0.2484375 0.1359375 0.2484375 0.1359375 0.084375
0 0.996875 0.6109375 0.790625 0.6109375 0.790625 0.878125 0.996875 0.878125 0.996875 0.6109375
0 0.946875 0.0015625 0.7828125 0.0015625 0.7828125 0.0953125 0.946875 0.0953125 0.946875 0.0015625
0 0.2640625 0.7796875 0.0015625 0.7796875 0.0015625 1.0 0.2640625 1.0 0.2640625 0.7796875
0 0.0890625 0.0015625 0.0015625 0.0015625 0.0015625 0.340625 0.0890625 0.340625 0.0890625 0.0015625
0 0.190625 0.2625 0.0453125 0.2625 0.0453125 0.4296875 0.190625 0.4296875 0.190625 0.2625
0 0.1921875 0.040625 0.0859375 0.040625 0.0859375 0.234375 0.1921875 0.234375 0.1921875 0.040625
0 1.0 0.628125 0.934375 0.628125 0.934375 0.7484375 1.0 0.7484375 1.0 0.628125
0 0.9734375 0.3015625 0.6921875 0.3015625 0.6921875 0.7875 0.9734375 0.7875 0.9734375 0.3015625
0 0.403125 0.39375 0.2875 0.39375 0.2875 0.590625 0.403125 0.590625 0.403125 0.39375
0 0.9046875 0.090625 0.7171875 0.090625 0.7171875 0.2234375 0.9046875 0.2234375 0.9046875 0.090625
0 0.7140625 0.0203125 0.59375 0.0203125 0.59375 0.1359375 0.7140625 0.1359375 0.7140625 0.0203125
0 1.0 0.0015625 0.9171875 0.0015625 0.9171875 0.096875 1.0 0.096875 1.0 0.0015625
0 0.90625 0.0015625 0.8546875 0.0015625 0.8546875 0.034375 0.90625 0.034375 0.90625 0.0015625
0 1.0 0.815625 0.928125 0.815625 0.928125 0.8875 1.0 0.8875 1.0 0.815625
0 0.8171875 0.49375 0.5765625 0.49375 0.5765625 1.0 0.8171875 1.0 0.8171875 0.49375
0 0.9328125 0.915625 0.828125 0.915625 0.828125 1.0 0.9328125 1.0 0.9328125 0.915625
0 1.0 0.221875 0.9578125 0.221875 0.9578125 0.4609375 1.0 0.4609375 1.0 0.221875
0 0.8125 0.29375 0.6484375 0.29375 0.6484375 0.5 0.8125 0.5 0.8125 0.29375
0 0.9546875 0.259375 0.840625 0.259375 0.840625 0.35 0.9546875 0.35 0.9546875 0.259375
0 1.0 0.865625 0.9375 0.865625 0.9375 1.0 1.0 1.0 1.0 0.865625
0 0.846875 0.0015625 0.0015625 0.0015625 0.0015625 1.0 0.846875 1.0 0.846875 0.0015625
0 0.03125 0.0484375 0.0015625 0.0484375 0.0015625 0.128125 0.03125 0.128125 0.03125 0.0484375
0 0.8296875 0.709375 0.4875 0.709375 0.4875 1.0 0.8296875 1.0 0.8296875 0.709375
0 1.0 0.7125 0.921875 0.7125 0.921875 0.81875 1.0 0.81875 1.0 0.7125
0 1.0 0.4421875 0.9328125 0.4421875 0.9328125 0.628125 1.0 0.628125 1.0 0.4421875
0 0.9203125 0.4125 0.7984375 0.4125 0.7984375 0.5390625 0.9203125 0.5390625 0.9203125 0.4125
0 1.0 0.253125 0.9125 0.253125 0.9125 0.4234375 1.0 0.4234375 1.0 0.253125
0 0.909375 0.1890625 0.790625 0.1890625 0.790625 0.284375 0.909375 0.284375 0.909375 0.1890625
0 1.0 0.096875 0.9171875 0.096875 0.9171875 0.2359375 1.0 0.2359375 1.0 0.096875
0 1.0 0.0015625 0.9625 0.0015625 0.9625 0.09375 1.0 0.09375 1.0 0.0015625
