0 0.928125 0.71875 0.803125 0.71875 0.803125 0.865625 0.928125 0.865625 0.928125 0.71875
0 0.2734375 0.6109375 0.2140625 0.6109375 0.2140625 0.7515625 0.2734375 0.7515625 0.2734375 0.6109375
0 0.6515625 0.15 0.5625 0.15 0.5625 0.4015625 0.6515625 0.4015625 0.6515625 0.15
0 0.059375 0.825 0.0015625 0.825 0.0015625 0.9046875 0.059375 0.9046875 0.059375 0.825
0 0.2828125 0.2171875 0.0015625 0.2171875 0.0015625 0.7515625 0.2828125 0.7515625 0.2828125 0.2171875
0 0.06875 0.0015625 0.0015625 0.0015625 0.0015625 0.0390625 0.06875 0.0390625 0.06875 0.0015625
0 0.621875 0.140625 0.5265625 0.140625 0.5265625 0.371875 0.621875 0.371875 0.621875 0.140625
0 0.2078125 0.0296875 0.121875 0.0296875 0.121875 0.2015625 0.2078125 0.2015625 0.2078125 0.0296875
0 0.3109375 0.0015625 0.1734375 0.0015625 0.1734375 0.028125 0.3109375 0.028125 0.3109375 0.0015625
0 0.978125 0.0015625 0.94375 0.0015625 0.94375 0.021875 0.978125 0.021875 0.978125 0.0015625
0 0.353125 0.0046875 0.1984375 0.0046875 0.1984375 0.1703125 0.353125 0.1703125 0.353125 0.0046875
0 0.24375 0.025 0.153125 0.025 0.153125 0.1375 0.24375 0.1375 0.24375 0.025
0 0.815625 0.85 0.6828125 0.85 0.6828125 0.9984375 0.815625 0.9984375 0.815625 0.85
0 0.79375 0.95 0.715625 0.95 0.715625 1.0 0.79375 1.0 0.79375 0.95
0 0.04375 0.7828125 0.0015625 0.7828125 0.0015625 0.853125 0.04375 0.853125 0.04375 0.7828125
0 0.075 0.2828125 0.0015625 0.2828125 0.0015625 0.4890625 0.075 0.4890625 0.075 0.2828125
0 0.1421875 0.0328125 0.08125 0.0328125 0.08125 0.146875 0.1421875 0.146875 0.1421875 0.0328125
0 0.465625 0.3 0.159375 0.3 0.159375 0.721875 0.465625 0.721875 0.465625 0.3
0 1.0 0.240625 0.7890625 0.240625 0.7890625 0.7359375 1.0 0.7359375 1.0 0.240625
0 0.7015625 0.359375 0.4921875 0.359375 0.4921875 0.6796875 0.7015625 0.6796875 0.7015625 0.359375
0 1.0 0.0078125 0.8703125 0.0078125 0.8703125 0.1859375 1.0 0.1859375 1.0 0.0078125
0 0.646875 0.0015625 0.35625 0.0015625 0.35625 0.1 0.646875 0.1 0.646875 0.0015625
0 0.0453125 0.8734375 0.0015625 0.8734375 0.0015625 1.0 0.0453125 1.0 0.0453125 0.8734375
0 0.196875 0.6328125 0.0015625 0.6328125 0.0015625 0.853125 0.196875 0.853125 0.196875 0.6328125
0 0.5046875 0.403125 0.4015625 0.403125 0.4015625 0.4890625 0.5046875 0.4890625 0.5046875 0.403125
0 0.4109375 0.26875 0.2828125 0.26875 0.2828125 0.428125 0.4109375 0.428125 0.4109375 0.26875
0 0.7140625 0.9921875 0.6828125 0.9921875 0.6828125 1.0 0.7140625 1.0 0.7140625 0.9921875
0 0.3203125 0.5546875 0.21875 0.5546875 0.21875 0.790625 0.3203125 0.790625 0.3203125 0.5546875
0 0.4125 0.6 0.3234375 0.6 0.3234375 0.703125 0.4125 0.703125 0.4125 0.6
0 0.4421875 0.15 0.3875 0.15 0.3875 0.3796875 0.4421875 0.3796875 0.4421875 0.15
0 0.578125 0.0484375 0.4484375 0.0484375 0.4484375 0.190625 0.578125 0.190625 0.578125 0.0484375
0 1.0 0.1734375 0.9671875 0.1734375 0.9671875 0.25625 1.0 0.25625 1.0 0.1734375
0 0.7109375 0.0015625 0.665625 0.0015625 0.665625 0.025 0.7109375 0.025 0.7109375 0.0015625
0 1.0 0.0015625 0.1390625 0.0015625 0.1390625 1.0 1.0 1.0 1.0 0.0015625
0 0.1421875 0.0015625 0.0015625 0.0015625 0.0015625 0.3125 0.1421875 0.3125 0.1421875 0.0015625
0 0.33125 0.1125 0.215625 0.1125 0.215625 0.3125 0.33125 0.3125 0.33125 0.1125
0 0.6078125 0.025 0.334375 0.025 0.334375 0.4265625 0.6078125 0.4265625 0.6078125 0.025
0 0.3609375 0.0015625 0.303125 0.0015625 0.303125 0.0140625 0.3609375 0.0140625 0.3609375 0.0015625
0 0.5859375 0.0015625 0.571875 0.0015625 0.571875 0.00625 0.5859375 0.00625 0.5859375 0.0015625
0 1.0 0.0015625 0.978125 0.0015625 0.978125 0.190625 1.0 0.190625 1.0 0.0015625
0 0.875 0.0015625 0.775 0.0015625 0.775 0.209375 0.875 0.209375 0.875 0.0015625
