0 1.0 0.4484375 0.9046875 0.4484375 0.9046875 0.575 1.0 0.575 1.0 0.4484375
0 0.2046875 0.08125 0.0015625 0.08125 0.0015625 0.140625 0.2046875 0.140625 0.2046875 0.08125
0 0.9890625 0.734375 0.865625 0.734375 0.865625 0.846875 0.9890625 0.846875 0.9890625 0.734375
0 0.7046875 0.65625 0.5625 0.65625 0.5625 0.7984375 0.7046875 0.7984375 0.7046875 0.65625
0 1.0 0.6453125 0.9734375 0.6453125 0.9734375 0.69375 1.0 0.69375 1.0 0.6453125
0 0.778125 0.5484375 0.60625 0.5484375 0.60625 0.65625 0.778125 0.65625 0.778125 0.5484375
0 0.865625 0.403125 0.765625 0.403125 0.765625 0.4796875 0.865625 0.4796875 0.865625 0.403125
0 0.859375 0.3421875 0.5625 0.3421875 0.5625 0.4328125 0.859375 0.4328125 0.859375 0.3421875
0 0.5328125 0.0015625 0.3515625 0.0015625 0.3515625 0.240625 0.5328125 0.240625 0.5328125 0.0015625
0 0.9703125 0.075 0.796875 0.075 0.796875 0.1375 0.9703125 0.1375 0.9703125 0.075
0 1.0 0.5234375 0.9921875 0.5234375 0.9921875 0.5359375 1.0 0.5359375 1.0 0.5234375
0 0.965625 0.846875 0.8203125 0.846875 0.8203125 1.0 0.965625 1.0 0.965625 0.846875
0 0.615625 0.953125 0.5234375 0.953125 0.5234375 1.0 0.615625 1.0 0.615625 0.953125
0 0.846875 0.5640625 0.578125 0.5640625 0.578125 0.721875 0.846875 0.721875 0.846875 0.5640625
0 1.0 0.0015625 0.9921875 0.0015625 0.9921875 0.0171875 1.0 0.0171875 1.0 0.0015625
0 0.828125 0.628125 0.5703125 0.628125 0.5703125 0.9671875 0.828125 0.9671875 0.828125 0.628125
0 0.65625 0.678125 0.5046875 0.678125 0.5046875 0.7953125 0.65625 0.7953125 0.65625 0.678125
0 0.9390625 0.1046875 0.45625 0.1046875 0.45625 0.3171875 0.9390625 0.3171875 0.9390625 0.1046875
0 0.95 0.6546875 0.8265625 0.6546875 0.8265625 0.74375 0.95 0.74375 0.95 0.6546875
0 1.0 0.0484375 0.915625 0.0484375 0.915625 0.1453125 1.0 0.1453125 1.0 0.0484375
0 0.8078125 0.0453125 0.4125 0.0453125 0.4125 0.275 0.8078125 0.275 0.8078125 0.0453125
0 1.0 0.2671875 0.765625 0.2671875 0.765625 0.546875 1.0 0.546875 1.0 0.2671875
0 0.9953125 0.496875 0.759375 0.496875 0.759375 0.68125 0.9953125 0.68125 0.9953125 0.496875
0 1.0 0.2140625 0.7953125 0.2140625 0.7953125 0.3671875 1.0 0.3671875 1.0 0.2140625
0 0.1234375 0.0015625 0.0390625 0.0015625 0.0390625 0.09375 0.1234375 0.09375 0.1234375 0.0015625
0 0.446875 0.3765625 0.3046875 0.3765625 0.3046875 0.45625 0.446875 0.45625 0.446875 0.3765625
0 0.665625 0.7984375 0.4671875 0.7984375 0.4671875 0.99375 0.665625 0.99375 0.665625 0.7984375
0 1.0 0.7828125 0.9234375 0.7828125 0.9234375 0.8796875 1.0 0.8796875 1.0 0.7828125
0 0.9203125 0.690625 0.771875 0.690625 0.771875 0.8171875 0.9203125 0.8171875 0.9203125 0.690625
0 1.0 0.5625 0.8796875 0.5625 0.8796875 0.7859375 1.0 0.7859375 1.0 0.5625
0 0.528125 0.50625 0.44375 0.50625 0.44375 0.7171875 0.528125 0.7171875 0.528125 0.50625
0 1.0 0.45625 0.95 0.45625 0.95 0.5234375 1.0 0.5234375 1.0 0.45625
0 0.8765625 0.175 0.525 0.175 0.525 0.334375 0.8765625 0.334375 0.8765625 0.175
0 0.996875 0.0015625 0.8890625 0.0015625 0.8890625 0.0421875 0.996875 0.0421875 0.996875 0.0015625
0 0.415625 0.39375 0.2734375 0.39375 0.2734375 0.5890625 0.415625 0.5890625 0.415625 0.39375
0 0.2484375 0.084375 0.165625 0.084375 0.165625 0.3015625 0.2484375 0.3015625 0.2484375 0.084375
0 0.2140625 0.0015625 0.153125 0.0015625 0.153125 0.05 0.2140625 0.05 0.2140625 0.0015625
0 0.746875 0.8453125 0.609375 0.8453125 0.609375 1.0 0.746875 1.0 0.746875 0.8453125
0 1.0 0.7859375 0.96875 0.7859375 0.96875 0.8171875 1.0 0.8171875 1.0 0.7859375
0 1.0 0.6546875 0.9390625 0.6546875 0.9390625 0.7375 1.0 0.7375 1.0 0.6546875
0 0.6546875 0.8 0.5484375 0.8 0.5484375 0.909375 0.6546875 0.909375 0.6546875 0.8
0 0.8546875 0.2546875 0.4921875 0.2546875 0.4921875 0.4296875 0.8546875 0.4296875 0.8546875 0.2546875
0 1.0 0.1484375 0.85625 0.1484375 0.85625 0.246875 1.0 0.246875 1.0 0.1484375
0 0.2046875 0.0015625 0.059375 0.0015625 0.059375 0.090625 0.2046875 0.090625 0.2046875 0.0015625
0 0.0578125 0.046875 0.0015625 0.046875 0.0015625 0.125 0.0578125 0.125 0.0578125 0.046875
0 0.4890625 0.55 0.378125 0.55 0.378125 0.7078125 0.4890625 0.7078125 0.4890625 0.55
0 0.8765625 0.325 0.421875 0.325 0.421875 0.675 0.8765625 0.675 0.8765625 0.325
0 0.190625 0.1078125 0.0578125 0.1078125 0.0578125 0.1859375 0.190625 0.1859375 0.190625 0.1078125
0 1.0 0.0015625 0.35 0.0015625 0.35 0.2390625 1.0 0.2390625 1.0 0.0015625
0 0.9859375 0.8359375 0.7015625 0.8359375 0.7015625 1.0 0.9859375 1.0 0.9859375 0.8359375
0 0.890625 0.8046875 0.79375 0.8046875 0.79375 0.9125 0.890625 0.9125 0.890625 0.8046875
0 0.70625 0.2921875 0.609375 0.2921875 0.609375 0.3984375 0.70625 0.3984375 0.70625 0.2921875
0 0.825 0.253125 0.725 0.253125 0.725 0.3609375 0.825 0.3609375 0.825 0.253125
0 1.0 0.875 0.9671875 0.875 0.9671875 0.909375 1.0 0.909375 1.0 0.875
0 1.0 0.1828125 0.978125 0.1828125 0.978125 0.2875 1.0 0.2875 1.0 0.1828125
0 1.0 0.3328125 0.8765625 0.3328125 0.8765625 0.4609375 1.0 0.4609375 1.0 0.3328125
