0 0.3875 0.396875 0.2609375 0.396875 0.2609375 0.5578125 0.3875 0.5578125 0.3875 0.396875
0 0.60625 0.246875 0.396875 0.246875 0.396875 0.3890625 0.60625 0.3890625 0.60625 0.246875
0 0.6203125 0.14375 0.4765625 0.14375 0.4765625 0.234375 0.6203125 0.234375 0.6203125 0.14375
0 0.659375 0.0015625 0.4796875 0.0015625 0.4796875 0.0421875 0.659375 0.0421875 0.659375 0.0015625
0 0.84375 0.0015625 0.7953125 0.0015625 0.7953125 0.0890625 0.84375 0.0890625 0.84375 0.0015625
0 0.0234375 0.0015625 0.0015625 0.0015625 0.0015625 0.0390625 0.0234375 0.0390625 0.0234375 0.0015625
0 0.1828125 0.0015625 0.09375 0.0015625 0.09375 0.08125 0.1828125 0.08125 0.1828125 0.0015625
0 0.0625 0.45 0.0015625 0.45 0.0015625 0.61875 0.0625 0.61875 0.0625 0.45
0 0.478125 0.3578125 0.2890625 0.3578125 0.2890625 0.625 0.478125 0.625 0.478125 0.3578125
0 0.1828125 0.465625 0.0796875 0.465625 0.0796875 0.5828125 0.1828125 0.5828125 0.1828125 0.465625
0 0.553125 0.0015625 0.16875 0.0015625 0.16875 0.278125 0.553125 0.278125 0.553125 0.0015625
0 0.44375 0.0015625 0.3703125 0.0015625 0.3703125 0.025 0.44375 0.025 0.44375 0.0015625
0 0.8875 0.7828125 0.765625 0.7828125 0.765625 0.878125 0.8875 0.878125 0.8875 0.7828125
0 0.546875 0.4640625 0.4609375 0.4640625 0.4609375 0.628125 0.546875 0.628125 0.546875 0.4640625
0 0.7609375 0.36875 0.5796875 0.36875 0.5796875 0.5359375 0.7609375 0.5359375 0.7609375 0.36875
0 0.85 0.15 0.575 0.15 0.575 0.3984375 0.85 0.3984375 0.85 0.15
0 0.6421875 0.0015625 0.4546875 0.0015625 0.4546875 0.0875 0.6421875 0.0875 0.6421875 0.0015625
0 0.71875 0.0015625 0.6265625 0.0015625 0.6265625 0.115625 0.71875 0.115625 0.71875 0.0015625
0 0.8546875 0.0015625 0.0015625 0.0015625 0.0015625 1.0 0.8546875 1.0 0.8546875 0.0015625
0 1.0 0.0015625 0.1359375 0.0015625 0.1359375 0.8125 1.0 0.8125 1.0 0.0015625
0 0.4234375 0.4578125 0.3203125 0.4578125 0.3203125 0.559375 0.4234375 0.559375 0.4234375 0.4578125
0 0.365625 0.0859375 0.296875 0.0859375 0.296875 0.190625 0.365625 0.190625 0.365625 0.0859375
0 0.7140625 0.6375 0.39375 0.6375 0.39375 0.8484375 0.7140625 0.8484375 0.7140625 0.6375
0 1.0 0.9 0.903125 0.9 0.903125 1.0 1.0 1.0 1.0 0.9
