0 0.2890625 0.8234375 0.0609375 0.8234375 0.0609375 0.8984375 0.2890625 0.8984375 0.2890625 0.8234375
0 0.10625 0.26875 0.0015625 0.26875 0.0015625 0.4796875 0.10625 0.4796875 0.10625 0.26875
0 0.1609375 0.2390625 0.0265625 0.2390625 0.0265625 0.371875 0.1609375 0.371875 0.1609375 0.2390625
0 0.096875 0.0453125 0.0015625 0.0453125 0.0015625 0.203125 0.096875 0.203125 0.096875 0.0453125
0 0.634375 0.8125 0.465625 0.8125 0.465625 1.0 0.634375 1.0 0.634375 0.8125
0 0.5359375 0.9234375 0.4015625 0.9234375 0.4015625 1.0 0.5359375 1.0 0.5359375 0.9234375
0 0.3859375 0.871875 0.1796875 0.871875 0.1796875 0.9734375 0.3859375 0.9734375 0.3859375 0.871875
0 0.9609375 0.0015625 0.7859375 0.0015625 0.7859375 0.1296875 0.9609375 0.1296875 0.9609375 0.0015625
0 1.0 0.0015625 0.990625 0.0015625 0.990625 0.009375 1.0 0.009375 1.0 0.0015625
0 1.0 0.8921875 0.9953125 0.8921875 0.9953125 0.9265625 1.0 0.9265625 1.0 0.8921875
0 0.6921875 0.859375 0.521875 0.859375 0.521875 1.0 0.6921875 1.0 0.6921875 0.859375
0 0.4109375 0.740625 0.221875 0.740625 0.221875 0.83125 0.4109375 0.83125 0.4109375 0.740625
0 0.565625 0.684375 0.3078125 0.684375 0.3078125 0.7921875 0.565625 0.7921875 0.565625 0.684375
0 1.0 0.6125 0.9625 0.6125 0.9625 0.65625 1.0 0.65625 1.0 0.6125
0 0.1734375 0.49375 0.0671875 0.49375 0.0671875 0.715625 0.1734375 0.715625 0.1734375 0.49375
0 0.2109375 0.1390625 0.1296875 0.1390625 0.1296875 0.2890625 0.2109375 0.2890625 0.2109375 0.1390625
0 0.7078125 0.1328125 0.6078125 0.1328125 0.6078125 0.2625 0.7078125 0.2625 0.7078125 0.1328125
0 0.74375 0.0015625 0.5625 0.0015625 0.5625 0.1046875 0.74375 0.1046875 0.74375 0.0015625
0 0.453125 0.8609375 0.3296875 0.8609375 0.3296875 0.953125 0.453125 0.953125 0.453125 0.8609375
0 1.0 0.0015625 0.034375 0.0015625 0.034375 1.0 1.0 1.0 1.0 0.0015625
0 0.63125 0.0015625 0.54375 0.0015625 0.54375 0.071875 0.63125 0.071875 0.63125 0.0015625
0 1.0 0.640625 0.909375 0.640625 0.909375 0.8 1.0 0.8 1.0 0.640625
0 1.0 0.2234375 0.9 0.2234375 0.9 0.3640625 1.0 0.3640625 1.0 0.2234375
0 0.134375 0.1828125 0.028125 0.1828125 0.028125 0.3 0.134375 0.3 0.134375 0.1828125
0 0.1578125 0.521875 0.0015625 0.521875 0.0015625 1.0 0.1578125 1.0 0.1578125 0.521875
0 0.465625 0.8375 0.034375 0.8375 0.034375 1.0 0.465625 1.0 0.465625 0.8375
0 0.2359375 0.5390625 0.05 0.5390625 0.05 0.8203125 0.2359375 0.8203125 0.2359375 0.5390625
0 0.0890625 0.2875 0.0015625 0.2875 0.0015625 0.4125 0.0890625 0.4125 0.0890625 0.2875
0 0.5796875 0.0015625 0.0015625 0.0015625 0.0015625 0.390625 0.5796875 0.390625 0.5796875 0.0015625
0 0.5671875 0.803125 0.4171875 0.803125 0.4171875 1.0 0.5671875 1.0 0.5671875 0.803125
0 1.0 0.603125 0.865625 0.603125 0.865625 0.9015625 1.0 0.9015625 1.0 0.603125
0 1.0 0.41875 1.0 0.41875 1.0 0.41875 1.0 0.41875 1.0 0.41875
0 1.0 0.0296875 0.8390625 0.0296875 0.8390625 0.5640625 1.0 0.5640625 1.0 0.0296875
0 1.0 0.6296875 0.9015625 0.6296875 0.9015625 0.8359375 1.0 0.8359375 1.0 0.6296875
0 0.08125 0.4921875 0.0078125 0.4921875 0.0078125 0.7203125 0.08125 0.7203125 0.08125 0.4921875
0 0.0796875 1.0 0.078125 1.0 0.078125 1.0 0.0796875 1.0 0.0796875 1.0
0 0.38125 0.7140625 0.046875 0.7140625 0.046875 0.884375 0.38125 0.884375 0.38125 0.7140625
