0 0.5625 0.7859375 0.459375 0.7859375 0.459375 0.9734375 0.5625 0.9734375 0.5625 0.7859375
0 0.18125 0.459375 0.0015625 0.459375 0.0015625 0.6703125 0.18125 0.6703125 0.18125 0.459375
0 0.71875 0.265625 0.609375 0.265625 0.609375 0.4671875 0.71875 0.4671875 0.71875 0.265625
0 0.6125 0.0875 0.5140625 0.0875 0.5140625 0.25 0.6125 0.25 0.6125 0.0875
0 1.0 0.7875 0.9734375 0.7875 0.9734375 0.8328125 1.0 0.8328125 1.0 0.7875
0 1.0 0.58125 0.9375 0.58125 0.9375 0.721875 1.0 0.721875 1.0 0.58125
0 0.8015625 0.4265625 0.74375 0.4265625 0.74375 0.575 0.8015625 0.575 0.8015625 0.4265625
0 0.7953125 0.0015625 0.6421875 0.0015625 0.6421875 0.08125 0.7953125 0.08125 0.7953125 0.0015625
0 1.0 0.465625 0.9234375 0.465625 0.9234375 0.571875 1.0 0.571875 1.0 0.465625
0 0.659375 0.09375 0.259375 0.09375 0.259375 0.4140625 0.659375 0.4140625 0.659375 0.09375
0 0.5046875 0.0125 0.3625 0.0125 0.3625 0.078125 0.5046875 0.078125 0.5046875 0.0125
0 0.6640625 0.5859375 0.5140625 0.5859375 0.5140625 1.0 0.6640625 1.0 0.6640625 0.5859375
0 1.0 0.228125 0.9578125 0.228125 0.9578125 0.5953125 1.0 0.5953125 1.0 0.228125
0 0.9578125 0.1640625 0.875 0.1640625 0.875 0.3421875 0.9578125 0.3421875 0.9578125 0.1640625
0 0.940625 0.83125 0.8171875 0.83125 0.8171875 1.0 0.940625 1.0 0.940625 0.83125
0 0.5953125 0.6640625 0.440625 0.6640625 0.440625 0.778125 0.5953125 0.778125 0.5953125 0.6640625
0 0.825 0.2140625 0.625 0.2140625 0.625 0.5265625 0.825 0.5265625 0.825 0.2140625
0 0.196875 0.0734375 0.0625 0.0734375 0.0625 0.2578125 0.196875 0.2578125 0.196875 0.0734375
0 0.99375 0.7046875 0.9015625 0.7046875 0.9015625 0.85 0.99375 0.85 0.99375 0.7046875
0 0.278125 0.575 0.0015625 0.575 0.0015625 1.0 0.278125 1.0 0.278125 0.575
0 0.1125 0.0625 0.0046875 0.0625 0.0046875 0.2515625 0.1125 0.2515625 0.1125 0.0625
0 0.7875 0.9703125 0.709375 0.9703125 0.709375 1.0 0.7875 1.0 0.7875 0.9703125
0 0.6390625 0.9578125 0.5015625 0.9578125 0.5015625 1.0 0.6390625 1.0 0.6390625 0.9578125
0 0.6203125 0.7328125 0.5 0.7328125 0.5 0.8359375 0.6203125 0.8359375 0.6203125 0.7328125
0 0.9328125 0.696875 0.775 0.696875 0.775 0.8171875 0.9328125 0.8171875 0.9328125 0.696875
0 0.9296875 0.1234375 0.678125 0.1234375 0.678125 0.7625 0.9296875 0.7625 0.9296875 0.1234375
0 0.6453125 0.4375 0.5265625 0.4375 0.5265625 0.578125 0.6453125 0.578125 0.6453125 0.4375
0 1.0 0.56875 0.9703125 0.56875 0.9703125 0.59375 1.0 0.59375 1.0 0.56875
0 0.634375 0.2875 0.4984375 0.2875 0.4984375 0.384375 0.634375 0.384375 0.634375 0.2875
0 0.309375 0.25625 0.1953125 0.25625 0.1953125 0.3671875 0.309375 0.3671875 0.309375 0.25625
0 1.0 0.14375 0.915625 0.14375 0.915625 0.3125 1.0 0.3125 1.0 0.14375
0 0.4796875 0.0875 0.3859375 0.0875 0.3859375 0.18125 0.4796875 0.18125 0.4796875 0.0875
0 0.9921875 0.0015625 0.865625 0.0015625 0.865625 0.071875 0.9921875 0.071875 0.9921875 0.0015625
0 0.20625 0.0015625 0.1578125 0.0015625 0.1578125 0.0125 0.20625 0.0125 0.20625 0.0015625
0 0.40625 0.8625 0.2703125 0.8625 0.2703125 1.0 0.40625 1.0 0.40625 0.8625
0 0.25625 0.75625 0.1796875 0.75625 0.1796875 1.0 0.25625 1.0 0.25625 0.75625
0 0.4484375 0.778125 0.3 0.778125 0.3 0.8625 0.4484375 0.8625 0.4484375 0.778125
0 0.2296875 0.5953125 0.0453125 0.5953125 0.0453125 0.7875 0.2296875 0.7875 0.2296875 0.5953125
0 0.5171875 0.4375 0.340625 0.4375 0.340625 0.709375 0.5171875 0.709375 0.5171875 0.4375
0 0.35 0.5640625 0.2390625 0.5640625 0.2390625 0.734375 0.35 0.734375 0.35 0.5640625
0 0.1734375 0.0015625 0.0015625 0.0015625 0.0015625 0.425 0.1734375 0.425 0.1734375 0.0015625
0 0.315625 0.0015625 0.1625 0.0015625 0.1625 0.09375 0.315625 0.09375 0.315625 0.0015625
0 1.0 0.70625 0.9625 0.70625 0.9625 0.790625 1.0 0.790625 1.0 0.70625
0 0.765625 0.6234375 0.6578125 0.6234375 0.6578125 0.7734375 0.765625 0.7734375 0.765625 0.6234375
0 1.0 0.3828125 0.9078125 0.3828125 0.9078125 0.4921875 1.0 0.4921875 1.0 0.3828125
0 0.9046875 0.0734375 0.778125 0.0734375 0.778125 0.3453125 0.9046875 0.3453125 0.9046875 0.0734375
0 0.8171875 0.065625 0.6515625 0.065625 0.6515625 0.196875 0.8171875 0.196875 0.8171875 0.065625
0 0.890625 0.0015625 0.83125 0.0015625 0.83125 0.0703125 0.890625 0.0703125 0.890625 0.0015625
0 0.80625 0.0015625 0.7515625 0.0015625 0.7515625 0.0359375 0.80625 0.0359375 0.80625 0.0015625
0 0.059375 0.8390625 0.0015625 0.8390625 0.0015625 1.0 0.059375 1.0 0.059375 0.8390625
0 0.9671875 0.0015625 0.034375 0.0015625 0.034375 0.3921875 0.9671875 0.3921875 0.9671875 0.0015625
0 0.146875 0.56875 0.0015625 0.56875 0.0015625 0.709375 0.146875 0.709375 0.146875 0.56875
0 0.4109375 0.35 0.0015625 0.35 0.0015625 0.6640625 0.4109375 0.6640625 0.4109375 0.35
0 0.4796875 0.9078125 0.4234375 0.9078125 0.4234375 1.0 0.4796875 1.0 0.4796875 0.9078125
0 0.8171875 0.7734375 0.64375 0.7734375 0.64375 1.0 0.8171875 1.0 0.8171875 0.7734375
0 0.4390625 0.6953125 0.3078125 0.6953125 0.3078125 0.8171875 0.4390625 0.8171875 0.4390625 0.6953125
0 0.61875 0.3109375 0.38125 0.3109375 0.38125 0.715625 0.61875 0.715625 0.61875 0.3109375
0 0.5453125 0.1671875 0.3859375 0.1671875 0.3859375 0.3203125 0.5453125 0.3203125 0.5453125 0.1671875
0 1.0 0.3703125 0.796875 0.3703125 0.796875 1.0 1.0 1.0 1.0 0.3703125
0 0.9015625 0.7578125 0.7921875 0.7578125 0.7921875 0.884375 0.9015625 0.884375 0.9015625 0.7578125
0 0.765625 0.5296875 0.6578125 0.5296875 0.6578125 0.725 0.765625 0.725 0.765625 0.5296875
0 0.8203125 0.409375 0.68125 0.409375 0.68125 0.65625 0.8203125 0.65625 0.8203125 0.409375
0 1.0 0.0796875 0.9671875 0.0796875 0.9671875 0.1515625 1.0 0.1515625 1.0 0.0796875
