0 0.40625 0.96875 0.346875 0.96875 0.346875 1.0 0.40625 1.0 0.40625 0.96875
0 0.153125 0.8625 0.0234375 0.8625 0.0234375 1.0 0.153125 1.0 0.153125 0.8625
0 0.3 0.884375 0.1859375 0.884375 0.1859375 0.9796875 0.3 0.9796875 0.3 0.884375
0 0.440625 0.80625 0.3640625 0.80625 0.3640625 0.95625 0.440625 0.95625 0.440625 0.80625
0 0.44375 0.6359375 0.33125 0.6359375 0.33125 0.7546875 0.44375 0.7546875 0.44375 0.6359375
0 0.971875 0.859375 0.815625 0.859375 0.815625 1.0 0.971875 1.0 0.971875 0.859375
0 0.7640625 0.7375 0.6671875 0.7375 0.6671875 0.9828125 0.7640625 0.9828125 0.7640625 0.7375
0 0.6765625 0.5765625 0.4640625 0.5765625 0.4640625 0.84375 0.6765625 0.84375 0.6765625 0.5765625
0 0.7828125 0.4296875 0.6234375 0.4296875 0.6234375 0.5796875 0.7828125 0.5796875 0.7828125 0.4296875
0 1.0 0.3125 0.85625 0.3125 0.85625 0.50625 1.0 0.50625 1.0 0.3125
0 0.8859375 0.396875 0.7328125 0.396875 0.7328125 0.5140625 0.8859375 0.5140625 0.8859375 0.396875
0 0.6796875 0.946875 0.5921875 0.946875 0.5921875 1.0 0.6796875 1.0 0.6796875 0.946875
0 0.490625 0.934375 0.4734375 0.934375 0.4734375 1.0 0.490625 1.0 0.490625 0.934375
0 0.0390625 0.575 0.0015625 0.575 0.0015625 0.678125 0.0390625 0.678125 0.0390625 0.575
0 0.4046875 0.475 0.240625 0.475 0.240625 0.6328125 0.4046875 0.6328125 0.4046875 0.475
0 1.0 0.2828125 0.675 0.2828125 0.675 0.409375 1.0 0.409375 1.0 0.2828125
0 0.9875 0.0953125 0.75 0.0953125 0.75 0.2796875 0.9875 0.2796875 0.9875 0.0953125
0 0.2609375 0.2984375 0.0015625 0.2984375 0.0015625 0.409375 0.2609375 0.409375 0.2609375 0.2984375
0 0.7453125 0.5203125 0.4828125 0.5203125 0.4828125 1.0 0.7453125 1.0 0.7453125 0.5203125
0 0.4125 0.6078125 0.2734375 0.6078125 0.2734375 0.8375 0.4125 0.8375 0.4125 0.6078125
0 0.4984375 0.6890625 0.3609375 0.6890625 0.3609375 0.8 0.4984375 0.8 0.4984375 0.6890625
0 0.640625 0.3890625 0.465625 0.3890625 0.465625 0.603125 0.640625 0.603125 0.640625 0.3890625
0 0.903125 0.3578125 0.7703125 0.3578125 0.7703125 0.4359375 0.903125 0.4359375 0.903125 0.3578125
0 0.7671875 0.13125 0.490625 0.13125 0.490625 0.440625 0.7671875 0.440625 0.7671875 0.13125
0 0.5671875 0.8890625 0.3453125 0.8890625 0.3453125 1.0 0.5671875 1.0 0.5671875 0.8890625
0 0.0234375 0.9796875 0.0015625 0.9796875 0.0015625 0.996875 0.0234375 0.996875 0.0234375 0.9796875
0 0.4734375 0.4875 0.0796875 0.4875 0.0796875 0.8421875 0.4734375 0.8421875 0.4734375 0.4875
0 1.0 0.0015625 0.00625 0.0015625 0.00625 0.675 1.0 0.675 1.0 0.0015625
0 0.046875 0.1703125 0.0015625 0.1703125 0.0015625 0.3109375 0.046875 0.3109375 0.046875 0.1703125
0 0.128125 0.0015625 0.0015625 0.0015625 0.0015625 0.0734375 0.128125 0.0734375 0.128125 0.0015625
0 0.9140625 0.75 0.5703125 0.75 0.5703125 1.0 0.9140625 1.0 0.9140625 0.75
0 1.0 0.503125 0.7109375 0.503125 0.7109375 0.9078125 1.0 0.9078125 1.0 0.503125
0 0.88125 0.9796875 0.86875 0.9796875 0.86875 1.0 0.88125 1.0 0.88125 0.9796875
0 0.9578125 0.725 0.8546875 0.725 0.8546875 0.9234375 0.9578125 0.9234375 0.9578125 0.725
0 1.0 0.4875 0.9171875 0.4875 0.9171875 0.9 1.0 0.9 1.0 0.4875
0 0.4609375 0.1859375 0.2890625 0.1859375 0.2890625 0.328125 0.4609375 0.328125 0.4609375 0.1859375
0 0.9125 0.4375 0.0015625 0.4375 0.0015625 1.0 0.9125 1.0 0.9125 0.4375
0 0.5390625 0.0015625 0.0015625 0.0015625 0.0015625 0.565625 0.5390625 0.565625 0.5390625 0.0015625
0 0.528125 0.765625 0.4203125 0.765625 0.4203125 0.9453125 0.528125 0.9453125 0.528125 0.765625
0 1.0 0.24375 0.9609375 0.24375 0.9609375 0.35625 1.0 0.35625 1.0 0.24375
0 0.871875 0.0015625 0.75625 0.0015625 0.75625 0.1359375 0.871875 0.1359375 0.871875 0.0015625
