0 0.784375 0.825 0.515625 0.825 0.515625 1.0 0.784375 1.0 0.784375 0.825
0 1.0 0.8140625 0.78125 0.8140625 0.78125 0.946875 1.0 0.946875 1.0 0.8140625
0 0.8 0.6984375 0.671875 0.6984375 0.671875 0.825 0.8 0.825 0.8 0.6984375
0 0.36875 0.140625 0.2859375 0.140625 0.2859375 0.390625 0.36875 0.390625 0.36875 0.140625
0 1.0 0.7765625 0.8203125 0.7765625 0.8203125 0.915625 1.0 0.915625 1.0 0.7765625
0 0.2796875 0.959375 0.225 0.959375 0.225 1.0 0.2796875 1.0 0.2796875 0.959375
0 0.1609375 0.39375 0.0015625 0.39375 0.0015625 0.4875 0.1609375 0.4875 0.1609375 0.39375
0 0.26875 0.6171875 0.1765625 0.6171875 0.1765625 0.803125 0.26875 0.803125 0.26875 0.6171875
0 0.190625 0.0015625 0.1453125 0.0015625 0.1453125 0.0375 0.190625 0.0375 0.190625 0.0015625
0 0.075 0.0015625 0.0015625 0.0015625 0.0015625 0.05625 0.075 0.05625 0.075 0.0015625
0 0.95 0.6265625 0.8234375 0.6265625 0.8234375 0.7796875 0.95 0.7796875 0.95 0.6265625
0 0.4203125 0.884375 0.284375 0.884375 0.284375 0.9625 0.4203125 0.9625 0.4203125 0.884375
0 0.0375 0.1390625 0.0015625 0.1390625 0.0015625 0.2125 0.0375 0.2125 0.0375 0.1390625
0 0.1578125 0.546875 0.0015625 0.546875 0.0015625 0.6765625 0.1578125 0.6765625 0.1578125 0.546875
0 0.3984375 0.4671875 0.2296875 0.4671875 0.2296875 0.73125 0.3984375 0.73125 0.3984375 0.4671875
0 0.3625 0.0671875 0.0890625 0.0671875 0.0890625 0.365625 0.3625 0.365625 0.3625 0.0671875
0 0.1953125 0.0015625 0.1859375 0.0015625 0.1859375 0.00625 0.1953125 0.00625 0.1953125 0.0015625
0 0.215625 0.6546875 0.0015625 0.6546875 0.0015625 0.85 0.215625 0.85 0.215625 0.6546875
0 0.2125 0.44375 0.115625 0.44375 0.115625 0.5890625 0.2125 0.5890625 0.2125 0.44375
0 0.0359375 0.4453125 0.0015625 0.4453125 0.0015625 0.475 0.0359375 0.475 0.0359375 0.4453125
0 0.2953125 0.3640625 0.1828125 0.3640625 0.1828125 0.4609375 0.2953125 0.4609375 0.2953125 0.3640625
0 0.165625 0.2609375 0.05625 0.2609375 0.05625 0.440625 0.165625 0.440625 0.165625 0.2609375
0 1.0 0.7875 0.9953125 0.7875 0.9953125 0.8484375 1.0 0.8484375 1.0 0.7875
0 0.4828125 0.6796875 0.315625 0.6796875 0.315625 0.8 0.4828125 0.8 0.4828125 0.6796875
0 0.771875 0.590625 0.5875 0.590625 0.5875 0.815625 0.771875 0.815625 0.771875 0.590625
0 0.0671875 0.978125 0.0046875 0.978125 0.0046875 1.0 0.0671875 1.0 0.0671875 0.978125
0 0.2640625 0.784375 0.165625 0.784375 0.165625 0.9125 0.2640625 0.9125 0.2640625 0.784375
0 0.121875 0.484375 0.0015625 0.484375 0.0015625 0.6265625 0.121875 0.6265625 0.121875 0.484375
0 0.38125 0.3984375 0.28125 0.3984375 0.28125 0.5984375 0.38125 0.5984375 0.38125 0.3984375
0 0.4125 0.0015625 0.196875 0.0015625 0.196875 0.109375 0.4125 0.109375 0.4125 0.0015625
0 0.0875 0.0015625 0.075 0.0015625 0.075 0.0015625 0.0875 0.0015625 0.0875 0.0015625
0 0.365625 0.9921875 0.33125 0.9921875 0.33125 1.0 0.365625 1.0 0.365625 0.9921875
0 1.0 0.784375 0.90625 0.784375 0.90625 0.88125 1.0 0.88125 1.0 0.784375
0 1.0 0.75625 0.559375 0.75625 0.559375 1.0 1.0 1.0 1.0 0.75625
0 0.434375 0.8125 0.278125 0.8125 0.278125 0.915625 0.434375 0.915625 0.434375 0.8125
0 0.971875 0.428125 0.7359375 0.428125 0.7359375 0.7953125 0.971875 0.7953125 0.971875 0.428125
0 0.69375 0.6546875 0.59375 0.6546875 0.59375 0.7359375 0.69375 0.7359375 0.69375 0.6546875
0 1.0 0.3125 0.9296875 0.3125 0.9296875 0.578125 1.0 0.578125 1.0 0.3125
0 0.509375 0.415625 0.3953125 0.415625 0.3953125 0.5546875 0.509375 0.5546875 0.509375 0.415625
0 1.0 0.00625 0.8015625 0.00625 0.8015625 0.36875 1.0 0.36875 1.0 0.00625
0 0.853125 0.0015625 0.7328125 0.0015625 0.7328125 0.059375 0.853125 0.059375 0.853125 0.0015625
0 0.4796875 0.2265625 0.396875 0.2265625 0.396875 0.353125 0.4796875 0.353125 0.4796875 0.2265625
0 0.525 0.528125 0.4109375 0.528125 0.4109375 0.709375 0.525 0.709375 0.525 0.528125
0 0.63125 0.0015625 0.5328125 0.0015625 0.5328125 0.053125 0.63125 0.053125 0.63125 0.0015625
0 0.1953125 0.76875 0.0015625 0.76875 0.0015625 1.0 0.1953125 1.0 0.1953125 0.76875
0 0.003125 0.459375 0.0015625 0.459375 0.0015625 0.46875 0.003125 0.46875 0.003125 0.459375
0 0.6 0.4328125 0.0046875 0.4328125 0.0046875 0.89375 0.6 0.89375 0.6 0.4328125
0 0.1015625 0.634375 0.0015625 0.634375 0.0015625 0.7734375 0.1015625 0.7734375 0.1015625 0.634375
0 0.29375 0.3703125 0.1 0.3703125 0.1 0.5109375 0.29375 0.5109375 0.29375 0.3703125
0 0.8203125 0.7625 0.6828125 0.7625 0.6828125 0.8671875 0.8203125 0.8671875 0.8203125 0.7625
0 1.0 0.0015625 0.38125 0.0015625 0.38125 0.7265625 1.0 0.7265625 1.0 0.0015625
0 1.0 0.553125 0.90625 0.553125 0.90625 0.809375 1.0 0.809375 1.0 0.553125
0 0.7265625 0.0015625 0.6265625 0.0015625 0.6265625 0.128125 0.7265625 0.128125 0.7265625 0.0015625
0 0.665625 0.9828125 0.6546875 0.9828125 0.6546875 1.0 0.665625 1.0 0.665625 0.9828125
0 0.2953125 0.803125 0.090625 0.803125 0.090625 1.0 0.2953125 1.0 0.2953125 0.803125
0 0.565625 0.615625 0.4359375 0.615625 0.4359375 0.74375 0.565625 0.74375 0.565625 0.615625
0 0.48125 0.465625 0.3828125 0.465625 0.3828125 0.571875 0.48125 0.571875 0.48125 0.465625
