0 0.171875 0.0015625 0.0015625 0.0015625 0.0015625 0.3265625 0.171875 0.3265625 0.171875 0.0015625
0 0.8296875 0.3234375 0.696875 0.3234375 0.696875 0.4609375 0.8296875 0.4609375 0.8296875 0.3234375
0 0.3984375 0.1015625 0.2734375 0.1015625 0.2734375 0.3140625 0.3984375 0.3140625 0.3984375 0.1015625
0 0.64375 0.390625 0.3921875 0.390625 0.3921875 0.48125 0.64375 0.48125 0.64375 0.390625
0 0.9375 0.7171875 0.4578125 0.7171875 0.4578125 0.88125 0.9375 0.88125 0.9375 0.7171875
0 0.0984375 0.609375 0.0015625 0.609375 0.0015625 0.665625 0.0984375 0.665625 0.0984375 0.609375
0 0.5203125 0.1171875 0.3140625 0.1171875 0.3140625 0.34375 0.5203125 0.34375 0.5203125 0.1171875
0 0.509375 0.0015625 0.0015625 0.0015625 0.0015625 0.2515625 0.509375 0.2515625 0.509375 0.0015625
0 0.840625 0.0015625 0.5296875 0.0015625 0.5296875 0.278125 0.840625 0.278125 0.840625 0.0015625
0 0.9125 0.490625 0.603125 0.490625 0.603125 0.734375 0.9125 0.734375 0.9125 0.490625
0 0.9 0.0015625 0.7921875 0.0015625 0.7921875 0.0625 0.9 0.0625 0.9 0.0015625
0 0.096875 0.65 0.0015625 0.65 0.0015625 0.871875 0.096875 0.871875 0.096875 0.65
0 0.290625 0.30625 0.0015625 0.30625 0.0015625 0.6296875 0.290625 0.6296875 0.290625 0.30625
0 0.5625 0.76875 0.3765625 0.76875 0.3765625 1.0 0.5625 1.0 0.5625 0.76875
0 0.740625 0.3859375 0.3 0.3859375 0.3 0.7 0.740625 0.7 0.740625 0.3859375
0 0.621875 0.3453125 0.3109375 0.3453125 0.3109375 0.5328125 0.621875 0.5328125 0.621875 0.3453125
0 1.0 0.4640625 0.3453125 0.4640625 0.3453125 1.0 1.0 1.0 1.0 0.4640625
0 0.8453125 0.4046875 0.7078125 0.4046875 0.7078125 0.61875 0.8453125 0.61875 0.8453125 0.4046875
0 0.8875 0.0015625 0.1734375 0.0015625 0.1734375 0.4265625 0.8875 0.4265625 0.8875 0.0015625
0 0.9640625 0.0015625 0.64375 0.0015625 0.64375 0.1578125 0.9640625 0.1578125 0.9640625 0.0015625
0 0.4421875 0.1546875 0.0015625 0.1546875 0.0015625 0.6625 0.4421875 0.6625 0.4421875 0.1546875
0 0.003125 0.9984375 0.0015625 0.9984375 0.0015625 1.0 0.003125 1.0 0.003125 0.9984375
0 0.625 0.428125 0.34375 0.428125 0.34375 0.603125 0.625 0.603125 0.625 0.428125
0 0.7078125 0.021875 0.5796875 0.021875 0.5796875 0.128125 0.7078125 0.128125 0.7078125 0.021875
