0 0.4890625 0.6484375 0.2921875 0.6484375 0.2921875 0.753125 0.4890625 0.753125 0.4890625 0.6484375
0 0.934375 0.65625 0.78125 0.65625 0.78125 0.828125 0.934375 0.828125 0.934375 0.65625
0 0.6796875 0.0015625 0.5953125 0.0015625 0.5953125 0.0671875 0.6796875 0.0671875 0.6796875 0.0015625
0 0.3703125 0.121875 0.2671875 0.121875 0.2671875 0.2984375 0.3703125 0.2984375 0.3703125 0.121875
0 0.5359375 0.2078125 0.453125 0.2078125 0.453125 0.515625 0.5359375 0.515625 0.5359375 0.2078125
0 0.534375 0.0015625 0.4828125 0.0015625 0.4828125 0.021875 0.534375 0.021875 0.534375 0.0015625
0 0.10625 0.3734375 0.0015625 0.3734375 0.0015625 0.5265625 0.10625 0.5265625 0.10625 0.3734375
0 0.6140625 0.6765625 0.4640625 0.6765625 0.4640625 0.771875 0.6140625 0.771875 0.6140625 0.6765625
0 0.2734375 0.0015625 0.190625 0.0015625 0.190625 0.04375 0.2734375 0.04375 0.2734375 0.0015625
0 0.078125 0.0015625 0.0390625 0.0015625 0.0390625 0.0171875 0.078125 0.0171875 0.078125 0.0015625
0 0.740625 0.0015625 0.4375 0.0015625 0.4375 0.1265625 0.740625 0.1265625 0.740625 0.0015625
0 0.4890625 0.31875 0.3578125 0.31875 0.3578125 0.5 0.4890625 0.5 0.4890625 0.31875
0 0.45625 0.1203125 0.2953125 0.1203125 0.2953125 0.24375 0.45625 0.24375 0.45625 0.1203125
0 0.51875 0.0015625 0.3234375 0.0015625 0.3234375 0.090625 0.51875 0.090625 0.51875 0.0015625
0 0.6421875 0.81875 0.565625 0.81875 0.565625 1.0 0.6421875 1.0 0.6421875 0.81875
0 0.8765625 0.26875 0.6859375 0.26875 0.6859375 0.5234375 0.8765625 0.5234375 0.8765625 0.26875
0 0.98125 0.2390625 0.8921875 0.2390625 0.8921875 0.509375 0.98125 0.509375 0.98125 0.2390625
0 0.7234375 0.275 0.59375 0.275 0.59375 0.375 0.7234375 0.375 0.7234375 0.275
0 0.7328125 0.071875 0.575 0.071875 0.575 0.240625 0.7328125 0.240625 0.7328125 0.071875
0 0.3515625 0.0015625 0.2625 0.0015625 0.2625 0.1453125 0.3515625 0.1453125 0.3515625 0.0015625
0 0.921875 0.803125 0.7921875 0.803125 0.7921875 1.0 0.921875 1.0 0.921875 0.803125
0 0.61875 0.915625 0.534375 0.915625 0.534375 1.0 0.61875 1.0 0.61875 0.915625
0 0.70625 0.7703125 0.6125 0.7703125 0.6125 0.909375 0.70625 0.909375 0.70625 0.7703125
0 0.2390625 0.7609375 0.0625 0.7609375 0.0625 0.8515625 0.2390625 0.8515625 0.2390625 0.7609375
0 0.44375 0.465625 0.2875 0.465625 0.2875 0.6234375 0.44375 0.6234375 0.44375 0.465625
0 0.815625 0.43125 0.690625 0.43125 0.690625 0.584375 0.815625 0.584375 0.815625 0.43125
0 0.6421875 0.4140625 0.503125 0.4140625 0.503125 0.640625 0.6421875 0.640625 0.6421875 0.4140625
0 0.384375 0.296875 0.2 0.296875 0.2 0.440625 0.384375 0.440625 0.384375 0.296875
0 0.4984375 0.1859375 0.328125 0.1859375 0.328125 0.396875 0.4984375 0.396875 0.4984375 0.1859375
0 0.184375 0.1296875 0.0015625 0.1296875 0.0015625 0.2828125 0.184375 0.2828125 0.184375 0.1296875
0 0.328125 0.128125 0.190625 0.128125 0.190625 0.284375 0.328125 0.284375 0.328125 0.128125
0 0.5921875 0.0296875 0.478125 0.0296875 0.478125 0.2796875 0.5921875 0.2796875 0.5921875 0.0296875
0 0.0421875 0.0015625 0.0015625 0.0015625 0.0015625 0.0421875 0.0421875 0.0421875 0.0421875 0.0015625
0 1.0 0.853125 0.9859375 0.853125 0.9859375 0.9578125 1.0 0.9578125 1.0 0.853125
0 0.7265625 0.78125 0.63125 0.78125 0.63125 0.9734375 0.7265625 0.9734375 0.7265625 0.78125
0 0.84375 0.6859375 0.7515625 0.6859375 0.7515625 0.8515625 0.84375 0.8515625 0.84375 0.6859375
0 1.0 0.60625 0.99375 0.60625 0.99375 0.634375 1.0 0.634375 1.0 0.60625
0 0.9765625 0.44375 0.8984375 0.44375 0.8984375 0.6625 0.9765625 0.6625 0.9765625 0.44375
0 0.75 0.3984375 0.6484375 0.3984375 0.6484375 0.5484375 0.75 0.5484375 0.75 0.3984375
0 0.8609375 0.1140625 0.671875 0.1140625 0.671875 0.2859375 0.8609375 0.2859375 0.8609375 0.1140625
0 1.0 0.0390625 0.9796875 0.0390625 0.9796875 0.2109375 1.0 0.2109375 1.0 0.0390625
0 0.284375 0.028125 0.0015625 0.028125 0.0015625 0.1671875 0.284375 0.1671875 0.284375 0.028125
0 0.0046875 0.053125 0.0015625 0.053125 0.0015625 0.0578125 0.0046875 0.0578125 0.0046875 0.053125
0 0.240625 0.0015625 0.234375 0.0015625 0.234375 0.003125 0.240625 0.003125 0.240625 0.0015625
0 0.4796875 0.4546875 0.384375 0.4546875 0.384375 0.584375 0.4796875 0.584375 0.4796875 0.4546875
0 1.0 0.8359375 0.840625 0.8359375 0.840625 1.0 1.0 1.0 1.0 0.8359375
0 0.7375 0.84375 0.6015625 0.84375 0.6015625 1.0 0.7375 1.0 0.7375 0.84375
0 0.8796875 0.7125 0.7859375 0.7125 0.7859375 0.8890625 0.8796875 0.8890625 0.8796875 0.7125
0 0.7546875 0.703125 0.578125 0.703125 0.578125 0.7921875 0.7546875 0.7921875 0.7546875 0.703125
0 0.665625 0.421875 0.509375 0.421875 0.509375 0.715625 0.665625 0.715625 0.665625 0.421875
0 0.2328125 0.5390625 0.0375 0.5390625 0.0375 0.7 0.2328125 0.7 0.2328125 0.5390625
0 1.0 0.325 0.7375 0.325 0.7375 0.8265625 1.0 0.8265625 1.0 0.325
0 0.821875 0.190625 0.559375 0.190625 0.559375 0.5140625 0.821875 0.5140625 0.821875 0.190625
0 0.5109375 0.01875 0.3328125 0.01875 0.3328125 0.33125 0.5109375 0.33125 0.5109375 0.01875
0 0.1609375 0.0171875 0.0234375 0.0171875 0.0234375 0.1125 0.1609375 0.1125 0.1609375 0.0171875
0 0.3078125 0.0015625 0.1703125 0.0015625 0.1703125 0.1265625 0.3078125 0.1265625 0.3078125 0.0015625
0 0.6203125 0.2171875 0.0015625 0.2171875 0.0015625 0.715625 0.6203125 0.715625 0.6203125 0.2171875
0 0.340625 0.803125 0.1484375 0.803125 0.1484375 1.0 0.340625 1.0 0.340625 0.803125
0 0.565625 0.6890625 0.1390625 0.6890625 0.1390625 0.9046875 0.565625 0.9046875 0.565625 0.6890625
0 0.246875 0.5953125 0.1578125 0.5953125 0.1578125 0.721875 0.246875 0.721875 0.246875 0.5953125
0 0.2890625 0.096875 0.134375 0.096875 0.134375 0.296875 0.2890625 0.296875 0.2890625 0.096875
0 0.915625 0.346875 0.6125 0.346875 0.6125 0.784375 0.915625 0.784375 0.915625 0.346875
0 1.0 0.6125 0.93125 0.6125 0.93125 0.7796875 1.0 0.7796875 1.0 0.6125
0 0.671875 0.090625 0.5046875 0.090625 0.5046875 0.4109375 0.671875 0.4109375 0.671875 0.090625
0 0.4578125 0.8328125 0.290625 0.8328125 0.290625 0.975 0.4578125 0.975 0.4578125 0.8328125
