0 0.7640625 0.890625 0.6984375 0.890625 0.6984375 1.0 0.7640625 1.0 0.7640625 0.890625
0 0.0375 0.478125 0.0015625 0.478125 0.0015625 0.58125 0.0375 0.58125 0.0375 0.478125
0 0.2796875 0.68125 0.1734375 0.68125 0.1734375 0.828125 0.2796875 0.828125 0.2796875 0.68125
0 0.5515625 0.9421875 0.5078125 0.9421875 0.5078125 1.0 0.5515625 1.0 0.5515625 0.9421875
0 0.2546875 0.978125 0.2375 0.978125 0.2375 1.0 0.2546875 1.0 0.2546875 0.978125
0 0.5078125 0.8234375 0.378125 0.8234375 0.378125 1.0 0.5078125 1.0 0.5078125 0.8234375
0 0.4203125 0.3140625 0.165625 0.3140625 0.165625 0.4421875 0.4203125 0.4421875 0.4203125 0.3140625
0 0.240625 0.69375 0.0125 0.69375 0.0125 1.0 0.240625 1.0 0.240625 0.69375
0 0.64375 0.678125 0.5375 0.678125 0.5375 0.828125 0.64375 0.828125 0.64375 0.678125
0 0.3484375 0.2640625 0.2 0.2640625 0.2 0.38125 0.3484375 0.38125 0.3484375 0.2640625
0 0.7875 0.1859375 0.615625 0.1859375 0.615625 0.2953125 0.7875 0.2953125 0.7875 0.1859375
0 0.95 0.0875 0.8234375 0.0875 0.8234375 0.271875 0.95 0.271875 0.95 0.0875
0 0.9421875 0.0015625 0.821875 0.0015625 0.821875 0.040625 0.9421875 0.040625 0.9421875 0.0015625
0 0.2671875 0.8328125 0.159375 0.8328125 0.159375 0.9609375 0.2671875 0.9609375 0.2671875 0.8328125
0 0.9203125 0.134375 0.78125 0.134375 0.78125 0.2546875 0.9203125 0.2546875 0.9203125 0.134375
0 0.215625 0.6984375 0.034375 0.6984375 0.034375 0.9359375 0.215625 0.9359375 0.215625 0.6984375
0 0.34375 0.5875 0.20625 0.5875 0.20625 1.0 0.34375 1.0 0.34375 0.5875
0 0.075 0.5484375 0.0015625 0.5484375 0.0015625 0.796875 0.075 0.796875 0.075 0.5484375
0 0.25 0.5484375 0.0484375 0.5484375 0.0484375 0.7171875 0.25 0.7171875 0.25 0.5484375
0 0.0984375 0.5546875 0.0015625 0.5546875 0.0015625 0.6625 0.0984375 0.6625 0.0984375 0.5546875
0 0.5015625 0.3203125 0.4265625 0.3203125 0.4265625 0.4671875 0.5015625 0.4671875 0.5015625 0.3203125
0 0.5453125 0.9890625 0.5328125 0.9890625 0.5328125 1.0 0.5453125 1.0 0.5453125 0.9890625
0 0.434375 0.928125 0.3890625 0.928125 0.3890625 1.0 0.434375 1.0 0.434375 0.928125
0 0.4609375 0.68125 0.3421875 0.68125 0.3421875 0.8859375 0.4609375 0.8859375 0.4609375 0.68125
0 1.0 0.309375 0.8953125 0.309375 0.8953125 0.628125 1.0 0.628125 1.0 0.309375
0 0.8828125 0.2203125 0.7765625 0.2203125 0.7765625 0.4140625 0.8828125 0.4140625 0.8828125 0.2203125
0 0.859375 0.0078125 0.7515625 0.0078125 0.7515625 0.1703125 0.859375 0.1703125 0.859375 0.0078125
0 0.7890625 0.8078125 0.69375 0.8078125 0.69375 0.9640625 0.7890625 0.9640625 0.7890625 0.8078125
0 0.453125 0.3 0.078125 0.3 0.078125 0.559375 0.453125 0.559375 0.453125 0.3
0 0.346875 0.984375 0.3234375 0.984375 0.3234375 1.0 0.346875 1.0 0.346875 0.984375
0 0.721875 0.7421875 0.5984375 0.7421875 0.5984375 1.0 0.721875 1.0 0.721875 0.7421875
0 0.58125 0.9 0.4421875 0.9 0.4421875 1.0 0.58125 1.0 0.58125 0.9
0 0.5453125 0.4328125 0.0015625 0.4328125 0.0015625 0.8203125 0.5453125 0.8203125 0.5453125 0.4328125
0 0.1890625 0.884375 0.05625 0.884375 0.05625 0.996875 0.1890625 0.996875 0.1890625 0.884375
0 0.98125 0.309375 0.871875 0.309375 0.871875 0.5234375 0.98125 0.5234375 0.98125 0.309375
0 0.815625 0.2078125 0.615625 0.2078125 0.615625 0.3625 0.815625 0.3625 0.815625 0.2078125
0 1.0 0.0015625 0.9375 0.0015625 0.9375 0.14375 1.0 0.14375 1.0 0.0015625
0 0.3015625 0.4140625 0.0015625 0.4140625 0.0015625 0.7640625 0.3015625 0.7640625 0.3015625 0.4140625
0 0.2328125 0.34375 0.078125 0.34375 0.078125 0.45 0.2328125 0.45 0.2328125 0.34375
0 0.0203125 0.3046875 0.0015625 0.3046875 0.0015625 0.3671875 0.0203125 0.3671875 0.0203125 0.3046875
0 0.609375 0.58125 0.284375 0.58125 0.284375 1.0 0.609375 1.0 0.609375 0.58125
0 0.303125 0.8390625 0.1546875 0.8390625 0.1546875 0.990625 0.303125 0.990625 0.303125 0.8390625
0 0.859375 0.76875 0.6984375 0.76875 0.6984375 0.9375 0.859375 0.9375 0.859375 0.76875
0 0.5453125 0.509375 0.240625 0.509375 0.240625 0.6859375 0.5453125 0.6859375 0.5453125 0.509375
0 0.4953125 0.403125 0.2609375 0.403125 0.2609375 0.5390625 0.4953125 0.5390625 0.4953125 0.403125
0 1.0 0.065625 0.9125 0.065625 0.9125 0.2921875 1.0 0.2921875 1.0 0.065625
0 0.809375 0.0828125 0.66875 0.0828125 0.66875 0.2234375 0.809375 0.2234375 0.809375 0.0828125
0 0.315625 0.4046875 0.0015625 0.4046875 0.0015625 0.5203125 0.315625 0.5203125 0.315625 0.4046875
0 0.2421875 0.265625 0.0015625 0.265625 0.0015625 0.5 0.2421875 0.5 0.2421875 0.265625
0 0.75 0.2703125 0.571875 0.2703125 0.571875 0.41875 0.75 0.41875 0.75 0.2703125
0 0.9203125 0.9703125 0.903125 0.9703125 0.903125 1.0 0.9203125 1.0 0.9203125 0.9703125
0 1.0 0.8640625 0.9359375 0.8640625 0.9359375 1.0 1.0 1.0 1.0 0.8640625
0 0.5484375 0.3890625 0.45 0.3890625 0.45 0.5703125 0.5484375 0.5703125 0.5484375 0.3890625
