0 0.5046875 0.734375 0.4484375 0.734375 0.4484375 0.9265625 0.5046875 0.9265625 0.5046875 0.734375
0 0.70625 0.5953125 0.628125 0.5953125 0.628125 0.784375 0.70625 0.784375 0.70625 0.5953125
0 0.896875 0.4421875 0.596875 0.4421875 0.596875 0.5703125 0.896875 0.5703125 0.896875 0.4421875
0 0.6 0.81875 0.50625 0.81875 0.50625 0.990625 0.6 0.990625 0.6 0.81875
0 0.9296875 0.846875 0.7359375 0.846875 0.7359375 0.96875 0.9296875 0.96875 0.9296875 0.846875
0 0.965625 0.50625 0.7 0.50625 0.7 0.7015625 0.965625 0.7015625 0.965625 0.50625
0 0.6125 0.46875 0.5359375 0.46875 0.5359375 0.6609375 0.6125 0.6609375 0.6125 0.46875
0 0.7015625 0.3875 0.5171875 0.3875 0.5171875 0.54375 0.7015625 0.54375 0.7015625 0.3875
0 0.5875 0.0015625 0.4296875 0.0015625 0.4296875 0.0671875 0.5875 0.0671875 0.5875 0.0015625
0 1.0 0.446875 0.85625 0.446875 0.85625 0.5734375 1.0 0.5734375 1.0 0.446875
0 0.934375 0.0015625 0.83125 0.0015625 0.83125 0.1390625 0.934375 0.1390625 0.934375 0.0015625
0 0.5265625 0.69375 0.4390625 0.69375 0.4390625 0.975 0.5265625 0.975 0.5265625 0.69375
0 1.0 0.5765625 0.6859375 0.5765625 0.6859375 1.0 1.0 1.0 1.0 0.5765625
0 0.703125 0.5984375 0.5546875 0.5984375 0.5546875 0.91875 0.703125 0.91875 0.703125 0.5984375
0 0.7265625 0.4546875 0.6140625 0.4546875 0.6140625 0.63125 0.7265625 0.63125 0.7265625 0.4546875
0 0.4984375 0.0015625 0.4703125 0.0015625 0.4703125 0.003125 0.4984375 0.003125 0.4984375 0.0015625
0 1.0 0.884375 0.9625 0.884375 0.9625 1.0 1.0 1.0 1.0 0.884375
0 0.509375 0.9453125 0.4390625 0.9453125 0.4390625 1.0 0.509375 1.0 0.509375 0.9453125
0 1.0 0.746875 0.85 0.746875 0.85 0.9125 1.0 0.9125 1.0 0.746875
0 0.6609375 0.4875 0.5328125 0.4875 0.5328125 0.703125 0.6609375 0.703125 0.6609375 0.4875
0 1.0 0.278125 0.78125 0.278125 0.78125 0.503125 1.0 0.503125 1.0 0.278125
0 0.9234375 0.0015625 0.8671875 0.0015625 0.8671875 0.1234375 0.9234375 0.1234375 0.9234375 0.0015625
0 1.0 0.5515625 0.953125 0.5515625 0.953125 0.6953125 1.0 0.6953125 1.0 0.5515625
0 1.0 0.859375 0.8265625 0.859375 0.8265625 1.0 1.0 1.0 1.0 0.859375
0 0.78125 0.984375 0.759375 0.984375 0.759375 1.0 0.78125 1.0 0.78125 0.984375
0 0.7421875 0.8578125 0.61875 0.8578125 0.61875 1.0 0.7421875 1.0 0.7421875 0.8578125
0 0.6125 0.803125 0.4640625 0.803125 0.4640625 0.9265625 0.6125 0.9265625 0.6125 0.803125
0 1.0 0.753125 0.9296875 0.753125 0.9296875 0.8390625 1.0 0.8390625 1.0 0.753125
0 0.778125 0.690625 0.6984375 0.690625 0.6984375 0.8515625 0.778125 0.8515625 0.778125 0.690625
0 0.6296875 0.678125 0.503125 0.678125 0.503125 0.8109375 0.6296875 0.8109375 0.6296875 0.678125
0 1.0 0.725 0.928125 0.725 0.928125 0.7515625 1.0 0.7515625 1.0 0.725
0 0.559375 0.5328125 0.4609375 0.5328125 0.4609375 0.715625 0.559375 0.715625 0.559375 0.5328125
0 0.871875 0.4140625 0.6828125 0.4140625 0.6828125 0.5015625 0.871875 0.5015625 0.871875 0.4140625
0 0.740625 0.6890625 0.640625 0.6890625 0.640625 0.959375 0.740625 0.959375 0.740625 0.6890625
