0 0.6421875 0.584375 0.5328125 0.584375 0.5328125 0.8 0.6421875 0.8 0.6421875 0.584375
0 0.43125 0.6203125 0.3328125 0.6203125 0.3328125 0.7265625 0.43125 0.7265625 0.43125 0.6203125
0 0.6171875 0.165625 0.425 0.165625 0.425 0.3109375 0.6171875 0.3109375 0.6171875 0.165625
0 0.45625 0.7921875 0.34375 0.7921875 0.34375 1.0 0.45625 1.0 0.45625 0.7921875
0 1.0 0.69375 0.953125 0.69375 0.953125 0.8265625 1.0 0.8265625 1.0 0.69375
0 0.48125 0.321875 0.3921875 0.321875 0.3921875 0.4359375 0.48125 0.4359375 0.48125 0.321875
0 1.0 0.8140625 0.9265625 0.8140625 0.9265625 0.9171875 1.0 0.9171875 1.0 0.8140625
0 0.5 0.7546875 0.4203125 0.7546875 0.4203125 0.8875 0.5 0.8875 0.5 0.7546875
0 0.4953125 0.4234375 0.3953125 0.4234375 0.3953125 0.59375 0.4953125 0.59375 0.4953125 0.4234375
0 0.4203125 0.6328125 0.153125 0.6328125 0.153125 0.9734375 0.4203125 0.9734375 0.4203125 0.6328125
0 0.521875 0.3765625 0.4375 0.3765625 0.4375 0.590625 0.521875 0.590625 0.521875 0.3765625
0 0.415625 0.253125 0.3265625 0.253125 0.3265625 0.4015625 0.415625 0.4015625 0.415625 0.253125
0 0.1921875 0.1375 0.0359375 0.1375 0.0359375 0.390625 0.1921875 0.390625 0.1921875 0.1375
0 0.5359375 0.078125 0.3140625 0.078125 0.3140625 0.2515625 0.5359375 0.2515625 0.5359375 0.078125
0 0.2890625 0.0015625 0.190625 0.0015625 0.190625 0.3 0.2890625 0.3 0.2890625 0.0015625
0 0.1953125 0.0015625 0.0578125 0.0015625 0.0578125 0.0703125 0.1953125 0.0703125 0.1953125 0.0015625
0 0.0484375 0.0015625 0.015625 0.0015625 0.015625 0.0546875 0.0484375 0.0546875 0.0484375 0.0015625
0 1.0 0.5078125 0.928125 0.5078125 0.928125 0.603125 1.0 0.603125 1.0 0.5078125
0 0.709375 0.0015625 0.590625 0.0015625 0.590625 0.1390625 0.709375 0.1390625 0.709375 0.0015625
0 0.978125 0.0015625 0.890625 0.0015625 0.890625 0.1953125 0.978125 0.1953125 0.978125 0.0015625
0 1.0 0.3953125 0.984375 0.3953125 0.984375 0.496875 1.0 0.496875 1.0 0.3953125
0 0.5421875 0.628125 0.428125 0.628125 0.428125 0.7484375 0.5421875 0.7484375 0.5421875 0.628125
0 0.05 0.8734375 0.0015625 0.8734375 0.0015625 0.9625 0.05 0.9625 0.05 0.8734375
0 0.709375 0.3578125 0.64375 0.3578125 0.64375 0.5171875 0.709375 0.5171875 0.709375 0.3578125
0 1.0 0.2734375 0.9640625 0.2734375 0.9640625 0.3984375 1.0 0.3984375 1.0 0.2734375
0 0.9 0.2109375 0.8 0.2109375 0.8 0.3734375 0.9 0.3734375 0.9 0.2109375
0 0.9375 0.0015625 0.853125 0.0015625 0.853125 0.1984375 0.9375 0.1984375 0.9375 0.0015625
0 0.2234375 0.0015625 0.1859375 0.0015625 0.1859375 0.0140625 0.2234375 0.0140625 0.2234375 0.0015625
0 0.0296875 0.0015625 0.0015625 0.0015625 0.0015625 0.1546875 0.0296875 0.1546875 0.0296875 0.0015625
0 0.2375 0.5390625 0.0265625 0.5390625 0.0265625 0.846875 0.2375 0.846875 0.2375 0.5390625
0 0.021875 0.65625 0.0015625 0.65625 0.0015625 0.73125 0.021875 0.73125 0.021875 0.65625
0 0.10625 0.453125 0.0015625 0.453125 0.0015625 0.63125 0.10625 0.63125 0.10625 0.453125
0 0.31875 0.95 0.1859375 0.95 0.1859375 1.0 0.31875 1.0 0.31875 0.95
0 0.49375 0.0984375 0.371875 0.0984375 0.371875 0.3609375 0.49375 0.3609375 0.49375 0.0984375
0 0.2640625 0.0015625 0.1671875 0.0015625 0.1671875 0.1078125 0.2640625 0.1078125 0.2640625 0.0015625
0 0.646875 0.0015625 0.490625 0.0015625 0.490625 0.2125 0.646875 0.2125 0.646875 0.0015625
0 0.0375 0.8546875 0.0015625 0.8546875 0.0015625 0.9375 0.0375 0.9375 0.0375 0.8546875
0 0.0984375 0.6234375 0.0015625 0.6234375 0.0015625 0.8203125 0.0984375 0.8203125 0.0984375 0.6234375
0 0.08125 0.3515625 0.0015625 0.3515625 0.0015625 0.515625 0.08125 0.515625 0.08125 0.3515625
0 0.8265625 0.9546875 0.753125 0.9546875 0.753125 1.0 0.8265625 1.0 0.8265625 0.9546875
0 0.265625 0.7109375 0.0578125 0.7109375 0.0578125 1.0 0.265625 1.0 0.265625 0.7109375
0 0.3625 0.95625 0.28125 0.95625 0.28125 1.0 0.3625 1.0 0.3625 0.95625
0 0.3203125 0.6203125 0.19375 0.6203125 0.19375 0.8296875 0.3203125 0.8296875 0.3203125 0.6203125
0 0.50625 0.0015625 0.2625 0.0015625 0.2625 0.621875 0.50625 0.621875 0.50625 0.0015625
0 0.2796875 0.2890625 0.0984375 0.2890625 0.0984375 0.5515625 0.2796875 0.5515625 0.2796875 0.2890625
0 0.184375 0.0015625 0.0484375 0.0015625 0.0484375 0.0359375 0.184375 0.0359375 0.184375 0.0015625
0 1.0 0.0015625 0.6171875 0.0015625 0.6171875 0.934375 1.0 0.934375 1.0 0.0015625
0 0.6796875 0.7953125 0.4390625 0.7953125 0.4390625 1.0 0.6796875 1.0 0.6796875 0.7953125
0 1.0 0.5890625 0.8265625 0.5890625 0.8265625 1.0 1.0 1.0 1.0 0.5890625
0 1.0 0.384375 0.9375 0.384375 0.9375 0.553125 1.0 0.553125 1.0 0.384375
