0 0.6671875 0.909375 0.528125 0.909375 0.528125 1.0 0.6671875 1.0 0.6671875 0.909375
0 0.625 0.3 0.5203125 0.3 0.5203125 0.4796875 0.625 0.4796875 0.625 0.3
0 0.5859375 0.0015625 0.4453125 0.0015625 0.4453125 0.1265625 0.5859375 0.1265625 0.5859375 0.0015625
0 0.3546875 0.475 0.178125 0.475 0.178125 0.5921875 0.3546875 0.5921875 0.3546875 0.475
0 0.4203125 0.7296875 0.3109375 0.7296875 0.3109375 0.85625 0.4203125 0.85625 0.4203125 0.7296875
0 0.7734375 0.3765625 0.6078125 0.3765625 0.6078125 0.6171875 0.7734375 0.6171875 0.7734375 0.3765625
0 0.0328125 0.115625 0.0015625 0.115625 0.0015625 0.1390625 0.0328125 0.1390625 0.0328125 0.115625
0 0.396875 0.0015625 0.1703125 0.0015625 0.1703125 0.0703125 0.396875 0.0703125 0.396875 0.0015625
0 0.2 0.3640625 0.009375 0.3640625 0.009375 0.434375 0.2 0.434375 0.2 0.3640625
0 0.0234375 0.2859375 0.0015625 0.2859375 0.0015625 0.3765625 0.0234375 0.3765625 0.0234375 0.2859375
0 0.384375 0.0015625 0.2859375 0.0015625 0.2859375 0.0453125 0.384375 0.0453125 0.384375 0.0015625
0 0.6390625 0.1140625 0.5046875 0.1140625 0.5046875 0.2765625 0.6390625 0.2765625 0.6390625 0.1140625
0 0.2140625 0.9796875 0.121875 0.9796875 0.121875 1.0 0.2140625 1.0 0.2140625 0.9796875
0 0.340625 0.775 0.0765625 0.775 0.0765625 0.9875 0.340625 0.9875 0.340625 0.775
0 0.79375 0.7359375 0.5453125 0.7359375 0.5453125 0.90625 0.79375 0.90625 0.79375 0.7359375
0 0.2796875 0.4234375 0.1578125 0.4234375 0.1578125 0.553125 0.2796875 0.553125 0.2796875 0.4234375
0 0.8296875 0.009375 0.6640625 0.009375 0.6640625 0.284375 0.8296875 0.284375 0.8296875 0.009375
0 0.0296875 0.0015625 0.0015625 0.0015625 0.0015625 0.11875 0.0296875 0.11875 0.0296875 0.0015625
0 0.596875 0.5359375 0.3609375 0.5359375 0.3609375 0.7640625 0.596875 0.7640625 0.596875 0.5359375
0 0.2390625 0.0921875 0.0296875 0.0921875 0.0296875 0.265625 0.2390625 0.265625 0.2390625 0.0921875
0 0.6984375 0.1296875 0.490625 0.1296875 0.490625 0.3046875 0.6984375 0.3046875 0.6984375 0.1296875
0 0.503125 0.440625 0.3671875 0.440625 0.3671875 0.5171875 0.503125 0.5171875 0.503125 0.440625
0 0.6875 0.1734375 0.6015625 0.1734375 0.6015625 0.2734375 0.6875 0.2734375 0.6875 0.1734375
0 1.0 0.5859375 0.89375 0.5859375 0.89375 0.7125 1.0 0.7125 1.0 0.5859375
0 0.1265625 0.81875 0.0015625 0.81875 0.0015625 1.0 0.1265625 1.0 0.1265625 0.81875
0 0.0828125 0.60625 0.0015625 0.60625 0.0015625 0.8171875 0.0828125 0.8171875 0.0828125 0.60625
0 0.203125 0.1375 0.0015625 0.1375 0.0015625 0.23125 0.203125 0.23125 0.203125 0.1375
0 0.2375 0.0015625 0.021875 0.0015625 0.021875 0.1453125 0.2375 0.1453125 0.2375 0.0015625
0 0.2734375 0.93125 0.1875 0.93125 0.1875 1.0 0.2734375 1.0 0.2734375 0.93125
0 0.578125 0.6046875 0.384375 0.6046875 0.384375 0.965625 0.578125 0.965625 0.578125 0.6046875
0 0.2703125 0.6515625 0.171875 0.6515625 0.171875 0.8140625 0.2703125 0.8140625 0.2703125 0.6515625
0 0.44375 0.565625 0.29375 0.565625 0.29375 0.71875 0.44375 0.71875 0.44375 0.565625
0 0.5078125 0.5359375 0.3671875 0.5359375 0.3671875 0.65 0.5078125 0.65 0.5078125 0.5359375
0 0.6890625 0.4125 0.55 0.4125 0.55 0.68125 0.6890625 0.68125 0.6890625 0.4125
0 0.1953125 0.3796875 0.0015625 0.3796875 0.0015625 0.546875 0.1953125 0.546875 0.1953125 0.3796875
0 0.684375 0.25625 0.509375 0.25625 0.509375 0.4109375 0.684375 0.4109375 0.684375 0.25625
0 0.4515625 0.0015625 0.146875 0.0015625 0.146875 0.3390625 0.4515625 0.3390625 0.4515625 0.0015625
0 0.7140625 0.115625 0.5875 0.115625 0.5875 0.2875 0.7140625 0.2875 0.7140625 0.115625
0 0.2859375 0.0015625 0.2859375 0.0015625 0.2859375 0.0015625 0.2859375 0.0015625 0.2859375 0.0015625
0 0.9171875 0.9359375 0.7625 0.9359375 0.7625 1.0 0.9171875 1.0 0.9171875 0.9359375
0 1.0 0.88125 0.996875 0.88125 0.996875 0.909375 1.0 0.909375 1.0 0.88125
0 0.8703125 0.625 0.6859375 0.625 0.6859375 0.834375 0.8703125 0.834375 0.8703125 0.625
0 0.903125 0.5125 0.7453125 0.5125 0.7453125 0.721875 0.903125 0.721875 0.903125 0.5125
0 0.7875 0.3515625 0.6796875 0.3515625 0.6796875 0.6 0.7875 0.6 0.7875 0.3515625
0 0.9328125 0.2359375 0.83125 0.2359375 0.83125 0.5203125 0.9328125 0.5203125 0.9328125 0.2359375
0 0.8890625 0.0015625 0.803125 0.0015625 0.803125 0.125 0.8890625 0.125 0.8890625 0.0015625
0 0.1421875 1.0 0.1375 1.0 0.1375 1.0 0.1421875 1.0 0.1421875 1.0
0 0.40625 0.8125 0.2796875 0.8125 0.2796875 0.98125 0.40625 0.98125 0.40625 0.8125
0 0.2109375 0.7203125 0.0578125 0.7203125 0.0578125 0.8203125 0.2109375 0.8203125 0.2109375 0.7203125
0 0.3328125 0.621875 0.2375 0.621875 0.2375 0.746875 0.3328125 0.746875 0.3328125 0.621875
0 0.3890625 0.4875 0.2421875 0.4875 0.2421875 0.6234375 0.3890625 0.6234375 0.3890625 0.4875
0 0.2984375 0.0421875 0.1359375 0.0421875 0.1359375 0.621875 0.2984375 0.621875 0.2984375 0.0421875
0 0.5765625 0.3671875 0.4078125 0.3671875 0.4078125 0.5828125 0.5765625 0.5828125 0.5765625 0.3671875
0 0.503125 0.134375 0.4578125 0.134375 0.4578125 0.3671875 0.503125 0.3671875 0.503125 0.134375
0 0.7265625 0.03125 0.521875 0.03125 0.521875 0.2859375 0.7265625 0.2859375 0.7265625 0.03125
0 1.0 0.86875 0.971875 0.86875 0.971875 0.95 1.0 0.95 1.0 0.86875
0 1.0 0.6984375 0.8984375 0.6984375 0.8984375 0.853125 1.0 0.853125 1.0 0.6984375
0 0.721875 0.6625 0.6140625 0.6625 0.6140625 0.834375 0.721875 0.834375 0.721875 0.6625
0 0.9640625 0.2 0.7765625 0.2 0.7765625 0.5484375 0.9640625 0.5484375 0.9640625 0.2
0 1.0 0.0015625 0.8671875 0.0015625 0.8671875 0.4609375 1.0 0.4609375 1.0 0.0015625
0 0.3515625 0.8015625 0.0796875 0.8015625 0.0796875 1.0 0.3515625 1.0 0.3515625 0.8015625
0 0.2328125 0.4015625 0.059375 0.4015625 0.059375 0.76875 0.2328125 0.76875 0.2328125 0.4015625
0 0.078125 0.478125 0.0015625 0.478125 0.0015625 0.5453125 0.078125 0.5453125 0.078125 0.478125
0 0.6359375 0.8296875 0.384375 0.8296875 0.384375 1.0 0.6359375 1.0 0.6359375 0.8296875
0 0.2671875 0.775 0.1515625 0.775 0.1515625 0.8703125 0.2671875 0.8703125 0.2671875 0.775
0 1.0 0.0015625 0.4109375 0.0015625 0.4109375 1.0 1.0 1.0 1.0 0.0015625
0 0.584375 0.0015625 0.3828125 0.0015625 0.3828125 0.44375 0.584375 0.44375 0.584375 0.0015625
0 0.78125 0.54375 0.628125 0.54375 0.628125 0.7390625 0.78125 0.7390625 0.78125 0.54375
0 0.9109375 0.0015625 0.590625 0.0015625 0.590625 0.6953125 0.9109375 0.6953125 0.9109375 0.0015625
