0 1.0 0.85625 0.9171875 0.85625 0.9171875 1.0 1.0 1.0 1.0 0.85625
0 0.0703125 0.0015625 0.0015625 0.0015625 0.0015625 0.1015625 0.0703125 0.1015625 0.0703125 0.0015625
0 0.884375 0.9890625 0.853125 0.9890625 0.853125 1.0 0.884375 1.0 0.884375 0.9890625
0 1.0 0.8484375 0.953125 0.8484375 0.953125 0.9453125 1.0 0.9453125 1.0 0.8484375
0 0.3859375 0.675 0.0953125 0.675 0.0953125 1.0 0.3859375 1.0 0.3859375 0.675
0 0.9265625 0.5859375 0.6875 0.5859375 0.6875 0.909375 0.9265625 0.909375 0.9265625 0.5859375
0 1.0 0.5375 0.9046875 0.5375 0.9046875 0.63125 1.0 0.63125 1.0 0.5375
0 0.7421875 0.290625 0.3703125 0.290625 0.3703125 0.48125 0.7421875 0.48125 0.7421875 0.290625
0 0.175 0.3046875 0.0625 0.3046875 0.0625 0.50625 0.175 0.50625 0.175 0.3046875
0 0.803125 0.2328125 0.5609375 0.2328125 0.5609375 0.3453125 0.803125 0.3453125 0.803125 0.2328125
0 0.1953125 0.15625 0.0015625 0.15625 0.0015625 0.328125 0.1953125 0.328125 0.1953125 0.15625
0 0.6171875 0.20625 0.465625 0.20625 0.465625 0.275 0.6171875 0.275 0.6171875 0.20625
0 0.459375 0.2078125 0.3109375 0.2078125 0.3109375 0.2796875 0.459375 0.2796875 0.459375 0.2078125
0 0.265625 0.034375 0.065625 0.034375 0.065625 0.1390625 0.265625 0.1390625 0.265625 0.034375
0 0.1984375 0.0015625 0.140625 0.0015625 0.140625 0.0359375 0.1984375 0.0359375 0.1984375 0.0015625
0 0.5125 0.615625 0.3671875 0.615625 0.3671875 0.7046875 0.5125 0.7046875 0.5125 0.615625
0 0.8015625 0.8671875 0.6890625 0.8671875 0.6890625 0.965625 0.8015625 0.965625 0.8015625 0.8671875
0 0.9265625 0.5203125 0.81875 0.5203125 0.81875 0.6703125 0.9265625 0.6703125 0.9265625 0.5203125
0 0.2921875 0.9484375 0.1875 0.9484375 0.1875 1.0 0.2921875 1.0 0.2921875 0.9484375
0 0.371875 0.8421875 0.296875 0.8421875 0.296875 1.0 0.371875 1.0 0.371875 0.8421875
0 0.1828125 0.8 0.05625 0.8 0.05625 1.0 0.1828125 1.0 0.1828125 0.8
0 0.2515625 0.4546875 0.0859375 0.4546875 0.0859375 0.559375 0.2515625 0.559375 0.2515625 0.4546875
0 0.3828125 0.2546875 0.246875 0.2546875 0.246875 0.34375 0.3828125 0.34375 0.3828125 0.2546875
0 0.6984375 0.9015625 0.4828125 0.9015625 0.4828125 0.9921875 0.6984375 0.9921875 0.6984375 0.9015625
0 0.7234375 0.5078125 0.525 0.5078125 0.525 0.878125 0.7234375 0.878125 0.7234375 0.5078125
0 0.7953125 0.921875 0.7078125 0.921875 0.7078125 1.0 0.7953125 1.0 0.7953125 0.921875
0 0.4234375 0.321875 0.25 0.321875 0.25 0.484375 0.4234375 0.484375 0.4234375 0.321875
0 0.453125 0.0015625 0.0015625 0.0015625 0.0015625 0.225 0.453125 0.225 0.453125 0.0015625
0 1.0 0.665625 0.821875 0.665625 0.821875 0.9328125 1.0 0.9328125 1.0 0.665625
0 0.759375 0.7 0.6578125 0.7 0.6578125 0.9046875 0.759375 0.9046875 0.759375 0.7
0 0.0234375 0.46875 0.0015625 0.46875 0.0015625 0.4984375 0.0234375 0.4984375 0.0234375 0.46875
0 0.559375 0.24375 0.346875 0.24375 0.346875 0.4328125 0.559375 0.4328125 0.559375 0.24375
0 0.934375 0.5734375 0.746875 0.5734375 0.746875 0.75 0.934375 0.75 0.934375 0.5734375
0 0.4328125 0.8609375 0.2421875 0.8609375 0.2421875 1.0 0.4328125 1.0 0.4328125 0.8609375
0 0.565625 0.7 0.4578125 0.7 0.4578125 0.7953125 0.565625 0.7953125 0.565625 0.7
0 0.10625 0.3375 0.0015625 0.3375 0.0015625 0.7421875 0.10625 0.7421875 0.10625 0.3375
0 0.590625 0.55625 0.44375 0.55625 0.44375 0.6875 0.590625 0.6875 0.590625 0.55625
0 0.890625 0.403125 0.415625 0.403125 0.415625 0.59375 0.890625 0.59375 0.890625 0.403125
0 0.25 0.3375 0.14375 0.3375 0.14375 0.4703125 0.25 0.4703125 0.25 0.3375
0 0.09375 0.690625 0.0015625 0.690625 0.0015625 0.865625 0.09375 0.865625 0.09375 0.690625
0 0.5375 0.3953125 0.0765625 0.3953125 0.0765625 1.0 0.5375 1.0 0.5375 0.3953125
0 0.709375 0.95625 0.5859375 0.95625 0.5859375 1.0 0.709375 1.0 0.709375 0.95625
0 0.359375 0.71875 0.165625 0.71875 0.165625 1.0 0.359375 1.0 0.359375 0.71875
0 0.7734375 0.6 0.678125 0.6 0.678125 0.740625 0.7734375 0.740625 0.7734375 0.6
0 0.05625 0.496875 0.0015625 0.496875 0.0015625 0.6609375 0.05625 0.6609375 0.05625 0.496875
0 0.8421875 0.4671875 0.665625 0.4671875 0.665625 0.5953125 0.8421875 0.5953125 0.8421875 0.4671875
0 0.1 0.384375 0.0046875 0.384375 0.0046875 0.5359375 0.1 0.5359375 0.1 0.384375
0 1.0 0.634375 0.940625 0.634375 0.940625 0.759375 1.0 0.759375 1.0 0.634375
0 1.0 0.303125 0.7484375 0.303125 0.7484375 0.49375 1.0 0.49375 1.0 0.303125
0 0.078125 0.5859375 0.0015625 0.5859375 0.0015625 0.728125 0.078125 0.728125 0.078125 0.5859375
0 0.5921875 0.9625 0.48125 0.9625 0.48125 1.0 0.5921875 1.0 0.5921875 0.9625
0 0.56875 0.5171875 0.34375 0.5171875 0.34375 0.675 0.56875 0.675 0.56875 0.5171875
0 0.140625 0.5078125 0.0578125 0.5078125 0.0578125 0.6375 0.140625 0.6375 0.140625 0.5078125
0 0.315625 0.4609375 0.2 0.4609375 0.2 0.5890625 0.315625 0.5890625 0.315625 0.4609375
0 0.7828125 0.3609375 0.621875 0.3609375 0.621875 0.4796875 0.7828125 0.4796875 0.7828125 0.3609375
0 0.1140625 0.25625 0.0015625 0.25625 0.0015625 0.428125 0.1140625 0.428125 0.1140625 0.25625
0 0.2703125 0.159375 0.046875 0.159375 0.046875 0.3046875 0.2703125 0.3046875 0.2703125 0.159375
0 1.0 0.54375 0.975 0.54375 0.975 0.7734375 1.0 0.7734375 1.0 0.54375
0 0.034375 0.8609375 0.0015625 0.8609375 0.0015625 0.8796875 0.034375 0.8796875 0.034375 0.8609375
0 0.2109375 0.7390625 0.0359375 0.7390625 0.0359375 1.0 0.2109375 1.0 0.2109375 0.7390625
0 0.296875 0.125 0.065625 0.125 0.065625 0.21875 0.296875 0.21875 0.296875 0.125
0 0.809375 0.9859375 0.79375 0.9859375 0.79375 1.0 0.809375 1.0 0.809375 0.9859375
0 0.7 0.7890625 0.5109375 0.7890625 0.5109375 0.9546875 0.7 0.9546875 0.7 0.7890625
0 0.8234375 0.165625 0.3796875 0.165625 0.3796875 0.3828125 0.8234375 0.3828125 0.8234375 0.165625
0 0.921875 0.959375 0.859375 0.959375 0.859375 1.0 0.921875 1.0 0.921875 0.959375
