0 0.0328125 0.528125 0.0015625 0.528125 0.0015625 0.60625 0.0328125 0.60625 0.0328125 0.528125
0 0.1671875 0.828125 0.0671875 0.828125 0.0671875 1.0 0.1671875 1.0 0.1671875 0.828125
0 0.3328125 0.8953125 0.2484375 0.8953125 0.2484375 1.0 0.3328125 1.0 0.3328125 0.8953125
0 0.86875 0.7359375 0.8 0.7359375 0.8 0.9390625 0.86875 0.9390625 0.86875 0.7359375
0 1.0 0.3421875 0.9171875 0.3421875 0.9171875 0.4671875 1.0 0.4671875 1.0 0.3421875
0 0.6109375 0.20625 0.55 0.20625 0.55 0.3890625 0.6109375 0.3890625 0.6109375 0.20625
0 0.2015625 0.0375 0.078125 0.0375 0.078125 0.1765625 0.2015625 0.1765625 0.2015625 0.0375
0 0.4890625 0.9625 0.4046875 0.9625 0.4046875 1.0 0.4890625 1.0 0.4890625 0.9625
0 1.0 0.775 0.9734375 0.775 0.9734375 0.9703125 1.0 0.9703125 1.0 0.775
0 0.1359375 0.6765625 0.046875 0.6765625 0.046875 0.8328125 0.1359375 0.8328125 0.1359375 0.6765625
0 0.375 0.3734375 0.3140625 0.3734375 0.3140625 0.540625 0.375 0.540625 0.375 0.3734375
0 0.21875 0.1328125 0.0015625 0.1328125 0.0015625 0.38125 0.21875 0.38125 0.21875 0.1328125
0 0.6421875 0.1125 0.5734375 0.1125 0.5734375 0.3765625 0.6421875 0.3765625 0.6421875 0.1125
0 0.359375 0.08125 0.225 0.08125 0.225 0.3109375 0.359375 0.3109375 0.359375 0.08125
0 0.96875 0.08125 0.8296875 0.08125 0.8296875 0.2 0.96875 0.2 0.96875 0.08125
0 0.4765625 0.0671875 0.3328125 0.0671875 0.3328125 0.1671875 0.4765625 0.1671875 0.4765625 0.0671875
0 0.009375 0.0359375 0.0015625 0.0359375 0.0015625 0.090625 0.009375 0.090625 0.009375 0.0359375
0 0.3296875 0.0015625 0.240625 0.0015625 0.240625 0.078125 0.3296875 0.078125 0.3296875 0.0015625
0 0.428125 0.0015625 0.4015625 0.0015625 0.4015625 0.0796875 0.428125 0.0796875 0.428125 0.0015625
0 0.5375 0.6390625 0.45 0.6390625 0.45 0.8234375 0.5375 0.8234375 0.5375 0.6390625
0 0.653125 0.53125 0.5671875 0.53125 0.5671875 0.734375 0.653125 0.734375 0.653125 0.53125
0 0.3375 0.2359375 0.134375 0.2359375 0.134375 0.9734375 0.3375 0.9734375 0.3375 0.2359375
0 0.115625 0.528125 0.0015625 0.528125 0.0015625 0.703125 0.115625 0.703125 0.115625 0.528125
0 0.4375 0.0015625 0.0015625 0.0015625 0.0015625 0.6765625 0.4375 0.6765625 0.4375 0.0015625
0 0.01875 0.4859375 0.0015625 0.4859375 0.0015625 0.575 0.01875 0.575 0.01875 0.4859375
0 0.128125 0.0015625 0.0015625 0.0015625 0.0015625 0.0703125 0.128125 0.0703125 0.128125 0.0015625
0 0.828125 0.921875 0.7828125 0.921875 0.7828125 1.0 0.828125 1.0 0.828125 0.921875
0 0.7953125 0.7703125 0.696875 0.7703125 0.696875 1.0 0.7953125 1.0 0.7953125 0.7703125
0 0.94375 0.80625 0.8375 0.80625 0.8375 1.0 0.94375 1.0 0.94375 0.80625
0 0.9296875 0.0015625 0.6671875 0.0015625 0.6671875 0.2015625 0.9296875 0.2015625 0.9296875 0.0015625
0 0.4625 0.70625 0.3609375 0.70625 0.3609375 0.865625 0.4625 0.865625 0.4625 0.70625
0 0.1484375 0.4921875 0.0015625 0.4921875 0.0015625 1.0 0.1484375 1.0 0.1484375 0.4921875
0 0.125 0.00625 0.0015625 0.00625 0.0015625 0.1171875 0.125 0.1171875 0.125 0.00625
0 1.0 0.0015625 0.771875 0.0015625 0.771875 1.0 1.0 1.0 1.0 0.0015625
0 0.784375 0.0015625 0.3046875 0.0015625 0.3046875 1.0 0.784375 1.0 0.784375 0.0015625
0 0.03125 0.353125 0.0015625 0.353125 0.0015625 0.3796875 0.03125 0.3796875 0.03125 0.353125
0 0.0828125 0.2625 0.0015625 0.2625 0.0015625 0.353125 0.0828125 0.353125 0.0828125 0.2625
0 0.3296875 0.7296875 0.253125 0.7296875 0.253125 0.95625 0.3296875 0.95625 0.3296875 0.7296875
0 0.834375 0.584375 0.7734375 0.584375 0.7734375 0.9203125 0.834375 0.9203125 0.834375 0.584375
