0 0.8796875 0.971875 0.8265625 0.971875 0.8265625 1.0 0.8796875 1.0 0.8796875 0.971875
0 0.540625 0.76875 0.325 0.76875 0.325 1.0 0.540625 1.0 0.540625 0.76875
0 0.0546875 0.95 0.0015625 0.95 0.0015625 1.0 0.0546875 1.0 0.0546875 0.95
0 0.83125 0.9125 0.6 0.9125 0.6 1.0 0.83125 1.0 0.83125 0.9125
0 0.0171875 0.6234375 0.0015625 0.6234375 0.0015625 0.7078125 0.0171875 0.7078125 0.0171875 0.6234375
0 0.91875 0.6171875 0.7640625 0.6171875 0.7640625 0.6578125 0.91875 0.6578125 0.91875 0.6171875
0 0.609375 0.521875 0.4609375 0.521875 0.4609375 0.6609375 0.609375 0.6609375 0.609375 0.521875
0 0.903125 0.4796875 0.7375 0.4796875 0.7375 0.5859375 0.903125 0.5859375 0.903125 0.4796875
0 0.5921875 0.25 0.396875 0.25 0.396875 0.55 0.5921875 0.55 0.5921875 0.25
0 0.83125 0.071875 0.3890625 0.071875 0.3890625 0.384375 0.83125 0.384375 0.83125 0.071875
0 0.2890625 0.203125 0.1328125 0.203125 0.1328125 0.3359375 0.2890625 0.3359375 0.2890625 0.203125
0 0.134375 0.009375 0.0015625 0.009375 0.0015625 0.240625 0.134375 0.240625 0.134375 0.009375
0 0.2890625 0.0515625 0.140625 0.0515625 0.140625 0.2109375 0.2890625 0.2109375 0.2890625 0.0515625
0 0.9125 0.0015625 0.34375 0.0015625 0.34375 0.1109375 0.9125 0.1109375 0.9125 0.0015625
0 0.26875 0.0015625 0.103125 0.0015625 0.103125 0.05625 0.26875 0.05625 0.26875 0.0015625
0 1.0 0.0046875 0.984375 0.0046875 0.984375 0.0453125 1.0 0.0453125 1.0 0.0046875
0 0.8328125 0.3078125 0.66875 0.3078125 0.66875 0.440625 0.8328125 0.440625 0.8328125 0.3078125
0 1.0 0.0015625 0.0453125 0.0015625 0.0453125 1.0 1.0 1.0 1.0 0.0015625
0 0.0171875 0.70625 0.0015625 0.70625 0.0015625 0.796875 0.0171875 0.796875 0.0171875 0.70625
0 0.0109375 0.5203125 0.0015625 0.5203125 0.0015625 0.6234375 0.0109375 0.6234375 0.0109375 0.5203125
0 0.678125 0.0015625 0.3921875 0.0015625 0.3921875 0.146875 0.678125 0.146875 0.678125 0.0015625
0 0.2484375 0.0015625 0.0484375 0.0015625 0.0484375 0.075 0.2484375 0.075 0.2484375 0.0015625
0 0.8640625 0.0015625 0.7640625 0.0015625 0.7640625 0.0328125 0.8640625 0.0328125 0.8640625 0.0015625
0 0.846875 0.325 0.721875 0.325 0.721875 0.51875 0.846875 0.51875 0.846875 0.325
0 0.096875 0.0875 0.0015625 0.0875 0.0015625 0.4015625 0.096875 0.4015625 0.096875 0.0875
0 0.50625 0.09375 0.378125 0.09375 0.378125 0.1671875 0.50625 0.1671875 0.50625 0.09375
0 0.5734375 0.0015625 0.5375 0.0015625 0.5375 0.00625 0.5734375 0.00625 0.5734375 0.0015625
0 0.403125 0.05 0.0015625 0.05 0.0015625 0.85625 0.403125 0.85625 0.403125 0.05
0 0.5953125 0.7359375 0.475 0.7359375 0.475 0.8765625 0.5953125 0.8765625 0.5953125 0.7359375
0 0.75 0.64375 0.609375 0.64375 0.609375 0.7703125 0.75 0.7703125 0.75 0.64375
0 0.596875 0.490625 0.4671875 0.490625 0.4671875 0.5671875 0.596875 0.5671875 0.596875 0.490625
0 0.7171875 0.3578125 0.5875 0.3578125 0.5875 0.509375 0.7171875 0.509375 0.7171875 0.3578125
0 0.340625 0.0078125 0.24375 0.0078125 0.24375 0.2390625 0.340625 0.2390625 0.340625 0.0078125
0 0.828125 0.08125 0.65625 0.08125 0.65625 0.1984375 0.828125 0.1984375 0.828125 0.08125
0 1.0 0.85625 0.9109375 0.85625 0.9109375 0.9921875 1.0 0.9921875 1.0 0.85625
0 1.0 0.478125 0.9296875 0.478125 0.9296875 0.8640625 1.0 0.8640625 1.0 0.478125
0 0.9484375 0.0578125 0.8515625 0.0578125 0.8515625 0.365625 0.9484375 0.365625 0.9484375 0.0578125
