0 0.6453125 0.25625 0.5265625 0.25625 0.5265625 0.4390625 0.6453125 0.4390625 0.6453125 0.25625
0 0.5203125 0.7484375 0.278125 0.7484375 0.278125 0.965625 0.5203125 0.965625 0.5203125 0.7484375
0 1.0 0.6234375 0.884375 0.6234375 0.884375 0.7046875 1.0 0.7046875 1.0 0.6234375
0 0.7328125 0.9734375 0.6625 0.9734375 0.6625 1.0 0.7328125 1.0 0.7328125 0.9734375
0 0.3453125 0.9734375 0.240625 0.9734375 0.240625 1.0 0.3453125 1.0 0.3453125 0.9734375
0 0.51875 0.659375 0.3703125 0.659375 0.3703125 0.7703125 0.51875 0.7703125 0.51875 0.659375
0 0.1328125 0.6 0.009375 0.6 0.009375 0.8078125 0.1328125 0.8078125 0.1328125 0.6
0 0.1296875 0.478125 0.0015625 0.478125 0.0015625 0.68125 0.1296875 0.68125 0.1296875 0.478125
0 0.0140625 0.4296875 0.0015625 0.4296875 0.0015625 0.4625 0.0140625 0.4625 0.0140625 0.4296875
0 0.1703125 0.2015625 0.05625 0.2015625 0.05625 0.328125 0.1703125 0.328125 0.1703125 0.2015625
0 0.4421875 0.0015625 0.309375 0.0015625 0.309375 0.1734375 0.4421875 0.1734375 0.4421875 0.0015625
0 0.325 0.0015625 0.2 0.0015625 0.2 0.115625 0.325 0.115625 0.325 0.0015625
0 1.0 0.9875 0.9875 0.9875 0.9875 1.0 1.0 1.0 1.0 0.9875
0 0.940625 0.815625 0.7484375 0.815625 0.7484375 0.9859375 0.940625 0.9859375 0.940625 0.815625
0 0.98125 0.259375 0.6734375 0.259375 0.6734375 0.634375 0.98125 0.634375 0.98125 0.259375
0 0.028125 0.5046875 0.0015625 0.5046875 0.0015625 0.575 0.028125 0.575 0.028125 0.5046875
0 0.3234375 0.003125 0.153125 0.003125 0.153125 0.2109375 0.3234375 0.2109375 0.3234375 0.003125
0 0.7796875 0.8390625 0.503125 0.8390625 0.503125 1.0 0.7796875 1.0 0.7796875 0.8390625
0 0.6734375 0.753125 0.3921875 0.753125 0.3921875 1.0 0.6734375 1.0 0.6734375 0.753125
0 1.0 0.75625 0.9140625 0.75625 0.9140625 0.8671875 1.0 0.8671875 1.0 0.75625
0 0.0625 0.6578125 0.0015625 0.6578125 0.0015625 0.8609375 0.0625 0.8609375 0.0625 0.6578125
0 0.103125 0.28125 0.034375 0.28125 0.034375 0.4140625 0.103125 0.4140625 0.103125 0.28125
0 0.05625 0.0015625 0.0015625 0.0015625 0.0015625 0.2625 0.05625 0.2625 0.05625 0.0015625
0 0.4109375 0.9 0.3578125 0.9 0.3578125 1.0 0.4109375 1.0 0.4109375 0.9
0 0.6203125 0.834375 0.4328125 0.834375 0.4328125 1.0 0.6203125 1.0 0.6203125 0.834375
0 1.0 0.9234375 0.940625 0.9234375 0.940625 0.9875 1.0 0.9875 1.0 0.9234375
0 1.0 0.7046875 0.74375 0.7046875 0.74375 0.96875 1.0 0.96875 1.0 0.7046875
0 0.490625 0.734375 0.334375 0.734375 0.334375 0.909375 0.490625 0.909375 0.490625 0.734375
0 0.83125 0.646875 0.7265625 0.646875 0.7265625 0.846875 0.83125 0.846875 0.83125 0.646875
0 0.196875 0.559375 0.0890625 0.559375 0.0890625 0.7609375 0.196875 0.7609375 0.196875 0.559375
0 0.5640625 0.5609375 0.409375 0.5609375 0.409375 0.6796875 0.5640625 0.6796875 0.5640625 0.5609375
0 0.75625 0.365625 0.55 0.365625 0.55 0.5796875 0.75625 0.5796875 0.75625 0.365625
0 0.2234375 0.4734375 0.0421875 0.4734375 0.0421875 0.603125 0.2234375 0.603125 0.2234375 0.4734375
0 1.0 0.2828125 0.8765625 0.2828125 0.8765625 0.475 1.0 0.475 1.0 0.2828125
0 0.8390625 0.1796875 0.740625 0.1796875 0.740625 0.45625 0.8390625 0.45625 0.8390625 0.1796875
0 0.390625 0.0484375 0.171875 0.0484375 0.171875 0.371875 0.390625 0.371875 0.390625 0.0484375
0 0.9234375 0.0015625 0.915625 0.0015625 0.915625 0.0046875 0.9234375 0.0046875 0.9234375 0.0015625
0 0.01875 0.0015625 0.0015625 0.0015625 0.0015625 0.0125 0.01875 0.0125 0.01875 0.0015625
0 1.0 0.0734375 0.88125 0.0734375 0.88125 0.2359375 1.0 0.2359375 1.0 0.0734375
0 0.8296875 0.0015625 0.6703125 0.0015625 0.6703125 0.13125 0.8296875 0.13125 0.8296875 0.0015625
0 1.0 0.0015625 0.0015625 0.0015625 0.0015625 1.0 1.0 1.0 1.0 0.0015625
0 0.9953125 0.934375 0.41875 0.934375 0.41875 1.0 0.9953125 1.0 0.9953125 0.934375
0 0.2671875 0.678125 0.0015625 0.678125 0.0015625 1.0 0.2671875 1.0 0.2671875 0.678125
0 0.2078125 0.5203125 0.0015625 0.5203125 0.0015625 0.7484375 0.2078125 0.7484375 0.2078125 0.5203125
0 0.39375 0.8921875 0.2890625 0.8921875 0.2890625 1.0 0.39375 1.0 0.39375 0.8921875
0 0.79375 0.71875 0.5453125 0.71875 0.5453125 0.9296875 0.79375 0.9296875 0.79375 0.71875
0 1.0 0.6625 0.7625 0.6625 0.7625 0.8921875 1.0 0.8921875 1.0 0.6625
