0 0.1453125 0.778125 0.090625 0.778125 0.090625 1.0 0.1453125 1.0 0.1453125 0.778125
0 0.2953125 0.0015625 0.21875 0.0015625 0.21875 0.184375 0.2953125 0.184375 0.2953125 0.0015625
0 0.1140625 0.765625 0.0015625 0.765625 0.0015625 1.0 0.1140625 1.0 0.1140625 0.765625
0 0.171875 0.2171875 0.0265625 0.2171875 0.0265625 0.4390625 0.171875 0.4390625 0.171875 0.2171875
0 0.0453125 0.53125 0.0015625 0.53125 0.0015625 0.9078125 0.0453125 0.9078125 0.0453125 0.53125
0 0.0515625 0.325 0.0015625 0.325 0.0015625 0.465625 0.0515625 0.465625 0.0515625 0.325
0 0.24375 0.0015625 0.0328125 0.0015625 0.0328125 0.2546875 0.24375 0.2546875 0.24375 0.0015625
0 0.2390625 0.1703125 0.1671875 0.1703125 0.1671875 0.34375 0.2390625 0.34375 0.2390625 0.1703125
0 0.1578125 0.4359375 0.0203125 0.4359375 0.0203125 0.7984375 0.1578125 0.7984375 0.1578125 0.4359375
0 0.234375 0.034375 0.121875 0.034375 0.121875 0.2765625 0.234375 0.2765625 0.234375 0.034375
0 0.03125 0.4109375 0.0015625 0.4109375 0.0015625 0.621875 0.03125 0.621875 0.03125 0.4109375
0 0.1671875 0.609375 0.08125 0.609375 0.08125 0.7796875 0.1671875 0.7796875 0.1671875 0.609375
0 0.0515625 0.0796875 0.0015625 0.0796875 0.0015625 0.3859375 0.0515625 0.3859375 0.0515625 0.0796875
0 0.1390625 0.0015625 0.0234375 0.0015625 0.0234375 0.034375 0.1390625 0.034375 0.1390625 0.0015625
0 0.1046875 0.3015625 0.028125 0.3015625 0.028125 0.484375 0.1046875 0.484375 0.1046875 0.3015625
0 0.221875 0.2875 0.090625 0.2875 0.090625 0.6078125 0.221875 0.6078125 0.221875 0.2875
0 0.14375 0.0015625 0.046875 0.0015625 0.046875 0.2203125 0.14375 0.2203125 0.14375 0.0015625
0 0.2734375 0.0015625 0.2125 0.0015625 0.2125 0.0234375 0.2734375 0.0234375 0.2734375 0.0015625
0 0.0671875 0.4328125 0.0015625 0.4328125 0.0015625 0.5453125 0.0671875 0.5453125 0.0671875 0.4328125
