0 0.075 0.85625 0.0015625 0.85625 0.0015625 0.965625 0.075 0.965625 0.075 0.85625
0 0.4421875 0.79375 0.3125 0.79375 0.3125 0.91875 0.4421875 0.91875 0.4421875 0.79375
0 0.6328125 0.6375 0.3625 0.6375 0.3625 0.871875 0.6328125 0.871875 0.6328125 0.6375
0 0.3328125 0.384375 0.2234375 0.384375 0.2234375 0.609375 0.3328125 0.609375 0.3328125 0.384375
0 0.0609375 0.278125 0.0015625 0.278125 0.0015625 0.3671875 0.0609375 0.3671875 0.0609375 0.278125
0 0.1921875 0.015625 0.0015625 0.015625 0.0015625 0.25625 0.1921875 0.25625 0.1921875 0.015625
0 0.5765625 0.0015625 0.4828125 0.0015625 0.4828125 0.14375 0.5765625 0.14375 0.5765625 0.0015625
0 0.7984375 0.8921875 0.746875 0.8921875 0.746875 1.0 0.7984375 1.0 0.7984375 0.8921875
0 0.990625 0.875 0.846875 0.875 0.846875 1.0 0.990625 1.0 0.990625 0.875
0 0.790625 0.396875 0.6390625 0.396875 0.6390625 0.51875 0.790625 0.51875 0.790625 0.396875
0 0.6421875 0.2625 0.5609375 0.2625 0.5609375 0.375 0.6421875 0.375 0.6421875 0.2625
0 0.61875 0.784375 0.134375 0.784375 0.134375 1.0 0.61875 1.0 0.61875 0.784375
0 0.171875 0.6484375 0.0015625 0.6484375 0.0015625 0.984375 0.171875 0.984375 0.171875 0.6484375
0 0.2625 0.615625 0.1890625 0.615625 0.1890625 0.796875 0.2625 0.796875 0.2625 0.615625
0 0.8046875 0.490625 0.5640625 0.490625 0.5640625 1.0 0.8046875 1.0 0.8046875 0.490625
0 0.596875 0.41875 0.4578125 0.41875 0.4578125 0.684375 0.596875 0.684375 0.596875 0.41875
0 0.934375 0.0015625 0.2765625 0.0015625 0.2765625 0.6296875 0.934375 0.6296875 0.934375 0.0015625
0 0.090625 0.1921875 0.0015625 0.1921875 0.0015625 0.3234375 0.090625 0.3234375 0.090625 0.1921875
0 0.5265625 0.0015625 0.2984375 0.0015625 0.2984375 0.315625 0.5265625 0.315625 0.5265625 0.0015625
0 0.875 0.8890625 0.7828125 0.8890625 0.7828125 1.0 0.875 1.0 0.875 0.8890625
0 1.0 0.5578125 0.903125 0.5578125 0.903125 0.9984375 1.0 0.9984375 1.0 0.5578125
0 0.89375 0.3859375 0.8234375 0.3859375 0.8234375 0.55625 0.89375 0.55625 0.89375 0.3859375
0 0.815625 0.159375 0.621875 0.159375 0.621875 0.4265625 0.815625 0.4265625 0.815625 0.159375
0 1.0 0.1546875 0.94375 0.1546875 0.94375 0.315625 1.0 0.315625 1.0 0.1546875
0 1.0 0.0015625 0.9875 0.0015625 0.9875 0.021875 1.0 0.021875 1.0 0.0015625
0 0.9609375 0.0015625 0.9375 0.0015625 0.9375 0.0125 0.9609375 0.0125 0.9609375 0.0015625
0 0.5640625 0.14375 0.4578125 0.14375 0.4578125 0.3171875 0.5640625 0.3171875 0.5640625 0.14375
0 0.8 0.0015625 0.0015625 0.0015625 0.0015625 0.8875 0.8 0.8875 0.8 0.0015625
0 0.125 0.8390625 0.0265625 0.8390625 0.0265625 0.95625 0.125 0.95625 0.125 0.8390625
0 0.009375 0.7921875 0.0015625 0.7921875 0.0015625 0.8140625 0.009375 0.8140625 0.009375 0.7921875
0 1.0 0.0015625 0.634375 0.0015625 0.634375 1.0 1.0 1.0 1.0 0.0015625
0 0.5515625 0.928125 0.3015625 0.928125 0.3015625 1.0 0.5515625 1.0 0.5515625 0.928125
0 0.4953125 0.0015625 0.4 0.0015625 0.4 0.1515625 0.4953125 0.1515625 0.4953125 0.0015625
0 1.0 0.99375 0.9703125 0.99375 0.9703125 1.0 1.0 1.0 1.0 0.99375
0 0.671875 0.8265625 0.596875 0.8265625 0.596875 0.9890625 0.671875 0.9890625 0.671875 0.8265625
