0 0.56875 0.8203125 0.428125 0.8203125 0.428125 1.0 0.56875 1.0 0.56875 0.8203125
0 0.5171875 0.496875 0.421875 0.496875 0.421875 0.665625 0.5171875 0.665625 0.5171875 0.496875
0 0.571875 0.73125 0.43125 0.73125 0.43125 0.9171875 0.571875 0.9171875 0.571875 0.73125
0 0.6875 0.071875 0.5578125 0.071875 0.5578125 0.21875 0.6875 0.21875 0.6875 0.071875
0 0.3671875 0.48125 0.309375 0.48125 0.309375 0.6328125 0.3671875 0.6328125 0.3671875 0.48125
0 0.765625 0.303125 0.6453125 0.303125 0.6453125 0.5125 0.765625 0.5125 0.765625 0.303125
0 0.4328125 0.0015625 0.3703125 0.0015625 0.3703125 0.1546875 0.4328125 0.1546875 0.4328125 0.0015625
0 0.0984375 0.446875 0.0015625 0.446875 0.0015625 0.5734375 0.0984375 0.5734375 0.0984375 0.446875
0 0.0703125 0.2953125 0.0015625 0.2953125 0.0015625 0.4046875 0.0703125 0.4046875 0.0703125 0.2953125
0 0.725 0.2328125 0.5921875 0.2328125 0.5921875 0.321875 0.725 0.321875 0.725 0.2328125
0 0.9515625 0.128125 0.8484375 0.128125 0.8484375 0.315625 0.9515625 0.315625 0.9515625 0.128125
0 1.0 0.5796875 0.9859375 0.5796875 0.9859375 0.59375 1.0 0.59375 1.0 0.5796875
0 0.396875 0.784375 0.14375 0.784375 0.14375 1.0 0.396875 1.0 0.396875 0.784375
0 0.390625 0.2203125 0.2890625 0.2203125 0.2890625 0.48125 0.390625 0.48125 0.390625 0.2203125
0 0.3796875 0.253125 0.315625 0.253125 0.315625 0.36875 0.3796875 0.36875 0.3796875 0.253125
0 0.659375 0.6515625 0.4765625 0.6515625 0.4765625 0.8203125 0.659375 0.8203125 0.659375 0.6515625
0 0.4 0.4828125 0.3421875 0.4828125 0.3421875 0.8375 0.4 0.8375 0.4 0.4828125
0 0.9546875 0.384375 0.83125 0.384375 0.83125 0.6578125 0.9546875 0.6578125 0.9546875 0.384375
0 0.6828125 0.309375 0.58125 0.309375 0.58125 0.484375 0.6828125 0.484375 0.6828125 0.309375
0 0.3421875 0.7046875 0.23125 0.7046875 0.23125 0.8359375 0.3421875 0.8359375 0.3421875 0.7046875
0 0.3140625 0.171875 0.21875 0.171875 0.21875 0.3734375 0.3140625 0.3734375 0.3140625 0.171875
0 0.98125 0.0640625 0.875 0.0640625 0.875 0.23125 0.98125 0.23125 0.98125 0.0640625
0 0.6703125 0.75 0.6046875 0.75 0.6046875 0.925 0.6703125 0.925 0.6703125 0.75
0 0.096875 0.5734375 0.0015625 0.5734375 0.0015625 0.6578125 0.096875 0.6578125 0.096875 0.5734375
0 0.44375 0.0015625 0.403125 0.0015625 0.403125 0.1328125 0.44375 0.1328125 0.44375 0.0015625
0 0.7453125 0.3515625 0.609375 0.3515625 0.609375 0.490625 0.7453125 0.490625 0.7453125 0.3515625
0 0.3890625 0.759375 0.284375 0.759375 0.284375 1.0 0.3890625 1.0 0.3890625 0.759375
0 0.1015625 0.7203125 0.0015625 0.7203125 0.0015625 0.784375 0.1015625 0.784375 0.1015625 0.7203125
0 0.765625 0.4828125 0.684375 0.4828125 0.684375 0.6140625 0.765625 0.6140625 0.765625 0.4828125
0 0.103125 0.1671875 0.0078125 0.1671875 0.0078125 0.40625 0.103125 0.40625 0.103125 0.1671875
0 0.728125 0.1703125 0.6296875 0.1703125 0.6296875 0.253125 0.728125 0.253125 0.728125 0.1703125
0 0.0046875 0.99375 0.0015625 0.99375 0.0015625 1.0 0.0046875 1.0 0.0046875 0.99375
0 1.0 0.0015625 0.8953125 0.0015625 0.8953125 0.1234375 1.0 0.1234375 1.0 0.0015625
0 0.0703125 0.11875 0.0015625 0.11875 0.0015625 0.315625 0.0703125 0.315625 0.0703125 0.11875
0 0.9 0.0015625 0.775 0.0015625 0.775 0.171875 0.9 0.171875 0.9 0.0015625
0 0.09375 0.9015625 0.0015625 0.9015625 0.0015625 1.0 0.09375 1.0 0.09375 0.9015625
0 0.128125 0.6078125 0.0015625 0.6078125 0.0015625 0.8046875 0.128125 0.8046875 0.128125 0.6078125
0 0.0984375 0.5453125 0.0015625 0.5453125 0.0015625 0.59375 0.0984375 0.59375 0.0984375 0.5453125
0 0.0546875 0.0015625 0.0015625 0.0015625 0.0015625 0.08125 0.0546875 0.08125 0.0546875 0.0015625
0 0.4109375 0.9171875 0.1109375 0.9171875 0.1109375 1.0 0.4109375 1.0 0.4109375 0.9171875
0 0.3 0.725 0.1 0.725 0.1 1.0 0.3 1.0 0.3 0.725
0 0.4828125 0.0015625 0.303125 0.0015625 0.303125 0.5015625 0.4828125 0.5015625 0.4828125 0.0015625
0 0.553125 0.2203125 0.434375 0.2203125 0.434375 0.4328125 0.553125 0.4328125 0.553125 0.2203125
0 0.86875 0.93125 0.7796875 0.93125 0.7796875 1.0 0.86875 1.0 0.86875 0.93125
0 0.959375 0.7296875 0.875 0.7296875 0.875 0.9046875 0.959375 0.9046875 0.959375 0.7296875
0 0.740625 0.665625 0.6296875 0.665625 0.6296875 0.8078125 0.740625 0.8078125 0.740625 0.665625
0 0.9796875 0.5546875 0.8515625 0.5546875 0.8515625 0.7234375 0.9796875 0.7234375 0.9796875 0.5546875
0 0.9484375 0.3421875 0.809375 0.3421875 0.809375 0.49375 0.9484375 0.49375 0.9484375 0.3421875
0 0.9484375 0.2234375 0.7984375 0.2234375 0.7984375 0.3890625 0.9484375 0.3890625 0.9484375 0.2234375
0 0.8625 0.0015625 0.6609375 0.0015625 0.6609375 0.15 0.8625 0.15 0.8625 0.0015625
0 0.728125 0.6859375 0.5640625 0.6859375 0.5640625 1.0 0.728125 1.0 0.728125 0.6859375
0 0.240625 0.5015625 0.1484375 0.5015625 0.1484375 0.7140625 0.240625 0.7140625 0.240625 0.5015625
0 0.740625 0.4140625 0.5328125 0.4140625 0.5328125 0.653125 0.740625 0.653125 0.740625 0.4140625
0 0.0640625 0.2625 0.0015625 0.2625 0.0015625 0.384375 0.0640625 0.384375 0.0640625 0.2625
0 0.065625 0.103125 0.0015625 0.103125 0.0015625 0.2484375 0.065625 0.2484375 0.065625 0.103125
0 0.3296875 0.0015625 0.0390625 0.0015625 0.0390625 0.15625 0.3296875 0.15625 0.3296875 0.0015625
0 0.940625 0.925 0.8578125 0.925 0.8578125 1.0 0.940625 1.0 0.940625 0.925
0 0.959375 0.6859375 0.8453125 0.6859375 0.8453125 0.9046875 0.959375 0.9046875 0.959375 0.6859375
0 1.0 0.203125 0.940625 0.203125 0.940625 0.3640625 1.0 0.3640625 1.0 0.203125
0 0.9703125 0.478125 0.865625 0.478125 0.865625 0.584375 0.9703125 0.584375 0.9703125 0.478125
0 0.88125 0.36875 0.8015625 0.36875 0.8015625 0.63125 0.88125 0.63125 0.88125 0.36875
0 0.8734375 0.175 0.784375 0.175 0.784375 0.296875 0.8734375 0.296875 0.8734375 0.175
0 0.928125 0.0015625 0.840625 0.0015625 0.840625 0.1171875 0.928125 0.1171875 0.928125 0.0015625
0 0.3265625 0.3421875 0.0015625 0.3421875 0.0015625 0.940625 0.3265625 0.940625 0.3265625 0.3421875
0 0.175 0.575 0.0875 0.575 0.0875 0.6765625 0.175 0.6765625 0.175 0.575
0 0.178125 0.3921875 0.0046875 0.3921875 0.0046875 0.565625 0.178125 0.565625 0.178125 0.3921875
0 0.275 0.0015625 0.0015625 0.0015625 0.0015625 0.3546875 0.275 0.3546875 0.275 0.0015625
0 0.390625 0.0015625 0.2703125 0.0015625 0.2703125 0.171875 0.390625 0.171875 0.390625 0.0015625
0 1.0 0.0234375 0.565625 0.0234375 0.565625 1.0 1.0 1.0 1.0 0.0234375
0 0.575 0.3578125 0.39375 0.3578125 0.39375 1.0 0.575 1.0 0.575 0.3578125
0 0.490625 0.0015625 0.465625 0.0015625 0.465625 0.1453125 0.490625 0.1453125 0.490625 0.0015625
0 0.6171875 0.9921875 0.6125 0.9921875 0.6125 1.0 0.6171875 1.0 0.6171875 0.9921875
0 0.975 0.0015625 0.8609375 0.0015625 0.8609375 0.0765625 0.975 0.0765625 0.975 0.0015625
