0 0.515625 0.0546875 0.40625 0.0546875 0.40625 0.1625 0.515625 0.1625 0.515625 0.0546875
0 0.26875 0.703125 0.1421875 0.703125 0.1421875 0.8109375 0.26875 0.8109375 0.26875 0.703125
0 0.64375 0.6609375 0.4640625 0.6609375 0.4640625 0.8 0.64375 0.8 0.64375 0.6609375
0 0.5640625 0.5109375 0.4828125 0.5109375 0.4828125 0.6234375 0.5640625 0.6234375 0.5640625 0.5109375
0 1.0 0.209375 0.9859375 0.209375 0.9859375 0.2765625 1.0 0.2765625 1.0 0.209375
0 0.225 0.2015625 0.028125 0.2015625 0.028125 0.38125 0.225 0.38125 0.225 0.2015625
0 0.14375 0.840625 0.0015625 0.840625 0.0015625 0.925 0.14375 0.925 0.14375 0.840625
0 0.3734375 0.4703125 0.234375 0.4703125 0.234375 0.6140625 0.3734375 0.6140625 0.3734375 0.4703125
0 0.5296875 0.0859375 0.3828125 0.0859375 0.3828125 0.2265625 0.5296875 0.2265625 0.5296875 0.0859375
0 0.603125 0.73125 0.40625 0.73125 0.40625 0.9296875 0.603125 0.9296875 0.603125 0.73125
0 0.8734375 0.4796875 0.7546875 0.4796875 0.7546875 0.6078125 0.8734375 0.6078125 0.8734375 0.4796875
0 1.0 0.946875 0.9765625 0.946875 0.9765625 1.0 1.0 1.0 1.0 0.946875
0 0.70625 0.8546875 0.534375 0.8546875 0.534375 1.0 0.70625 1.0 0.70625 0.8546875
0 0.9078125 0.53125 0.5546875 0.53125 0.5546875 0.865625 0.9078125 0.865625 0.9078125 0.53125
0 0.3203125 0.45625 0.1515625 0.45625 0.1515625 0.609375 0.3203125 0.609375 0.3203125 0.45625
0 0.5109375 0.39375 0.38125 0.39375 0.38125 0.4953125 0.5109375 0.4953125 0.5109375 0.39375
0 0.371875 0.2390625 0.2609375 0.2390625 0.2609375 0.3421875 0.371875 0.3421875 0.371875 0.2390625
0 0.5859375 0.1140625 0.496875 0.1140625 0.496875 0.23125 0.5859375 0.23125 0.5859375 0.1140625
0 0.271875 0.0234375 0.0953125 0.0234375 0.0953125 0.1125 0.271875 0.1125 0.271875 0.0234375
0 1.0 0.65 0.9578125 0.65 0.9578125 0.9125 1.0 0.9125 1.0 0.65
0 1.0 0.0015625 0.0015625 0.0015625 0.0015625 1.0 1.0 1.0 1.0 0.0015625
0 0.084375 0.2109375 0.0015625 0.2109375 0.0015625 0.340625 0.084375 0.340625 0.084375 0.2109375
0 0.403125 0.9796875 0.3578125 0.9796875 0.3578125 1.0 0.403125 1.0 0.403125 0.9796875
0 0.91875 0.8390625 0.6875 0.8390625 0.6875 0.99375 0.91875 0.99375 0.91875 0.8390625
0 0.6796875 0.6921875 0.46875 0.6921875 0.46875 0.871875 0.6796875 0.871875 0.6796875 0.6921875
0 0.1703125 0.1046875 0.0375 0.1046875 0.0375 0.253125 0.1703125 0.253125 0.1703125 0.1046875
0 0.4390625 0.8796875 0.315625 0.8796875 0.315625 0.9578125 0.4390625 0.9578125 0.4390625 0.8796875
0 0.6734375 0.915625 0.4828125 0.915625 0.4828125 1.0 0.6734375 1.0 0.6734375 0.915625
0 0.5359375 0.909375 0.41875 0.909375 0.41875 1.0 0.5359375 1.0 0.5359375 0.909375
0 0.828125 0.9734375 0.6953125 0.9734375 0.6953125 1.0 0.828125 1.0 0.828125 0.9734375
0 0.2421875 0.8984375 0.021875 0.8984375 0.021875 1.0 0.2421875 1.0 0.2421875 0.8984375
0 0.809375 0.7671875 0.6046875 0.7671875 0.6046875 0.9296875 0.809375 0.9296875 0.809375 0.7671875
0 0.94375 0.5921875 0.7328125 0.5921875 0.7328125 0.73125 0.94375 0.73125 0.94375 0.5921875
0 0.1203125 0.41875 0.0015625 0.41875 0.0015625 0.7203125 0.1203125 0.7203125 0.1203125 0.41875
0 1.0 0.253125 0.8265625 0.253125 0.8265625 0.6109375 1.0 0.6109375 1.0 0.253125
0 0.6859375 0.4609375 0.55 0.4609375 0.55 0.571875 0.6859375 0.571875 0.6859375 0.4609375
0 0.5984375 0.21875 0.4015625 0.21875 0.4015625 0.3609375 0.5984375 0.3609375 0.5984375 0.21875
0 0.6015625 0.0015625 0.28125 0.0015625 0.28125 0.2921875 0.6015625 0.2921875 0.6015625 0.0015625
0 0.31875 0.0015625 0.140625 0.0015625 0.140625 0.2015625 0.31875 0.2015625 0.31875 0.0015625
0 0.03125 0.9390625 0.0015625 0.9390625 0.0015625 0.98125 0.03125 0.98125 0.03125 0.9390625
0 0.1265625 0.0015625 0.0015625 0.0015625 0.0015625 0.4453125 0.1265625 0.4453125 0.1265625 0.0015625
0 0.7171875 0.0015625 0.10625 0.0015625 0.10625 0.44375 0.7171875 0.44375 0.7171875 0.0015625
0 0.60625 0.3171875 0.5359375 0.3171875 0.5359375 0.4671875 0.60625 0.4671875 0.60625 0.3171875
0 1.0 0.65 0.965625 0.65 0.965625 0.8046875 1.0 0.8046875 1.0 0.65
