0 0.1015625 0.1015625 0.0015625 0.1015625 0.0015625 0.1453125 0.1015625 0.1453125 0.1015625 0.1015625
0 0.728125 0.0015625 0.6125 0.0015625 0.6125 0.1421875 0.728125 0.1421875 0.728125 0.0015625
0 0.8625 0.4578125 0.7921875 0.4578125 0.7921875 0.6140625 0.8625 0.6140625 0.8625 0.4578125
0 0.296875 0.0015625 0.24375 0.0015625 0.24375 0.01875 0.296875 0.01875 0.296875 0.0015625
0 0.4875 0.80625 0.434375 0.80625 0.434375 0.9421875 0.4875 0.9421875 0.4875 0.80625
0 0.253125 0.5515625 0.1484375 0.5515625 0.1484375 0.840625 0.253125 0.840625 0.253125 0.5515625
0 0.746875 0.90625 0.6140625 0.90625 0.6140625 1.0 0.746875 1.0 0.746875 0.90625
0 1.0 0.2390625 0.8671875 0.2390625 0.8671875 0.5734375 1.0 0.5734375 1.0 0.2390625
0 0.7046875 0.0015625 0.0015625 0.0015625 0.0015625 0.6328125 0.7046875 0.6328125 0.7046875 0.0015625
0 0.084375 0.6109375 0.0015625 0.6109375 0.0015625 0.7140625 0.084375 0.7140625 0.084375 0.6109375
0 1.0 0.4640625 0.21875 0.4640625 0.21875 1.0 1.0 1.0 1.0 0.4640625
0 1.0 0.0015625 0.5359375 0.0015625 0.5359375 0.8875 1.0 0.8875 1.0 0.0015625
0 0.740625 0.0015625 0.6015625 0.0015625 0.6015625 0.2046875 0.740625 0.2046875 0.740625 0.0015625
