0 1.0 0.8859375 0.9859375 0.8859375 0.9859375 0.9140625 1.0 0.9140625 1.0 0.8859375
0 0.4109375 0.55625 0.2828125 0.55625 0.2828125 0.6609375 0.4109375 0.6609375 0.4109375 0.55625
0 0.58125 0.1546875 0.41875 0.1546875 0.41875 0.2609375 0.58125 0.2609375 0.58125 0.1546875
0 0.45 0.0015625 0.33125 0.0015625 0.33125 0.059375 0.45 0.059375 0.45 0.0015625
0 0.046875 0.353125 0.0015625 0.353125 0.0015625 0.7109375 0.046875 0.7109375 0.046875 0.353125
0 0.953125 0.0015625 0.059375 0.0015625 0.059375 0.7546875 0.953125 0.7546875 0.953125 0.0015625
0 0.7484375 0.890625 0.5890625 0.890625 0.5890625 1.0 0.7484375 1.0 0.7484375 0.890625
0 0.9390625 0.6984375 0.8140625 0.6984375 0.8140625 1.0 0.9390625 1.0 0.9390625 0.6984375
0 0.784375 0.6375 0.278125 0.6375 0.278125 1.0 0.784375 1.0 0.784375 0.6375
0 1.0 0.1515625 0.90625 0.1515625 0.90625 0.225 1.0 0.225 1.0 0.1515625
0 1.0 0.0015625 0.9671875 0.0015625 0.9671875 0.14375 1.0 0.14375 1.0 0.0015625
0 1.0 0.0015625 0.0015625 0.0015625 0.0015625 1.0 1.0 1.0 1.0 0.0015625
0 0.4265625 0.2328125 0.25625 0.2328125 0.25625 0.4578125 0.4265625 0.4578125 0.4265625 0.2328125
0 0.2203125 0.0015625 0.1 0.0015625 0.1 0.028125 0.2203125 0.028125 0.2203125 0.0015625
