0 0.8109375 0.6609375 0.7046875 0.6609375 0.7046875 0.790625 0.8109375 0.790625 0.8109375 0.6609375
0 0.5515625 0.696875 0.371875 0.696875 0.371875 1.0 0.5515625 1.0 0.5515625 0.696875
0 0.76875 0.7828125 0.5296875 0.7828125 0.5296875 1.0 0.76875 1.0 0.76875 0.7828125
0 0.4078125 0.9125 0.3109375 0.9125 0.3109375 1.0 0.4078125 1.0 0.4078125 0.9125
0 0.484375 0.871875 0.36875 0.871875 0.36875 0.978125 0.484375 0.978125 0.484375 0.871875
0 0.4234375 0.771875 0.3578125 0.771875 0.3578125 0.9 0.4234375 0.9 0.4234375 0.771875
0 0.6234375 0.3734375 0.53125 0.3734375 0.53125 0.6453125 0.6234375 0.6453125 0.6234375 0.3734375
0 0.8203125 0.5140625 0.709375 0.5140625 0.709375 0.6953125 0.8203125 0.6953125 0.8203125 0.5140625
0 0.2875 0.34375 0.2375 0.34375 0.2375 0.5609375 0.2875 0.5609375 0.2875 0.34375
0 0.4875 0.2203125 0.425 0.2203125 0.425 0.4671875 0.4875 0.4671875 0.4875 0.2203125
0 0.053125 0.2546875 0.0015625 0.2546875 0.0015625 0.34375 0.053125 0.34375 0.053125 0.2546875
0 0.265625 0.0265625 0.0015625 0.0265625 0.0015625 0.3765625 0.265625 0.3765625 0.265625 0.0265625
0 0.95 0.409375 0.8171875 0.409375 0.8171875 0.725 0.95 0.725 0.95 0.409375
0 0.9203125 0.121875 0.778125 0.121875 0.778125 0.35 0.9203125 0.35 0.9203125 0.121875
0 1.0 0.4671875 0.975 0.4671875 0.975 0.571875 1.0 0.571875 1.0 0.4671875
0 0.878125 0.0015625 0.8375 0.0015625 0.8375 0.0375 0.878125 0.0375 0.878125 0.0015625
0 1.0 0.3375 0.975 0.3375 0.975 0.3828125 1.0 0.3828125 1.0 0.3375
0 0.9375 0.2421875 0.6859375 0.2421875 0.6859375 0.7890625 0.9375 0.7890625 0.9375 0.2421875
0 0.48125 0.603125 0.4375 0.603125 0.4375 0.8265625 0.48125 0.8265625 0.48125 0.603125
0 0.9296875 0.0015625 0.6953125 0.0015625 0.6953125 0.3421875 0.9296875 0.3421875 0.9296875 0.0015625
0 0.4515625 0.06875 0.284375 0.06875 0.284375 0.3796875 0.4515625 0.3796875 0.4515625 0.06875
0 0.1625 0.1875 0.034375 0.1875 0.034375 0.3453125 0.1625 0.3453125 0.1625 0.1875
0 1.0 0.675 0.9875 0.675 0.9875 0.7828125 1.0 0.7828125 1.0 0.675
0 1.0 0.4140625 0.9515625 0.4140625 0.9515625 0.49375 1.0 0.49375 1.0 0.4140625
0 0.2109375 0.8078125 0.0015625 0.8078125 0.0015625 1.0 0.2109375 1.0 0.2109375 0.8078125
0 0.115625 0.7515625 0.0015625 0.7515625 0.0015625 0.9375 0.115625 0.9375 0.115625 0.7515625
0 0.315625 0.4625 0.0390625 0.4625 0.0390625 0.9875 0.315625 0.9875 0.315625 0.4625
0 0.3359375 0.653125 0.2125 0.653125 0.2125 0.8390625 0.3359375 0.8390625 0.3359375 0.653125
0 0.11875 0.6484375 0.0015625 0.6484375 0.0015625 0.753125 0.11875 0.753125 0.11875 0.6484375
0 0.04375 0.5078125 0.0015625 0.5078125 0.0015625 0.63125 0.04375 0.63125 0.04375 0.5078125
0 0.459375 0.2546875 0.2703125 0.2546875 0.2703125 0.634375 0.459375 0.634375 0.459375 0.2546875
0 0.259375 0.484375 0.1828125 0.484375 0.1828125 0.646875 0.259375 0.646875 0.259375 0.484375
0 0.525 0.3515625 0.3875 0.3515625 0.3875 0.621875 0.525 0.621875 0.525 0.3515625
0 0.059375 0.3 0.0015625 0.3 0.0015625 0.421875 0.059375 0.421875 0.059375 0.3
0 0.3125 0.2140625 0.1359375 0.2140625 0.1359375 0.378125 0.3125 0.378125 0.3125 0.2140625
0 0.615625 0.215625 0.4953125 0.215625 0.4953125 0.3734375 0.615625 0.3734375 0.615625 0.215625
0 0.1109375 0.109375 0.0015625 0.109375 0.0015625 0.2546875 0.1109375 0.2546875 0.1109375 0.109375
0 0.6734375 0.0015625 0.5296875 0.0015625 0.5296875 0.196875 0.6734375 0.196875 0.6734375 0.0015625
0 0.140625 0.0015625 0.0015625 0.0015625 0.0015625 0.1515625 0.140625 0.1515625 0.140625 0.0015625
0 0.2796875 0.0015625 0.153125 0.0015625 0.153125 0.1875 0.2796875 0.1875 0.2796875 0.0015625
0 0.409375 0.0015625 0.31875 0.0015625 0.31875 0.1265625 0.409375 0.1265625 0.409375 0.0015625
0 0.51875 0.0015625 0.4125 0.0015625 0.4125 0.0765625 0.51875 0.0765625 0.51875 0.0015625
0 1.0 0.8453125 0.8796875 0.8453125 0.8796875 1.0 1.0 1.0 1.0 0.8453125
0 0.96875 0.8359375 0.828125 0.8359375 0.828125 0.9453125 0.96875 0.9453125 0.96875 0.8359375
0 1.0 0.1015625 0.8953125 0.1015625 0.8953125 0.24375 1.0 0.24375 1.0 0.1015625
0 1.0 0.0015625 0.940625 0.0015625 0.940625 0.0703125 1.0 0.0703125 1.0 0.0015625
0 0.746875 0.0015625 0.6671875 0.0015625 0.6671875 0.0859375 0.746875 0.0859375 0.746875 0.0015625
0 0.0421875 0.6265625 0.0015625 0.6265625 0.0015625 0.825 0.0421875 0.825 0.0421875 0.6265625
0 0.340625 0.128125 0.2140625 0.128125 0.2140625 0.3078125 0.340625 0.3078125 0.340625 0.128125
0 0.1625 0.615625 0.0015625 0.615625 0.0015625 0.765625 0.1625 0.765625 0.1625 0.615625
0 0.3234375 0.021875 0.246875 0.021875 0.246875 0.1984375 0.3234375 0.1984375 0.3234375 0.021875
0 0.9671875 0.221875 0.89375 0.221875 0.89375 0.41875 0.9671875 0.41875 0.9671875 0.221875
0 1.0 0.075 0.965625 0.075 0.965625 0.253125 1.0 0.253125 1.0 0.075
0 0.596875 0.0015625 0.509375 0.0015625 0.509375 0.1109375 0.596875 0.1109375 0.596875 0.0015625
0 0.3109375 0.984375 0.259375 0.984375 0.259375 1.0 0.3109375 1.0 0.3109375 0.984375
0 0.078125 0.225 0.0015625 0.225 0.0015625 0.2671875 0.078125 0.2671875 0.078125 0.225
0 0.63125 0.0015625 0.3875 0.0015625 0.3875 0.3609375 0.63125 0.3609375 0.63125 0.0015625
0 1.0 0.796875 0.78125 0.796875 0.78125 1.0 1.0 1.0 1.0 0.796875
0 0.7875 0.103125 0.6484375 0.103125 0.6484375 0.4234375 0.7875 0.4234375 0.7875 0.103125
0 0.8453125 0.0015625 0.74375 0.0015625 0.74375 0.103125 0.8453125 0.103125 0.8453125 0.0015625
0 1.0 0.5625 0.9671875 0.5625 0.9671875 0.690625 1.0 0.690625 1.0 0.5625
