0 0.453125 0.1359375 0.3953125 0.1359375 0.3953125 0.3984375 0.453125 0.3984375 0.453125 0.1359375
0 0.1046875 0.1328125 0.0296875 0.1328125 0.0296875 0.2453125 0.1046875 0.2453125 0.1046875 0.1328125
0 0.296875 0.3484375 0.2203125 0.3484375 0.2203125 0.4859375 0.296875 0.4859375 0.296875 0.3484375
0 0.3203125 0.11875 0.1859375 0.11875 0.1859375 0.2765625 0.3203125 0.2765625 0.3203125 0.11875
0 0.7765625 0.0015625 0.6484375 0.0015625 0.6484375 0.11875 0.7765625 0.11875 0.7765625 0.0015625
0 0.6265625 0.115625 0.4828125 0.115625 0.4828125 0.2109375 0.6265625 0.2109375 0.6265625 0.115625
0 0.20625 0.028125 0.0421875 0.028125 0.0421875 0.2828125 0.20625 0.2828125 0.20625 0.028125
0 0.1328125 0.740625 0.0015625 0.740625 0.0015625 1.0 0.1328125 1.0 0.1328125 0.740625
0 0.2359375 0.51875 0.1125 0.51875 0.1125 0.9609375 0.2359375 0.9609375 0.2359375 0.51875
0 0.36875 0.471875 0.175 0.471875 0.175 0.6203125 0.36875 0.6203125 0.36875 0.471875
0 0.4171875 0.40625 0.35 0.40625 0.35 0.6125 0.4171875 0.6125 0.4171875 0.40625
0 0.3875 0.2390625 0.2015625 0.2390625 0.2015625 0.4578125 0.3875 0.4578125 0.3875 0.2390625
0 0.5203125 0.0015625 0.3 0.0015625 0.3 0.21875 0.5203125 0.21875 0.5203125 0.0015625
0 0.6296875 0.0015625 0.5265625 0.0015625 0.5265625 0.103125 0.6296875 0.103125 0.6296875 0.0015625
0 0.9921875 0.9203125 0.78125 0.9203125 0.78125 1.0 0.9921875 1.0 0.9921875 0.9203125
0 0.45 0.7046875 0.0015625 0.7046875 0.0015625 1.0 0.45 1.0 0.45 0.7046875
0 0.646875 0.6859375 0.5703125 0.6859375 0.5703125 0.7953125 0.646875 0.7953125 0.646875 0.6859375
0 0.9609375 0.2453125 0.8609375 0.2453125 0.8609375 0.378125 0.9609375 0.378125 0.9609375 0.2453125
0 0.5109375 0.1109375 0.4578125 0.1109375 0.4578125 0.353125 0.5109375 0.353125 0.5109375 0.1109375
0 0.3125 0.0953125 0.2078125 0.0953125 0.2078125 0.203125 0.3125 0.203125 0.3125 0.0953125
0 0.2171875 0.15 0.1234375 0.15 0.1234375 0.26875 0.2171875 0.26875 0.2171875 0.15
0 0.0203125 0.971875 0.0015625 0.971875 0.0015625 1.0 0.0203125 1.0 0.0203125 0.971875
0 0.428125 0.628125 0.3609375 0.628125 0.3609375 0.8390625 0.428125 0.8390625 0.428125 0.628125
0 0.3328125 0.64375 0.2640625 0.64375 0.2640625 0.8203125 0.3328125 0.8203125 0.3328125 0.64375
0 0.2375 0.5421875 0.165625 0.5421875 0.165625 0.8 0.2375 0.8 0.2375 0.5421875
0 0.084375 0.5734375 0.0140625 0.5734375 0.0140625 0.7359375 0.084375 0.7359375 0.084375 0.5734375
0 0.4375 0.109375 0.3515625 0.109375 0.3515625 0.4296875 0.4375 0.4296875 0.4375 0.109375
0 0.05 0.0015625 0.0015625 0.0015625 0.0015625 0.0640625 0.05 0.0640625 0.05 0.0015625
0 0.2421875 0.0015625 0.121875 0.0015625 0.121875 0.1078125 0.2421875 0.1078125 0.2421875 0.0015625
0 0.4953125 0.959375 0.1609375 0.959375 0.1609375 1.0 0.4953125 1.0 0.4953125 0.959375
0 0.98125 0.0015625 0.0015625 0.0015625 0.0015625 1.0 0.98125 1.0 0.98125 0.0015625
0 0.078125 0.0015625 0.028125 0.0015625 0.028125 0.0453125 0.078125 0.0453125 0.078125 0.0015625
0 0.3859375 0.2796875 0.240625 0.2796875 0.240625 0.5796875 0.3859375 0.5796875 0.3859375 0.2796875
0 0.3921875 0.19375 0.2890625 0.19375 0.2890625 0.303125 0.3921875 0.303125 0.3921875 0.19375
0 0.171875 0.0015625 0.0546875 0.0015625 0.0546875 0.1546875 0.171875 0.1546875 0.171875 0.0015625
0 0.3265625 0.0015625 0.215625 0.0015625 0.215625 0.115625 0.3265625 0.115625 0.3265625 0.0015625
0 0.9875 0.3328125 0.7390625 0.3328125 0.7390625 0.715625 0.9875 0.715625 0.9875 0.3328125
0 0.8984375 0.0015625 0.7703125 0.0015625 0.7703125 0.103125 0.8984375 0.103125 0.8984375 0.0015625
0 1.0 0.75625 0.8703125 0.75625 0.8703125 1.0 1.0 1.0 1.0 0.75625
0 1.0 0.3 0.990625 0.3 0.990625 0.3265625 1.0 0.3265625 1.0 0.3
0 1.0 0.0015625 0.890625 0.0015625 0.890625 0.259375 1.0 0.259375 1.0 0.0015625
