0 0.1828125 0.0015625 0.0015625 0.0015625 0.0015625 1.0 0.1828125 1.0 0.1828125 0.0015625
0 0.5328125 0.6515625 0.2078125 0.6515625 0.2078125 1.0 0.5328125 1.0 0.5328125 0.6515625
0 1.0 0.0015625 0.240625 0.0015625 0.240625 0.565625 1.0 0.565625 1.0 0.0015625
0 1.0 0.6203125 0.44375 0.6203125 0.44375 1.0 1.0 1.0 1.0 0.6203125
0 1.0 0.7609375 0.825 0.7609375 0.825 0.8609375 1.0 0.8609375 1.0 0.7609375
0 1.0 0.0015625 0.5421875 0.0015625 0.5421875 0.1578125 1.0 0.1578125 1.0 0.0015625
0 0.953125 0.5046875 0.6203125 0.5046875 0.6203125 0.9203125 0.953125 0.9203125 0.953125 0.5046875
0 0.1609375 0.428125 0.0015625 0.428125 0.0015625 0.8828125 0.1609375 0.8828125 0.1609375 0.428125
0 0.6078125 0.3984375 0.4296875 0.3984375 0.4296875 0.7015625 0.6078125 0.7015625 0.6078125 0.3984375
0 0.8625 0.3015625 0.7921875 0.3015625 0.7921875 0.4640625 0.8625 0.4640625 0.8625 0.3015625
0 0.7546875 0.0015625 0.3984375 0.0015625 0.3984375 0.1765625 0.7546875 0.1765625 0.7546875 0.0015625
0 1.0 0.509375 0.978125 0.509375 0.978125 0.5625 1.0 0.5625 1.0 0.509375
0 0.965625 0.4109375 0.8703125 0.4109375 0.8703125 0.5078125 0.965625 0.5078125 0.965625 0.4109375
0 0.578125 0.0015625 0.0015625 0.0015625 0.0015625 1.0 0.578125 1.0 0.578125 0.0015625
0 0.928125 0.878125 0.7609375 0.878125 0.7609375 1.0 0.928125 1.0 0.928125 0.878125
0 0.5609375 0.3109375 0.409375 0.3109375 0.409375 0.453125 0.5609375 0.453125 0.5609375 0.3109375
0 0.546875 0.0015625 0.434375 0.0015625 0.434375 0.08125 0.546875 0.08125 0.546875 0.0015625
0 1.0 0.2765625 0.9078125 0.2765625 0.9078125 0.44375 1.0 0.44375 1.0 0.2765625
