0 0.5390625 0.871875 0.3484375 0.871875 0.3484375 1.0 0.5390625 1.0 0.5390625 0.871875
0 0.2625 0.5171875 0.0015625 0.5171875 0.0015625 0.978125 0.2625 0.978125 0.2625 0.5171875
0 0.2671875 0.190625 0.0015625 0.190625 0.0015625 0.6046875 0.2671875 0.6046875 0.2671875 0.190625
0 0.3 0.84375 0.1109375 0.84375 0.1109375 1.0 0.3 1.0 0.3 0.84375
0 1.0 0.4140625 0.30625 0.4140625 0.30625 1.0 1.0 1.0 1.0 0.4140625
0 0.6796875 0.625 0.353125 0.625 0.353125 1.0 0.6796875 1.0 0.6796875 0.625
0 0.2265625 0.6078125 0.09375 0.6078125 0.09375 0.9375 0.2265625 0.9375 0.2265625 0.6078125
0 0.2390625 0.3109375 0.05 0.3109375 0.05 0.4640625 0.2390625 0.4640625 0.2390625 0.3109375
0 0.4046875 0.76875 0.009375 0.76875 0.009375 1.0 0.4046875 1.0 0.4046875 0.76875
0 0.3046875 0.7328125 0.1359375 0.7328125 0.1359375 0.93125 0.3046875 0.93125 0.3046875 0.7328125
0 0.0609375 0.6140625 0.0015625 0.6140625 0.0015625 0.7765625 0.0609375 0.7765625 0.0609375 0.6140625
0 0.7296875 0.3203125 0.1390625 0.3203125 0.1390625 0.6515625 0.7296875 0.6515625 0.7296875 0.3203125
0 0.5578125 0.0015625 0.0015625 0.0015625 0.0015625 0.3375 0.5578125 0.3375 0.5578125 0.0015625
0 0.009375 0.0015625 0.0015625 0.0015625 0.0015625 0.009375 0.009375 0.009375 0.009375 0.0015625
0 0.4671875 0.996875 0.446875 0.996875 0.446875 1.0 0.4671875 1.0 0.4671875 0.996875
0 0.8671875 0.9921875 0.8234375 0.9921875 0.8234375 1.0 0.8671875 1.0 0.8671875 0.9921875
0 1.0 0.6484375 0.809375 0.6484375 0.809375 0.8890625 1.0 0.8890625 1.0 0.6484375
0 1.0 0.3140625 0.934375 0.3140625 0.934375 0.525 1.0 0.525 1.0 0.3140625
0 0.9109375 0.3765625 0.6453125 0.3765625 0.6453125 0.5828125 0.9109375 0.5828125 0.9109375 0.3765625
0 0.5953125 0.2625 0.45625 0.2625 0.45625 0.415625 0.5953125 0.415625 0.5953125 0.2625
0 1.0 0.0015625 0.540625 0.0015625 0.540625 0.371875 1.0 0.371875 1.0 0.0015625
0 0.5359375 0.38125 0.34375 0.38125 0.34375 0.4953125 0.5359375 0.4953125 0.5359375 0.38125
