0 0.88125 0.8890625 0.746875 0.8890625 0.746875 1.0 0.88125 1.0 0.88125 0.8890625
0 0.446875 0.1234375 0.2921875 0.1234375 0.2921875 0.328125 0.446875 0.328125 0.446875 0.1234375
0 0.9171875 0.0015625 0.834375 0.0015625 0.834375 0.1125 0.9171875 0.1125 0.9171875 0.0015625
0 0.971875 0.334375 0.7140625 0.334375 0.7140625 0.546875 0.971875 0.546875 0.971875 0.334375
0 0.0921875 0.3734375 0.0015625 0.3734375 0.0015625 0.609375 0.0921875 0.609375 0.0921875 0.3734375
0 0.403125 0.0328125 0.0828125 0.0328125 0.0828125 0.2890625 0.403125 0.2890625 0.403125 0.0328125
0 0.94375 0.69375 0.7546875 0.69375 0.7546875 0.7578125 0.94375 0.7578125 0.94375 0.69375
0 0.73125 0.0015625 0.6453125 0.0015625 0.6453125 0.14375 0.73125 0.14375 0.73125 0.0015625
0 0.5046875 0.0015625 0.490625 0.0015625 0.490625 0.0328125 0.5046875 0.0328125 0.5046875 0.0015625
0 1.0 0.89375 0.9328125 0.89375 0.9328125 0.978125 1.0 0.978125 1.0 0.89375
0 0.96875 0.0875 0.7671875 0.0875 0.7671875 0.2046875 0.96875 0.2046875 0.96875 0.0875
0 0.178125 0.9109375 0.0015625 0.9109375 0.0015625 1.0 0.178125 1.0 0.178125 0.9109375
0 0.58125 0.0015625 0.0015625 0.0015625 0.0015625 1.0 0.58125 1.0 0.58125 0.0015625
0 1.0 0.0015625 0.4765625 0.0015625 0.4765625 1.0 1.0 1.0 1.0 0.0015625
