0 0.953125 0.9921875 0.9234375 0.9921875 0.9234375 1.0 0.953125 1.0 0.953125 0.9921875
0 1.0 0.8296875 0.984375 0.8296875 0.984375 0.8984375 1.0 0.8984375 1.0 0.8296875
0 0.6640625 0.3609375 0.50625 0.3609375 0.50625 0.5359375 0.6640625 0.5359375 0.6640625 0.3609375
0 0.9546875 0.2390625 0.725 0.2390625 0.725 0.3765625 0.9546875 0.3765625 0.9546875 0.2390625
0 0.1546875 0.1046875 0.0015625 0.1046875 0.0015625 0.25625 0.1546875 0.25625 0.1546875 0.1046875
0 1.0 0.1171875 0.9875 0.1171875 0.9875 0.15 1.0 0.15 1.0 0.1171875
0 0.3515625 0.0015625 0.33125 0.0015625 0.33125 0.021875 0.3515625 0.021875 0.3515625 0.0015625
0 0.9046875 0.4296875 0.7390625 0.4296875 0.7390625 0.6109375 0.9046875 0.6109375 0.9046875 0.4296875
0 1.0 0.84375 0.89375 0.84375 0.89375 0.9703125 1.0 0.9703125 1.0 0.84375
0 0.8640625 0.8375 0.778125 0.8375 0.778125 0.978125 0.8640625 0.978125 0.8640625 0.8375
0 0.4390625 0.2859375 0.33125 0.2859375 0.33125 0.58125 0.4390625 0.58125 0.4390625 0.2859375
0 0.1875 0.0484375 0.0578125 0.0484375 0.0578125 0.15625 0.1875 0.15625 0.1875 0.0484375
0 1.0 0.0015625 0.9125 0.0015625 0.9125 0.1203125 1.0 0.1203125 1.0 0.0015625
0 0.3453125 0.9625 0.2671875 0.9625 0.2671875 1.0 0.3453125 1.0 0.3453125 0.9625
0 0.25 0.9484375 0.203125 0.9484375 0.203125 1.0 0.25 1.0 0.25 0.9484375
0 0.128125 0.234375 0.0015625 0.234375 0.0015625 0.4765625 0.128125 0.4765625 0.128125 0.234375
0 0.0375 0.1578125 0.0015625 0.1578125 0.0015625 0.1859375 0.0375 0.1859375 0.0375 0.1578125
0 0.2671875 0.7453125 0.1703125 0.7453125 0.1703125 0.959375 0.2671875 0.959375 0.2671875 0.7453125
0 0.9484375 0.5484375 0.790625 0.5484375 0.790625 0.6921875 0.9484375 0.6921875 0.9484375 0.5484375
0 1.0 0.521875 0.9453125 0.521875 0.9453125 0.565625 1.0 0.565625 1.0 0.521875
0 0.7921875 0.3765625 0.6453125 0.3765625 0.6453125 0.515625 0.7921875 0.515625 0.7921875 0.3765625
0 1.0 0.6296875 0.8953125 0.6296875 0.8953125 0.746875 1.0 0.746875 1.0 0.6296875
0 0.34375 0.9078125 0.2421875 0.9078125 0.2421875 1.0 0.34375 1.0 0.34375 0.9078125
0 0.40625 0.5515625 0.290625 0.5515625 0.290625 0.80625 0.40625 0.80625 0.40625 0.5515625
0 1.0 0.4359375 0.9203125 0.4359375 0.9203125 0.51875 1.0 0.51875 1.0 0.4359375
0 0.803125 0.1078125 0.653125 0.1078125 0.653125 0.253125 0.803125 0.253125 0.803125 0.1078125
0 0.2171875 0.9 0.0875 0.9 0.0875 1.0 0.2171875 1.0 0.2171875 0.9
0 0.7296875 0.209375 0.5984375 0.209375 0.5984375 0.3703125 0.7296875 0.3703125 0.7296875 0.209375
0 0.2015625 0.975 0.121875 0.975 0.121875 1.0 0.2015625 1.0 0.2015625 0.975
0 0.1375 0.3078125 0.003125 0.3078125 0.003125 0.4609375 0.1375 0.4609375 0.1375 0.3078125
0 0.5765625 0.23125 0.421875 0.23125 0.421875 0.4421875 0.5765625 0.4421875 0.5765625 0.23125
0 0.33125 0.0015625 0.184375 0.0015625 0.184375 0.1625 0.33125 0.1625 0.33125 0.0015625
0 0.8703125 0.0625 0.646875 0.0625 0.646875 0.2046875 0.8703125 0.2046875 0.8703125 0.0625
0 0.0796875 0.178125 0.0015625 0.178125 0.0015625 0.3171875 0.0796875 0.3171875 0.0796875 0.178125
0 0.215625 0.0015625 0.0015625 0.0015625 0.0015625 0.053125 0.215625 0.053125 0.215625 0.0015625
0 1.0 0.053125 0.971875 0.053125 0.971875 0.1203125 1.0 0.1203125 1.0 0.053125
0 0.0859375 0.9734375 0.0390625 0.9734375 0.0390625 1.0 0.0859375 1.0 0.0859375 0.9734375
0 0.125 0.8578125 0.0015625 0.8578125 0.0015625 0.9734375 0.125 0.9734375 0.125 0.8578125
0 0.809375 0.2421875 0.6796875 0.2421875 0.6796875 0.3375 0.809375 0.3375 0.809375 0.2421875
0 0.2375 0.4671875 0.0015625 0.4671875 0.0015625 0.8921875 0.2375 0.8921875 0.2375 0.4671875
0 0.5015625 0.0015625 0.2578125 0.0015625 0.2578125 0.403125 0.5015625 0.403125 0.5015625 0.0015625
0 0.1953125 0.790625 0.0015625 0.790625 0.0015625 1.0 0.1953125 1.0 0.1953125 0.790625
0 1.0 0.0015625 0.228125 0.0015625 0.228125 1.0 1.0 1.0 1.0 0.0015625
0 0.2953125 0.021875 0.0015625 0.021875 0.0015625 0.2015625 0.2953125 0.2015625 0.2953125 0.021875
