0 0.4734375 0.3875 0.2984375 0.3875 0.2984375 0.515625 0.4734375 0.515625 0.4734375 0.3875
0 0.4609375 0.928125 0.284375 0.928125 0.284375 1.0 0.4609375 1.0 0.4609375 0.928125
0 0.3453125 0.6890625 0.2171875 0.6890625 0.2171875 0.8734375 0.3453125 0.8734375 0.3453125 0.6890625
0 0.5625 0.315625 0.371875 0.315625 0.371875 0.4109375 0.5625 0.4109375 0.5625 0.315625
0 0.946875 0.6125 0.728125 0.6125 0.728125 0.859375 0.946875 0.859375 0.946875 0.6125
0 0.909375 0.7703125 0.68125 0.7703125 0.68125 0.934375 0.909375 0.934375 0.909375 0.7703125
0 0.275 0.4796875 0.0734375 0.4796875 0.0734375 0.578125 0.275 0.578125 0.275 0.4796875
0 0.1453125 0.2125 0.00625 0.2125 0.00625 0.3203125 0.1453125 0.3203125 0.1453125 0.2125
0 0.0671875 0.015625 0.0015625 0.015625 0.0015625 0.2046875 0.0671875 0.2046875 0.0671875 0.015625
0 0.796875 0.69375 0.5859375 0.69375 0.5859375 0.9703125 0.796875 0.9703125 0.796875 0.69375
0 0.315625 0.365625 0.15625 0.365625 0.15625 0.5046875 0.315625 0.5046875 0.315625 0.365625
0 0.58125 0.2703125 0.3828125 0.2703125 0.3828125 0.378125 0.58125 0.378125 0.58125 0.2703125
0 0.703125 0.04375 0.4296875 0.04375 0.4296875 0.1828125 0.703125 0.1828125 0.703125 0.04375
0 0.425 0.0015625 0.2703125 0.0015625 0.2703125 0.0953125 0.425 0.0953125 0.425 0.0015625
0 0.146875 0.628125 0.0015625 0.628125 0.0015625 0.828125 0.146875 0.828125 0.146875 0.628125
0 0.8109375 0.88125 0.5765625 0.88125 0.5765625 1.0 0.8109375 1.0 0.8109375 0.88125
0 0.29375 0.553125 0.0859375 0.553125 0.0859375 0.7421875 0.29375 0.7421875 0.29375 0.553125
0 0.4578125 0.4875 0.2328125 0.4875 0.2328125 0.571875 0.4578125 0.571875 0.4578125 0.4875
0 0.496875 0.1625 0.16875 0.1625 0.16875 0.453125 0.496875 0.453125 0.496875 0.1625
0 0.24375 0.0015625 0.1375 0.0015625 0.1375 0.115625 0.24375 0.115625 0.24375 0.0015625
0 1.0 0.0109375 0.8921875 0.0109375 0.8921875 0.3203125 1.0 0.3203125 1.0 0.0109375
0 0.153125 0.990625 0.1390625 0.990625 0.1390625 1.0 0.153125 1.0 0.153125 0.990625
0 0.11875 0.8828125 0.0015625 0.8828125 0.0015625 1.0 0.11875 1.0 0.11875 0.8828125
0 0.0375 0.615625 0.0015625 0.615625 0.0015625 0.6875 0.0375 0.6875 0.0375 0.615625
0 0.0078125 0.153125 0.0015625 0.153125 0.0015625 0.159375 0.0078125 0.159375 0.0078125 0.153125
0 0.89375 0.325 0.7046875 0.325 0.7046875 0.425 0.89375 0.425 0.89375 0.325
0 0.6640625 0.1375 0.3109375 0.1375 0.3109375 0.3125 0.6640625 0.3125 0.6640625 0.1375
0 0.9015625 0.1890625 0.759375 0.1890625 0.759375 0.29375 0.9015625 0.29375 0.9015625 0.1890625
0 0.025 0.96875 0.0015625 0.96875 0.0015625 0.996875 0.025 0.996875 0.025 0.96875
0 0.075 0.4625 0.0015625 0.4625 0.0015625 0.534375 0.075 0.534375 0.075 0.4625
0 0.29375 0.3953125 0.1828125 0.3953125 0.1828125 0.503125 0.29375 0.503125 0.29375 0.3953125
0 0.2703125 0.3265625 0.0875 0.3265625 0.0875 0.5234375 0.2703125 0.5234375 0.2703125 0.3265625
0 0.4625 0.215625 0.2703125 0.215625 0.2703125 0.290625 0.4625 0.290625 0.4625 0.215625
0 0.8609375 0.0015625 0.5578125 0.0015625 0.5578125 0.096875 0.8609375 0.096875 0.8609375 0.0015625
0 1.0 0.3125 0.8 0.3125 0.8 0.459375 1.0 0.459375 1.0 0.3125
0 0.2546875 0.9265625 0.0375 0.9265625 0.0375 1.0 0.2546875 1.0 0.2546875 0.9265625
0 0.071875 0.39375 0.0015625 0.39375 0.0015625 0.4609375 0.071875 0.4609375 0.071875 0.39375
0 0.715625 0.678125 0.4453125 0.678125 0.4453125 0.7609375 0.715625 0.7609375 0.715625 0.678125
0 0.8421875 0.5953125 0.659375 0.5953125 0.659375 0.6890625 0.8421875 0.6890625 0.8421875 0.5953125
0 0.39375 0.4453125 0.2640625 0.4453125 0.2640625 0.553125 0.39375 0.553125 0.39375 0.4453125
0 0.9390625 0.3359375 0.703125 0.3359375 0.703125 0.5078125 0.9390625 0.5078125 0.9390625 0.3359375
0 0.8109375 0.228125 0.640625 0.228125 0.640625 0.39375 0.8109375 0.39375 0.8109375 0.228125
0 0.5328125 0.15625 0.30625 0.15625 0.30625 0.3734375 0.5328125 0.3734375 0.5328125 0.15625
0 1.0 0.1125 0.9546875 0.1125 0.9546875 0.2546875 1.0 0.2546875 1.0 0.1125
0 0.415625 0.009375 0.259375 0.009375 0.259375 0.128125 0.415625 0.128125 0.415625 0.009375
0 0.0484375 0.6984375 0.0015625 0.6984375 0.0015625 0.7625 0.0484375 0.7625 0.0484375 0.6984375
0 0.159375 0.0015625 0.0015625 0.0015625 0.0015625 0.14375 0.159375 0.14375 0.159375 0.0015625
0 0.7203125 0.85 0.6453125 0.85 0.6453125 1.0 0.7203125 1.0 0.7203125 0.85
0 0.728125 0.2375 0.3921875 0.2375 0.3921875 0.6765625 0.728125 0.6765625 0.728125 0.2375
0 0.940625 0.2671875 0.696875 0.2671875 0.696875 0.390625 0.940625 0.390625 0.940625 0.2671875
0 0.6390625 0.075 0.421875 0.075 0.421875 0.1609375 0.6390625 0.1609375 0.6390625 0.075
0 1.0 0.009375 0.9796875 0.009375 0.9796875 0.0453125 1.0 0.0453125 1.0 0.009375
0 0.65 0.0875 0.4515625 0.0875 0.4515625 0.2609375 0.65 0.2609375 0.65 0.0875
0 0.8203125 0.4765625 0.678125 0.4765625 0.678125 0.5984375 0.8203125 0.5984375 0.8203125 0.4765625
