0 0.259375 0.071875 0.025 0.071875 0.025 0.134375 0.259375 0.134375 0.259375 0.071875
0 0.9390625 0.965625 0.8546875 0.965625 0.8546875 1.0 0.9390625 1.0 0.9390625 0.965625
0 1.0 0.9125 0.93125 0.9125 0.93125 0.978125 1.0 0.978125 1.0 0.9125
0 0.128125 0.2578125 0.0015625 0.2578125 0.0015625 0.4359375 0.128125 0.4359375 0.128125 0.2578125
0 0.359375 0.0875 0.1546875 0.0875 0.1546875 0.3578125 0.359375 0.3578125 0.359375 0.0875
0 0.3640625 0.0015625 0.2625 0.0015625 0.2625 0.0625 0.3640625 0.0625 0.3640625 0.0015625
0 0.5140625 0.8703125 0.3859375 0.8703125 0.3859375 0.99375 0.5140625 0.99375 0.5140625 0.8703125
0 0.228125 0.85625 0.109375 0.85625 0.109375 0.9984375 0.228125 0.9984375 0.228125 0.85625
0 0.0875 0.6109375 0.0015625 0.6109375 0.0015625 0.68125 0.0875 0.68125 0.0875 0.6109375
0 0.2109375 0.525 0.0875 0.525 0.0875 0.6390625 0.2109375 0.6390625 0.2109375 0.525
0 0.50625 0.7390625 0.421875 0.7390625 0.421875 0.875 0.50625 0.875 0.50625 0.7390625
0 0.4109375 0.390625 0.25 0.390625 0.25 0.4796875 0.4109375 0.4796875 0.4109375 0.390625
0 0.1171875 0.175 0.0015625 0.175 0.0015625 0.36875 0.1171875 0.36875 0.1171875 0.175
0 0.2734375 0.1 0.13125 0.1 0.13125 0.328125 0.2734375 0.328125 0.2734375 0.1
0 0.1953125 0.0015625 0.1515625 0.0015625 0.1515625 0.015625 0.1953125 0.015625 0.1953125 0.0015625
0 0.60625 0.1265625 0.471875 0.1265625 0.471875 0.2796875 0.60625 0.2796875 0.60625 0.1265625
0 0.03125 0.115625 0.0015625 0.115625 0.0015625 0.2625 0.03125 0.2625 0.03125 0.115625
0 0.1 0.309375 0.0015625 0.309375 0.0015625 0.453125 0.1 0.453125 0.1 0.309375
0 0.346875 0.0015625 0.30625 0.0015625 0.30625 0.05 0.346875 0.05 0.346875 0.0015625
0 0.2109375 0.340625 0.01875 0.340625 0.01875 0.4765625 0.2109375 0.4765625 0.2109375 0.340625
0 0.421875 0.0515625 0.1890625 0.0515625 0.1890625 0.3828125 0.421875 0.3828125 0.421875 0.0515625
0 0.0296875 0.925 0.0015625 0.925 0.0015625 0.940625 0.0296875 0.940625 0.0296875 0.925
0 0.58125 0.9984375 0.5484375 0.9984375 0.5484375 1.0 0.58125 1.0 0.58125 0.9984375
0 0.4515625 0.915625 0.3015625 0.915625 0.3015625 1.0 0.4515625 1.0 0.4515625 0.915625
0 0.40625 0.7421875 0.234375 0.7421875 0.234375 0.94375 0.40625 0.94375 0.40625 0.7421875
0 0.271875 0.584375 0.1171875 0.584375 0.1171875 0.7125 0.271875 0.7125 0.271875 0.584375
0 0.3984375 0.5265625 0.2984375 0.5265625 0.2984375 0.6609375 0.3984375 0.6609375 0.3984375 0.5265625
0 1.0 0.41875 0.6859375 0.41875 0.6859375 1.0 1.0 1.0 1.0 0.41875
0 0.91875 0.2515625 0.6203125 0.2515625 0.6203125 0.6203125 0.91875 0.6203125 0.91875 0.2515625
0 1.0 0.95625 0.875 0.95625 0.875 1.0 1.0 1.0 1.0 0.95625
