0 1.0 0.0296875 0.7671875 0.0296875 0.7671875 0.1453125 1.0 0.1453125 1.0 0.0296875
0 0.5796875 0.0015625 0.5796875 0.0015625 0.5796875 0.0015625 0.5796875 0.0015625 0.5796875 0.0015625
0 0.0984375 0.80625 0.0015625 0.80625 0.0015625 0.990625 0.0984375 0.990625 0.0984375 0.80625
0 0.7203125 0.6515625 0.65625 0.6515625 0.65625 0.8046875 0.7203125 0.8046875 0.7203125 0.6515625
0 0.128125 0.8578125 0.0015625 0.8578125 0.0015625 1.0 0.128125 1.0 0.128125 0.8578125
0 0.0515625 0.73125 0.0015625 0.73125 0.0015625 0.86875 0.0515625 0.86875 0.0515625 0.73125
0 0.73125 0.48125 0.6640625 0.48125 0.6640625 0.6765625 0.73125 0.6765625 0.73125 0.48125
0 1.0 0.0015625 0.0015625 0.0015625 0.0015625 1.0 1.0 1.0 1.0 0.0015625
0 0.878125 0.7046875 0.68125 0.7046875 0.68125 1.0 0.878125 1.0 0.878125 0.7046875
0 1.0 0.6296875 0.896875 0.6296875 0.896875 0.7390625 1.0 0.7390625 1.0 0.6296875
0 0.915625 0.4421875 0.69375 0.4421875 0.69375 0.7609375 0.915625 0.7609375 0.915625 0.4421875
