0 0.2125 0.725 0.0265625 0.725 0.0265625 1.0 0.2125 1.0 0.2125 0.725
0 0.54375 0.55625 0.1640625 0.55625 0.1640625 0.9796875 0.54375 0.9796875 0.54375 0.55625
0 0.3515625 0.084375 0.1359375 0.084375 0.1359375 0.303125 0.3515625 0.303125 0.3515625 0.084375
0 0.890625 0.9921875 0.871875 0.9921875 0.871875 1.0 0.890625 1.0 0.890625 0.9921875
0 0.6578125 0.2359375 0.5453125 0.2359375 0.5453125 0.3953125 0.6578125 0.3953125 0.6578125 0.2359375
0 1.0 0.2796875 0.8875 0.2796875 0.8875 0.4390625 1.0 0.4390625 1.0 0.2796875
0 1.0 0.675 0.60625 0.675 0.60625 1.0 1.0 1.0 1.0 0.675
0 0.2953125 0.65 0.10625 0.65 0.10625 1.0 0.2953125 1.0 0.2953125 0.65
0 0.315625 0.396875 0.1171875 0.396875 0.1171875 0.671875 0.315625 0.671875 0.315625 0.396875
0 0.6265625 0.0015625 0.240625 0.0015625 0.240625 0.69375 0.6265625 0.69375 0.6265625 0.0015625
0 1.0 0.0015625 0.4625 0.0015625 0.4625 0.9203125 1.0 0.9203125 1.0 0.0015625
