0 0.3546875 0.7734375 0.046875 0.7734375 0.046875 1.0 0.3546875 1.0 0.3546875 0.7734375
0 0.1046875 0.8296875 0.0015625 0.8296875 0.0015625 0.9453125 0.1046875 0.9453125 0.1046875 0.8296875
0 1.0 0.778125 0.9421875 0.778125 0.9421875 1.0 1.0 1.0 1.0 0.778125
0 0.5390625 0.7453125 0.3828125 0.7453125 0.3828125 0.9828125 0.5390625 0.9828125 0.5390625 0.7453125
0 1.0 0.2515625 0.45625 0.2515625 0.45625 0.875 1.0 0.875 1.0 0.2515625
0 0.2578125 0.9359375 0.0015625 0.9359375 0.0015625 1.0 0.2578125 1.0 0.2578125 0.9359375
0 0.3765625 0.5171875 0.0015625 0.5171875 0.0015625 0.8796875 0.3765625 0.8796875 0.3765625 0.5171875
0 0.9765625 0.6359375 0.2796875 0.6359375 0.2796875 1.0 0.9765625 1.0 0.9765625 0.6359375
0 0.8078125 0.6125 0.6671875 0.6125 0.6671875 0.834375 0.8078125 0.834375 0.8078125 0.6125
0 1.0 0.63125 0.91875 0.63125 0.91875 0.8171875 1.0 0.8171875 1.0 0.63125
0 0.3640625 0.290625 0.103125 0.290625 0.103125 0.465625 0.3640625 0.465625 0.3640625 0.290625
0 1.0 0.0453125 0.5375 0.0453125 0.5375 0.5140625 1.0 0.5140625 1.0 0.0453125
0 0.4203125 0.1640625 0.31875 0.1640625 0.31875 0.2890625 0.4203125 0.2890625 0.4203125 0.1640625
0 0.546875 0.0015625 0.3890625 0.0015625 0.3890625 0.1546875 0.546875 0.1546875 0.546875 0.0015625
0 1.0 0.0015625 0.9875 0.0015625 0.9875 0.015625 1.0 0.015625 1.0 0.0015625
