0 0.8171875 0.2828125 0.6953125 0.2828125 0.6953125 0.390625 0.8171875 0.390625 0.8171875 0.2828125
0 0.7015625 0.04375 0.60625 0.04375 0.60625 0.2921875 0.7015625 0.2921875 0.7015625 0.04375
0 0.9234375 0.078125 0.803125 0.078125 0.803125 0.2578125 0.9234375 0.2578125 0.9234375 0.078125
0 0.3125 0.9421875 0.20625 0.9421875 0.20625 1.0 0.3125 1.0 0.3125 0.9421875
0 0.3546875 0.55 0.2 0.55 0.2 0.7171875 0.3546875 0.7171875 0.3546875 0.55
0 0.134375 0.3921875 0.0390625 0.3921875 0.0390625 0.515625 0.134375 0.515625 0.134375 0.3921875
0 0.246875 0.271875 0.1234375 0.271875 0.1234375 0.403125 0.246875 0.403125 0.246875 0.271875
0 0.0875 0.1609375 0.0015625 0.1609375 0.0015625 0.2765625 0.0875 0.2765625 0.0875 0.1609375
0 0.25625 0.096875 0.10625 0.096875 0.10625 0.2671875 0.25625 0.2671875 0.25625 0.096875
0 0.44375 0.7234375 0.3703125 0.7234375 0.3703125 0.86875 0.44375 0.86875 0.44375 0.7234375
0 0.259375 0.6890625 0.1609375 0.6890625 0.1609375 0.8703125 0.259375 0.8703125 0.259375 0.6890625
0 0.575 0.4671875 0.328125 0.4671875 0.328125 0.6234375 0.575 0.6234375 0.575 0.4671875
0 0.040625 0.4953125 0.0015625 0.4953125 0.0015625 0.703125 0.040625 0.703125 0.040625 0.4953125
0 0.8859375 0.0546875 0.71875 0.0546875 0.71875 0.3046875 0.8859375 0.3046875 0.8859375 0.0546875
0 0.203125 0.4890625 0.0875 0.4890625 0.0875 0.63125 0.203125 0.63125 0.203125 0.4890625
0 0.071875 0.471875 0.0015625 0.471875 0.0015625 0.5390625 0.071875 0.5390625 0.071875 0.471875
0 1.0 0.6421875 0.759375 0.6421875 0.759375 0.753125 1.0 0.753125 1.0 0.6421875
0 1.0 0.0640625 0.7953125 0.0640625 0.7953125 0.3859375 1.0 0.3859375 1.0 0.0640625
0 0.8734375 0.1171875 0.7734375 0.1171875 0.7734375 0.2453125 0.8734375 0.2453125 0.8734375 0.1171875
0 0.140625 0.5953125 0.009375 0.5953125 0.009375 0.7703125 0.140625 0.7703125 0.140625 0.5953125
0 0.0984375 0.271875 0.0015625 0.271875 0.0015625 0.5015625 0.0984375 0.5015625 0.0984375 0.271875
0 0.0234375 0.0375 0.0015625 0.0375 0.0015625 0.0984375 0.0234375 0.0984375 0.0234375 0.0375
0 0.85625 0.8625 0.7109375 0.8625 0.7109375 0.934375 0.85625 0.934375 0.85625 0.8625
0 0.4984375 0.1765625 0.33125 0.1765625 0.33125 0.2921875 0.4984375 0.2921875 0.4984375 0.1765625
0 0.225 0.9546875 0.0015625 0.9546875 0.0015625 1.0 0.225 1.0 0.225 0.9546875
0 0.184375 0.6828125 0.028125 0.6828125 0.028125 0.8859375 0.184375 0.8859375 0.184375 0.6828125
0 0.3328125 0.6265625 0.1421875 0.6265625 0.1421875 0.965625 0.3328125 0.965625 0.3328125 0.6265625
0 0.590625 0.028125 0.3953125 0.028125 0.3953125 0.271875 0.590625 0.271875 0.590625 0.028125
0 0.75 0.9203125 0.684375 0.9203125 0.684375 1.0 0.75 1.0 0.75 0.9203125
0 0.25 0.7734375 0.090625 0.7734375 0.090625 0.9296875 0.25 0.9296875 0.25 0.7734375
0 0.209375 0.6359375 0.0015625 0.6359375 0.0015625 0.9953125 0.209375 0.9953125 0.209375 0.6359375
0 0.040625 0.33125 0.0015625 0.33125 0.0015625 0.4375 0.040625 0.4375 0.040625 0.33125
0 0.4859375 0.0015625 0.0015625 0.0015625 0.0015625 0.703125 0.4859375 0.703125 0.4859375 0.0015625
0 0.54375 0.0375 0.4609375 0.0375 0.4609375 0.2046875 0.54375 0.2046875 0.54375 0.0375
0 0.6484375 0.28125 0.2796875 0.28125 0.2796875 1.0 0.6484375 1.0 0.6484375 0.28125
0 0.321875 0.615625 0.21875 0.615625 0.21875 0.74375 0.321875 0.74375 0.321875 0.615625
0 0.8671875 0.7953125 0.6828125 0.7953125 0.6828125 1.0 0.8671875 1.0 0.8671875 0.7953125
