0 0.940625 0.9203125 0.90625 0.9203125 0.90625 1.0 0.940625 1.0 0.940625 0.9203125
0 0.7953125 0.1734375 0.675 0.1734375 0.675 0.334375 0.7953125 0.334375 0.7953125 0.1734375
0 0.428125 0.1375 0.046875 0.1375 0.046875 0.3578125 0.428125 0.3578125 0.428125 0.1375
0 0.5703125 0.0984375 0.4375 0.0984375 0.4375 0.190625 0.5703125 0.190625 0.5703125 0.0984375
0 0.78125 0.475 0.709375 0.475 0.709375 0.6234375 0.78125 0.6234375 0.78125 0.475
0 1.0 0.4828125 0.971875 0.4828125 0.971875 0.596875 1.0 0.596875 1.0 0.4828125
0 0.7078125 0.159375 0.5515625 0.159375 0.5515625 0.3828125 0.7078125 0.3828125 0.7078125 0.159375
0 0.73125 0.1078125 0.6125 0.1078125 0.6125 0.265625 0.73125 0.265625 0.73125 0.1078125
0 0.7890625 0.0015625 0.51875 0.0015625 0.51875 0.175 0.7890625 0.175 0.7890625 0.0015625
0 0.85 0.0015625 0.8453125 0.0015625 0.8453125 0.003125 0.85 0.003125 0.85 0.0015625
0 1.0 0.0015625 0.0015625 0.0015625 0.0015625 1.0 1.0 1.0 1.0 0.0015625
0 0.759375 0.01875 0.68125 0.01875 0.68125 0.1796875 0.759375 0.1796875 0.759375 0.01875
0 0.678125 0.0015625 0.5765625 0.0015625 0.5765625 0.046875 0.678125 0.046875 0.678125 0.0015625
