0 0.175 0.6984375 0.0265625 0.6984375 0.0265625 0.846875 0.175 0.846875 0.175 0.6984375
0 0.3328125 0.4234375 0.203125 0.4234375 0.203125 0.625 0.3328125 0.625 0.3328125 0.4234375
0 0.5296875 0.65625 0.4109375 0.65625 0.4109375 0.9625 0.5296875 0.9625 0.5296875 0.65625
0 0.2578125 0.7515625 0.13125 0.7515625 0.13125 0.859375 0.2578125 0.859375 0.2578125 0.7515625
0 0.35 0.5734375 0.1328125 0.5734375 0.1328125 0.7140625 0.35 0.7140625 0.35 0.5734375
0 0.403125 0.2703125 0.2390625 0.2703125 0.2390625 0.4515625 0.403125 0.4515625 0.403125 0.2703125
0 0.4765625 0.0609375 0.3 0.0609375 0.3 0.1984375 0.4765625 0.1984375 0.4765625 0.0609375
0 0.48125 0.0015625 0.3453125 0.0015625 0.3453125 0.103125 0.48125 0.103125 0.48125 0.0015625
0 0.9 0.24375 0.734375 0.24375 0.734375 0.4078125 0.9 0.4078125 0.9 0.24375
0 0.9390625 0.1390625 0.803125 0.1390625 0.803125 0.2515625 0.9390625 0.2515625 0.9390625 0.1390625
0 0.94375 0.0015625 0.84375 0.0015625 0.84375 0.06875 0.94375 0.06875 0.94375 0.0015625
0 0.659375 0.9046875 0.415625 0.9046875 0.415625 1.0 0.659375 1.0 0.659375 0.9046875
0 0.478125 0.6703125 0.290625 0.6703125 0.290625 0.8109375 0.478125 0.8109375 0.478125 0.6703125
0 0.2203125 0.48125 0.1078125 0.48125 0.1078125 0.6078125 0.2203125 0.6078125 0.2203125 0.48125
0 0.4515625 0.34375 0.278125 0.34375 0.278125 0.434375 0.4515625 0.434375 0.4515625 0.34375
0 0.8875 0.9515625 0.834375 0.9515625 0.834375 1.0 0.8875 1.0 0.8875 0.9515625
0 0.90625 0.6875 0.7203125 0.6875 0.7203125 0.8046875 0.90625 0.8046875 0.90625 0.6875
0 0.8234375 0.5703125 0.7515625 0.5703125 0.7515625 0.6859375 0.8234375 0.6859375 0.8234375 0.5703125
0 0.9953125 0.51875 0.8640625 0.51875 0.8640625 0.6140625 0.9953125 0.6140625 0.9953125 0.51875
0 0.9796875 0.1703125 0.7421875 0.1703125 0.7421875 0.5328125 0.9796875 0.5328125 0.9796875 0.1703125
0 1.0 0.284375 0.934375 0.284375 0.934375 0.4203125 1.0 0.4203125 1.0 0.284375
0 0.7859375 0.165625 0.6890625 0.165625 0.6890625 0.3546875 0.7859375 0.3546875 0.7859375 0.165625
0 0.4765625 0.753125 0.384375 0.753125 0.384375 0.890625 0.4765625 0.890625 0.4765625 0.753125
0 0.2453125 0.634375 0.1328125 0.634375 0.1328125 0.78125 0.2453125 0.78125 0.2453125 0.634375
0 0.5609375 0.8734375 0.41875 0.8734375 0.41875 1.0 0.5609375 1.0 0.5609375 0.8734375
0 0.30625 0.65 0.2140625 0.65 0.2140625 0.7953125 0.30625 0.7953125 0.30625 0.65
0 0.5296875 0.621875 0.309375 0.621875 0.309375 0.73125 0.5296875 0.73125 0.5296875 0.621875
0 1.0 0.5796875 0.890625 0.5796875 0.890625 0.709375 1.0 0.709375 1.0 0.5796875
0 0.4796875 0.4578125 0.3078125 0.4578125 0.3078125 0.609375 0.4796875 0.609375 0.4796875 0.4578125
0 0.3046875 0.4203125 0.23125 0.4203125 0.23125 0.6015625 0.3046875 0.6015625 0.3046875 0.4203125
0 0.690625 0.3828125 0.609375 0.3828125 0.609375 0.5640625 0.690625 0.5640625 0.690625 0.3828125
0 0.6953125 0.2796875 0.5421875 0.2796875 0.5421875 0.371875 0.6953125 0.371875 0.6953125 0.2796875
0 0.6046875 0.11875 0.4453125 0.11875 0.4453125 0.38125 0.6046875 0.38125 0.6046875 0.11875
0 0.440625 0.1359375 0.296875 0.1359375 0.296875 0.3625 0.440625 0.3625 0.440625 0.1359375
0 0.9078125 0.0015625 0.659375 0.0015625 0.659375 0.1953125 0.9078125 0.1953125 0.9078125 0.0015625
0 0.4546875 0.0015625 0.3265625 0.0015625 0.3265625 0.1515625 0.4546875 0.1515625 0.4546875 0.0015625
0 0.553125 0.0015625 0.4484375 0.0015625 0.4484375 0.0953125 0.553125 0.0953125 0.553125 0.0015625
0 0.6859375 0.0015625 0.5671875 0.0015625 0.5671875 0.059375 0.6859375 0.059375 0.6859375 0.0015625
0 0.8609375 0.0015625 0.7953125 0.0015625 0.7953125 0.0546875 0.8609375 0.0546875 0.8609375 0.0015625
0 1.0 0.7453125 0.9953125 0.7453125 0.9953125 0.7640625 1.0 0.7640625 1.0 0.7453125
0 1.0 0.0546875 0.9578125 0.0546875 0.9578125 0.13125 1.0 0.13125 1.0 0.0546875
0 0.1828125 0.6171875 0.0640625 0.6171875 0.0640625 0.765625 0.1828125 0.765625 0.1828125 0.6171875
0 0.1171875 0.3328125 0.0421875 0.3328125 0.0421875 0.4625 0.1171875 0.4625 0.1171875 0.3328125
0 0.915625 0.940625 0.8578125 0.940625 0.8578125 1.0 0.915625 1.0 0.915625 0.940625
0 0.65625 0.665625 0.4765625 0.665625 0.4765625 0.9484375 0.65625 0.9484375 0.65625 0.665625
0 0.41875 0.76875 0.2859375 0.76875 0.2859375 0.884375 0.41875 0.884375 0.41875 0.76875
0 0.8 0.3796875 0.6640625 0.3796875 0.6640625 0.7875 0.8 0.7875 0.8 0.3796875
0 1.0 0.615625 0.8796875 0.615625 0.8796875 0.75 1.0 0.75 1.0 0.615625
0 0.246875 0.671875 0.1125 0.671875 0.1125 0.8015625 0.246875 0.8015625 0.246875 0.671875
0 0.8875 0.6 0.796875 0.6 0.796875 0.7265625 0.8875 0.7265625 0.8875 0.6
0 0.784375 0.0015625 0.2546875 0.0015625 0.2546875 0.66875 0.784375 0.66875 0.784375 0.0015625
0 1.0 0.3203125 0.878125 0.3203125 0.878125 0.6375 1.0 0.6375 1.0 0.3203125
0 0.41875 0.0015625 0.15 0.0015625 0.15 0.5609375 0.41875 0.5609375 0.41875 0.0015625
0 1.0 0.0015625 0.7625 0.0015625 0.7625 0.484375 1.0 0.484375 1.0 0.0015625
0 0.8703125 0.13125 0.75 0.13125 0.75 0.3 0.8703125 0.3 0.8703125 0.13125
0 1.0 0.0015625 0.9171875 0.0015625 0.9171875 0.059375 1.0 0.059375 1.0 0.0015625
0 1.0 0.98125 0.996875 0.98125 0.996875 0.9890625 1.0 0.9890625 1.0 0.98125
0 1.0 0.0015625 0.9609375 0.0015625 0.9609375 0.1046875 1.0 0.1046875 1.0 0.0015625
0 0.2796875 0.0015625 0.0015625 0.0015625 0.0015625 0.865625 0.2796875 0.865625 0.2796875 0.0015625
0 0.309375 0.740625 0.2359375 0.740625 0.2359375 0.8828125 0.309375 0.8828125 0.309375 0.740625
0 0.9953125 0.5078125 0.7109375 0.5078125 0.7109375 0.790625 0.9953125 0.790625 0.9953125 0.5078125
0 0.7390625 0.3453125 0.634375 0.3453125 0.634375 0.45 0.7390625 0.45 0.7390625 0.3453125
0 1.0 0.13125 0.9796875 0.13125 0.9796875 0.178125 1.0 0.178125 1.0 0.13125
