0 0.1171875 0.9734375 0.0515625 0.9734375 0.0515625 1.0 0.1171875 1.0 0.1171875 0.9734375
0 0.409375 0.25625 0.2953125 0.25625 0.2953125 0.4421875 0.409375 0.4421875 0.409375 0.25625
0 0.571875 0.2140625 0.3671875 0.2140625 0.3671875 0.4546875 0.571875 0.4546875 0.571875 0.2140625
0 0.3625 0.209375 0.2328125 0.209375 0.2328125 0.49375 0.3625 0.49375 0.3625 0.209375
0 0.85625 0.990625 0.8515625 0.990625 0.8515625 1.0 0.85625 1.0 0.85625 0.990625
0 0.5953125 0.7625 0.5 0.7625 0.5 0.9875 0.5953125 0.9875 0.5953125 0.7625
0 0.296875 0.5671875 0.0390625 0.5671875 0.0390625 0.8421875 0.296875 0.8421875 0.296875 0.5671875
0 0.575 0.6484375 0.4375 0.6484375 0.4375 0.8421875 0.575 0.8421875 0.575 0.6484375
0 1.0 0.971875 0.9765625 0.971875 0.9765625 1.0 1.0 1.0 1.0 0.971875
0 1.0 0.75625 0.9859375 0.75625 0.9859375 0.85625 1.0 0.85625 1.0 0.75625
0 0.2015625 0.9671875 0.109375 0.9671875 0.109375 1.0 0.2015625 1.0 0.2015625 0.9671875
0 0.2359375 0.809375 0.10625 0.809375 0.10625 0.9609375 0.2359375 0.9609375 0.2359375 0.809375
0 0.0125 0.7859375 0.0015625 0.7859375 0.0015625 0.9015625 0.0125 0.9015625 0.0125 0.7859375
0 1.0 0.74375 0.8515625 0.74375 0.8515625 1.0 1.0 1.0 1.0 0.74375
0 0.4453125 0.8515625 0.35 0.8515625 0.35 1.0 0.4453125 1.0 0.4453125 0.8515625
0 0.9578125 0.7265625 0.8359375 0.7265625 0.8359375 0.9875 0.9578125 0.9875 0.9578125 0.7265625
0 1.0 0.7515625 0.996875 0.7515625 0.996875 0.75625 1.0 0.75625 1.0 0.7515625
0 0.0390625 0.6875 0.0015625 0.6875 0.0015625 0.7609375 0.0390625 0.7609375 0.0390625 0.6875
0 0.1625 0.325 0.0109375 0.325 0.0109375 0.5828125 0.1625 0.5828125 0.1625 0.325
0 1.0 0.6078125 0.846875 0.6078125 0.846875 0.8984375 1.0 0.8984375 1.0 0.6078125
0 0.490625 0.6703125 0.334375 0.6703125 0.334375 0.78125 0.490625 0.78125 0.490625 0.6703125
0 0.128125 0.45 0.0015625 0.45 0.0015625 0.6734375 0.128125 0.6734375 0.128125 0.45
0 0.365625 0.95 0.2546875 0.95 0.2546875 1.0 0.365625 1.0 0.365625 0.95
0 0.9875 0.95 0.90625 0.95 0.90625 1.0 0.9875 1.0 0.9875 0.95
0 0.4359375 0.94375 0.3828125 0.94375 0.3828125 1.0 0.4359375 1.0 0.4359375 0.94375
0 0.95625 0.853125 0.85625 0.853125 0.85625 0.9390625 0.95625 0.9390625 0.95625 0.853125
0 0.30625 0.75 0.215625 0.75 0.215625 0.9265625 0.30625 0.9265625 0.30625 0.75
0 0.5953125 0.5921875 0.3 0.5921875 0.3 0.765625 0.5953125 0.765625 0.5953125 0.5921875
0 0.278125 0.1171875 0.171875 0.1171875 0.171875 0.3265625 0.278125 0.3265625 0.278125 0.1171875
0 1.0 0.9640625 0.9953125 0.9640625 0.9953125 1.0 1.0 1.0 1.0 0.9640625
0 1.0 0.6140625 0.9203125 0.6140625 0.9203125 0.7640625 1.0 0.7640625 1.0 0.6140625
0 0.1296875 0.7078125 0.0015625 0.7078125 0.0015625 0.9890625 0.1296875 0.9890625 0.1296875 0.7078125
0 0.3 0.7890625 0.171875 0.7890625 0.171875 0.9671875 0.3 0.9671875 0.3 0.7890625
0 0.2234375 0.5125 0.0015625 0.5125 0.0015625 0.81875 0.2234375 0.81875 0.2234375 0.5125
0 0.1140625 0.3203125 0.0015625 0.3203125 0.0015625 0.5265625 0.1140625 0.5265625 0.1140625 0.3203125
0 0.615625 0.909375 0.5375 0.909375 0.5375 1.0 0.615625 1.0 0.615625 0.909375
0 0.515625 0.7578125 0.403125 0.7578125 0.403125 1.0 0.515625 1.0 0.515625 0.7578125
0 0.4015625 0.73125 0.3 0.73125 0.3 0.865625 0.4015625 0.865625 0.4015625 0.73125
0 0.3921875 0.5875 0.2765625 0.5875 0.2765625 0.6984375 0.3921875 0.6984375 0.3921875 0.5875
0 0.2984375 0.1734375 0.2046875 0.1734375 0.2046875 0.334375 0.2984375 0.334375 0.2984375 0.1734375
0 0.3671875 0.7390625 0.2796875 0.7390625 0.2796875 0.9859375 0.3671875 0.9859375 0.3671875 0.7390625
0 1.0 0.0015625 0.0015625 0.0015625 0.0015625 0.771875 1.0 0.771875 1.0 0.0015625
0 0.0671875 0.8015625 0.0015625 0.8015625 0.0015625 1.0 0.0671875 1.0 0.0671875 0.8015625
0 0.1375 1.0 0.134375 1.0 0.134375 1.0 0.1375 1.0 0.1375 1.0
0 0.45 0.7140625 0.3140625 0.7140625 0.3140625 0.9390625 0.45 0.9390625 0.45 0.7140625
0 0.471875 0.6203125 0.321875 0.6203125 0.321875 0.7421875 0.471875 0.7421875 0.471875 0.6203125
0 0.6765625 0.828125 0.565625 0.828125 0.565625 1.0 0.6765625 1.0 0.6765625 0.828125
0 0.53125 0.7921875 0.46875 0.7921875 0.46875 1.0 0.53125 1.0 0.53125 0.7921875
0 1.0 0.5640625 0.7890625 0.5640625 0.7890625 0.915625 1.0 0.915625 1.0 0.5640625
0 1.0 0.190625 0.96875 0.190625 0.96875 0.228125 1.0 0.228125 1.0 0.190625
