0 0.4609375 0.828125 0.321875 0.828125 0.321875 1.0 0.4609375 1.0 0.4609375 0.828125
0 0.865625 0.0015625 0.725 0.0015625 0.725 0.0765625 0.865625 0.0765625 0.865625 0.0015625
0 0.63125 0.1578125 0.4546875 0.1578125 0.4546875 0.315625 0.63125 0.315625 0.63125 0.1578125
0 0.4546875 0.8515625 0.071875 0.8515625 0.071875 1.0 0.4546875 1.0 0.4546875 0.8515625
0 0.84375 0.84375 0.6578125 0.84375 0.6578125 1.0 0.84375 1.0 0.84375 0.84375
0 0.875 0.5421875 0.6515625 0.5421875 0.6515625 0.8015625 0.875 0.8015625 0.875 0.5421875
0 1.0 0.5609375 0.884375 0.5609375 0.884375 0.7484375 1.0 0.7484375 1.0 0.5609375
0 0.85625 0.2984375 0.721875 0.2984375 0.721875 0.496875 0.85625 0.496875 0.85625 0.2984375
0 1.0 0.209375 0.8953125 0.209375 0.8953125 0.3484375 1.0 0.3484375 1.0 0.209375
0 0.9578125 0.0734375 0.84375 0.0734375 0.84375 0.184375 0.9578125 0.184375 0.9578125 0.0734375
0 0.41875 0.3453125 0.33125 0.3453125 0.33125 0.4890625 0.41875 0.4890625 0.41875 0.3453125
0 0.3265625 0.0015625 0.15 0.0015625 0.15 0.240625 0.3265625 0.240625 0.3265625 0.0015625
0 0.540625 0.0015625 0.3265625 0.0015625 0.3265625 0.1234375 0.540625 0.1234375 0.540625 0.0015625
0 0.0046875 0.51875 0.0015625 0.51875 0.0015625 0.5234375 0.0046875 0.5234375 0.0046875 0.51875
0 0.1078125 0.1140625 0.0015625 0.1140625 0.0015625 0.3875 0.1078125 0.3875 0.1078125 0.1140625
0 0.246875 0.1484375 0.134375 0.1484375 0.134375 0.33125 0.246875 0.33125 0.246875 0.1484375
0 0.325 0.09375 0.1984375 0.09375 0.1984375 0.3390625 0.325 0.3390625 0.325 0.09375
0 0.51875 0.0671875 0.3046875 0.0671875 0.3046875 0.234375 0.51875 0.234375 0.51875 0.0671875
0 0.6 0.0015625 0.5453125 0.0015625 0.5453125 0.0953125 0.6 0.0953125 0.6 0.0015625
0 0.51875 0.365625 0.4015625 0.365625 0.4015625 0.4703125 0.51875 0.4703125 0.51875 0.365625
0 0.678125 0.2 0.5171875 0.2 0.5171875 0.4046875 0.678125 0.4046875 0.678125 0.2
0 0.63125 0.94375 0.4921875 0.94375 0.4921875 1.0 0.63125 1.0 0.63125 0.94375
0 1.0 0.671875 0.8140625 0.671875 0.8140625 1.0 1.0 1.0 1.0 0.671875
0 0.534375 0.8421875 0.4015625 0.8421875 0.4015625 1.0 0.534375 1.0 0.534375 0.8421875
0 0.7171875 0.6015625 0.58125 0.6015625 0.58125 0.915625 0.7171875 0.915625 0.7171875 0.6015625
0 0.5796875 0.6890625 0.5015625 0.6890625 0.5015625 0.8796875 0.5796875 0.8796875 0.5796875 0.6890625
0 0.93125 0.8390625 0.8515625 0.8390625 0.8515625 0.9671875 0.93125 0.9671875 0.93125 0.8390625
0 0.85625 0.6 0.675 0.6 0.675 0.846875 0.85625 0.846875 0.85625 0.6
0 0.375 0.1296875 0.0015625 0.1296875 0.0015625 0.59375 0.375 0.59375 0.375 0.1296875
0 0.5671875 0.10625 0.4875 0.10625 0.4875 0.2625 0.5671875 0.2625 0.5671875 0.10625
0 0.0546875 0.3859375 0.0015625 0.3859375 0.0015625 0.4265625 0.0546875 0.4265625 0.0546875 0.3859375
0 0.078125 0.1796875 0.0015625 0.1796875 0.0015625 0.3765625 0.078125 0.3765625 0.078125 0.1796875
0 0.2125 0.0015625 0.00625 0.0015625 0.00625 0.184375 0.2125 0.184375 0.2125 0.0015625
0 0.2671875 0.0953125 0.1390625 0.0953125 0.1390625 0.3453125 0.2671875 0.3453125 0.2671875 0.0953125
0 0.5859375 0.0015625 0.50625 0.0015625 0.50625 0.128125 0.5859375 0.128125 0.5859375 0.0015625
0 1.0 0.0015625 0.0015625 0.0015625 0.0015625 1.0 1.0 1.0 1.0 0.0015625
0 0.4375 0.0015625 0.2171875 0.0015625 0.2171875 0.2234375 0.4375 0.2234375 0.4375 0.0015625
