0 1.0 0.3546875 0.809375 0.3546875 0.809375 0.465625 1.0 0.465625 1.0 0.3546875
0 0.925 0.3359375 0.7578125 0.3359375 0.7578125 0.453125 0.925 0.453125 0.925 0.3359375
0 0.90625 0.63125 0.79375 0.63125 0.79375 0.790625 0.90625 0.790625 0.90625 0.63125
0 1.0 0.4125 0.90625 0.4125 0.90625 0.459375 1.0 0.459375 1.0 0.4125
0 0.809375 0.125 0.6484375 0.125 0.6484375 0.290625 0.809375 0.290625 0.809375 0.125
0 1.0 0.565625 0.9859375 0.565625 0.9859375 0.6328125 1.0 0.6328125 1.0 0.565625
0 0.978125 0.2671875 0.8078125 0.2671875 0.8078125 0.4125 0.978125 0.4125 0.978125 0.2671875
0 1.0 0.2140625 0.99375 0.2140625 0.99375 0.2234375 1.0 0.2234375 1.0 0.2140625
0 1.0 0.575 0.603125 0.575 0.603125 1.0 1.0 1.0 1.0 0.575
0 1.0 0.0140625 0.709375 0.0140625 0.709375 0.384375 1.0 0.384375 1.0 0.0140625
0 0.9546875 0.0015625 0.853125 0.0015625 0.853125 0.028125 0.9546875 0.028125 0.9546875 0.0015625
