0 0.0171875 0.8609375 0.0015625 0.8609375 0.0015625 1.0 0.0171875 1.0 0.0171875 0.8609375
0 0.1015625 0.8359375 0.0265625 0.8359375 0.0265625 0.9859375 0.1015625 0.9859375 0.1015625 0.8359375
0 0.2921875 0.79375 0.18125 0.79375 0.18125 0.95625 0.2921875 0.95625 0.2921875 0.79375
0 0.4671875 0.7671875 0.3328125 0.7671875 0.3328125 0.9078125 0.4671875 0.9078125 0.4671875 0.7671875
0 0.0015625 0.365625 0.0015625 0.365625 0.0015625 0.375 0.0015625 0.375 0.0015625 0.365625
0 0.3421875 0.0015625 0.2515625 0.0015625 0.2515625 0.0671875 0.3421875 0.0671875 0.3421875 0.0015625
0 0.9671875 0.0015625 0.921875 0.0015625 0.921875 0.0765625 0.9671875 0.0765625 0.9671875 0.0015625
0 0.0453125 0.4453125 0.0015625 0.4453125 0.0015625 0.496875 0.0453125 0.496875 0.0453125 0.4453125
0 0.284375 0.9796875 0.240625 0.9796875 0.240625 1.0 0.284375 1.0 0.284375 0.9796875
0 0.2234375 0.8796875 0.096875 0.8796875 0.096875 1.0 0.2234375 1.0 0.2234375 0.8796875
0 0.1984375 0.7953125 0.0546875 0.7953125 0.0546875 0.88125 0.1984375 0.88125 0.1984375 0.7953125
0 0.1890625 0.5890625 0.0515625 0.5890625 0.0515625 0.690625 0.1890625 0.690625 0.1890625 0.5890625
0 0.00625 0.4609375 0.0015625 0.4609375 0.0015625 0.5171875 0.00625 0.5171875 0.00625 0.4609375
0 0.0984375 0.1375 0.0015625 0.1375 0.0015625 0.3546875 0.0984375 0.3546875 0.0984375 0.1375
0 0.428125 0.125 0.2765625 0.125 0.2765625 0.3296875 0.428125 0.3296875 0.428125 0.125
0 0.8203125 0.0015625 0.0015625 0.0015625 0.0015625 1.0 0.8203125 1.0 0.8203125 0.0015625
0 0.3671875 0.0015625 0.159375 0.0015625 0.159375 0.0875 0.3671875 0.0875 0.3671875 0.0015625
0 0.7609375 0.6890625 0.6765625 0.6890625 0.6765625 0.7859375 0.7609375 0.7859375 0.7609375 0.6890625
0 1.0 0.0015625 0.6484375 0.0015625 0.6484375 1.0 1.0 1.0 1.0 0.0015625
0 0.6484375 0.0015625 0.6046875 0.0015625 0.6046875 0.065625 0.6484375 0.065625 0.6484375 0.0015625
0 0.8359375 0.7953125 0.75625 0.7953125 0.75625 0.9625 0.8359375 0.9625 0.8359375 0.7953125
0 0.890625 0.7265625 0.7734375 0.7265625 0.7734375 0.9015625 0.890625 0.9015625 0.890625 0.7265625
0 0.996875 0.7109375 0.8640625 0.7109375 0.8640625 0.89375 0.996875 0.89375 0.996875 0.7109375
0 0.9640625 0.6890625 0.803125 0.6890625 0.803125 0.8375 0.9640625 0.8375 0.9640625 0.6890625
