0 0.1640625 0.0015625 0.1203125 0.0015625 0.1203125 0.0171875 0.1640625 0.0171875 0.1640625 0.0015625
0 0.5671875 0.20625 0.4421875 0.20625 0.4421875 0.5125 0.5671875 0.5125 0.5671875 0.20625
0 1.0 0.2421875 0.95625 0.2421875 0.95625 0.5265625 1.0 0.5265625 1.0 0.2421875
0 0.934375 0.7609375 0.8359375 0.7609375 0.8359375 1.0 0.934375 1.0 0.934375 0.7609375
0 0.409375 0.3671875 0.31875 0.3671875 0.31875 0.640625 0.409375 0.640625 0.409375 0.3671875
0 0.8828125 0.3953125 0.83125 0.3953125 0.83125 0.6 0.8828125 0.6 0.8828125 0.3953125
0 0.2921875 0.1546875 0.228125 0.1546875 0.228125 0.30625 0.2921875 0.30625 0.2921875 0.1546875
0 0.0234375 0.1125 0.0015625 0.1125 0.0015625 0.2078125 0.0234375 0.2078125 0.0234375 0.1125
0 0.109375 0.8453125 0.0015625 0.8453125 0.0015625 1.0 0.109375 1.0 0.109375 0.8453125
0 0.5796875 0.84375 0.4515625 0.84375 0.4515625 0.96875 0.5796875 0.96875 0.5796875 0.84375
0 0.4609375 0.5109375 0.0796875 0.5109375 0.0796875 0.871875 0.4609375 0.871875 0.4609375 0.5109375
0 0.90625 0.53125 0.80625 0.53125 0.80625 0.771875 0.90625 0.771875 0.90625 0.53125
0 0.0796875 0.425 0.0015625 0.425 0.0015625 0.6234375 0.0796875 0.6234375 0.0796875 0.425
0 0.1453125 0.0171875 0.0015625 0.0171875 0.0015625 0.5671875 0.1453125 0.5671875 0.1453125 0.0171875
0 0.9140625 0.321875 0.7453125 0.321875 0.7453125 0.5984375 0.9140625 0.5984375 0.9140625 0.321875
0 0.35 0.3359375 0.23125 0.3359375 0.23125 0.5265625 0.35 0.5265625 0.35 0.3359375
0 0.33125 0.0015625 0.2171875 0.0015625 0.2171875 0.3390625 0.33125 0.3390625 0.33125 0.0015625
0 0.753125 0.8140625 0.6734375 0.8140625 0.6734375 1.0 0.753125 1.0 0.753125 0.8140625
0 0.6359375 0.0546875 0.5453125 0.0546875 0.5453125 0.2375 0.6359375 0.2375 0.6359375 0.0546875
0 0.73125 0.0015625 0.6421875 0.0015625 0.6421875 0.18125 0.73125 0.18125 0.73125 0.0015625
0 0.6421875 0.0015625 0.59375 0.0015625 0.59375 0.0453125 0.6421875 0.0453125 0.6421875 0.0015625
0 0.8921875 0.0015625 0.809375 0.0015625 0.809375 0.175 0.8921875 0.175 0.8921875 0.0015625
0 0.8328125 0.046875 0.6875 0.046875 0.6875 0.1578125 0.8328125 0.1578125 0.8328125 0.046875
0 0.9796875 0.0015625 0.890625 0.0015625 0.890625 0.0734375 0.9796875 0.0734375 0.9796875 0.0015625
0 0.0953125 0.0015625 0.0015625 0.0015625 0.0015625 0.0796875 0.0953125 0.0796875 0.0953125 0.0015625
0 0.0359375 0.2875 0.0015625 0.2875 0.0015625 0.440625 0.0359375 0.440625 0.0359375 0.2875
0 0.2296875 0.815625 0.1 0.815625 0.1 1.0 0.2296875 1.0 0.2296875 0.815625
0 0.4515625 0.896875 0.2921875 0.896875 0.2921875 1.0 0.4515625 1.0 0.4515625 0.896875
0 0.68125 0.8109375 0.509375 0.8109375 0.509375 1.0 0.68125 1.0 0.68125 0.8109375
0 0.6671875 0.5609375 0.478125 0.5609375 0.478125 0.834375 0.6671875 0.834375 0.6671875 0.5609375
0 0.5125 0.4875 0.3625 0.4875 0.3625 0.73125 0.5125 0.73125 0.5125 0.4875
0 0.078125 0.4609375 0.0015625 0.4609375 0.0015625 0.6421875 0.078125 0.6421875 0.078125 0.4609375
0 0.8546875 0.4578125 0.7484375 0.4578125 0.7484375 0.634375 0.8546875 0.634375 0.8546875 0.4578125
0 0.25 0.19375 0.11875 0.19375 0.11875 0.6375 0.25 0.6375 0.25 0.19375
0 0.5734375 0.11875 0.43125 0.11875 0.43125 0.5015625 0.5734375 0.5015625 0.5734375 0.11875
0 0.803125 0.140625 0.7015625 0.140625 0.7015625 0.3859375 0.803125 0.3859375 0.803125 0.140625
0 0.1421875 0.0015625 0.0015625 0.0015625 0.0015625 0.290625 0.1421875 0.290625 0.1421875 0.0015625
0 0.603125 0.0015625 0.5609375 0.0015625 0.5609375 0.1515625 0.603125 0.1515625 0.603125 0.0015625
0 0.778125 0.0015625 0.7140625 0.0015625 0.7140625 0.1109375 0.778125 0.1109375 0.778125 0.0015625
0 0.99375 0.453125 0.8734375 0.453125 0.8734375 0.609375 0.99375 0.609375 0.99375 0.453125
0 0.9796875 0.0015625 0.8828125 0.0015625 0.8828125 0.1359375 0.9796875 0.1359375 0.9796875 0.0015625
0 0.95625 0.0015625 0.9078125 0.0015625 0.9078125 0.0421875 0.95625 0.0421875 0.95625 0.0015625
0 0.078125 0.65625 0.0015625 0.65625 0.0015625 1.0 0.078125 1.0 0.078125 0.65625
0 0.3734375 0.7703125 0.253125 0.7703125 0.253125 0.93125 0.3734375 0.93125 0.3734375 0.7703125
0 0.54375 0.2171875 0.346875 0.2171875 0.346875 0.5046875 0.54375 0.5046875 0.54375 0.2171875
0 0.1703125 0.0078125 0.1171875 0.0078125 0.1171875 0.359375 0.1703125 0.359375 0.1703125 0.0078125
0 0.284375 0.0015625 0.203125 0.0015625 0.203125 0.1265625 0.284375 0.1265625 0.284375 0.0015625
0 0.6640625 0.95 0.578125 0.95 0.578125 1.0 0.6640625 1.0 0.6640625 0.95
0 0.8640625 0.625 0.7625 0.625 0.7625 1.0 0.8640625 1.0 0.8640625 0.625
0 0.9703125 0.6375 0.8875 0.6375 0.8875 0.7875 0.9703125 0.7875 0.9703125 0.6375
0 0.9703125 0.2609375 0.90625 0.2609375 0.90625 0.45625 0.9703125 0.45625 0.9703125 0.2609375
0 0.834375 0.1953125 0.7421875 0.1953125 0.7421875 0.39375 0.834375 0.39375 0.834375 0.1953125
0 0.1953125 0.4453125 0.0015625 0.4453125 0.0015625 1.0 0.1953125 1.0 0.1953125 0.4453125
0 0.2921875 0.40625 0.175 0.40625 0.175 0.759375 0.2921875 0.759375 0.2921875 0.40625
0 0.1859375 0.0890625 0.134375 0.0890625 0.134375 0.36875 0.1859375 0.36875 0.1859375 0.0890625
0 0.4046875 0.121875 0.303125 0.121875 0.303125 0.2703125 0.4046875 0.2703125 0.4046875 0.121875
0 0.3921875 0.0015625 0.1578125 0.0015625 0.1578125 0.0625 0.3921875 0.0625 0.3921875 0.0015625
0 0.8234375 0.2140625 0.5078125 0.2140625 0.5078125 1.0 0.8234375 1.0 0.8234375 0.2140625
0 0.7359375 0.859375 0.6515625 0.859375 0.6515625 1.0 0.7359375 1.0 0.7359375 0.859375
0 0.590625 0.946875 0.5078125 0.946875 0.5078125 1.0 0.590625 1.0 0.590625 0.946875
0 1.0 0.0359375 0.8515625 0.0359375 0.8515625 1.0 1.0 1.0 1.0 0.0359375
0 0.58125 0.0015625 0.5 0.0015625 0.5 0.1 0.58125 0.1 0.58125 0.0015625
0 0.4359375 0.5875 0.28125 0.5875 0.28125 0.83125 0.4359375 0.83125 0.4359375 0.5875
0 0.1015625 0.334375 0.0015625 0.334375 0.0015625 0.4734375 0.1015625 0.4734375 0.1015625 0.334375
0 0.446875 0.015625 0.275 0.015625 0.275 0.221875 0.446875 0.221875 0.446875 0.015625
0 0.5515625 0.509375 0.4359375 0.509375 0.4359375 0.8296875 0.5515625 0.8296875 0.5515625 0.509375
