0 0.7078125 0.8734375 0.6546875 0.8734375 0.6546875 1.0 0.7078125 1.0 0.7078125 0.8734375
0 1.0 0.2 0.9515625 0.2 0.9515625 0.2828125 1.0 0.2828125 1.0 0.2
0 0.5 0.95625 0.359375 0.95625 0.359375 1.0 0.5 1.0 0.5 0.95625
0 0.675 0.9140625 0.5859375 0.9140625 0.5859375 1.0 0.675 1.0 0.675 0.9140625
0 1.0 0.8671875 0.9328125 0.8671875 0.9328125 0.9421875 1.0 0.9421875 1.0 0.8671875
0 0.99375 0.5890625 0.7921875 0.5890625 0.7921875 0.9359375 0.99375 0.9359375 0.99375 0.5890625
0 0.384375 0.4234375 0.0015625 0.4234375 0.0015625 1.0 0.384375 1.0 0.384375 0.4234375
0 0.784375 0.8875 0.7015625 0.8875 0.7015625 1.0 0.784375 1.0 0.784375 0.8875
0 0.4296875 0.6578125 0.3203125 0.6578125 0.3203125 0.853125 0.4296875 0.853125 0.4296875 0.6578125
0 1.0 0.021875 0.996875 0.021875 0.996875 0.0859375 1.0 0.0859375 1.0 0.021875
0 0.7828125 0.4046875 0.5390625 0.4046875 0.5390625 0.621875 0.7828125 0.621875 0.7828125 0.4046875
0 0.0453125 0.5015625 0.0015625 0.5015625 0.0015625 0.590625 0.0453125 0.590625 0.0453125 0.5015625
0 0.9515625 0.0015625 0.7765625 0.0015625 0.7765625 0.1296875 0.9515625 0.1296875 0.9515625 0.0015625
0 0.453125 0.303125 0.3546875 0.303125 0.3546875 0.396875 0.453125 0.396875 0.453125 0.303125
0 0.4453125 0.0015625 0.4265625 0.0015625 0.4265625 0.01875 0.4453125 0.01875 0.4453125 0.0015625
0 0.7875 0.771875 0.70625 0.771875 0.70625 0.915625 0.7875 0.915625 0.7875 0.771875
0 0.98125 0.2609375 0.75 0.2609375 0.75 0.403125 0.98125 0.403125 0.98125 0.2609375
0 0.53125 0.2421875 0.3796875 0.2421875 0.3796875 0.4234375 0.53125 0.4234375 0.53125 0.2421875
0 0.8765625 0.1859375 0.75 0.1859375 0.75 0.3578125 0.8765625 0.3578125 0.8765625 0.1859375
0 0.053125 0.953125 0.0015625 0.953125 0.0015625 1.0 0.053125 1.0 0.053125 0.953125
0 0.703125 0.7296875 0.58125 0.7296875 0.58125 0.9296875 0.703125 0.9296875 0.703125 0.7296875
0 0.603125 0.6859375 0.4484375 0.6859375 0.4484375 0.8625 0.603125 0.8625 0.603125 0.6859375
0 1.0 0.3796875 0.8640625 0.3796875 0.8640625 0.5765625 1.0 0.5765625 1.0 0.3796875
0 0.978125 0.2046875 0.8359375 0.2046875 0.8359375 0.384375 0.978125 0.384375 0.978125 0.2046875
0 0.85625 0.1703125 0.76875 0.1703125 0.76875 0.3046875 0.85625 0.3046875 0.85625 0.1703125
0 0.7546875 0.0203125 0.396875 0.0203125 0.396875 0.240625 0.7546875 0.240625 0.7546875 0.0203125
0 0.8875 0.0015625 0.8046875 0.0015625 0.8046875 0.0734375 0.8875 0.0734375 0.8875 0.0015625
0 0.6015625 0.0015625 0.5796875 0.0015625 0.5796875 0.0140625 0.6015625 0.0140625 0.6015625 0.0015625
0 0.675 0.734375 0.509375 0.734375 0.509375 0.871875 0.675 0.871875 0.675 0.734375
0 0.6859375 0.1390625 0.5171875 0.1390625 0.5171875 0.26875 0.6859375 0.26875 0.6859375 0.1390625
0 0.7921875 0.8953125 0.5875 0.8953125 0.5875 1.0 0.7921875 1.0 0.7921875 0.8953125
0 0.590625 0.778125 0.34375 0.778125 0.34375 1.0 0.590625 1.0 0.590625 0.778125
0 0.7640625 0.715625 0.6546875 0.715625 0.6546875 0.909375 0.7640625 0.909375 0.7640625 0.715625
0 0.7640625 0.2625 0.2609375 0.2625 0.2609375 0.715625 0.7640625 0.715625 0.7640625 0.2625
0 0.3171875 0.5296875 0.225 0.5296875 0.225 0.6921875 0.3171875 0.6921875 0.3171875 0.5296875
0 1.0 0.2671875 0.84375 0.2671875 0.84375 0.6203125 1.0 0.6203125 1.0 0.2671875
0 0.8375 0.2859375 0.7359375 0.2859375 0.7359375 0.575 0.8375 0.575 0.8375 0.2859375
0 0.7421875 0.2125 0.584375 0.2125 0.584375 0.35625 0.7421875 0.35625 0.7421875 0.2125
0 0.9953125 0.0015625 0.8734375 0.0015625 0.8734375 0.084375 0.9953125 0.084375 0.9953125 0.0015625
0 0.146875 0.9359375 0.0015625 0.9359375 0.0015625 1.0 0.146875 1.0 0.146875 0.9359375
0 0.5890625 0.7171875 0.0015625 0.7171875 0.0015625 1.0 0.5890625 1.0 0.5890625 0.7171875
0 0.228125 0.4015625 0.0015625 0.4015625 0.0015625 0.746875 0.228125 0.746875 0.228125 0.4015625
0 0.940625 0.634375 0.26875 0.634375 0.26875 1.0 0.940625 1.0 0.940625 0.634375
0 0.85625 0.096875 0.19375 0.096875 0.19375 0.75625 0.85625 0.75625 0.85625 0.096875
0 0.7546875 0.0015625 0.20625 0.0015625 0.20625 0.365625 0.7546875 0.365625 0.7546875 0.0015625
0 1.0 0.58125 0.784375 0.58125 0.784375 0.953125 1.0 0.953125 1.0 0.58125
0 1.0 0.784375 0.9609375 0.784375 0.9609375 0.8765625 1.0 0.8765625 1.0 0.784375
0 1.0 0.3828125 0.809375 0.3828125 0.809375 0.640625 1.0 0.640625 1.0 0.3828125
0 1.0 0.00625 0.91875 0.00625 0.91875 0.2109375 1.0 0.2109375 1.0 0.00625
0 0.909375 0.084375 0.7984375 0.084375 0.7984375 0.290625 0.909375 0.290625 0.909375 0.084375
0 0.61875 0.0015625 0.446875 0.0015625 0.446875 0.1265625 0.61875 0.1265625 0.61875 0.0015625
0 0.6140625 0.6890625 0.3546875 0.6890625 0.3546875 0.9375 0.6140625 0.9375 0.6140625 0.6890625
0 0.4171875 0.215625 0.3125 0.215625 0.3125 0.4078125 0.4171875 0.4078125 0.4171875 0.215625
0 0.746875 0.0015625 0.5046875 0.0015625 0.5046875 0.1171875 0.746875 0.1171875 0.746875 0.0015625
0 0.75625 0.0015625 0.6890625 0.0015625 0.6890625 0.1453125 0.75625 0.1453125 0.75625 0.0015625
0 0.546875 0.003125 0.45 0.003125 0.45 0.09375 0.546875 0.09375 0.546875 0.003125
0 0.6640625 0.0015625 0.6375 0.0015625 0.6375 0.01875 0.6640625 0.01875 0.6640625 0.0015625
