0 1.0 0.2140625 0.99375 0.2140625 0.99375 0.2546875 1.0 0.2546875 1.0 0.2140625
0 0.8453125 0.65 0.7296875 0.65 0.7296875 0.7625 0.8453125 0.7625 0.8453125 0.65
0 0.1625 0.8703125 0.05 0.8703125 0.05 0.9953125 0.1625 0.9953125 0.1625 0.8703125
0 0.4953125 0.990625 0.446875 0.990625 0.446875 1.0 0.4953125 1.0 0.4953125 0.990625
0 1.0 0.6359375 0.925 0.6359375 0.925 0.7125 1.0 0.7125 1.0 0.6359375
0 0.5796875 0.4171875 0.4609375 0.4171875 0.4609375 0.5375 0.5796875 0.5375 0.5796875 0.4171875
0 0.3421875 0.4421875 0.23125 0.4421875 0.23125 0.6390625 0.3421875 0.6390625 0.3421875 0.4421875
0 0.3125 0.0265625 0.134375 0.0265625 0.134375 0.3203125 0.3125 0.3203125 0.3125 0.0265625
0 1.0 0.0015625 0.0015625 0.0015625 0.0015625 1.0 1.0 1.0 1.0 0.0015625
0 0.8375 0.2296875 0.74375 0.2296875 0.74375 0.4890625 0.8375 0.4890625 0.8375 0.2296875
