0 0.43125 0.590625 0.3171875 0.590625 0.3171875 0.6984375 0.43125 0.6984375 0.43125 0.590625
0 0.8328125 0.5421875 0.646875 0.5421875 0.646875 0.8796875 0.8328125 0.8796875 0.8328125 0.5421875
0 0.7171875 0.83125 0.5703125 0.83125 0.5703125 1.0 0.7171875 1.0 0.7171875 0.83125
0 1.0 0.94375 0.975 0.94375 0.975 1.0 1.0 1.0 1.0 0.94375
0 0.053125 0.8890625 0.0015625 0.8890625 0.0015625 0.9953125 0.053125 0.9953125 0.053125 0.8890625
0 0.784375 0.4640625 0.54375 0.4640625 0.54375 0.8703125 0.784375 0.8703125 0.784375 0.4640625
0 0.953125 0.375 0.7921875 0.375 0.7921875 0.6625 0.953125 0.6625 0.953125 0.375
0 0.4625 0.36875 0.3140625 0.36875 0.3140625 0.5578125 0.4625 0.5578125 0.4625 0.36875
0 0.5171875 0.7109375 0.3921875 0.7109375 0.3921875 0.9125 0.5171875 0.9125 0.5171875 0.7109375
0 0.15 0.4125 0.0015625 0.4125 0.0015625 1.0 0.15 1.0 0.15 0.4125
0 0.2859375 1.0 0.28125 1.0 0.28125 1.0 0.2859375 1.0 0.2859375 1.0
0 0.6359375 0.2453125 0.1703125 0.2453125 0.1703125 0.8921875 0.6359375 0.8921875 0.6359375 0.2453125
0 0.209375 0.1078125 0.0015625 0.1078125 0.0015625 0.3578125 0.209375 0.3578125 0.209375 0.1078125
0 0.9796875 0.9640625 0.6734375 0.9640625 0.6734375 1.0 0.9796875 1.0 0.9796875 0.9640625
0 0.3875 0.9015625 0.30625 0.9015625 0.30625 1.0 0.3875 1.0 0.3875 0.9015625
0 0.9734375 0.28125 0.559375 0.28125 0.559375 0.90625 0.9734375 0.90625 0.9734375 0.28125
0 1.0 0.4859375 0.8984375 0.4859375 0.8984375 0.7328125 1.0 0.7328125 1.0 0.4859375
0 0.5515625 0.3625 0.4765625 0.3625 0.4765625 0.4828125 0.5515625 0.4828125 0.5515625 0.3625
0 0.6953125 0.0015625 0.0015625 0.0015625 0.0015625 0.9859375 0.6953125 0.9859375 0.6953125 0.0015625
0 0.5953125 0.771875 0.034375 0.771875 0.034375 1.0 0.5953125 1.0 0.5953125 0.771875
0 1.0 0.4859375 0.765625 0.4859375 0.765625 1.0 1.0 1.0 1.0 0.4859375
0 0.80625 0.0734375 0.4625 0.0734375 0.4625 0.6375 0.80625 0.6375 0.80625 0.0734375
0 1.0 0.34375 0.796875 0.34375 0.796875 0.5359375 1.0 0.5359375 1.0 0.34375
0 0.89375 0.3125 0.7453125 0.3125 0.7453125 0.44375 0.89375 0.44375 0.89375 0.3125
0 1.0 0.0015625 0.78125 0.0015625 0.78125 0.0890625 1.0 0.0890625 1.0 0.0015625
