0 0.2828125 0.271875 0.0875 0.271875 0.0875 0.64375 0.2828125 0.64375 0.2828125 0.271875
0 0.0578125 0.021875 0.0015625 0.021875 0.0015625 0.0921875 0.0578125 0.0921875 0.0578125 0.021875
0 0.2015625 0.0015625 0.0921875 0.0015625 0.0921875 0.1453125 0.2015625 0.1453125 0.2015625 0.0015625
0 0.3359375 0.3265625 0.284375 0.3265625 0.284375 0.5140625 0.3359375 0.5140625 0.3359375 0.3265625
0 0.28125 0.2921875 0.21875 0.2921875 0.21875 0.4546875 0.28125 0.4546875 0.28125 0.2921875
0 0.534375 0.3015625 0.3703125 0.3015625 0.3703125 0.43125 0.534375 0.43125 0.534375 0.3015625
0 0.5390625 0.0015625 0.2515625 0.0015625 0.2515625 0.321875 0.5390625 0.321875 0.5390625 0.0015625
0 0.2546875 0.028125 0.1828125 0.028125 0.1828125 0.2421875 0.2546875 0.2421875 0.2546875 0.028125
0 0.0578125 0.7078125 0.0015625 0.7078125 0.0015625 0.8140625 0.0578125 0.8140625 0.0578125 0.7078125
0 0.646875 0.4203125 0.5015625 0.4203125 0.5015625 0.6234375 0.646875 0.6234375 0.646875 0.4203125
0 0.5359375 0.2875 0.328125 0.2875 0.328125 0.490625 0.5359375 0.490625 0.5359375 0.2875
0 0.4140625 0.9265625 0.321875 0.9265625 0.321875 1.0 0.4140625 1.0 0.4140625 0.9265625
0 0.1609375 0.8046875 0.0765625 0.8046875 0.0765625 0.990625 0.1609375 0.990625 0.1609375 0.8046875
0 0.940625 0.721875 0.7421875 0.721875 0.7421875 1.0 0.940625 1.0 0.940625 0.721875
0 0.525 0.8875 0.45625 0.8875 0.45625 1.0 0.525 1.0 0.525 0.8875
0 0.64375 0.8265625 0.5375 0.8265625 0.5375 0.971875 0.64375 0.971875 0.64375 0.8265625
0 0.034375 0.7984375 0.0015625 0.7984375 0.0015625 0.8359375 0.034375 0.8359375 0.034375 0.7984375
0 0.1765625 0.71875 0.1 0.71875 0.1 0.9015625 0.1765625 0.9015625 0.1765625 0.71875
0 0.6984375 0.5515625 0.58125 0.5515625 0.58125 0.66875 0.6984375 0.66875 0.6984375 0.5515625
0 1.0 0.8234375 0.90625 0.8234375 0.90625 0.9453125 1.0 0.9453125 1.0 0.8234375
0 0.0484375 0.409375 0.0015625 0.409375 0.0015625 0.515625 0.0484375 0.515625 0.0484375 0.409375
0 0.3296875 0.2375 0.1109375 0.2375 0.1109375 0.446875 0.3296875 0.446875 0.3296875 0.2375
0 0.0609375 0.271875 0.0015625 0.271875 0.0015625 0.3578125 0.0609375 0.3578125 0.0609375 0.271875
0 0.090625 0.0015625 0.0015625 0.0015625 0.0015625 0.04375 0.090625 0.04375 0.090625 0.0015625
0 0.509375 0.0015625 0.4203125 0.0015625 0.4203125 0.1328125 0.509375 0.1328125 0.509375 0.0015625
0 0.853125 0.0015625 0.725 0.0015625 0.725 0.1171875 0.853125 0.1171875 0.853125 0.0015625
0 1.0 0.109375 0.9609375 0.109375 0.9609375 0.453125 1.0 0.453125 1.0 0.109375
0 0.684375 0.0015625 0.490625 0.0015625 0.490625 0.2140625 0.684375 0.2140625 0.684375 0.0015625
0 0.790625 0.0015625 0.684375 0.0015625 0.684375 0.05 0.790625 0.05 0.790625 0.0015625
0 0.74375 0.834375 0.6578125 0.834375 0.6578125 1.0 0.74375 1.0 0.74375 0.834375
0 0.3796875 0.9421875 0.2578125 0.9421875 0.2578125 1.0 0.3796875 1.0 0.3796875 0.9421875
0 0.471875 0.9 0.40625 0.9 0.40625 1.0 0.471875 1.0 0.471875 0.9
0 0.009375 0.5109375 0.0015625 0.5109375 0.0015625 0.528125 0.009375 0.528125 0.009375 0.5109375
0 0.1703125 0.5765625 0.0640625 0.5765625 0.0640625 0.715625 0.1703125 0.715625 0.1703125 0.5765625
0 1.0 0.909375 0.9453125 0.909375 0.9453125 1.0 1.0 1.0 1.0 0.909375
0 0.846875 0.73125 0.7390625 0.73125 0.7390625 0.8625 0.846875 0.8625 0.846875 0.73125
0 0.8109375 0.6171875 0.7046875 0.6171875 0.7046875 0.8 0.8109375 0.8 0.8109375 0.6171875
0 1.0 0.5734375 0.959375 0.5734375 0.959375 0.778125 1.0 0.778125 1.0 0.5734375
0 0.796875 0.01875 0.684375 0.01875 0.684375 0.13125 0.796875 0.13125 0.796875 0.01875
0 0.6703125 0.3890625 0.0546875 0.3890625 0.0546875 1.0 0.6703125 1.0 0.6703125 0.3890625
0 0.93125 0.403125 0.7234375 0.403125 0.7234375 0.75625 0.93125 0.75625 0.93125 0.403125
0 0.0328125 0.3734375 0.0015625 0.3734375 0.0015625 0.3828125 0.0328125 0.3828125 0.0328125 0.3734375
0 0.684375 0.2875 0.5921875 0.2875 0.5921875 0.475 0.684375 0.475 0.684375 0.2875
0 0.2375 0.0015625 0.084375 0.0015625 0.084375 0.2421875 0.2375 0.2421875 0.2375 0.0015625
0 0.8828125 0.0015625 0.5296875 0.0015625 0.5296875 0.2140625 0.8828125 0.2140625 0.8828125 0.0015625
0 0.9875 0.534375 0.89375 0.534375 0.89375 0.6859375 0.9875 0.6859375 0.9875 0.534375
0 1.0 0.221875 0.8734375 0.221875 0.8734375 0.496875 1.0 0.496875 1.0 0.221875
0 0.0921875 0.05625 0.0015625 0.05625 0.0015625 0.2640625 0.0921875 0.2640625 0.0921875 0.05625
0 0.7765625 0.234375 0.6390625 0.234375 0.6390625 0.371875 0.7765625 0.371875 0.7765625 0.234375
0 1.0 0.4921875 0.6796875 0.4921875 0.6796875 1.0 1.0 1.0 1.0 0.4921875
0 0.278125 0.0015625 0.0015625 0.0015625 0.0015625 1.0 0.278125 1.0 0.278125 0.0015625
0 0.7546875 0.6421875 0.45 0.6421875 0.45 1.0 0.7546875 1.0 0.7546875 0.6421875
0 0.7640625 0.48125 0.603125 0.48125 0.603125 0.65625 0.7640625 0.65625 0.7640625 0.48125
0 0.5671875 0.4859375 0.4890625 0.4859375 0.4890625 0.6203125 0.5671875 0.6203125 0.5671875 0.4859375
0 0.625 0.4328125 0.521875 0.4328125 0.521875 0.5453125 0.625 0.5453125 0.625 0.4328125
0 0.715625 0.178125 0.496875 0.178125 0.496875 0.253125 0.715625 0.253125 0.715625 0.178125
0 1.0 0.8890625 0.884375 0.8890625 0.884375 1.0 1.0 1.0 1.0 0.8890625
0 1.0 0.221875 0.89375 0.221875 0.89375 0.4078125 1.0 0.4078125 1.0 0.221875
0 0.9625 0.109375 0.79375 0.109375 0.79375 0.1875 0.9625 0.1875 0.9625 0.109375
