0 0.2 0.8796875 0.0890625 0.8796875 0.0890625 0.9828125 0.2 0.9828125 0.2 0.8796875
0 0.14375 0.8015625 0.01875 0.8015625 0.01875 0.903125 0.14375 0.903125 0.14375 0.8015625
0 0.5265625 0.7875 0.28125 0.7875 0.28125 0.8796875 0.5265625 0.8796875 0.5265625 0.7875
0 0.1390625 0.925 0.0015625 0.925 0.0015625 1.0 0.1390625 1.0 0.1390625 0.925
0 0.853125 0.55625 0.69375 0.55625 0.69375 0.6421875 0.853125 0.6421875 0.853125 0.55625
0 0.1796875 0.428125 0.0015625 0.428125 0.0015625 0.478125 0.1796875 0.478125 0.1796875 0.428125
0 1.0 0.90625 0.95 0.90625 0.95 1.0 1.0 1.0 1.0 0.90625
0 1.0 0.85 0.9765625 0.85 0.9765625 0.90625 1.0 0.90625 1.0 0.85
0 0.6546875 0.9921875 0.6359375 0.9921875 0.6359375 1.0 0.6546875 1.0 0.6546875 0.9921875
0 0.1515625 0.0015625 0.0859375 0.0015625 0.0859375 0.078125 0.1515625 0.078125 0.1515625 0.0015625
0 0.19375 0.0015625 0.121875 0.0015625 0.121875 0.0453125 0.19375 0.0453125 0.19375 0.0015625
0 0.95 0.534375 0.653125 0.534375 0.653125 0.6625 0.95 0.6625 0.95 0.534375
0 0.9625 0.0015625 0.9 0.0015625 0.9 0.0515625 0.9625 0.0515625 0.9625 0.0015625
0 1.0 0.8125 0.93125 0.8125 0.93125 0.909375 1.0 0.909375 1.0 0.8125
0 1.0 0.0609375 0.965625 0.0609375 0.965625 0.1609375 1.0 0.1609375 1.0 0.0609375
0 0.8640625 0.915625 0.7640625 0.915625 0.7640625 1.0 0.8640625 1.0 0.8640625 0.915625
0 1.0 0.8875 0.9703125 0.8875 0.9703125 0.9671875 1.0 0.9671875 1.0 0.8875
0 0.9078125 0.6640625 0.659375 0.6640625 0.659375 0.903125 0.9078125 0.903125 0.9078125 0.6640625
0 0.965625 0.928125 0.846875 0.928125 0.846875 1.0 0.965625 1.0 0.965625 0.928125
0 0.8453125 0.83125 0.73125 0.83125 0.73125 1.0 0.8453125 1.0 0.8453125 0.83125
0 0.43125 0.99375 0.4109375 0.99375 0.4109375 1.0 0.43125 1.0 0.43125 0.99375
0 0.521875 0.8125 0.3671875 0.8125 0.3671875 0.9109375 0.521875 0.9109375 0.521875 0.8125
0 0.375 0.753125 0.19375 0.753125 0.19375 0.8546875 0.375 0.8546875 0.375 0.753125
0 0.6859375 0.20625 0.5546875 0.20625 0.5546875 0.3703125 0.6859375 0.3703125 0.6859375 0.20625
0 0.225 0.1015625 0.1453125 0.1015625 0.1453125 0.33125 0.225 0.33125 0.225 0.1015625
0 0.8015625 0.0015625 0.4109375 0.0015625 0.4109375 0.1765625 0.8015625 0.1765625 0.8015625 0.0015625
0 0.8140625 0.40625 0.659375 0.40625 0.659375 0.5 0.8140625 0.5 0.8140625 0.40625
0 0.93125 0.0015625 0.884375 0.0015625 0.884375 0.053125 0.93125 0.053125 0.93125 0.0015625
0 0.509375 0.8046875 0.1140625 0.8046875 0.1140625 1.0 0.509375 1.0 0.509375 0.8046875
0 0.0296875 0.9 0.0015625 0.9 0.0015625 0.996875 0.0296875 0.996875 0.0296875 0.9
0 0.0234375 0.7875 0.0015625 0.7875 0.0015625 0.8203125 0.0234375 0.8203125 0.0234375 0.7875
0 0.2984375 0.4390625 0.0015625 0.4390625 0.0015625 0.675 0.2984375 0.675 0.2984375 0.4390625
0 0.278125 0.1296875 0.0015625 0.1296875 0.0015625 0.415625 0.278125 0.415625 0.278125 0.1296875
0 0.1703125 0.0390625 0.003125 0.0390625 0.003125 0.31875 0.1703125 0.31875 0.1703125 0.0390625
0 0.3015625 0.0015625 0.1890625 0.0015625 0.1890625 0.1265625 0.3015625 0.1265625 0.3015625 0.0015625
0 0.0515625 0.0015625 0.0015625 0.0015625 0.0015625 0.040625 0.0515625 0.040625 0.0515625 0.0015625
0 0.5328125 0.7390625 0.3703125 0.7390625 0.3703125 0.8171875 0.5328125 0.8171875 0.5328125 0.7390625
0 1.0 0.1609375 0.6015625 0.1609375 0.6015625 0.703125 1.0 0.703125 1.0 0.1609375
0 0.9875 0.4671875 0.78125 0.4671875 0.78125 0.571875 0.9875 0.571875 0.9875 0.4671875
0 0.5953125 0.2765625 0.3953125 0.2765625 0.3953125 0.4546875 0.5953125 0.4546875 0.5953125 0.2765625
0 0.815625 0.06875 0.465625 0.06875 0.465625 0.2703125 0.815625 0.2703125 0.815625 0.06875
0 1.0 0.0015625 0.83125 0.0015625 0.83125 0.2015625 1.0 0.2015625 1.0 0.0015625
0 0.753125 0.0015625 0.5 0.0015625 0.5 0.0859375 0.753125 0.0859375 0.753125 0.0015625
0 0.7046875 0.1890625 0.4859375 0.1890625 0.4859375 0.328125 0.7046875 0.328125 0.7046875 0.1890625
0 0.6484375 0.0015625 0.0015625 0.0015625 0.0015625 1.0 0.6484375 1.0 0.6484375 0.0015625
0 0.1703125 0.0015625 0.0015625 0.0015625 0.0015625 0.3546875 0.1703125 0.3546875 0.1703125 0.0015625
0 1.0 0.0015625 0.34375 0.0015625 0.34375 1.0 1.0 1.0 1.0 0.0015625
0 0.9734375 0.0015625 0.6859375 0.0015625 0.6859375 0.25 0.9734375 0.25 0.9734375 0.0015625
0 1.0 0.575 0.9546875 0.575 0.9546875 0.6671875 1.0 0.6671875 1.0 0.575
0 0.98125 0.2625 0.8921875 0.2625 0.8921875 0.484375 0.98125 0.484375 0.98125 0.2625
0 1.0 0.0578125 0.9984375 0.0578125 0.9984375 0.0625 1.0 0.0625 1.0 0.0578125
