0 0.909375 0.7296875 0.8109375 0.7296875 0.8109375 0.934375 0.909375 0.934375 0.909375 0.7296875
0 0.453125 0.3859375 0.365625 0.3859375 0.365625 0.675 0.453125 0.675 0.453125 0.3859375
0 0.2375 0.2046875 0.034375 0.2046875 0.034375 0.546875 0.2375 0.546875 0.2375 0.2046875
0 0.596875 0.2875 0.4875 0.2875 0.4875 0.534375 0.596875 0.534375 0.596875 0.2875
0 0.10625 0.1890625 0.0359375 0.1890625 0.0359375 0.371875 0.10625 0.371875 0.10625 0.1890625
0 0.728125 0.115625 0.6125 0.115625 0.6125 0.3578125 0.728125 0.3578125 0.728125 0.115625
0 0.409375 0.0078125 0.2953125 0.0078125 0.2953125 0.2265625 0.409375 0.2265625 0.409375 0.0078125
0 0.178125 0.0015625 0.0125 0.0015625 0.0125 0.1125 0.178125 0.1125 0.178125 0.0015625
0 0.290625 0.0015625 0.1984375 0.0015625 0.1984375 0.040625 0.290625 0.040625 0.290625 0.0015625
0 0.4453125 0.0015625 0.378125 0.0015625 0.378125 0.0296875 0.4453125 0.0296875 0.4453125 0.0015625
0 0.2796875 0.8859375 0.2375 0.8859375 0.2375 1.0 0.2796875 1.0 0.2796875 0.8859375
0 0.61875 0.8140625 0.4484375 0.8140625 0.4484375 0.9671875 0.61875 0.9671875 0.61875 0.8140625
0 0.775 0.4578125 0.696875 0.4578125 0.696875 0.715625 0.775 0.715625 0.775 0.4578125
0 0.8421875 0.0515625 0.7625 0.0515625 0.7625 0.253125 0.8421875 0.253125 0.8421875 0.0515625
0 0.94375 0.8046875 0.796875 0.8046875 0.796875 1.0 0.94375 1.0 0.94375 0.8046875
0 0.7625 0.9 0.7140625 0.9 0.7140625 1.0 0.7625 1.0 0.7625 0.9
0 0.628125 0.553125 0.4015625 0.553125 0.4015625 0.759375 0.628125 0.759375 0.628125 0.553125
0 0.6515625 0.46875 0.5234375 0.46875 0.5234375 0.56875 0.6515625 0.56875 0.6515625 0.46875
0 0.1296875 0.3140625 0.0234375 0.3140625 0.0234375 0.4328125 0.1296875 0.4328125 0.1296875 0.3140625
0 0.615625 0.0015625 0.3203125 0.0015625 0.3203125 0.4234375 0.615625 0.4234375 0.615625 0.0015625
0 0.7546875 0.0015625 0.6703125 0.0015625 0.6703125 0.1640625 0.7546875 0.1640625 0.7546875 0.0015625
0 0.1390625 0.8453125 0.003125 0.8453125 0.003125 1.0 0.1390625 1.0 0.1390625 0.8453125
0 0.2484375 0.6328125 0.1296875 0.6328125 0.1296875 0.80625 0.2484375 0.80625 0.2484375 0.6328125
0 0.271875 0.5328125 0.184375 0.5328125 0.184375 0.6328125 0.271875 0.6328125 0.271875 0.5328125
0 1.0 0.2359375 0.8796875 0.2359375 0.8796875 0.4984375 1.0 0.4984375 1.0 0.2359375
0 0.5953125 0.0015625 0.4984375 0.0015625 0.4984375 0.171875 0.5953125 0.171875 0.5953125 0.0015625
0 0.6546875 0.690625 0.5390625 0.690625 0.5390625 0.8890625 0.6546875 0.8890625 0.6546875 0.690625
0 0.303125 0.103125 0.15625 0.103125 0.15625 0.228125 0.303125 0.228125 0.303125 0.103125
0 0.9578125 0.7859375 0.890625 0.7859375 0.890625 0.94375 0.9578125 0.94375 0.9578125 0.7859375
0 0.7578125 0.1828125 0.6234375 0.1828125 0.6234375 0.490625 0.7578125 0.490625 0.7578125 0.1828125
0 0.70625 0.4046875 0.60625 0.4046875 0.60625 0.7046875 0.70625 0.7046875 0.70625 0.4046875
0 0.840625 0.375 0.70625 0.375 0.70625 0.51875 0.840625 0.51875 0.840625 0.375
0 0.9765625 0.146875 0.9140625 0.146875 0.9140625 0.2953125 0.9765625 0.2953125 0.9765625 0.146875
0 0.8875 0.0015625 0.8046875 0.0015625 0.8046875 0.1234375 0.8875 0.1234375 0.8875 0.0015625
0 1.0 0.0015625 0.0015625 0.0015625 0.0015625 1.0 1.0 1.0 1.0 0.0015625
0 0.4140625 0.146875 0.321875 0.146875 0.321875 0.325 0.4140625 0.325 0.4140625 0.146875
0 0.3203125 0.0234375 0.2109375 0.0234375 0.2109375 0.1609375 0.3203125 0.1609375 0.3203125 0.0234375
0 0.309375 0.0015625 0.0015625 0.0015625 0.0015625 0.0703125 0.309375 0.0703125 0.309375 0.0015625
0 0.5796875 0.8796875 0.4046875 0.8796875 0.4046875 1.0 0.5796875 1.0 0.5796875 0.8796875
0 0.5609375 0.5359375 0.3734375 0.5359375 0.3734375 0.771875 0.5609375 0.771875 0.5609375 0.5359375
0 0.5640625 0.3921875 0.4203125 0.3921875 0.4203125 0.7109375 0.5640625 0.7109375 0.5640625 0.3921875
0 0.6828125 0.303125 0.5484375 0.303125 0.5484375 0.534375 0.6828125 0.534375 0.6828125 0.303125
0 0.590625 0.2984375 0.459375 0.2984375 0.459375 0.4328125 0.590625 0.4328125 0.590625 0.2984375
0 0.6265625 0.0015625 0.5328125 0.0015625 0.5328125 0.2828125 0.6265625 0.2828125 0.6265625 0.0015625
0 0.5125 0.0015625 0.4171875 0.0015625 0.4171875 0.1390625 0.5125 0.1390625 0.5125 0.0015625
0 0.7140625 0.0015625 0.63125 0.0015625 0.63125 0.0859375 0.7140625 0.0859375 0.7140625 0.0015625
