0 0.9734375 0.8125 0.840625 0.8125 0.840625 0.921875 0.9734375 0.921875 0.9734375 0.8125
0 0.346875 0.8265625 0.23125 0.8265625 0.23125 0.903125 0.346875 0.903125 0.346875 0.8265625
0 0.1015625 0.7796875 0.0015625 0.7796875 0.0015625 0.9125 0.1015625 0.9125 0.1015625 0.7796875
0 0.5828125 0.58125 0.4859375 0.58125 0.4859375 0.7484375 0.5828125 0.7484375 0.5828125 0.58125
0 0.8078125 0.309375 0.36875 0.309375 0.36875 0.653125 0.8078125 0.653125 0.8078125 0.309375
0 0.15 0.4171875 0.0015625 0.4171875 0.0015625 0.6515625 0.15 0.6515625 0.15 0.4171875
0 0.3203125 0.365625 0.1390625 0.365625 0.1390625 0.44375 0.3203125 0.44375 0.3203125 0.365625
0 0.1109375 0.196875 0.0015625 0.196875 0.0015625 0.3703125 0.1109375 0.3703125 0.1109375 0.196875
0 0.4453125 0.2265625 0.2921875 0.2265625 0.2921875 0.3203125 0.4453125 0.3203125 0.4453125 0.2265625
0 0.890625 0.1421875 0.4640625 0.1421875 0.4640625 0.3171875 0.890625 0.3171875 0.890625 0.1421875
0 0.084375 0.0015625 0.0015625 0.0015625 0.0015625 0.1546875 0.084375 0.1546875 0.084375 0.0015625
0 0.996875 0.8546875 0.7828125 0.8546875 0.7828125 1.0 0.996875 1.0 0.996875 0.8546875
0 1.0 0.7453125 0.9109375 0.7453125 0.9109375 0.828125 1.0 0.828125 1.0 0.7453125
0 1.0 0.346875 0.9265625 0.346875 0.9265625 0.51875 1.0 0.51875 1.0 0.346875
0 0.7734375 0.0015625 0.5765625 0.0015625 0.5765625 0.2 0.7734375 0.2 0.7734375 0.0015625
0 0.021875 0.734375 0.0015625 0.734375 0.0015625 0.8109375 0.021875 0.8109375 0.021875 0.734375
0 0.1109375 0.8671875 0.009375 0.8671875 0.009375 1.0 0.1109375 1.0 0.1109375 0.8671875
0 0.571875 0.7734375 0.30625 0.7734375 0.30625 0.9515625 0.571875 0.9515625 0.571875 0.7734375
0 0.3390625 0.69375 0.16875 0.69375 0.16875 0.8671875 0.3390625 0.8671875 0.3390625 0.69375
0 0.4953125 0.575 0.14375 0.575 0.14375 0.7234375 0.4953125 0.7234375 0.4953125 0.575
0 0.1015625 0.3671875 0.0015625 0.3671875 0.0015625 0.4734375 0.1015625 0.4734375 0.1015625 0.3671875
0 0.5515625 0.0953125 0.3234375 0.0953125 0.3234375 0.271875 0.5515625 0.271875 0.5515625 0.0953125
0 0.2671875 0.6421875 0.1234375 0.6421875 0.1234375 0.7890625 0.2671875 0.7890625 0.2671875 0.6421875
0 0.05625 0.846875 0.0015625 0.846875 0.0015625 0.9765625 0.05625 0.9765625 0.05625 0.846875
0 0.5875 0.753125 0.33125 0.753125 0.33125 1.0 0.5875 1.0 0.5875 0.753125
0 0.5265625 0.7421875 0.3328125 0.7421875 0.3328125 0.9421875 0.5265625 0.9421875 0.5265625 0.7421875
0 0.4875 0.4125 0.109375 0.4125 0.109375 0.665625 0.4875 0.665625 0.4875 0.4125
0 0.696875 0.190625 0.1 0.190625 0.1 0.528125 0.696875 0.528125 0.696875 0.190625
0 0.0640625 0.2828125 0.0015625 0.2828125 0.0015625 0.3625 0.0640625 0.3625 0.0640625 0.2828125
0 0.325 0.025 0.1859375 0.025 0.1859375 0.1375 0.325 0.1375 0.325 0.025
0 0.225 0.0015625 0.1375 0.0015625 0.1375 0.0265625 0.225 0.0265625 0.225 0.0015625
0 0.084375 0.0015625 0.04375 0.0015625 0.04375 0.0875 0.084375 0.0875 0.084375 0.0015625
0 0.9953125 0.953125 0.8390625 0.953125 0.8390625 1.0 0.9953125 1.0 0.9953125 0.953125
0 0.93125 0.6625 0.8078125 0.6625 0.8078125 0.75625 0.93125 0.75625 0.93125 0.6625
0 1.0 0.5375 0.8359375 0.5375 0.8359375 0.6984375 1.0 0.6984375 1.0 0.5375
0 0.6328125 0.5046875 0.51875 0.5046875 0.51875 0.7140625 0.6328125 0.7140625 0.6328125 0.5046875
0 1.0 0.328125 0.996875 0.328125 0.996875 0.3484375 1.0 0.3484375 1.0 0.328125
0 0.784375 0.1328125 0.5796875 0.1328125 0.5796875 0.234375 0.784375 0.234375 0.784375 0.1328125
0 1.0 0.0015625 0.696875 0.0015625 0.696875 0.20625 1.0 0.20625 1.0 0.0015625
0 0.7359375 0.0015625 0.5875 0.0015625 0.5875 0.0140625 0.7359375 0.0140625 0.7359375 0.0015625
0 1.0 0.8203125 0.990625 0.8203125 0.990625 0.934375 1.0 0.934375 1.0 0.8203125
0 0.5015625 0.69375 0.2859375 0.69375 0.2859375 0.7703125 0.5015625 0.7703125 0.5015625 0.69375
0 0.5515625 0.5890625 0.440625 0.5890625 0.440625 0.7 0.5515625 0.7 0.5515625 0.5890625
0 1.0 0.2015625 0.0015625 0.2015625 0.0015625 1.0 1.0 1.0 1.0 0.2015625
0 0.2875 0.221875 0.0296875 0.221875 0.0296875 0.425 0.2875 0.425 0.2875 0.221875
0 0.6609375 0.0015625 0.4421875 0.0015625 0.4421875 0.1796875 0.6609375 0.1796875 0.6609375 0.0015625
0 0.9734375 0.1125 0.80625 0.1125 0.80625 0.2375 0.9734375 0.2375 0.9734375 0.1125
0 0.8125 0.0625 0.6375 0.0625 0.6375 0.2046875 0.8125 0.2046875 0.8125 0.0625
0 0.9921875 0.0296875 0.8390625 0.0296875 0.8390625 0.103125 0.9921875 0.103125 0.9921875 0.0296875
0 1.0 0.0015625 0.75 0.0015625 0.75 0.0546875 1.0 0.0546875 1.0 0.0015625
0 1.0 0.7515625 0.94375 0.7515625 0.94375 0.79375 1.0 0.79375 1.0 0.7515625
