0 0.3625 0.9234375 0.275 0.9234375 0.275 1.0 0.3625 1.0 0.3625 0.9234375
0 0.315625 0.81875 0.1296875 0.81875 0.1296875 0.996875 0.315625 0.996875 0.315625 0.81875
0 0.10625 0.834375 0.0125 0.834375 0.0125 0.9875 0.10625 0.9875 0.10625 0.834375
0 0.934375 0.296875 0.7734375 0.296875 0.7734375 0.628125 0.934375 0.628125 0.934375 0.296875
0 0.3421875 0.8375 0.25 0.8375 0.25 0.95 0.3421875 0.95 0.3421875 0.8375
0 0.2171875 0.3703125 0.1609375 0.3703125 0.1609375 0.540625 0.2171875 0.540625 0.2171875 0.3703125
0 0.484375 0.0015625 0.36875 0.0015625 0.36875 0.1234375 0.484375 0.1234375 0.484375 0.0015625
0 0.303125 0.9734375 0.0921875 0.9734375 0.0921875 1.0 0.303125 1.0 0.303125 0.9734375
0 0.4453125 0.8453125 0.30625 0.8453125 0.30625 0.9609375 0.4453125 0.9609375 0.4453125 0.8453125
0 0.278125 0.459375 0.1 0.459375 0.1 0.7890625 0.278125 0.7890625 0.278125 0.459375
0 0.83125 0.409375 0.675 0.409375 0.675 0.75 0.83125 0.75 0.83125 0.409375
0 1.0 0.0328125 0.9796875 0.0328125 0.9796875 0.1015625 1.0 0.1015625 1.0 0.0328125
0 0.634375 0.0015625 0.0125 0.0015625 0.0125 1.0 0.634375 1.0 0.634375 0.0015625
0 0.2859375 0.8640625 0.171875 0.8640625 0.171875 0.9875 0.2859375 0.9875 0.2859375 0.8640625
0 0.69375 0.0015625 0.3875 0.0015625 0.3875 0.7203125 0.69375 0.7203125 0.69375 0.0015625
0 1.0 0.5625 0.4703125 0.5625 0.4703125 1.0 1.0 1.0 1.0 0.5625
0 1.0 0.296875 0.8640625 0.296875 0.8640625 0.5609375 1.0 0.5609375 1.0 0.296875
0 1.0 0.0015625 0.8484375 0.0015625 0.8484375 0.346875 1.0 0.346875 1.0 0.0015625
