0 0.8015625 0.7296875 0.7265625 0.7296875 0.7265625 0.9703125 0.8015625 0.9703125 0.8015625 0.7296875
0 0.6765625 0.709375 0.596875 0.709375 0.596875 0.875 0.6765625 0.875 0.6765625 0.709375
0 0.8078125 0.4515625 0.70625 0.4515625 0.70625 0.6265625 0.8078125 0.6265625 0.8078125 0.4515625
0 1.0 0.746875 0.7984375 0.746875 0.7984375 1.0 1.0 1.0 1.0 0.746875
0 0.8859375 0.625 0.734375 0.625 0.734375 0.8125 0.8859375 0.8125 0.8859375 0.625
0 0.965625 0.6421875 0.84375 0.6421875 0.84375 0.8140625 0.965625 0.8140625 0.965625 0.6421875
0 0.040625 0.9765625 0.0015625 0.9765625 0.0015625 1.0 0.040625 1.0 0.040625 0.9765625
0 0.871875 0.546875 0.0015625 0.546875 0.0015625 1.0 0.871875 1.0 0.871875 0.546875
0 0.0125 0.0015625 0.0015625 0.0015625 0.0015625 0.0140625 0.0125 0.0140625 0.0125 0.0015625
0 0.5875 0.4453125 0.2953125 0.4453125 0.2953125 0.7484375 0.5875 0.7484375 0.5875 0.4453125
0 0.246875 0.0015625 0.2109375 0.0015625 0.2109375 0.10625 0.246875 0.10625 0.246875 0.0015625
0 0.8125 0.6296875 0.590625 0.6296875 0.590625 0.9234375 0.8125 0.9234375 0.8125 0.6296875
0 0.9828125 0.4734375 0.6890625 0.4734375 0.6890625 0.7859375 0.9828125 0.7859375 0.9828125 0.4734375
0 0.665625 0.0015625 0.4828125 0.0015625 0.4828125 0.421875 0.665625 0.421875 0.665625 0.0015625
0 0.9609375 0.0015625 0.8328125 0.0015625 0.8328125 0.4171875 0.9609375 0.4171875 0.9609375 0.0015625
0 0.75 0.16875 0.621875 0.16875 0.621875 0.3125 0.75 0.3125 0.75 0.16875
0 0.7859375 0.0015625 0.6953125 0.0015625 0.6953125 0.2984375 0.7859375 0.2984375 0.7859375 0.0015625
0 0.503125 0.0015625 0.459375 0.0015625 0.459375 0.103125 0.503125 0.103125 0.503125 0.0015625
