0 0.4265625 0.9171875 0.36875 0.9171875 0.36875 1.0 0.4265625 1.0 0.4265625 0.9171875
0 0.4734375 0.1640625 0.209375 0.1640625 0.209375 0.5171875 0.4734375 0.5171875 0.4734375 0.1640625
0 0.0046875 0.2484375 0.0015625 0.2484375 0.0015625 0.284375 0.0046875 0.284375 0.0046875 0.2484375
0 0.45 0.0625 0.39375 0.0625 0.39375 0.2359375 0.45 0.2359375 0.45 0.0625
0 0.1109375 0.5671875 0.0015625 0.5671875 0.0015625 0.81875 0.1109375 0.81875 0.1109375 0.5671875
0 0.2140625 0.4921875 0.1078125 0.4921875 0.1078125 0.6171875 0.2140625 0.6171875 0.2140625 0.4921875
0 0.3984375 0.375 0.1859375 0.375 0.1859375 0.596875 0.3984375 0.596875 0.3984375 0.375
0 0.2046875 0.2609375 0.0515625 0.2609375 0.0515625 0.5 0.2046875 0.5 0.2046875 0.2609375
0 0.0765625 0.2234375 0.0015625 0.2234375 0.0015625 0.36875 0.0765625 0.36875 0.0765625 0.2234375
0 0.1984375 0.1078125 0.0859375 0.1078125 0.0859375 0.2765625 0.1984375 0.2765625 0.1984375 0.1078125
0 0.3203125 0.0015625 0.1578125 0.0015625 0.1578125 0.10625 0.3203125 0.10625 0.3203125 0.0015625
0 1.0 0.0015625 0.696875 0.0015625 0.696875 0.196875 1.0 0.196875 1.0 0.0015625
0 0.6046875 0.290625 0.5046875 0.290625 0.5046875 0.4390625 0.6046875 0.4390625 0.6046875 0.290625
0 0.521875 0.425 0.4265625 0.425 0.4265625 0.584375 0.521875 0.584375 0.521875 0.425
0 0.3578125 0.86875 0.234375 0.86875 0.234375 1.0 0.3578125 1.0 0.3578125 0.86875
0 0.425 0.1296875 0.3671875 0.1296875 0.3671875 0.3015625 0.425 0.3015625 0.425 0.1296875
0 0.1609375 0.8265625 0.0015625 0.8265625 0.0015625 0.9828125 0.1609375 0.9828125 0.1609375 0.8265625
0 0.1390625 0.5703125 0.0453125 0.5703125 0.0453125 0.8390625 0.1390625 0.8390625 0.1390625 0.5703125
0 0.228125 0.378125 0.065625 0.378125 0.065625 0.5265625 0.228125 0.5265625 0.228125 0.378125
0 0.203125 0.0015625 0.0875 0.0015625 0.0875 0.240625 0.203125 0.240625 0.203125 0.0015625
0 0.390625 0.0015625 0.3 0.0015625 0.3 0.1734375 0.390625 0.1734375 0.390625 0.0015625
0 0.69375 0.95625 0.6046875 0.95625 0.6046875 1.0 0.69375 1.0 0.69375 0.95625
0 0.8 0.0015625 0.4390625 0.0015625 0.4390625 0.5578125 0.8 0.5578125 0.8 0.0015625
0 0.975 0.125 0.79375 0.125 0.79375 0.528125 0.975 0.528125 0.975 0.125
0 1.0 0.0015625 0.775 0.0015625 0.775 0.1453125 1.0 0.1453125 1.0 0.0015625
0 0.046875 0.8828125 0.0015625 0.8828125 0.0015625 1.0 0.046875 1.0 0.046875 0.8828125
0 0.1609375 0.890625 0.053125 0.890625 0.053125 1.0 0.1609375 1.0 0.1609375 0.890625
0 0.378125 0.6296875 0.1359375 0.6296875 0.1359375 1.0 0.378125 1.0 0.378125 0.6296875
0 0.1578125 0.7984375 0.0015625 0.7984375 0.0015625 0.9046875 0.1578125 0.9046875 0.1578125 0.7984375
0 0.171875 0.3578125 0.0015625 0.3578125 0.0015625 0.634375 0.171875 0.634375 0.171875 0.3578125
0 0.2578125 0.2421875 0.1046875 0.2421875 0.1046875 0.35625 0.2578125 0.35625 0.2578125 0.2421875
0 0.428125 0.05625 0.2640625 0.05625 0.2640625 0.34375 0.428125 0.34375 0.428125 0.05625
0 0.253125 0.0109375 0.1875 0.0109375 0.1875 0.2203125 0.253125 0.2203125 0.253125 0.0109375
0 0.14375 0.0015625 0.0609375 0.0015625 0.0609375 0.1015625 0.14375 0.1015625 0.14375 0.0015625
0 0.0671875 0.0015625 0.0015625 0.0015625 0.0015625 0.0953125 0.0671875 0.0953125 0.0671875 0.0015625
0 0.35 0.0015625 0.1671875 0.0015625 0.1671875 0.0015625 0.35 0.0015625 0.35 0.0015625
0 0.609375 0.94375 0.5640625 0.94375 0.5640625 1.0 0.609375 1.0 0.609375 0.94375
0 0.5 0.9046875 0.371875 0.9046875 0.371875 1.0 0.5 1.0 0.5 0.9046875
0 0.66875 0.596875 0.328125 0.596875 0.328125 0.9234375 0.66875 0.9234375 0.66875 0.596875
0 0.6578125 0.271875 0.5578125 0.271875 0.5578125 0.4125 0.6578125 0.4125 0.6578125 0.271875
0 0.59375 0.0015625 0.375 0.0015625 0.375 0.1953125 0.59375 0.1953125 0.59375 0.0015625
0 0.8375 0.0015625 0.740625 0.0015625 0.740625 0.028125 0.8375 0.028125 0.8375 0.0015625
0 0.490625 0.390625 0.30625 0.390625 0.30625 0.5859375 0.490625 0.5859375 0.490625 0.390625
0 0.571875 0.3296875 0.4890625 0.3296875 0.4890625 0.484375 0.571875 0.484375 0.571875 0.3296875
0 0.078125 0.1421875 0.0015625 0.1421875 0.0015625 0.25625 0.078125 0.25625 0.078125 0.1421875
0 0.528125 0.0015625 0.39375 0.0015625 0.39375 0.025 0.528125 0.025 0.528125 0.0015625
0 0.9890625 0.0015625 0.0015625 0.0015625 0.0015625 1.0 0.9890625 1.0 0.9890625 0.0015625
0 0.321875 0.025 0.1625 0.025 0.1625 0.38125 0.321875 0.38125 0.321875 0.025
0 0.165625 0.0015625 0.1640625 0.0015625 0.1640625 0.0015625 0.165625 0.0015625 0.165625 0.0015625
0 0.990625 0.140625 0.828125 0.140625 0.828125 0.478125 0.990625 0.478125 0.990625 0.140625
0 0.8046875 0.0640625 0.6953125 0.0640625 0.6953125 0.284375 0.8046875 0.284375 0.8046875 0.0640625
0 1.0 0.0015625 0.8734375 0.0015625 0.8734375 0.0859375 1.0 0.0859375 1.0 0.0015625
0 0.7515625 0.0015625 0.7203125 0.0015625 0.7203125 0.0375 0.7515625 0.0375 0.7515625 0.0015625
