0 0.684375 0.5890625 0.61875 0.5890625 0.61875 0.771875 0.684375 0.771875 0.684375 0.5890625
0 0.9734375 0.0015625 0.7859375 0.0015625 0.7859375 0.134375 0.9734375 0.134375 0.9734375 0.0015625
0 0.290625 0.69375 0.15625 0.69375 0.15625 0.7875 0.290625 0.7875 0.290625 0.69375
0 0.59375 0.5359375 0.459375 0.5359375 0.459375 0.871875 0.59375 0.871875 0.59375 0.5359375
0 1.0 0.0015625 0.0015625 0.0015625 0.0015625 0.4375 1.0 0.4375 1.0 0.0015625
0 0.0578125 0.8796875 0.0015625 0.8796875 0.0015625 0.9171875 0.0578125 0.9171875 0.0578125 0.8796875
0 0.3015625 0.5640625 0.0015625 0.5640625 0.0015625 0.8609375 0.3015625 0.8609375 0.3015625 0.5640625
0 0.5 0.834375 0.434375 0.834375 0.434375 1.0 0.5 1.0 0.5 0.834375
0 0.5109375 0.4390625 0.26875 0.4390625 0.26875 0.6796875 0.5109375 0.6796875 0.5109375 0.4390625
0 0.803125 0.4390625 0.4625 0.4390625 0.4625 0.8921875 0.803125 0.8921875 0.803125 0.4390625
0 0.971875 0.83125 0.6046875 0.83125 0.6046875 1.0 0.971875 1.0 0.971875 0.83125
0 0.646875 0.946875 0.5328125 0.946875 0.5328125 1.0 0.646875 1.0 0.646875 0.946875
0 0.890625 0.546875 0.771875 0.546875 0.771875 0.6875 0.890625 0.6875 0.890625 0.546875
0 1.0 0.7890625 0.8625 0.7890625 0.8625 0.86875 1.0 0.86875 1.0 0.7890625
0 1.0 0.4328125 0.9234375 0.4328125 0.9234375 0.78125 1.0 0.78125 1.0 0.4328125
