0 1.0 0.728125 0.9296875 0.728125 0.9296875 0.909375 1.0 0.909375 1.0 0.728125
0 0.134375 0.2171875 0.0015625 0.2171875 0.0015625 0.4390625 0.134375 0.4390625 0.134375 0.2171875
0 1.0 0.2890625 0.94375 0.2890625 0.94375 0.3890625 1.0 0.3890625 1.0 0.2890625
0 1.0 0.134375 0.9375 0.134375 0.9375 0.2109375 1.0 0.2109375 1.0 0.134375
0 0.7078125 0.334375 0.1765625 0.334375 0.1765625 0.8765625 0.7078125 0.8765625 0.7078125 0.334375
0 0.75 0.7359375 0.5765625 0.7359375 0.5765625 0.946875 0.75 0.946875 0.75 0.7359375
0 0.0953125 0.3921875 0.0015625 0.3921875 0.0015625 0.49375 0.0953125 0.49375 0.0953125 0.3921875
0 0.40625 0.196875 0.275 0.196875 0.275 0.365625 0.40625 0.365625 0.40625 0.196875
0 0.7984375 0.684375 0.690625 0.684375 0.690625 0.796875 0.7984375 0.796875 0.7984375 0.684375
0 0.9171875 0.5421875 0.809375 0.5421875 0.809375 0.69375 0.9171875 0.69375 0.9171875 0.5421875
0 1.0 0.0015625 0.8171875 0.0015625 0.8171875 0.15625 1.0 0.15625 1.0 0.0015625
0 0.4921875 0.346875 0.3921875 0.346875 0.3921875 0.5015625 0.4921875 0.5015625 0.4921875 0.346875
0 0.23125 0.909375 0.0953125 0.909375 0.0953125 1.0 0.23125 1.0 0.23125 0.909375
0 0.946875 0.1375 0.81875 0.1375 0.81875 0.4734375 0.946875 0.4734375 0.946875 0.1375
0 0.85625 0.0015625 0.803125 0.0015625 0.803125 0.13125 0.85625 0.13125 0.85625 0.0015625
0 0.8578125 0.0015625 0.8328125 0.0015625 0.8328125 0.0109375 0.8578125 0.0109375 0.8578125 0.0015625
0 0.446875 0.15625 0.3671875 0.15625 0.3671875 0.3578125 0.446875 0.3578125 0.446875 0.15625
0 0.1359375 0.6921875 0.0625 0.6921875 0.0625 0.8234375 0.1359375 0.8234375 0.1359375 0.6921875
0 0.390625 0.3125 0.2578125 0.3125 0.2578125 0.484375 0.390625 0.484375 0.390625 0.3125
0 0.5734375 0.9265625 0.41875 0.9265625 0.41875 1.0 0.5734375 1.0 0.5734375 0.9265625
0 0.9 0.7953125 0.6359375 0.7953125 0.6359375 1.0 0.9 1.0 0.9 0.7953125
0 1.0 0.5125 0.8640625 0.5125 0.8640625 0.73125 1.0 0.73125 1.0 0.5125
0 1.0 0.340625 0.86875 0.340625 0.86875 0.63125 1.0 0.63125 1.0 0.340625
0 0.7953125 0.275 0.6109375 0.275 0.6109375 0.4078125 0.7953125 0.4078125 0.7953125 0.275
0 0.5109375 0.9828125 0.46875 0.9828125 0.46875 1.0 0.5109375 1.0 0.5109375 0.9828125
0 0.63125 0.5625 0.51875 0.5625 0.51875 0.840625 0.63125 0.840625 0.63125 0.5625
0 0.246875 0.55 0.0640625 0.55 0.0640625 0.70625 0.246875 0.70625 0.246875 0.55
0 0.1078125 0.19375 0.0015625 0.19375 0.0015625 0.3078125 0.1078125 0.3078125 0.1078125 0.19375
0 1.0 0.68125 0.9296875 0.68125 0.9296875 0.9109375 1.0 0.9109375 1.0 0.68125
0 0.7359375 0.565625 0.6859375 0.565625 0.6859375 0.6984375 0.7359375 0.6984375 0.7359375 0.565625
0 0.4359375 0.8515625 0.1796875 0.8515625 0.1796875 1.0 0.4359375 1.0 0.4359375 0.8515625
0 0.3046875 0.3890625 0.171875 0.3890625 0.171875 0.559375 0.3046875 0.559375 0.3046875 0.3890625
0 0.6671875 0.825 0.4609375 0.825 0.4609375 0.946875 0.6671875 0.946875 0.6671875 0.825
0 1.0 0.546875 0.9875 0.546875 0.9875 0.6640625 1.0 0.6640625 1.0 0.546875
0 0.8875 0.5703125 0.7265625 0.5703125 0.7265625 0.7421875 0.8875 0.7421875 0.8875 0.5703125
0 0.8109375 0.396875 0.5671875 0.396875 0.5671875 0.5640625 0.8109375 0.5640625 0.8109375 0.396875
0 0.840625 0.2609375 0.65625 0.2609375 0.65625 0.3765625 0.840625 0.3765625 0.840625 0.2609375
0 0.9484375 0.0015625 0.8171875 0.0015625 0.8171875 0.1375 0.9484375 0.1375 0.9484375 0.0015625
0 0.4078125 0.8828125 0.2453125 0.8828125 0.2453125 1.0 0.4078125 1.0 0.4078125 0.8828125
0 0.8984375 0.75 0.6890625 0.75 0.6890625 0.8734375 0.8984375 0.8734375 0.8984375 0.75
0 0.2234375 0.528125 0.096875 0.528125 0.096875 0.675 0.2234375 0.675 0.2234375 0.528125
0 1.0 0.190625 0.8765625 0.190625 0.8765625 0.509375 1.0 0.509375 1.0 0.190625
0 0.69375 0.2625 0.525 0.2625 0.525 0.4328125 0.69375 0.4328125 0.69375 0.2625
0 0.1640625 0.0015625 0.0015625 0.0015625 0.0015625 0.1609375 0.1640625 0.1609375 0.1640625 0.0015625
0 0.73125 0.0015625 0.0015625 0.0015625 0.0015625 0.796875 0.73125 0.796875 0.73125 0.0015625
0 0.1890625 0.2296875 0.0796875 0.2296875 0.0796875 0.4390625 0.1890625 0.4390625 0.1890625 0.2296875
0 0.31875 0.0078125 0.1125 0.0078125 0.1125 0.153125 0.31875 0.153125 0.31875 0.0078125
0 0.759375 0.0015625 0.6765625 0.0015625 0.6765625 0.0953125 0.759375 0.0953125 0.759375 0.0015625
0 0.8765625 0.0015625 0.746875 0.0015625 0.746875 0.2515625 0.8765625 0.2515625 0.8765625 0.0015625
