0 0.034375 0.115625 0.0015625 0.115625 0.0015625 0.190625 0.034375 0.190625 0.034375 0.115625
0 0.03125 0.0015625 0.0015625 0.0015625 0.0015625 0.1046875 0.03125 0.1046875 0.03125 0.0015625
0 0.5484375 0.2109375 0.3890625 0.2109375 0.3890625 0.3171875 0.5484375 0.3171875 0.5484375 0.2109375
0 0.83125 0.0125 0.6671875 0.0125 0.6671875 0.2109375 0.83125 0.2109375 0.83125 0.0125
0 0.878125 0.0015625 0.6578125 0.0015625 0.6578125 0.04375 0.878125 0.04375 0.878125 0.0015625
0 0.2765625 0.596875 0.0015625 0.596875 0.0015625 1.0 0.2765625 1.0 0.2765625 0.596875
0 1.0 0.0015625 0.0015625 0.0015625 0.0015625 0.6890625 1.0 0.6890625 1.0 0.0015625
0 0.04375 0.4125 0.0015625 0.4125 0.0015625 0.528125 0.04375 0.528125 0.04375 0.4125
0 0.7390625 0.8859375 0.6234375 0.8859375 0.6234375 1.0 0.7390625 1.0 0.7390625 0.8859375
0 0.4734375 0.8375 0.3765625 0.8375 0.3765625 1.0 0.4734375 1.0 0.4734375 0.8375
0 0.5140625 0.6921875 0.3625 0.6921875 0.3625 0.809375 0.5140625 0.809375 0.5140625 0.6921875
0 0.3578125 0.3375 0.0203125 0.3375 0.0203125 0.6125 0.3578125 0.6125 0.3578125 0.3375
0 0.49375 0.4265625 0.4234375 0.4265625 0.4234375 0.6015625 0.49375 0.6015625 0.49375 0.4265625
0 1.0 0.8265625 0.9359375 0.8265625 0.9359375 1.0 1.0 1.0 1.0 0.8265625
0 0.85 0.721875 0.7640625 0.721875 0.7640625 0.875 0.85 0.875 0.85 0.721875
0 0.1671875 0.85625 0.0015625 0.85625 0.0015625 1.0 0.1671875 1.0 0.1671875 0.85625
0 1.0 0.00625 0.0015625 0.00625 0.0015625 1.0 1.0 1.0 1.0 0.00625
0 0.325 0.0015625 0.1359375 0.0015625 0.1359375 0.1859375 0.325 0.1859375 0.325 0.0015625
0 0.4625 0.0671875 0.2796875 0.0671875 0.2796875 0.184375 0.4625 0.184375 0.4625 0.0671875
0 0.1625 0.0015625 0.0328125 0.0015625 0.0328125 0.0953125 0.1625 0.0953125 0.1625 0.0015625
0 0.7390625 0.40625 0.6203125 0.40625 0.6203125 0.571875 0.7390625 0.571875 0.7390625 0.40625
0 0.9125 0.378125 0.7359375 0.378125 0.7359375 0.584375 0.9125 0.584375 0.9125 0.378125
0 0.921875 0.0609375 0.8234375 0.0609375 0.8234375 0.2484375 0.921875 0.2484375 0.921875 0.0609375
0 0.975 0.0015625 0.95 0.0015625 0.95 0.021875 0.975 0.021875 0.975 0.0015625
