0 0.56875 0.6671875 0.0015625 0.6671875 0.0015625 1.0 0.56875 1.0 0.56875 0.6671875
0 1.0 0.853125 0.8203125 0.853125 0.8203125 1.0 1.0 1.0 1.0 0.853125
0 1.0 0.0015625 0.015625 0.0015625 0.015625 1.0 1.0 1.0 1.0 0.0015625
0 0.425 0.0015625 0.2015625 0.0015625 0.2015625 0.178125 0.425 0.178125 0.425 0.0015625
0 0.009375 0.546875 0.0015625 0.546875 0.0015625 0.5703125 0.009375 0.5703125 0.009375 0.546875
0 0.6453125 0.584375 0.0296875 0.584375 0.0296875 1.0 0.6453125 1.0 0.6453125 0.584375
0 0.278125 0.6015625 0.0421875 0.6015625 0.0421875 0.8328125 0.278125 0.8328125 0.278125 0.6015625
0 1.0 0.503125 0.81875 0.503125 0.81875 1.0 1.0 1.0 1.0 0.503125
0 0.7140625 0.5921875 0.5375 0.5921875 0.5375 0.8734375 0.7140625 0.8734375 0.7140625 0.5921875
0 1.0 0.0015625 0.74375 0.0015625 0.74375 0.2203125 1.0 0.2203125 1.0 0.0015625
0 0.684375 0.0015625 0.5875 0.0015625 0.5875 0.0984375 0.684375 0.0984375 0.684375 0.0015625
0 0.7546875 0.20625 0.484375 0.20625 0.484375 0.64375 0.7546875 0.64375 0.7546875 0.20625
0 0.5296875 0.0015625 0.0015625 0.0015625 0.0015625 0.521875 0.5296875 0.521875 0.5296875 0.0015625
0 0.7140625 0.9984375 0.7015625 0.9984375 0.7015625 1.0 0.7140625 1.0 0.7140625 0.9984375
