0 0.2484375 0.578125 0.1 0.578125 0.1 0.81875 0.2484375 0.81875 0.2484375 0.578125
0 0.2125 0.9265625 0.053125 0.9265625 0.053125 1.0 0.2125 1.0 0.2125 0.9265625
0 0.7515625 0.8671875 0.6234375 0.8671875 0.6234375 1.0 0.7515625 1.0 0.7515625 0.8671875
0 0.628125 0.7875 0.3421875 0.7875 0.3421875 1.0 0.628125 1.0 0.628125 0.7875
0 0.128125 0.690625 0.0015625 0.690625 0.0015625 0.8140625 0.128125 0.8140625 0.128125 0.690625
0 0.1515625 0.615625 0.053125 0.615625 0.053125 0.74375 0.1515625 0.74375 0.1515625 0.615625
0 0.2609375 0.4421875 0.1640625 0.4421875 0.1640625 0.546875 0.2609375 0.546875 0.2609375 0.4421875
0 0.09375 0.9484375 0.0515625 0.9484375 0.0515625 1.0 0.09375 1.0 0.09375 0.9484375
0 0.0296875 0.7546875 0.0015625 0.7546875 0.0015625 0.95 0.0296875 0.95 0.0296875 0.7546875
0 0.790625 0.8453125 0.65625 0.8453125 0.65625 0.9609375 0.790625 0.9609375 0.790625 0.8453125
0 0.675 0.5953125 0.4453125 0.5953125 0.4453125 0.884375 0.675 0.884375 0.675 0.5953125
0 0.0046875 0.584375 0.0015625 0.584375 0.0015625 0.590625 0.0046875 0.590625 0.0046875 0.584375
0 0.975 0.3921875 0.6453125 0.3921875 0.6453125 0.6890625 0.975 0.6890625 0.975 0.3921875
0 0.375 0.2875 0.26875 0.2875 0.26875 0.46875 0.375 0.46875 0.375 0.2875
0 0.1203125 0.225 0.0015625 0.225 0.0015625 0.515625 0.1203125 0.515625 0.1203125 0.225
0 0.1140625 0.15625 0.0015625 0.15625 0.0015625 0.259375 0.1140625 0.259375 0.1140625 0.15625
0 0.1484375 0.8078125 0.009375 0.8078125 0.009375 0.9515625 0.1484375 0.9515625 0.1484375 0.8078125
0 0.2203125 0.734375 0.1359375 0.734375 0.1359375 0.8328125 0.2203125 0.8328125 0.2203125 0.734375
0 0.2125 0.0015625 0.065625 0.0015625 0.065625 0.134375 0.2125 0.134375 0.2125 0.0015625
0 0.3109375 0.0015625 0.2203125 0.0015625 0.2203125 0.08125 0.3109375 0.08125 0.3109375 0.0015625
0 0.5296875 0.2015625 0.4 0.2015625 0.4 0.325 0.5296875 0.325 0.5296875 0.2015625
0 0.34375 0.08125 0.2265625 0.08125 0.2265625 0.209375 0.34375 0.209375 0.34375 0.08125
0 0.45625 0.0015625 0.38125 0.0015625 0.38125 0.0859375 0.45625 0.0859375 0.45625 0.0015625
0 0.9609375 0.70625 0.7875 0.70625 0.7875 0.9234375 0.9609375 0.9234375 0.9609375 0.70625
0 0.29375 0.4609375 0.2421875 0.4609375 0.2421875 0.678125 0.29375 0.678125 0.29375 0.4609375
0 0.1859375 0.34375 0.071875 0.34375 0.071875 0.4953125 0.1859375 0.4953125 0.1859375 0.34375
0 0.75 0.0015625 0.575 0.0015625 0.575 0.14375 0.75 0.14375 0.75 0.0015625
0 0.2625 0.703125 0.153125 0.703125 0.153125 0.8921875 0.2625 0.8921875 0.2625 0.703125
0 0.4390625 0.03125 0.353125 0.03125 0.353125 0.2890625 0.4390625 0.2890625 0.4390625 0.03125
0 0.378125 0.0015625 0.275 0.0015625 0.275 0.1578125 0.378125 0.1578125 0.378125 0.0015625
0 0.540625 0.0015625 0.434375 0.0015625 0.434375 0.084375 0.540625 0.084375 0.540625 0.0015625
0 0.2609375 0.0015625 0.1265625 0.0015625 0.1265625 0.0890625 0.2609375 0.0890625 0.2609375 0.0015625
0 0.0875 0.3765625 0.0203125 0.3765625 0.0203125 0.5 0.0875 0.5 0.0875 0.3765625
0 0.559375 0.4765625 0.35 0.4765625 0.35 0.8125 0.559375 0.8125 0.559375 0.4765625
0 0.8546875 0.1984375 0.7734375 0.1984375 0.7734375 0.38125 0.8546875 0.38125 0.8546875 0.1984375
0 0.7109375 0.1703125 0.61875 0.1703125 0.61875 0.3890625 0.7109375 0.3890625 0.7109375 0.1703125
0 0.621875 0.1203125 0.54375 0.1203125 0.54375 0.2375 0.621875 0.2375 0.621875 0.1203125
0 1.0 0.384375 0.9015625 0.384375 0.9015625 0.54375 1.0 0.54375 1.0 0.384375
0 0.9421875 0.2125 0.865625 0.2125 0.865625 0.3828125 0.9421875 0.3828125 0.9421875 0.2125
0 1.0 0.0484375 0.85625 0.0484375 0.85625 0.1984375 1.0 0.1984375 1.0 0.0484375
0 0.240625 0.0015625 0.0015625 0.0015625 0.0015625 0.3671875 0.240625 0.3671875 0.240625 0.0015625
0 0.496875 0.7234375 0.2328125 0.7234375 0.2328125 1.0 0.496875 1.0 0.496875 0.7234375
0 0.18125 0.98125 0.1328125 0.98125 0.1328125 1.0 0.18125 1.0 0.18125 0.98125
0 0.065625 0.88125 0.0015625 0.88125 0.0015625 1.0 0.065625 1.0 0.065625 0.88125
0 0.0390625 0.5 0.0015625 0.5 0.0015625 0.5859375 0.0390625 0.5859375 0.0390625 0.5
0 0.184375 0.278125 0.003125 0.278125 0.003125 0.421875 0.184375 0.421875 0.184375 0.278125
0 0.9875 0.95625 0.534375 0.95625 0.534375 1.0 0.9875 1.0 0.9875 0.95625
0 0.7890625 0.80625 0.640625 0.80625 0.640625 0.8984375 0.7890625 0.8984375 0.7890625 0.80625
0 0.5484375 0.234375 0.390625 0.234375 0.390625 0.634375 0.5484375 0.634375 0.5484375 0.234375
0 0.8625 0.1984375 0.6546875 0.1984375 0.6546875 0.525 0.8625 0.525 0.8625 0.1984375
0 0.9546875 0.79375 0.8265625 0.79375 0.8265625 0.9921875 0.9546875 0.9921875 0.9546875 0.79375
0 1.0 0.7421875 0.8734375 0.7421875 0.8734375 0.9 1.0 0.9 1.0 0.7421875
0 0.946875 0.0015625 0.70625 0.0015625 0.70625 0.2625 0.946875 0.2625 0.946875 0.0015625
0 0.5609375 0.978125 0.50625 0.978125 0.50625 1.0 0.5609375 1.0 0.5609375 0.978125
0 1.0 0.9796875 0.990625 0.9796875 0.990625 1.0 1.0 1.0 1.0 0.9796875
0 0.953125 0.8953125 0.803125 0.8953125 0.803125 1.0 0.953125 1.0 0.953125 0.8953125
0 1.0 0.6109375 0.840625 0.6109375 0.840625 0.7703125 1.0 0.7703125 1.0 0.6109375
0 0.721875 0.3125 0.5828125 0.3125 0.5828125 0.690625 0.721875 0.690625 0.721875 0.3125
0 0.996875 0.0015625 0.896875 0.0015625 0.896875 0.0765625 0.996875 0.0765625 0.996875 0.0015625
0 1.0 0.221875 0.965625 0.221875 0.965625 0.384375 1.0 0.384375 1.0 0.221875
0 0.890625 0.2625 0.834375 0.2625 0.834375 0.515625 0.890625 0.515625 0.890625 0.2625
0 0.6546875 0.1546875 0.5734375 0.1546875 0.5734375 0.3546875 0.6546875 0.3546875 0.6546875 0.1546875
0 1.0 0.0015625 0.690625 0.0015625 0.690625 0.05 1.0 0.05 1.0 0.0015625
0 0.390625 0.5734375 0.15625 0.5734375 0.15625 0.940625 0.390625 0.940625 0.390625 0.5734375
0 0.19375 0.396875 0.0015625 0.396875 0.0015625 0.875 0.19375 0.875 0.19375 0.396875
0 0.41875 0.0515625 0.2953125 0.0515625 0.2953125 0.553125 0.41875 0.553125 0.41875 0.0515625
0 0.290625 0.2359375 0.20625 0.2359375 0.20625 0.471875 0.290625 0.471875 0.290625 0.2359375
0 0.23125 0.0015625 0.15625 0.0015625 0.15625 0.0375 0.23125 0.0375 0.23125 0.0015625
0 0.071875 0.0015625 0.0375 0.0015625 0.0375 0.0296875 0.071875 0.0296875 0.071875 0.0015625
0 1.0 0.5265625 0.3265625 0.5265625 0.3265625 1.0 1.0 1.0 1.0 0.5265625
0 0.59375 0.2265625 0.5109375 0.2265625 0.5109375 0.4984375 0.59375 0.4984375 0.59375 0.2265625
0 0.5015625 0.071875 0.4125 0.071875 0.4125 0.2515625 0.5015625 0.2515625 0.5015625 0.071875
0 0.74375 0.0015625 0.534375 0.0015625 0.534375 0.20625 0.74375 0.20625 0.74375 0.0015625
0 0.321875 0.8109375 0.2046875 0.8109375 0.2046875 1.0 0.321875 1.0 0.321875 0.8109375
0 0.35 0.0765625 0.14375 0.0765625 0.14375 0.3 0.35 0.3 0.35 0.0765625
0 1.0 0.890625 0.915625 0.890625 0.915625 1.0 1.0 1.0 1.0 0.890625
