0 0.0296875 0.265625 0.0015625 0.265625 0.0015625 0.30625 0.0296875 0.30625 0.0296875 0.265625
0 0.109375 0.4125 0.0015625 0.4125 0.0015625 0.4875 0.109375 0.4875 0.109375 0.4125
0 0.14375 0.1296875 0.0375 0.1296875 0.0375 0.1984375 0.14375 0.1984375 0.14375 0.1296875
0 0.6984375 0.6578125 0.5578125 0.6578125 0.5578125 0.796875 0.6984375 0.796875 0.6984375 0.6578125
0 0.0421875 0.7546875 0.0015625 0.7546875 0.0015625 0.840625 0.0421875 0.840625 0.0421875 0.7546875
0 0.184375 0.0015625 0.0015625 0.0015625 0.0015625 0.44375 0.184375 0.44375 0.184375 0.0015625
0 0.03125 0.175 0.0015625 0.175 0.0015625 0.271875 0.03125 0.271875 0.03125 0.175
0 0.071875 0.0015625 0.0046875 0.0015625 0.0046875 0.0125 0.071875 0.0125 0.071875 0.0015625
0 0.3171875 0.221875 0.2125 0.221875 0.2125 0.365625 0.3171875 0.365625 0.3171875 0.221875
0 0.8828125 0.0015625 0.5921875 0.0015625 0.5921875 0.165625 0.8828125 0.165625 0.8828125 0.0015625
0 0.209375 0.5109375 0.1 0.5109375 0.1 0.83125 0.209375 0.83125 0.209375 0.5109375
0 0.0609375 0.0015625 0.0015625 0.0015625 0.0015625 0.1 0.0609375 0.1 0.0609375 0.0015625
0 0.221875 0.0015625 0.1984375 0.0015625 0.1984375 0.00625 0.221875 0.00625 0.221875 0.0015625
0 0.8171875 0.9875 0.8 0.9875 0.8 1.0 0.8171875 1.0 0.8171875 0.9875
0 0.921875 0.846875 0.821875 0.846875 0.821875 0.99375 0.921875 0.99375 0.921875 0.846875
0 0.6984375 0.509375 0.553125 0.509375 0.553125 0.8546875 0.6984375 0.8546875 0.6984375 0.509375
0 0.865625 0.5671875 0.7640625 0.5671875 0.7640625 0.66875 0.865625 0.66875 0.865625 0.5671875
0 0.8765625 0.1671875 0.7359375 0.1671875 0.7359375 0.240625 0.8765625 0.240625 0.8765625 0.1671875
0 0.5 0.5546875 0.253125 0.5546875 0.253125 1.0 0.5 1.0 0.5 0.5546875
0 0.575 0.8 0.4375 0.8 0.4375 1.0 0.575 1.0 0.575 0.8
0 0.3015625 0.5484375 0.0015625 0.5484375 0.0015625 1.0 0.3015625 1.0 0.3015625 0.5484375
0 0.4921875 0.365625 0.1171875 0.365625 0.1171875 0.8046875 0.4921875 0.8046875 0.4921875 0.365625
0 0.1359375 0.4953125 0.0171875 0.4953125 0.0171875 0.6046875 0.1359375 0.6046875 0.1359375 0.4953125
0 0.2421875 0.221875 0.159375 0.221875 0.159375 0.459375 0.2421875 0.459375 0.2421875 0.221875
0 0.403125 0.2109375 0.2859375 0.2109375 0.2859375 0.3203125 0.403125 0.3203125 0.403125 0.2109375
0 0.565625 0.0046875 0.3703125 0.0046875 0.3703125 0.178125 0.565625 0.178125 0.565625 0.0046875
0 0.315625 0.0015625 0.2953125 0.0015625 0.2953125 0.0125 0.315625 0.0125 0.315625 0.0015625
0 0.6203125 0.5328125 0.434375 0.5328125 0.434375 0.7734375 0.6203125 0.7734375 0.6203125 0.5328125
0 0.809375 0.5015625 0.6859375 0.5015625 0.6859375 0.5984375 0.809375 0.5984375 0.809375 0.5015625
0 0.815625 0.2359375 0.709375 0.2359375 0.709375 0.4109375 0.815625 0.4109375 0.815625 0.2359375
0 0.5421875 0.3171875 0.409375 0.3171875 0.409375 0.4375 0.5421875 0.4375 0.5421875 0.3171875
0 0.5671875 0.171875 0.46875 0.171875 0.46875 0.3671875 0.5671875 0.3671875 0.5671875 0.171875
0 0.90625 0.078125 0.8125 0.078125 0.8125 0.1703125 0.90625 0.1703125 0.90625 0.078125
0 0.803125 0.0015625 0.6828125 0.0015625 0.6828125 0.175 0.803125 0.175 0.803125 0.0015625
0 0.5765625 0.0015625 0.4828125 0.0015625 0.4828125 0.071875 0.5765625 0.071875 0.5765625 0.0015625
0 0.6984375 0.0015625 0.640625 0.0015625 0.640625 0.0296875 0.6984375 0.0296875 0.6984375 0.0015625
0 0.4703125 0.8265625 0.390625 0.8265625 0.390625 1.0 0.4703125 1.0 0.4703125 0.8265625
0 0.415625 0.6296875 0.296875 0.6296875 0.296875 0.81875 0.415625 0.81875 0.415625 0.6296875
0 0.2046875 0.5 0.1125 0.5 0.1125 0.7375 0.2046875 0.7375 0.2046875 0.5
0 0.546875 0.5734375 0.471875 0.5734375 0.471875 0.71875 0.546875 0.71875 0.546875 0.5734375
0 0.509375 0.2078125 0.3609375 0.2078125 0.3609375 0.346875 0.509375 0.346875 0.509375 0.2078125
0 0.8375 0.025 0.740625 0.025 0.740625 0.1703125 0.8375 0.1703125 0.8375 0.025
0 1.0 0.0015625 0.034375 0.0015625 0.034375 1.0 1.0 1.0 1.0 0.0015625
0 0.096875 0.79375 0.0015625 0.79375 0.0015625 1.0 0.096875 1.0 0.096875 0.79375
0 0.0921875 0.1265625 0.0015625 0.1265625 0.0015625 0.3828125 0.0921875 0.3828125 0.0921875 0.1265625
0 0.6390625 0.78125 0.565625 0.78125 0.565625 0.94375 0.6390625 0.94375 0.6390625 0.78125
