0 0.0765625 0.759375 0.0015625 0.759375 0.0015625 1.0 0.0765625 1.0 0.0765625 0.759375
0 0.7453125 0.4671875 0.4625 0.4671875 0.4625 0.93125 0.7453125 0.93125 0.7453125 0.4671875
0 0.01875 0.7640625 0.0015625 0.7640625 0.0015625 0.8078125 0.01875 0.8078125 0.01875 0.7640625
0 0.7921875 0.896875 0.615625 0.896875 0.615625 1.0 0.7921875 1.0 0.7921875 0.896875
0 0.265625 0.9015625 0.1328125 0.9015625 0.1328125 1.0 0.265625 1.0 0.265625 0.9015625
0 0.08125 0.821875 0.0015625 0.821875 0.0015625 1.0 0.08125 1.0 0.08125 0.821875
0 0.9796875 0.98125 0.9203125 0.98125 0.9203125 1.0 0.9796875 1.0 0.9796875 0.98125
0 0.7796875 0.8953125 0.4578125 0.8953125 0.4578125 1.0 0.7796875 1.0 0.7796875 0.8953125
0 0.8296875 0.7109375 0.584375 0.7109375 0.584375 0.9 0.8296875 0.9 0.8296875 0.7109375
0 0.6546875 0.58125 0.525 0.58125 0.525 0.6875 0.6546875 0.6875 0.6546875 0.58125
0 0.5171875 0.38125 0.4203125 0.38125 0.4203125 0.465625 0.5171875 0.465625 0.5171875 0.38125
0 1.0 0.2796875 0.928125 0.2796875 0.928125 0.4546875 1.0 0.4546875 1.0 0.2796875
0 1.0 0.0015625 0.9765625 0.0015625 0.9765625 0.203125 1.0 0.203125 1.0 0.0015625
0 0.7703125 0.04375 0.640625 0.04375 0.640625 0.15625 0.7703125 0.15625 0.7703125 0.04375
0 0.3984375 0.8265625 0.2625 0.8265625 0.2625 0.90625 0.3984375 0.90625 0.3984375 0.8265625
0 1.0 0.0015625 0.4890625 0.0015625 0.4890625 0.55625 1.0 0.55625 1.0 0.0015625
0 0.684375 0.0015625 0.0828125 0.0015625 0.0828125 0.615625 0.684375 0.615625 0.684375 0.0015625
0 0.0734375 0.746875 0.0015625 0.746875 0.0015625 0.8609375 0.0734375 0.8609375 0.0734375 0.746875
0 0.18125 0.090625 0.015625 0.090625 0.015625 0.190625 0.18125 0.190625 0.18125 0.090625
0 0.6171875 0.9671875 0.453125 0.9671875 0.453125 1.0 0.6171875 1.0 0.6171875 0.9671875
0 0.7671875 0.7640625 0.4984375 0.7640625 0.4984375 0.978125 0.7671875 0.978125 0.7671875 0.7640625
0 1.0 0.446875 0.5578125 0.446875 0.5578125 1.0 1.0 1.0 1.0 0.446875
