0 0.2296875 0.128125 0.1546875 0.128125 0.1546875 0.2890625 0.2296875 0.2890625 0.2296875 0.128125
0 0.3234375 0.8375 0.2578125 0.8375 0.2578125 0.99375 0.3234375 0.99375 0.3234375 0.8375
0 0.8625 0.703125 0.746875 0.703125 0.746875 0.89375 0.8625 0.89375 0.8625 0.703125
0 1.0 0.0015625 0.8484375 0.0015625 0.8484375 0.196875 1.0 0.196875 1.0 0.0015625
0 1.0 0.1390625 0.865625 0.1390625 0.865625 0.553125 1.0 0.553125 1.0 0.1390625
0 0.7515625 0.403125 0.709375 0.403125 0.709375 0.603125 0.7515625 0.603125 0.7515625 0.403125
0 1.0 0.0625 0.9828125 0.0625 0.9828125 0.175 1.0 0.175 1.0 0.0625
0 0.0828125 0.4015625 0.0015625 0.4015625 0.0015625 0.5328125 0.0828125 0.5328125 0.0828125 0.4015625
0 0.0953125 0.2578125 0.0015625 0.2578125 0.0015625 0.3984375 0.0953125 0.3984375 0.0953125 0.2578125
0 0.04375 0.0015625 0.0015625 0.0015625 0.0015625 0.1390625 0.04375 0.1390625 0.04375 0.0015625
0 0.625 0.9859375 0.5875 0.9859375 0.5875 1.0 0.625 1.0 0.625 0.9859375
0 1.0 0.703125 0.85625 0.703125 0.85625 0.8234375 1.0 0.8234375 1.0 0.703125
0 0.4546875 0.540625 0.390625 0.540625 0.390625 0.790625 0.4546875 0.790625 0.4546875 0.540625
0 0.925 0.0015625 0.70625 0.0015625 0.70625 0.3359375 0.925 0.3359375 0.925 0.0015625
0 1.0 0.8 0.9484375 0.8 0.9484375 0.890625 1.0 0.890625 1.0 0.8
0 1.0 0.83125 0.9796875 0.83125 0.9796875 0.9125 1.0 0.9125 1.0 0.83125
0 1.0 0.18125 0.9390625 0.18125 0.9390625 0.3921875 1.0 0.3921875 1.0 0.18125
0 0.7140625 0.0015625 0.5984375 0.0015625 0.5984375 0.3015625 0.7140625 0.3015625 0.7140625 0.0015625
0 0.271875 0.796875 0.1984375 0.796875 0.1984375 0.903125 0.271875 0.903125 0.271875 0.796875
0 0.221875 0.6125 0.0546875 0.6125 0.0546875 0.709375 0.221875 0.709375 0.221875 0.6125
0 1.0 0.7828125 0.8171875 0.7828125 0.8171875 1.0 1.0 1.0 1.0 0.7828125
0 0.2109375 0.3125 0.0015625 0.3125 0.0015625 0.446875 0.2109375 0.446875 0.2109375 0.3125
0 0.725 0.5359375 0.6046875 0.5359375 0.6046875 0.7484375 0.725 0.7484375 0.725 0.5359375
0 0.7375 0.35 0.6328125 0.35 0.6328125 0.4421875 0.7375 0.4421875 0.7375 0.35
0 0.4546875 0.0375 0.3609375 0.0375 0.3609375 0.3484375 0.4546875 0.3484375 0.4546875 0.0375
0 0.3296875 0.2359375 0.24375 0.2359375 0.24375 0.5015625 0.3296875 0.5015625 0.3296875 0.2359375
0 0.19375 0.178125 0.0015625 0.178125 0.0015625 0.41875 0.19375 0.41875 0.19375 0.178125
0 0.346875 0.04375 0.2703125 0.04375 0.2703125 0.2171875 0.346875 0.2171875 0.346875 0.04375
0 0.209375 0.0015625 0.0015625 0.0015625 0.0015625 0.19375 0.209375 0.19375 0.209375 0.0015625
0 0.65625 0.5390625 0.5609375 0.5390625 0.5609375 0.7578125 0.65625 0.7578125 0.65625 0.5390625
0 0.709375 0.0015625 0.6296875 0.0015625 0.6296875 0.2140625 0.709375 0.2140625 0.709375 0.0015625
0 0.6546875 0.871875 0.4703125 0.871875 0.4703125 1.0 0.6546875 1.0 0.6546875 0.871875
0 0.5234375 0.6765625 0.39375 0.6765625 0.39375 0.9578125 0.5234375 0.9578125 0.5234375 0.6765625
0 0.546875 0.603125 0.4765625 0.603125 0.4765625 0.765625 0.546875 0.765625 0.546875 0.603125
0 0.2546875 0.240625 0.1171875 0.240625 0.1171875 0.48125 0.2546875 0.48125 0.2546875 0.240625
0 0.365625 0.1609375 0.2421875 0.1609375 0.2421875 0.4421875 0.365625 0.4421875 0.365625 0.1609375
0 0.2234375 0.009375 0.134375 0.009375 0.134375 0.1859375 0.2234375 0.1859375 0.2234375 0.009375
0 1.0 0.9140625 0.9609375 0.9140625 0.9609375 1.0 1.0 1.0 1.0 0.9140625
0 0.8671875 0.8234375 0.7203125 0.8234375 0.7203125 1.0 0.8671875 1.0 0.8671875 0.8234375
0 0.7703125 0.703125 0.59375 0.703125 0.59375 1.0 0.7703125 1.0 0.7703125 0.703125
0 0.9703125 0.821875 0.8515625 0.821875 0.8515625 1.0 0.9703125 1.0 0.9703125 0.821875
0 0.6140625 0.6984375 0.5265625 0.6984375 0.5265625 0.8453125 0.6140625 0.8453125 0.6140625 0.6984375
0 1.0 0.54375 0.7671875 0.54375 0.7671875 0.803125 1.0 0.803125 1.0 0.54375
0 0.96875 0.378125 0.8625 0.378125 0.8625 0.49375 0.96875 0.49375 0.96875 0.378125
0 0.75625 0.0015625 0.6875 0.0015625 0.6875 0.1328125 0.75625 0.1328125 0.75625 0.0015625
0 0.9203125 0.0015625 0.8515625 0.0015625 0.8515625 0.0296875 0.9203125 0.0296875 0.9203125 0.0015625
0 0.0359375 0.5671875 0.0015625 0.5671875 0.0015625 0.6953125 0.0359375 0.6953125 0.0359375 0.5671875
0 0.8921875 0.2078125 0.725 0.2078125 0.725 0.4125 0.8921875 0.4125 0.8921875 0.2078125
0 0.6703125 0.0015625 0.0015625 0.0015625 0.0015625 1.0 0.6703125 1.0 0.6703125 0.0015625
0 0.5625 0.209375 0.4703125 0.209375 0.4703125 0.6140625 0.5625 0.6140625 0.5625 0.209375
0 0.7203125 0.421875 0.6328125 0.421875 0.6328125 0.5703125 0.7203125 0.5703125 0.7203125 0.421875
0 0.4828125 0.2671875 0.3765625 0.2671875 0.3765625 0.453125 0.4828125 0.453125 0.4828125 0.2671875
0 0.5984375 0.0015625 0.5328125 0.0015625 0.5328125 0.2796875 0.5984375 0.2796875 0.5984375 0.0015625
0 0.6578125 0.0015625 0.625 0.0015625 0.625 0.1578125 0.6578125 0.1578125 0.6578125 0.0015625
0 0.9875 0.6625 0.7890625 0.6625 0.7890625 0.7140625 0.9875 0.7140625 0.9875 0.6625
0 0.778125 0.2921875 0.721875 0.2921875 0.721875 0.5765625 0.778125 0.5765625 0.778125 0.2921875
0 0.94375 0.0015625 0.7765625 0.0015625 0.7765625 0.1640625 0.94375 0.1640625 0.94375 0.0015625
0 0.7125 0.0015625 0.6875 0.0015625 0.6875 0.053125 0.7125 0.053125 0.7125 0.0015625
0 0.6046875 0.5375 0.4546875 0.5375 0.4546875 1.0 0.6046875 1.0 0.6046875 0.5375
