0 0.20625 0.078125 0.11875 0.078125 0.11875 0.296875 0.20625 0.296875 0.20625 0.078125
0 0.5359375 0.290625 0.0015625 0.290625 0.0015625 1.0 0.5359375 1.0 0.5359375 0.290625
0 0.25625 0.15 0.0015625 0.15 0.0015625 0.5796875 0.25625 0.5796875 0.25625 0.15
0 0.103125 0.0015625 0.0015625 0.0015625 0.0015625 0.1875 0.103125 0.1875 0.103125 0.0015625
0 0.2078125 0.5140625 0.0015625 0.5140625 0.0015625 0.7296875 0.2078125 0.7296875 0.2078125 0.5140625
0 0.6265625 0.5625 0.553125 0.5625 0.553125 0.746875 0.6265625 0.746875 0.6265625 0.5625
0 0.528125 0.0015625 0.1828125 0.0015625 0.1828125 0.2765625 0.528125 0.2765625 0.528125 0.0015625
0 0.4359375 0.0015625 0.3375 0.0015625 0.3375 0.1203125 0.4359375 0.1203125 0.4359375 0.0015625
0 0.2953125 0.0015625 0.178125 0.0015625 0.178125 0.0859375 0.2953125 0.0859375 0.2953125 0.0015625
0 0.5796875 0.0015625 0.0015625 0.0015625 0.0015625 1.0 0.5796875 1.0 0.5796875 0.0015625
0 0.346875 0.978125 0.3296875 0.978125 0.3296875 1.0 0.346875 1.0 0.346875 0.978125
0 0.684375 0.55 0.4015625 0.55 0.4015625 1.0 0.684375 1.0 0.684375 0.55
0 0.5484375 0.2015625 0.29375 0.2015625 0.29375 0.6203125 0.5484375 0.6203125 0.5484375 0.2015625
0 0.1890625 0.0015625 0.0015625 0.0015625 0.0015625 0.440625 0.1890625 0.440625 0.1890625 0.0015625
0 0.1140625 0.2421875 0.0359375 0.2421875 0.0359375 0.3734375 0.1140625 0.3734375 0.1140625 0.2421875
0 0.28125 0.0234375 0.2 0.0234375 0.2 0.1578125 0.28125 0.1578125 0.28125 0.0234375
