0 0.3078125 0.79375 0.2109375 0.79375 0.2109375 0.9484375 0.3078125 0.9484375 0.3078125 0.79375
0 0.975 0.7578125 0.8421875 0.7578125 0.8421875 0.921875 0.975 0.921875 0.975 0.7578125
0 0.5859375 0.9109375 0.4921875 0.9109375 0.4921875 1.0 0.5859375 1.0 0.5859375 0.9109375
0 0.1265625 0.9296875 0.04375 0.9296875 0.04375 1.0 0.1265625 1.0 0.1265625 0.9296875
0 0.1109375 0.6796875 0.0015625 0.6796875 0.0015625 0.796875 0.1109375 0.796875 0.1109375 0.6796875
0 0.040625 0.384375 0.0015625 0.384375 0.0015625 0.609375 0.040625 0.609375 0.040625 0.384375
0 0.3234375 0.3296875 0.1453125 0.3296875 0.1453125 0.5859375 0.3234375 0.5859375 0.3234375 0.3296875
0 0.559375 0.5625 0.35625 0.5625 0.35625 0.7796875 0.559375 0.7796875 0.559375 0.5625
0 0.775 0.26875 0.5171875 0.26875 0.5171875 0.56875 0.775 0.56875 0.775 0.26875
0 0.8828125 0.39375 0.8078125 0.39375 0.8078125 0.590625 0.8828125 0.590625 0.8828125 0.39375
0 0.50625 0.8046875 0.384375 0.8046875 0.384375 0.9515625 0.50625 0.9515625 0.50625 0.8046875
0 0.0109375 0.0015625 0.0015625 0.0015625 0.0015625 0.0171875 0.0109375 0.0171875 0.0109375 0.0015625
0 0.259375 0.9421875 0.178125 0.9421875 0.178125 1.0 0.259375 1.0 0.259375 0.9421875
0 0.8671875 0.403125 0.76875 0.403125 0.76875 0.590625 0.8671875 0.590625 0.8671875 0.403125
0 0.0546875 0.9921875 0.0421875 0.9921875 0.0421875 1.0 0.0546875 1.0 0.0546875 0.9921875
0 0.78125 0.7921875 0.5859375 0.7921875 0.5859375 0.9765625 0.78125 0.9765625 0.78125 0.7921875
0 0.9625 0.0015625 0.871875 0.0015625 0.871875 0.140625 0.9625 0.140625 0.9625 0.0015625
0 0.428125 0.99375 0.3984375 0.99375 0.3984375 1.0 0.428125 1.0 0.428125 0.99375
0 0.6453125 0.9640625 0.5734375 0.9640625 0.5734375 1.0 0.6453125 1.0 0.6453125 0.9640625
0 0.190625 0.884375 0.1140625 0.884375 0.1140625 1.0 0.190625 1.0 0.190625 0.884375
0 0.1140625 0.771875 0.0015625 0.771875 0.0015625 0.9328125 0.1140625 0.9328125 0.1140625 0.771875
0 0.4609375 0.6296875 0.2875 0.6296875 0.2875 0.9234375 0.4609375 0.9234375 0.4609375 0.6296875
0 0.271875 0.6078125 0.1484375 0.6078125 0.1484375 0.7796875 0.271875 0.7796875 0.271875 0.6078125
0 0.190625 0.4984375 0.0015625 0.4984375 0.0015625 0.6296875 0.190625 0.6296875 0.190625 0.4984375
0 0.075 0.178125 0.0140625 0.178125 0.0140625 0.33125 0.075 0.33125 0.075 0.178125
0 0.5578125 0.0015625 0.396875 0.0015625 0.396875 0.05 0.5578125 0.05 0.5578125 0.0015625
0 0.2 0.0015625 0.0828125 0.0015625 0.0828125 0.084375 0.2 0.084375 0.2 0.0015625
0 0.31875 0.0015625 0.2109375 0.0015625 0.2109375 0.0265625 0.31875 0.0265625 0.31875 0.0015625
0 0.6703125 0.0015625 0.590625 0.0015625 0.590625 0.00625 0.6703125 0.00625 0.6703125 0.0015625
0 0.909375 0.6078125 0.8234375 0.6078125 0.8234375 0.8375 0.909375 0.8375 0.909375 0.6078125
0 0.73125 0.7296875 0.5875 0.7296875 0.5875 0.8625 0.73125 0.8625 0.73125 0.7296875
0 0.78125 0.5 0.4890625 0.5 0.4890625 0.7609375 0.78125 0.7609375 0.78125 0.5
0 0.7875 0.278125 0.6640625 0.278125 0.6640625 0.384375 0.7875 0.384375 0.7875 0.278125
0 0.6953125 0.0671875 0.5453125 0.0671875 0.5453125 0.190625 0.6953125 0.190625 0.6953125 0.0671875
0 0.8734375 0.0015625 0.775 0.0015625 0.775 0.08125 0.8734375 0.08125 0.8734375 0.0015625
0 0.9609375 0.425 0.85 0.425 0.85 0.61875 0.9609375 0.61875 0.9609375 0.425
0 0.2828125 0.965625 0.2375 0.965625 0.2375 1.0 0.2828125 1.0 0.2828125 0.965625
0 0.1515625 0.56875 0.009375 0.56875 0.009375 0.640625 0.1515625 0.640625 0.1515625 0.56875
0 0.1484375 0.0046875 0.0015625 0.0046875 0.0015625 0.340625 0.1484375 0.340625 0.1484375 0.0046875
0 0.7015625 0.1359375 0.228125 0.1359375 0.228125 0.4859375 0.7015625 0.4859375 0.7015625 0.1359375
0 0.7765625 0.928125 0.6828125 0.928125 0.6828125 1.0 0.7765625 1.0 0.7765625 0.928125
0 1.0 0.3953125 0.8484375 0.3953125 0.8484375 0.8078125 1.0 0.8078125 1.0 0.3953125
0 0.909375 0.059375 0.8203125 0.059375 0.8203125 0.1890625 0.909375 0.1890625 0.909375 0.059375
0 0.8421875 0.615625 0.734375 0.615625 0.734375 0.821875 0.8421875 0.821875 0.8421875 0.615625
0 0.425 0.903125 0.259375 0.903125 0.259375 1.0 0.425 1.0 0.425 0.903125
0 0.1203125 0.8359375 0.0015625 0.8359375 0.0015625 0.946875 0.1203125 0.946875 0.1203125 0.8359375
0 0.5296875 0.665625 0.4171875 0.665625 0.4171875 0.8203125 0.5296875 0.8203125 0.5296875 0.665625
