0 0.3546875 0.84375 0.215625 0.84375 0.215625 1.0 0.3546875 1.0 0.3546875 0.84375
0 0.1109375 0.825 0.0015625 0.825 0.0015625 1.0 0.1109375 1.0 0.1109375 0.825
0 0.890625 0.215625 0.7890625 0.215625 0.7890625 0.48125 0.890625 0.48125 0.890625 0.215625
0 0.9890625 0.8078125 0.7453125 0.8078125 0.7453125 1.0 0.9890625 1.0 0.9890625 0.8078125
0 1.0 0.584375 0.915625 0.584375 0.915625 0.79375 1.0 0.79375 1.0 0.584375
0 0.9125 0.6453125 0.734375 0.6453125 0.734375 0.803125 0.9125 0.803125 0.9125 0.6453125
0 0.85625 0.440625 0.7515625 0.440625 0.7515625 0.575 0.85625 0.575 0.85625 0.440625
0 0.953125 0.3390625 0.8171875 0.3390625 0.8171875 0.4859375 0.953125 0.4859375 0.953125 0.3390625
0 0.790625 0.009375 0.575 0.009375 0.575 0.365625 0.790625 0.365625 0.790625 0.009375
0 0.596875 0.0015625 0.4328125 0.0015625 0.4328125 0.203125 0.596875 0.203125 0.596875 0.0015625
0 0.4546875 0.0015625 0.321875 0.0015625 0.321875 0.021875 0.4546875 0.021875 0.4546875 0.0015625
0 0.546875 0.959375 0.4984375 0.959375 0.4984375 1.0 0.546875 1.0 0.546875 0.959375
0 0.5046875 0.675 0.403125 0.675 0.403125 0.8828125 0.5046875 0.8828125 0.5046875 0.675
0 0.753125 0.3390625 0.6515625 0.3390625 0.6515625 0.43125 0.753125 0.43125 0.753125 0.3390625
0 0.26875 0.8359375 0.1 0.8359375 0.1 1.0 0.26875 1.0 0.26875 0.8359375
0 0.5125 0.0015625 0.375 0.0015625 0.375 0.0890625 0.5125 0.0890625 0.5125 0.0015625
0 0.7203125 0.728125 0.5984375 0.728125 0.5984375 1.0 0.7203125 1.0 0.7203125 0.728125
0 0.3359375 0.5234375 0.18125 0.5234375 0.18125 0.69375 0.3359375 0.69375 0.3359375 0.5234375
0 0.225 0.3453125 0.0953125 0.3453125 0.0953125 0.5 0.225 0.5 0.225 0.3453125
0 0.565625 0.8109375 0.3515625 0.8109375 0.3515625 1.0 0.565625 1.0 0.565625 0.8109375
0 0.1625 0.8140625 0.0203125 0.8140625 0.0203125 1.0 0.1625 1.0 0.1625 0.8140625
0 0.828125 0.225 0.7515625 0.225 0.7515625 0.378125 0.828125 0.378125 0.828125 0.225
0 0.9796875 0.1203125 0.871875 0.1203125 0.871875 0.2796875 0.9796875 0.2796875 0.9796875 0.1203125
0 0.3875 0.85625 0.2421875 0.85625 0.2421875 1.0 0.3875 1.0 0.3875 0.85625
0 0.5140625 0.9984375 0.5078125 0.9984375 0.5078125 1.0 0.5140625 1.0 0.5140625 0.9984375
0 0.4828125 0.7859375 0.4 0.7859375 0.4 1.0 0.4828125 1.0 0.4828125 0.7859375
0 0.1390625 0.575 0.0265625 0.575 0.0265625 0.7578125 0.1390625 0.7578125 0.1390625 0.575
0 1.0 0.0625 0.9265625 0.0625 0.9265625 0.1734375 1.0 0.1734375 1.0 0.0625
0 1.0 0.7453125 0.7703125 0.7453125 0.7703125 1.0 1.0 1.0 1.0 0.7453125
0 0.8625 0.3734375 0.6171875 0.3734375 0.6171875 0.709375 0.8625 0.709375 0.8625 0.3734375
0 0.1734375 0.390625 0.08125 0.390625 0.08125 0.6046875 0.1734375 0.6046875 0.1734375 0.390625
0 1.0 0.384375 0.878125 0.384375 0.878125 0.5734375 1.0 0.5734375 1.0 0.384375
0 0.66875 0.071875 0.3546875 0.071875 0.3546875 0.4046875 0.66875 0.4046875 0.66875 0.071875
0 0.3828125 0.1796875 0.13125 0.1796875 0.13125 0.2734375 0.3828125 0.2734375 0.3828125 0.1796875
0 0.2609375 0.0015625 0.1453125 0.0015625 0.1453125 0.05 0.2609375 0.05 0.2609375 0.0015625
0 0.5640625 0.0015625 0.5140625 0.0015625 0.5140625 0.065625 0.5640625 0.065625 0.5640625 0.0015625
0 0.8390625 0.0015625 0.79375 0.0015625 0.79375 0.0078125 0.8390625 0.0078125 0.8390625 0.0015625
0 0.934375 0.328125 0.825 0.328125 0.825 0.4125 0.934375 0.4125 0.934375 0.328125
0 0.0515625 0.78125 0.0015625 0.78125 0.0015625 0.8375 0.0515625 0.8375 0.0515625 0.78125
0 0.2703125 0.365625 0.1671875 0.365625 0.1671875 0.503125 0.2703125 0.503125 0.2703125 0.365625
0 0.025 0.315625 0.0015625 0.315625 0.0015625 0.55 0.025 0.55 0.025 0.315625
0 0.8140625 0.309375 0.7109375 0.309375 0.7109375 0.4421875 0.8140625 0.4421875 0.8140625 0.309375
0 0.93125 0.1828125 0.7296875 0.1828125 0.7296875 0.3625 0.93125 0.3625 0.93125 0.1828125
0 1.0 0.0015625 0.634375 0.0015625 0.634375 0.25625 1.0 0.25625 1.0 0.0015625
0 0.1046875 0.353125 0.05 0.353125 0.05 0.5953125 0.1046875 0.5953125 0.1046875 0.353125
0 1.0 0.2421875 0.9203125 0.2421875 0.9203125 0.3484375 1.0 0.3484375 1.0 0.2421875
0 1.0 0.0390625 0.9421875 0.0390625 0.9421875 0.1 1.0 0.1 1.0 0.0390625
0 0.9828125 0.0015625 0.975 0.0015625 0.975 0.009375 0.9828125 0.009375 0.9828125 0.0015625
0 0.4125 0.3734375 0.328125 0.3734375 0.328125 0.534375 0.4125 0.534375 0.4125 0.3734375
0 0.3640625 0.296875 0.2078125 0.296875 0.2078125 0.553125 0.3640625 0.553125 0.3640625 0.296875
0 0.9015625 0.0015625 0.8453125 0.0015625 0.8453125 0.009375 0.9015625 0.009375 0.9015625 0.0015625
0 1.0 0.6359375 1.0 0.6359375 1.0 0.6375 1.0 0.6375 1.0 0.6359375
0 0.9375 0.7390625 0.771875 0.7390625 0.771875 0.84375 0.9375 0.84375 0.9375 0.7390625
0 0.80625 0.54375 0.571875 0.54375 0.571875 0.8140625 0.80625 0.8140625 0.80625 0.54375
0 0.9375 0.4109375 0.8390625 0.4109375 0.8390625 0.5859375 0.9375 0.5859375 0.9375 0.4109375
0 0.6921875 0.0328125 0.5640625 0.0328125 0.5640625 0.2609375 0.6921875 0.2609375 0.6921875 0.0328125
0 0.178125 0.321875 0.0015625 0.321875 0.0015625 0.546875 0.178125 0.546875 0.178125 0.321875
0 0.59375 0.6546875 0.446875 0.6546875 0.446875 1.0 0.59375 1.0 0.59375 0.6546875
0 0.0234375 0.5453125 0.0015625 0.5453125 0.0015625 0.628125 0.0234375 0.628125 0.0234375 0.5453125
0 0.4625 0.2796875 0.0015625 0.2796875 0.0015625 0.4 0.4625 0.4 0.4625 0.2796875
0 0.134375 0.7453125 0.04375 0.7453125 0.04375 0.853125 0.134375 0.853125 0.134375 0.7453125
0 0.165625 0.0015625 0.0015625 0.0015625 0.0015625 0.2328125 0.165625 0.2328125 0.165625 0.0015625
0 0.8828125 0.996875 0.8625 0.996875 0.8625 1.0 0.8828125 1.0 0.8828125 0.996875
0 0.6390625 0.5296875 0.4421875 0.5296875 0.4421875 0.7953125 0.6390625 0.7953125 0.6390625 0.5296875
0 0.8234375 0.853125 0.7375 0.853125 0.7375 0.9640625 0.8234375 0.9640625 0.8234375 0.853125
0 1.0 0.4921875 0.9078125 0.4921875 0.9078125 0.6625 1.0 0.6625 1.0 0.4921875
0 0.934375 0.484375 0.815625 0.484375 0.815625 0.75625 0.934375 0.75625 0.934375 0.484375
0 0.8734375 0.0765625 0.6921875 0.0765625 0.6921875 0.2109375 0.8734375 0.2109375 0.8734375 0.0765625
0 0.0796875 0.584375 0.0015625 0.584375 0.0015625 0.7875 0.0796875 0.7875 0.0796875 0.584375
0 0.3203125 0.4921875 0.0734375 0.4921875 0.0734375 0.946875 0.3203125 0.946875 0.3203125 0.4921875
0 0.459375 0.51875 0.31875 0.51875 0.31875 0.6234375 0.459375 0.6234375 0.459375 0.51875
0 0.1046875 0.4859375 0.0109375 0.4859375 0.0109375 0.63125 0.1046875 0.63125 0.1046875 0.4859375
