0 0.1796875 0.9765625 0.1296875 0.9765625 0.1296875 1.0 0.1796875 1.0 0.1796875 0.9765625
0 0.015625 0.9078125 0.0015625 0.9078125 0.0015625 1.0 0.015625 1.0 0.015625 0.9078125
0 0.190625 0.74375 0.0703125 0.74375 0.0703125 0.9328125 0.190625 0.9328125 0.190625 0.74375
0 0.13125 0.4921875 0.0015625 0.4921875 0.0015625 0.6125 0.13125 0.6125 0.13125 0.4921875
0 0.5828125 0.146875 0.5125 0.146875 0.5125 0.5703125 0.5828125 0.5703125 0.5828125 0.146875
0 0.0359375 0.759375 0.0015625 0.759375 0.0015625 0.909375 0.0359375 0.909375 0.0359375 0.759375
0 0.1296875 0.871875 0.0734375 0.871875 0.0734375 1.0 0.1296875 1.0 0.1296875 0.871875
0 0.028125 0.7265625 0.0015625 0.7265625 0.0015625 0.7765625 0.028125 0.7765625 0.028125 0.7265625
0 0.0578125 0.5296875 0.0015625 0.5296875 0.0015625 0.665625 0.0578125 0.665625 0.0578125 0.5296875
0 0.3140625 0.571875 0.2234375 0.571875 0.2234375 0.7515625 0.3140625 0.7515625 0.3140625 0.571875
0 0.86875 1.0 0.8609375 1.0 0.8609375 1.0 0.86875 1.0 0.86875 1.0
0 0.08125 0.0015625 0.0015625 0.0015625 0.0015625 0.2328125 0.08125 0.2328125 0.08125 0.0015625
0 0.1265625 0.671875 0.009375 0.671875 0.009375 1.0 0.1265625 1.0 0.1265625 0.671875
0 0.971875 0.0015625 0.0015625 0.0015625 0.0015625 1.0 0.971875 1.0 0.971875 0.0015625
0 0.190625 0.840625 0.1125 0.840625 0.1125 0.984375 0.190625 0.984375 0.190625 0.840625
0 0.990625 0.86875 0.878125 0.86875 0.878125 1.0 0.990625 1.0 0.990625 0.86875
0 1.0 0.0015625 0.978125 0.0015625 0.978125 0.2421875 1.0 0.2421875 1.0 0.0015625
