0 0.871875 0.6890625 0.684375 0.6890625 0.684375 0.940625 0.871875 0.940625 0.871875 0.6890625
0 0.05625 0.8140625 0.0015625 0.8140625 0.0015625 0.8625 0.05625 0.8625 0.05625 0.8140625
0 0.8625 0.0015625 0.784375 0.0015625 0.784375 0.125 0.8625 0.125 0.8625 0.0015625
0 1.0 0.303125 0.99375 0.303125 0.99375 0.3171875 1.0 0.3171875 1.0 0.303125
0 0.990625 0.0015625 0.91875 0.0015625 0.91875 0.215625 0.990625 0.215625 0.990625 0.0015625
0 0.8015625 0.0015625 0.64375 0.0015625 0.64375 0.1859375 0.8015625 0.1859375 0.8015625 0.0015625
0 0.9296875 0.9796875 0.8953125 0.9796875 0.8953125 1.0 0.9296875 1.0 0.9296875 0.9796875
0 1.0 0.3609375 0.9578125 0.3609375 0.9578125 0.4828125 1.0 0.4828125 1.0 0.3609375
0 0.034375 0.165625 0.0015625 0.165625 0.0015625 0.19375 0.034375 0.19375 0.034375 0.165625
0 0.803125 0.2859375 0.6703125 0.2859375 0.6703125 0.4359375 0.803125 0.4359375 0.803125 0.2859375
0 0.521875 0.8203125 0.3796875 0.8203125 0.3796875 1.0 0.521875 1.0 0.521875 0.8203125
0 0.0453125 0.93125 0.0015625 0.93125 0.0015625 1.0 0.0453125 1.0 0.0453125 0.93125
0 0.653125 0.0015625 0.571875 0.0015625 0.571875 0.1046875 0.653125 0.1046875 0.653125 0.0015625
0 1.0 0.48125 0.99375 0.48125 0.99375 0.6359375 1.0 0.6359375 1.0 0.48125
0 0.7953125 0.2 0.703125 0.2 0.703125 0.3046875 0.7953125 0.3046875 0.7953125 0.2
0 0.7328125 0.096875 0.5765625 0.096875 0.5765625 0.3171875 0.7328125 0.3171875 0.7328125 0.096875
0 0.5828125 0.95625 0.5015625 0.95625 0.5015625 1.0 0.5828125 1.0 0.5828125 0.95625
0 0.128125 0.121875 0.0015625 0.121875 0.0015625 0.2546875 0.128125 0.2546875 0.128125 0.121875
0 0.3046875 0.990625 0.2234375 0.990625 0.2234375 1.0 0.3046875 1.0 0.3046875 0.990625
0 0.625 0.9765625 0.58125 0.9765625 0.58125 1.0 0.625 1.0 0.625 0.9765625
0 0.8140625 0.796875 0.6703125 0.796875 0.6703125 0.9453125 0.8140625 0.9453125 0.8140625 0.796875
0 1.0 0.765625 0.871875 0.765625 0.871875 0.9265625 1.0 0.9265625 1.0 0.765625
0 0.33125 0.76875 0.2390625 0.76875 0.2390625 0.9109375 0.33125 0.9109375 0.33125 0.76875
0 0.7015625 0.5265625 0.5734375 0.5265625 0.5734375 0.684375 0.7015625 0.684375 0.7015625 0.5265625
0 0.7765625 0.3390625 0.6125 0.3390625 0.6125 0.46875 0.7765625 0.46875 0.7765625 0.3390625
0 1.0 0.196875 0.959375 0.196875 0.959375 0.2734375 1.0 0.2734375 1.0 0.196875
0 0.715625 0.021875 0.55625 0.021875 0.55625 0.1640625 0.715625 0.1640625 0.715625 0.021875
0 0.2796875 0.0015625 0.19375 0.0015625 0.19375 0.1203125 0.2796875 0.1203125 0.2796875 0.0015625
0 0.503125 0.965625 0.4046875 0.965625 0.4046875 1.0 0.503125 1.0 0.503125 0.965625
0 0.0140625 0.8921875 0.0015625 0.8921875 0.0015625 0.9515625 0.0140625 0.9515625 0.0140625 0.8921875
0 0.353125 0.9546875 0.2890625 0.9546875 0.2890625 1.0 0.353125 1.0 0.353125 0.9546875
0 0.4921875 0.5609375 0.225 0.5609375 0.225 0.91875 0.4921875 0.91875 0.4921875 0.5609375
0 0.24375 0.59375 0.0609375 0.59375 0.0609375 0.84375 0.24375 0.84375 0.24375 0.59375
0 0.1609375 0.546875 0.0015625 0.546875 0.0015625 0.753125 0.1609375 0.753125 0.1609375 0.546875
0 0.4 0.0015625 0.0015625 0.0015625 0.0015625 0.2 0.4 0.2 0.4 0.0015625
0 0.575 0.0015625 0.5515625 0.0015625 0.5515625 0.0484375 0.575 0.0484375 0.575 0.0015625
0 0.853125 0.846875 0.7125 0.846875 0.7125 1.0 0.853125 1.0 0.853125 0.846875
0 0.8078125 0.4171875 0.6265625 0.4171875 0.6265625 0.8015625 0.8078125 0.8015625 0.8078125 0.4171875
0 1.0 0.634375 0.9421875 0.634375 0.9421875 0.7984375 1.0 0.7984375 1.0 0.634375
0 1.0 0.33125 0.88125 0.33125 0.88125 0.6125 1.0 0.6125 1.0 0.33125
0 1.0 0.0015625 0.9484375 0.0015625 0.9484375 0.0875 1.0 0.0875 1.0 0.0015625
0 1.0 0.2390625 0.915625 0.2390625 0.915625 0.365625 1.0 0.365625 1.0 0.2390625
0 0.35 0.2484375 0.1296875 0.2484375 0.1296875 0.528125 0.35 0.528125 0.35 0.2484375
0 0.825 0.9484375 0.73125 0.9484375 0.73125 1.0 0.825 1.0 0.825 0.9484375
0 0.6453125 0.6796875 0.4578125 0.6796875 0.4578125 1.0 0.6453125 1.0 0.6453125 0.6796875
0 0.2046875 0.5734375 0.0375 0.5734375 0.0375 0.725 0.2046875 0.725 0.2046875 0.5734375
0 0.6890625 0.4234375 0.4640625 0.4234375 0.4640625 0.6609375 0.6890625 0.6609375 0.6890625 0.4234375
0 0.29375 0.0703125 0.2171875 0.0703125 0.2171875 0.25625 0.29375 0.25625 0.29375 0.0703125
0 1.0 0.6015625 0.9125 0.6015625 0.9125 0.8109375 1.0 0.8109375 1.0 0.6015625
0 0.3546875 0.1140625 0.0015625 0.1140625 0.0015625 0.6921875 0.3546875 0.6921875 0.3546875 0.1140625
0 0.2890625 0.9453125 0.2265625 0.9453125 0.2265625 1.0 0.2890625 1.0 0.2890625 0.9453125
0 0.2078125 0.7171875 0.0015625 0.7171875 0.0015625 1.0 0.2078125 1.0 0.2078125 0.7171875
0 0.7125 0.0015625 0.20625 0.0015625 0.20625 0.5515625 0.7125 0.5515625 0.7125 0.0015625
0 0.165625 0.0015625 0.05625 0.0015625 0.05625 0.0171875 0.165625 0.0171875 0.165625 0.0015625
0 0.7765625 0.678125 0.590625 0.678125 0.590625 1.0 0.7765625 1.0 0.7765625 0.678125
0 0.9046875 0.871875 0.83125 0.871875 0.83125 1.0 0.9046875 1.0 0.9046875 0.871875
0 0.9375 0.6140625 0.8109375 0.6140625 0.8109375 0.815625 0.9375 0.815625 0.9375 0.6140625
0 0.6640625 0.5625 0.475 0.5625 0.475 0.825 0.6640625 0.825 0.6640625 0.5625
0 0.7 0.440625 0.60625 0.440625 0.60625 0.565625 0.7 0.565625 0.7 0.440625
0 0.9671875 0.0015625 0.6859375 0.0015625 0.6859375 0.45625 0.9671875 0.45625 0.9671875 0.0015625
0 0.75625 0.1734375 0.6234375 0.1734375 0.6234375 0.3375 0.75625 0.3375 0.75625 0.1734375
0 1.0 0.8703125 0.9 0.8703125 0.9 1.0 1.0 1.0 1.0 0.8703125
0 1.0 0.053125 0.9421875 0.053125 0.9421875 0.1796875 1.0 0.1796875 1.0 0.053125
