0 0.2421875 0.746875 0.046875 0.746875 0.046875 1.0 0.2421875 1.0 0.2421875 0.746875
0 0.9875 0.928125 0.8640625 0.928125 0.8640625 1.0 0.9875 1.0 0.9875 0.928125
0 1.0 0.7546875 0.8703125 0.7546875 0.8703125 0.9375 1.0 0.9375 1.0 0.7546875
0 0.2515625 0.0015625 0.1015625 0.0015625 0.1015625 0.203125 0.2515625 0.203125 0.2515625 0.0015625
0 0.1265625 0.0015625 0.0015625 0.0015625 0.0015625 0.1546875 0.1265625 0.1546875 0.1265625 0.0015625
0 0.125 0.5140625 0.0015625 0.5140625 0.0015625 0.665625 0.125 0.665625 0.125 0.5140625
0 1.0 0.525 0.9296875 0.525 0.9296875 0.6265625 1.0 0.6265625 1.0 0.525
0 0.246875 0.3828125 0.0984375 0.3828125 0.0984375 0.528125 0.246875 0.528125 0.246875 0.3828125
0 0.3015625 0.0015625 0.19375 0.0015625 0.19375 0.125 0.3015625 0.125 0.3015625 0.0015625
0 0.1453125 0.0015625 0.13125 0.0015625 0.13125 0.009375 0.1453125 0.009375 0.1453125 0.0015625
0 0.796875 0.5328125 0.7 0.5328125 0.7 0.703125 0.796875 0.703125 0.796875 0.5328125
0 0.9125 0.484375 0.7703125 0.484375 0.7703125 0.559375 0.9125 0.559375 0.9125 0.484375
0 0.7015625 0.6828125 0.575 0.6828125 0.575 0.8546875 0.7015625 0.8546875 0.7015625 0.6828125
0 0.20625 0.1296875 0.0015625 0.1296875 0.0015625 0.5140625 0.20625 0.5140625 0.20625 0.1296875
0 0.35625 0.28125 0.2453125 0.28125 0.2453125 0.4546875 0.35625 0.4546875 0.35625 0.28125
0 0.4296875 0.1046875 0.3484375 0.1046875 0.3484375 0.30625 0.4296875 0.30625 0.4296875 0.1046875
0 0.821875 0.85625 0.75625 0.85625 0.75625 1.0 0.821875 1.0 0.821875 0.85625
0 0.0140625 0.35 0.0015625 0.35 0.0015625 0.446875 0.0140625 0.446875 0.0140625 0.35
0 0.0171875 0.16875 0.0015625 0.16875 0.0015625 0.1984375 0.0171875 0.1984375 0.0171875 0.16875
0 0.6375 0.975 0.596875 0.975 0.596875 1.0 0.6375 1.0 0.6375 0.975
0 1.0 0.446875 0.6140625 0.446875 0.6140625 1.0 1.0 1.0 1.0 0.446875
0 0.6984375 0.8265625 0.521875 0.8265625 0.521875 0.9671875 0.6984375 0.9671875 0.6984375 0.8265625
0 0.7015625 0.5515625 0.5546875 0.5515625 0.5546875 0.75625 0.7015625 0.75625 0.7015625 0.5515625
0 0.225 0.490625 0.08125 0.490625 0.08125 0.6125 0.225 0.6125 0.225 0.490625
0 0.2453125 0.2484375 0.1125 0.2484375 0.1125 0.49375 0.2453125 0.49375 0.2453125 0.2484375
0 0.4046875 0.0015625 0.1390625 0.0015625 0.1390625 0.1640625 0.4046875 0.1640625 0.4046875 0.0015625
0 0.0703125 0.0015625 0.0015625 0.0015625 0.0015625 0.1234375 0.0703125 0.1234375 0.0703125 0.0015625
0 0.85 0.88125 0.7953125 0.88125 0.7953125 1.0 0.85 1.0 0.85 0.88125
0 0.421875 0.0015625 0.403125 0.0015625 0.403125 0.0203125 0.421875 0.0203125 0.421875 0.0015625
0 0.7109375 0.5828125 0.5625 0.5828125 0.5625 0.853125 0.7109375 0.853125 0.7109375 0.5828125
0 0.0046875 0.990625 0.0015625 0.990625 0.0015625 1.0 0.0046875 1.0 0.0046875 0.990625
0 0.0984375 0.2078125 0.0015625 0.2078125 0.0015625 0.46875 0.0984375 0.46875 0.0984375 0.2078125
0 0.078125 0.0015625 0.06875 0.0015625 0.06875 0.028125 0.078125 0.028125 0.078125 0.0015625
0 0.65625 0.8640625 0.5390625 0.8640625 0.5390625 1.0 0.65625 1.0 0.65625 0.8640625
0 0.7515625 0.8578125 0.684375 0.8578125 0.684375 1.0 0.7515625 1.0 0.7515625 0.8578125
0 0.35 0.4375 0.1359375 0.4375 0.1359375 0.5859375 0.35 0.5859375 0.35 0.4375
0 0.878125 0.4 0.7203125 0.4 0.7203125 0.521875 0.878125 0.521875 0.878125 0.4
0 0.4046875 0.0703125 0.2140625 0.0703125 0.2140625 0.41875 0.4046875 0.41875 0.4046875 0.0703125
0 0.5140625 0.1796875 0.3875 0.1796875 0.3875 0.3 0.5140625 0.3 0.5140625 0.1796875
0 1.0 0.628125 0.8359375 0.628125 0.8359375 0.9671875 1.0 0.9671875 1.0 0.628125
0 0.8265625 0.0015625 0.75625 0.0015625 0.75625 0.0984375 0.8265625 0.0984375 0.8265625 0.0015625
0 0.0171875 0.5640625 0.0015625 0.5640625 0.0015625 0.5921875 0.0171875 0.5921875 0.0171875 0.5640625
0 0.03125 0.6921875 0.0015625 0.6921875 0.0015625 0.78125 0.03125 0.78125 0.03125 0.6921875
0 0.165625 0.2390625 0.0015625 0.2390625 0.0015625 0.5625 0.165625 0.5625 0.165625 0.2390625
0 0.0296875 0.2625 0.0015625 0.2625 0.0015625 0.3140625 0.0296875 0.3140625 0.0296875 0.2625
0 0.034375 0.146875 0.0015625 0.146875 0.0015625 0.1734375 0.034375 0.1734375 0.034375 0.146875
0 0.5046875 0.94375 0.375 0.94375 0.375 1.0 0.5046875 1.0 0.5046875 0.94375
0 0.3015625 0.6484375 0.1046875 0.6484375 0.1046875 1.0 0.3015625 1.0 0.3015625 0.6484375
0 0.821875 0.3015625 0.5078125 0.3015625 0.5078125 0.4171875 0.821875 0.4171875 0.821875 0.3015625
0 0.26875 0.0890625 0.10625 0.0890625 0.10625 0.2265625 0.26875 0.2265625 0.26875 0.0890625
0 0.1 0.0015625 0.0796875 0.0015625 0.0796875 0.040625 0.1 0.040625 0.1 0.0015625
0 0.909375 0.915625 0.8453125 0.915625 0.8453125 1.0 0.909375 1.0 0.909375 0.915625
0 1.0 0.8546875 0.915625 0.8546875 0.915625 1.0 1.0 1.0 1.0 0.8546875
0 1.0 0.61875 0.95 0.61875 0.95 0.74375 1.0 0.74375 1.0 0.61875
0 0.46875 0.29375 0.0015625 0.29375 0.0015625 1.0 0.46875 1.0 0.46875 0.29375
0 0.4265625 0.8265625 0.3109375 0.8265625 0.3109375 1.0 0.4265625 1.0 0.4265625 0.8265625
0 0.5015625 0.9984375 0.5 0.9984375 0.5 1.0 0.5015625 1.0 0.5015625 0.9984375
0 0.5671875 0.7765625 0.45625 0.7765625 0.45625 1.0 0.5671875 1.0 0.5671875 0.7765625
0 0.50625 0.0015625 0.39375 0.0015625 0.39375 0.1328125 0.50625 0.1328125 0.50625 0.0015625
0 1.0 0.0015625 0.528125 0.0015625 0.528125 0.84375 1.0 0.84375 1.0 0.0015625
