0 0.0140625 0.671875 0.0015625 0.671875 0.0015625 0.828125 0.0140625 0.828125 0.0140625 0.671875
0 1.0 0.4390625 0.90625 0.4390625 0.90625 1.0 1.0 1.0 1.0 0.4390625
0 0.7984375 0.0734375 0.675 0.0734375 0.675 0.3140625 0.7984375 0.3140625 0.7984375 0.0734375
0 0.8828125 0.6765625 0.7578125 0.6765625 0.7578125 1.0 0.8828125 1.0 0.8828125 0.6765625
0 1.0 0.0015625 0.8078125 0.0015625 0.8078125 0.4109375 1.0 0.4109375 1.0 0.0015625
0 0.7875 0.975 0.759375 0.975 0.759375 1.0 0.7875 1.0 0.7875 0.975
0 0.546875 0.7609375 0.45625 0.7609375 0.45625 0.9296875 0.546875 0.9296875 0.546875 0.7609375
0 0.9296875 0.0484375 0.0015625 0.0484375 0.0015625 1.0 0.9296875 1.0 0.9296875 0.0484375
0 0.4203125 0.0015625 0.3828125 0.0015625 0.3828125 0.096875 0.4203125 0.096875 0.4203125 0.0015625
0 0.928125 0.5828125 0.7765625 0.5828125 0.7765625 1.0 0.928125 1.0 0.928125 0.5828125
0 1.0 0.2984375 0.8890625 0.2984375 0.8890625 0.503125 1.0 0.503125 1.0 0.2984375
