0 0.3140625 0.0828125 0.2359375 0.0828125 0.2359375 0.309375 0.3140625 0.309375 0.3140625 0.0828125
0 0.0125 0.8375 0.0015625 0.8375 0.0015625 0.9015625 0.0125 0.9015625 0.0125 0.8375
0 0.2484375 0.1078125 0.1 0.1078125 0.1 0.2359375 0.2484375 0.2359375 0.2484375 0.1078125
0 0.625 0.0015625 0.5484375 0.0015625 0.5484375 0.0984375 0.625 0.0984375 0.625 0.0015625
0 0.2546875 0.7125 0.0015625 0.7125 0.0015625 1.0 0.2546875 1.0 0.2546875 0.7125
0 0.4109375 0.0328125 0.0015625 0.0328125 0.0015625 0.7328125 0.4109375 0.7328125 0.4109375 0.0328125
0 0.490625 0.9546875 0.44375 0.9546875 0.44375 1.0 0.490625 1.0 0.490625 0.9546875
0 0.3125 0.89375 0.2171875 0.89375 0.2171875 1.0 0.3125 1.0 0.3125 0.89375
0 0.565625 0.4625 0.4390625 0.4625 0.4390625 0.5703125 0.565625 0.5703125 0.565625 0.4625
0 0.528125 0.140625 0.3015625 0.140625 0.3015625 0.5109375 0.528125 0.5109375 0.528125 0.140625
0 0.565625 0.0015625 0.0015625 0.0015625 0.0015625 0.121875 0.565625 0.121875 0.565625 0.0015625
0 1.0 0.521875 0.940625 0.521875 0.940625 0.75 1.0 0.75 1.0 0.521875
0 0.7015625 0.7359375 0.59375 0.7359375 0.59375 0.865625 0.7015625 0.865625 0.7015625 0.7359375
0 1.0 0.4828125 0.9453125 0.4828125 0.9453125 0.521875 1.0 0.521875 1.0 0.4828125
0 0.828125 0.378125 0.740625 0.378125 0.740625 0.56875 0.828125 0.56875 0.828125 0.378125
0 1.0 0.1546875 0.7984375 0.1546875 0.7984375 0.4875 1.0 0.4875 1.0 0.1546875
0 1.0 0.2 0.8390625 0.2 0.8390625 0.2828125 1.0 0.2828125 1.0 0.2
0 0.975 0.0015625 0.7828125 0.0015625 0.7828125 0.1828125 0.975 0.1828125 0.975 0.0015625
0 0.8671875 0.0015625 0.7765625 0.0015625 0.7765625 0.1078125 0.8671875 0.1078125 0.8671875 0.0015625
0 0.7796875 0.0015625 0.71875 0.0015625 0.71875 0.0703125 0.7796875 0.0703125 0.7796875 0.0015625
0 0.340625 0.6203125 0.2421875 0.6203125 0.2421875 0.9796875 0.340625 0.9796875 0.340625 0.6203125
0 0.3390625 0.459375 0.234375 0.459375 0.234375 0.553125 0.3390625 0.553125 0.3390625 0.459375
0 0.66875 0.7546875 0.5421875 0.7546875 0.5421875 0.95 0.66875 0.95 0.66875 0.7546875
0 0.8 0.48125 0.721875 0.48125 0.721875 0.65 0.8 0.65 0.8 0.48125
0 0.5515625 0.559375 0.4390625 0.559375 0.4390625 0.646875 0.5515625 0.646875 0.5515625 0.559375
0 0.621875 0.15625 0.4640625 0.15625 0.4640625 0.6140625 0.621875 0.6140625 0.621875 0.15625
0 0.65625 0.2171875 0.5796875 0.2171875 0.5796875 0.3484375 0.65625 0.3484375 0.65625 0.2171875
0 1.0 0.1453125 0.884375 0.1453125 0.884375 0.2265625 1.0 0.2265625 1.0 0.1453125
0 0.8 0.0671875 0.671875 0.0671875 0.671875 0.21875 0.8 0.21875 0.8 0.0671875
0 0.1625 0.575 0.0015625 0.575 0.0015625 0.7828125 0.1625 0.7828125 0.1625 0.575
0 0.0015625 0.978125 0.0015625 0.978125 0.0015625 0.9828125 0.0015625 0.9828125 0.0015625 0.978125
0 0.01875 0.4203125 0.0015625 0.4203125 0.0015625 0.4890625 0.01875 0.4890625 0.01875 0.4203125
0 0.45625 0.0015625 0.0015625 0.0015625 0.0015625 0.5015625 0.45625 0.5015625 0.45625 0.0015625
0 0.5265625 0.5921875 0.1625 0.5921875 0.1625 1.0 0.5265625 1.0 0.5265625 0.5921875
0 0.759375 0.721875 0.5046875 0.721875 0.5046875 1.0 0.759375 1.0 0.759375 0.721875
0 0.8828125 0.534375 0.678125 0.534375 0.678125 0.93125 0.8828125 0.93125 0.8828125 0.534375
0 0.6328125 0.45 0.33125 0.45 0.33125 0.8484375 0.6328125 0.8484375 0.6328125 0.45
0 0.2640625 0.64375 0.15 0.64375 0.15 0.796875 0.2640625 0.796875 0.2640625 0.64375
0 0.4359375 0.540625 0.33125 0.540625 0.33125 0.6984375 0.4359375 0.6984375 0.4359375 0.540625
0 0.746875 0.0015625 0.409375 0.0015625 0.409375 0.459375 0.746875 0.459375 0.746875 0.0015625
0 0.55625 0.2953125 0.453125 0.2953125 0.453125 0.434375 0.55625 0.434375 0.55625 0.2953125
0 0.15 0.3015625 0.0703125 0.3015625 0.0703125 0.4609375 0.15 0.4609375 0.15 0.3015625
0 0.8796875 0.2625 0.7421875 0.2625 0.7421875 0.4171875 0.8796875 0.4171875 0.8796875 0.2625
0 0.78125 0.140625 0.659375 0.140625 0.659375 0.328125 0.78125 0.328125 0.78125 0.140625
0 0.5515625 0.1296875 0.425 0.1296875 0.425 0.3015625 0.5515625 0.3015625 0.5515625 0.1296875
0 0.2015625 0.4828125 0.028125 0.4828125 0.028125 0.609375 0.2015625 0.609375 0.2015625 0.4828125
0 0.5578125 0.859375 0.4671875 0.859375 0.4671875 1.0 0.5578125 1.0 0.5578125 0.859375
0 0.821875 0.8734375 0.728125 0.8734375 0.728125 1.0 0.821875 1.0 0.821875 0.8734375
0 0.7671875 0.5203125 0.678125 0.5203125 0.678125 0.6453125 0.7671875 0.6453125 0.7671875 0.5203125
0 0.9421875 0.334375 0.8421875 0.334375 0.8421875 0.54375 0.9421875 0.54375 0.9421875 0.334375
0 0.7171875 0.15625 0.6296875 0.15625 0.6296875 0.4015625 0.7171875 0.4015625 0.7171875 0.15625
0 1.0 0.0015625 0.9171875 0.0015625 0.9171875 0.0421875 1.0 0.0421875 1.0 0.0015625
0 0.7171875 0.0015625 0.7 0.0015625 0.7 0.00625 0.7171875 0.00625 0.7171875 0.0015625
