0 0.3859375 0.8421875 0.16875 0.8421875 0.16875 1.0 0.3859375 1.0 0.3859375 0.8421875
0 0.5484375 0.675 0.4359375 0.675 0.4359375 0.803125 0.5484375 0.803125 0.5484375 0.675
0 0.85625 0.0015625 0.828125 0.0015625 0.828125 0.00625 0.85625 0.00625 0.85625 0.0015625
0 0.56875 0.0015625 0.0015625 0.0015625 0.0015625 1.0 0.56875 1.0 0.56875 0.0015625
0 0.5109375 0.0015625 0.2671875 0.0015625 0.2671875 0.0671875 0.5109375 0.0671875 0.5109375 0.0015625
0 0.1421875 0.96875 0.1234375 0.96875 0.1234375 1.0 0.1421875 1.0 0.1421875 0.96875
0 0.340625 0.825 0.1359375 0.825 0.1359375 0.9859375 0.340625 0.9859375 0.340625 0.825
0 0.2890625 0.3484375 0.0421875 0.3484375 0.0421875 0.7984375 0.2890625 0.7984375 0.2890625 0.3484375
0 0.9765625 0.0015625 0.55625 0.0015625 0.55625 0.10625 0.9765625 0.10625 0.9765625 0.0015625
0 0.25625 0.9890625 0.240625 0.9890625 0.240625 1.0 0.25625 1.0 0.25625 0.9890625
