0 0.36875 0.28125 0.1609375 0.28125 0.1609375 0.3890625 0.36875 0.3890625 0.36875 0.28125
0 0.7078125 0.0015625 0.625 0.0015625 0.625 0.040625 0.7078125 0.040625 0.7078125 0.0015625
0 0.9234375 0.3125 0.7046875 0.3125 0.7046875 0.49375 0.9234375 0.49375 0.9234375 0.3125
0 0.1703125 0.171875 0.0015625 0.171875 0.0015625 0.2484375 0.1703125 0.2484375 0.1703125 0.171875
0 0.153125 0.0015625 0.0296875 0.0015625 0.0296875 0.0171875 0.153125 0.0171875 0.153125 0.0015625
0 0.2 0.603125 0.0015625 0.603125 0.0015625 0.696875 0.2 0.696875 0.2 0.603125
0 0.4265625 0.3484375 0.346875 0.3484375 0.346875 0.6046875 0.4265625 0.6046875 0.4265625 0.3484375
0 0.271875 0.2171875 0.0171875 0.2171875 0.0171875 0.3125 0.271875 0.3125 0.271875 0.2171875
0 0.2640625 0.0015625 0.0015625 0.0015625 0.0015625 0.2203125 0.2640625 0.2203125 0.2640625 0.0015625
0 0.9109375 0.4578125 0.7421875 0.4578125 0.7421875 0.5546875 0.9109375 0.5546875 0.9109375 0.4578125
0 0.4015625 0.1890625 0.2953125 0.1890625 0.2953125 0.4046875 0.4015625 0.4046875 0.4015625 0.1890625
0 0.375 0.3484375 0.1921875 0.3484375 0.1921875 0.434375 0.375 0.434375 0.375 0.3484375
0 0.3984375 0.0015625 0.1125 0.0015625 0.1125 0.325 0.3984375 0.325 0.3984375 0.0015625
0 0.575 0.0015625 0.446875 0.0015625 0.446875 0.2453125 0.575 0.2453125 0.575 0.0015625
0 1.0 0.759375 0.9203125 0.759375 0.9203125 0.91875 1.0 0.91875 1.0 0.759375
0 0.946875 0.5515625 0.75625 0.5515625 0.75625 0.7625 0.946875 0.7625 0.946875 0.5515625
0 1.0 0.35 0.9578125 0.35 0.9578125 0.525 1.0 0.525 1.0 0.35
0 1.0 0.2265625 0.896875 0.2265625 0.896875 0.3015625 1.0 0.3015625 1.0 0.2265625
0 0.7765625 0.103125 0.6453125 0.103125 0.6453125 0.21875 0.7765625 0.21875 0.7765625 0.103125
0 1.0 0.0015625 0.978125 0.0015625 0.978125 0.0078125 1.0 0.0078125 1.0 0.0015625
0 0.090625 0.909375 0.0015625 0.909375 0.0015625 1.0 0.090625 1.0 0.090625 0.909375
0 0.0125 0.8 0.0015625 0.8 0.0015625 0.89375 0.0125 0.89375 0.0125 0.8
0 0.509375 0.621875 0.0015625 0.621875 0.0015625 1.0 0.509375 1.0 0.509375 0.621875
0 0.021875 0.553125 0.0015625 0.553125 0.0015625 0.6234375 0.021875 0.6234375 0.021875 0.553125
0 0.03125 0.2046875 0.0015625 0.2046875 0.0015625 0.2484375 0.03125 0.2484375 0.03125 0.2046875
0 0.0703125 0.0015625 0.0015625 0.0015625 0.0015625 0.0828125 0.0703125 0.0828125 0.0703125 0.0015625
0 0.8609375 0.5640625 0.5 0.5640625 0.5 0.7265625 0.8609375 0.7265625 0.8609375 0.5640625
0 0.484375 0.359375 0.36875 0.359375 0.36875 0.6203125 0.484375 0.6203125 0.484375 0.359375
0 0.721875 0.4421875 0.4984375 0.4421875 0.4984375 0.5328125 0.721875 0.5328125 0.721875 0.4421875
0 0.75 0.1796875 0.6015625 0.1796875 0.6015625 0.30625 0.75 0.30625 0.75 0.1796875
0 0.7578125 0.021875 0.609375 0.021875 0.609375 0.1796875 0.7578125 0.1796875 0.7578125 0.021875
0 1.0 0.0921875 0.8203125 0.0921875 0.8203125 0.615625 1.0 0.615625 1.0 0.0921875
0 0.6578125 0.1046875 0.5328125 0.1046875 0.5328125 0.240625 0.6578125 0.240625 0.6578125 0.1046875
0 1.0 0.35 0.9953125 0.35 0.9953125 0.359375 1.0 0.359375 1.0 0.35
0 0.0109375 0.8953125 0.0015625 0.8953125 0.0015625 0.965625 0.0109375 0.965625 0.0109375 0.8953125
0 0.1453125 0.54375 0.0015625 0.54375 0.0015625 0.646875 0.1453125 0.646875 0.1453125 0.54375
0 0.1296875 0.4109375 0.0015625 0.4109375 0.0015625 0.5515625 0.1296875 0.5515625 0.1296875 0.4109375
0 0.0796875 0.23125 0.0015625 0.23125 0.0015625 0.40625 0.0796875 0.40625 0.0796875 0.23125
0 0.1703125 0.253125 0.0546875 0.253125 0.0546875 0.415625 0.1703125 0.415625 0.1703125 0.253125
0 0.3328125 0.59375 0.1578125 0.59375 0.1578125 0.7640625 0.3328125 0.7640625 0.3328125 0.59375
0 0.79375 0.340625 0.5375 0.340625 0.5375 0.5953125 0.79375 0.5953125 0.79375 0.340625
0 0.45625 0.3609375 0.4015625 0.3609375 0.4015625 0.5046875 0.45625 0.5046875 0.45625 0.3609375
0 0.696875 0.0359375 0.553125 0.0359375 0.553125 0.19375 0.696875 0.19375 0.696875 0.0359375
0 0.4625 0.64375 0.25 0.64375 0.25 0.8984375 0.4625 0.8984375 0.4625 0.64375
0 1.0 0.0015625 0.7703125 0.0015625 0.7703125 0.1125 1.0 0.1125 1.0 0.0015625
0 0.7390625 0.725 0.48125 0.725 0.48125 0.8765625 0.7390625 0.8765625 0.7390625 0.725
0 1.0 0.49375 0.859375 0.49375 0.859375 0.678125 1.0 0.678125 1.0 0.49375
0 0.7421875 0.334375 0.621875 0.334375 0.621875 0.496875 0.7421875 0.496875 0.7421875 0.334375
0 0.8625 0.0890625 0.7265625 0.0890625 0.7265625 0.20625 0.8625 0.20625 0.8625 0.0890625
0 0.1796875 0.8890625 0.0421875 0.8890625 0.0421875 1.0 0.1796875 1.0 0.1796875 0.8890625
0 0.165625 0.4515625 0.0015625 0.4515625 0.0015625 0.553125 0.165625 0.553125 0.165625 0.4515625
0 0.215625 0.5578125 0.0703125 0.5578125 0.0703125 0.6703125 0.215625 0.6703125 0.215625 0.5578125
