0 0.0703125 0.0171875 0.0015625 0.0171875 0.0015625 0.175 0.0703125 0.175 0.0703125 0.0171875
0 0.26875 0.834375 0.0546875 0.834375 0.0546875 0.9734375 0.26875 0.9734375 0.26875 0.834375
0 0.5421875 0.79375 0.2015625 0.79375 0.2015625 0.965625 0.5421875 0.965625 0.5421875 0.79375
0 0.1296875 0.6046875 0.0015625 0.6046875 0.0015625 0.7984375 0.1296875 0.7984375 0.1296875 0.6046875
0 0.2625 0.4921875 0.153125 0.4921875 0.153125 0.640625 0.2625 0.640625 0.2625 0.4921875
0 0.05 0.3390625 0.0015625 0.3390625 0.0015625 0.4421875 0.05 0.4421875 0.05 0.3390625
0 0.271875 0.2015625 0.1578125 0.2015625 0.1578125 0.3578125 0.271875 0.3578125 0.271875 0.2015625
0 0.8703125 0.63125 0.7375 0.63125 0.7375 0.7953125 0.8703125 0.7953125 0.8703125 0.63125
0 0.103125 0.7328125 0.0015625 0.7328125 0.0015625 0.834375 0.103125 0.834375 0.103125 0.7328125
0 0.875 0.7734375 0.7390625 0.7734375 0.7390625 0.8375 0.875 0.8375 0.875 0.7734375
0 0.621875 0.609375 0.35625 0.609375 0.35625 0.8390625 0.621875 0.8390625 0.621875 0.609375
0 0.0875 0.3828125 0.0015625 0.3828125 0.0015625 0.49375 0.0875 0.49375 0.0875 0.3828125
0 0.9609375 0.3578125 0.85 0.3578125 0.85 0.5 0.9609375 0.5 0.9609375 0.3578125
0 0.23125 0.2984375 0.0640625 0.2984375 0.0640625 0.4953125 0.23125 0.4953125 0.23125 0.2984375
0 0.2703125 0.0515625 0.0671875 0.0515625 0.0671875 0.3203125 0.2703125 0.3203125 0.2703125 0.0515625
0 0.5859375 0.0015625 0.31875 0.0015625 0.31875 0.2828125 0.5859375 0.2828125 0.5859375 0.0015625
0 0.9453125 0.0015625 0.8796875 0.0015625 0.8796875 0.0625 0.9453125 0.0625 0.9453125 0.0015625
0 0.1453125 0.0015625 0.1453125 0.0015625 0.1453125 0.0015625 0.1453125 0.0015625 0.1453125 0.0015625
0 0.596875 0.8453125 0.125 0.8453125 0.125 1.0 0.596875 1.0 0.596875 0.8453125
0 0.0765625 0.796875 0.0015625 0.796875 0.0015625 1.0 0.0765625 1.0 0.0765625 0.796875
0 1.0 0.0015625 0.19375 0.0015625 0.19375 0.7015625 1.0 0.7015625 1.0 0.0015625
0 0.0890625 0.2859375 0.0015625 0.2859375 0.0015625 0.425 0.0890625 0.425 0.0890625 0.2859375
0 0.225 0.0015625 0.10625 0.0015625 0.10625 0.16875 0.225 0.16875 0.225 0.0015625
0 0.096875 0.0015625 0.0015625 0.0015625 0.0015625 0.05 0.096875 0.05 0.096875 0.0015625
0 0.8015625 0.5734375 0.6359375 0.5734375 0.6359375 0.840625 0.8015625 0.840625 0.8015625 0.5734375
0 1.0 0.478125 0.8421875 0.478125 0.8421875 0.7625 1.0 0.7625 1.0 0.478125
0 0.7484375 0.0015625 0.6125 0.0015625 0.6125 0.071875 0.7484375 0.071875 0.7484375 0.0015625
0 0.3578125 0.7390625 0.2421875 0.7390625 0.2421875 0.8921875 0.3578125 0.8921875 0.3578125 0.7390625
0 0.6890625 0.5296875 0.534375 0.5296875 0.534375 0.7140625 0.6890625 0.7140625 0.6890625 0.5296875
0 0.1359375 0.4453125 0.0015625 0.4453125 0.0015625 0.621875 0.1359375 0.621875 0.1359375 0.4453125
0 0.7 0.615625 0.5953125 0.615625 0.5953125 0.80625 0.7 0.80625 0.7 0.615625
0 0.5734375 0.6296875 0.2890625 0.6296875 0.2890625 0.9078125 0.5734375 0.9078125 0.5734375 0.6296875
0 0.6703125 0.759375 0.5625 0.759375 0.5625 0.878125 0.6703125 0.878125 0.6703125 0.759375
0 0.265625 0.559375 0.09375 0.559375 0.09375 0.8390625 0.265625 0.8390625 0.265625 0.559375
0 0.053125 0.596875 0.0015625 0.596875 0.0015625 0.65 0.053125 0.65 0.053125 0.596875
0 0.6828125 0.2921875 0.3390625 0.2921875 0.3390625 0.6546875 0.6828125 0.6546875 0.6828125 0.2921875
0 0.5140625 0.425 0.35625 0.425 0.35625 0.5296875 0.5140625 0.5296875 0.5140625 0.425
0 0.1390625 0.2140625 0.0046875 0.2140625 0.0046875 0.29375 0.1390625 0.29375 0.1390625 0.2140625
0 0.446875 0.0515625 0.30625 0.0515625 0.30625 0.23125 0.446875 0.23125 0.446875 0.0515625
0 0.146875 0.0015625 0.0578125 0.0015625 0.0578125 0.1734375 0.146875 0.1734375 0.146875 0.0015625
0 0.7859375 0.0015625 0.571875 0.0015625 0.571875 0.10625 0.7859375 0.10625 0.7859375 0.0015625
0 1.0 0.7140625 0.8703125 0.7140625 0.8703125 0.8015625 1.0 0.8015625 1.0 0.7140625
0 1.0 0.4 0.8125 0.4 0.8125 0.6671875 1.0 0.6671875 1.0 0.4
0 0.8875 0.0640625 0.7 0.0640625 0.7 0.29375 0.8875 0.29375 0.8875 0.0640625
0 0.684375 0.115625 0.6046875 0.115625 0.6046875 0.275 0.684375 0.275 0.684375 0.115625
0 0.1015625 0.13125 0.0015625 0.13125 0.0015625 0.2796875 0.1015625 0.2796875 0.1015625 0.13125
0 0.034375 0.9765625 0.0015625 0.9765625 0.0015625 1.0 0.034375 1.0 0.034375 0.9765625
0 0.2734375 0.9453125 0.0640625 0.9453125 0.0640625 1.0 0.2734375 1.0 0.2734375 0.9453125
0 0.2359375 0.665625 0.0015625 0.665625 0.0015625 0.921875 0.2359375 0.921875 0.2359375 0.665625
0 0.3796875 0.703125 0.2484375 0.703125 0.2484375 0.8484375 0.3796875 0.8484375 0.3796875 0.703125
0 0.38125 0.2734375 0.01875 0.2734375 0.01875 0.646875 0.38125 0.646875 0.38125 0.2734375
0 0.303125 0.0859375 0.1421875 0.0859375 0.1421875 0.2875 0.303125 0.2875 0.303125 0.0859375
0 0.3203125 0.0015625 0.178125 0.0015625 0.178125 0.0796875 0.3203125 0.0796875 0.3203125 0.0015625
0 0.7625 0.940625 0.6234375 0.940625 0.6234375 1.0 0.7625 1.0 0.7625 0.940625
0 1.0 0.7765625 0.71875 0.7765625 0.71875 1.0 1.0 1.0 1.0 0.7765625
0 0.7296875 0.8125 0.29375 0.8125 0.29375 1.0 0.7296875 1.0 0.7296875 0.8125
0 0.6171875 0.7046875 0.4921875 0.7046875 0.4921875 0.8703125 0.6171875 0.8703125 0.6171875 0.7046875
0 0.875 0.30625 0.60625 0.30625 0.60625 0.6484375 0.875 0.6484375 0.875 0.30625
0 0.640625 0.409375 0.528125 0.409375 0.528125 0.5328125 0.640625 0.5328125 0.640625 0.409375
0 0.4546875 0.3359375 0.3625 0.3359375 0.3625 0.484375 0.4546875 0.484375 0.4546875 0.3359375
0 1.0 0.0015625 0.85 0.0015625 0.85 0.3875 1.0 0.3875 1.0 0.0015625
