0 0.9640625 0.940625 0.8515625 0.940625 0.8515625 1.0 0.9640625 1.0 0.9640625 0.940625
0 0.8078125 0.76875 0.6703125 0.76875 0.6703125 0.8390625 0.8078125 0.8390625 0.8078125 0.76875
0 0.3484375 0.0328125 0.053125 0.0328125 0.053125 0.2921875 0.3484375 0.2921875 0.3484375 0.0328125
0 0.5203125 0.9828125 0.5015625 0.9828125 0.5015625 1.0 0.5203125 1.0 0.5203125 0.9828125
0 0.8078125 0.815625 0.640625 0.815625 0.640625 1.0 0.8078125 1.0 0.8078125 0.815625
0 0.93125 0.74375 0.8171875 0.74375 0.8171875 0.9171875 0.93125 0.9171875 0.93125 0.74375
0 0.5328125 0.0015625 0.346875 0.0015625 0.346875 0.2640625 0.5328125 0.2640625 0.5328125 0.0015625
0 0.0125 0.0640625 0.0015625 0.0640625 0.0015625 0.1046875 0.0125 0.1046875 0.0125 0.0640625
0 1.0 0.9890625 0.978125 0.9890625 0.978125 1.0 1.0 1.0 1.0 0.9890625
0 0.65 0.9921875 0.628125 0.9921875 0.628125 1.0 0.65 1.0 0.65 0.9921875
0 0.3671875 0.3125 0.2703125 0.3125 0.2703125 0.4265625 0.3671875 0.4265625 0.3671875 0.3125
0 0.3125 0.15625 0.1859375 0.15625 0.1859375 0.309375 0.3125 0.309375 0.3125 0.15625
0 0.99375 0.1046875 0.8625 0.1046875 0.8625 0.2703125 0.99375 0.2703125 0.99375 0.1046875
0 0.3109375 0.08125 0.1578125 0.08125 0.1578125 0.19375 0.3109375 0.19375 0.3109375 0.08125
0 1.0 0.4296875 0.9984375 0.4296875 0.9984375 0.4453125 1.0 0.4453125 1.0 0.4296875
0 0.3859375 0.0015625 0.2 0.0015625 0.2 0.15625 0.3859375 0.15625 0.3859375 0.0015625
0 0.034375 0.7859375 0.0015625 0.7859375 0.0015625 0.915625 0.034375 0.915625 0.034375 0.7859375
0 0.1609375 0.0015625 0.0015625 0.0015625 0.0015625 0.4046875 0.1609375 0.4046875 0.1609375 0.0015625
0 0.5453125 0.928125 0.4671875 0.928125 0.4671875 1.0 0.5453125 1.0 0.5453125 0.928125
0 0.5171875 0.1296875 0.0015625 0.1296875 0.0015625 0.7609375 0.5171875 0.7609375 0.5171875 0.1296875
0 0.3203125 0.0015625 0.2125 0.0015625 0.2125 0.046875 0.3203125 0.046875 0.3203125 0.0015625
0 0.8765625 0.9671875 0.8234375 0.9671875 0.8234375 1.0 0.8765625 1.0 0.8765625 0.9671875
0 1.0 0.896875 0.884375 0.896875 0.884375 1.0 1.0 1.0 1.0 0.896875
0 1.0 0.475 0.5984375 0.475 0.5984375 0.9796875 1.0 0.9796875 1.0 0.475
0 1.0 0.45625 0.9375 0.45625 0.9375 0.5984375 1.0 0.5984375 1.0 0.45625
0 0.75625 0.0015625 0.4984375 0.0015625 0.4984375 0.54375 0.75625 0.54375 0.75625 0.0015625
0 1.0 0.1703125 0.86875 0.1703125 0.86875 0.43125 1.0 0.43125 1.0 0.1703125
0 1.0 0.0015625 0.7484375 0.0015625 0.7484375 0.134375 1.0 0.134375 1.0 0.0015625
0 0.09375 0.00625 0.0015625 0.00625 0.0015625 0.1859375 0.09375 0.1859375 0.09375 0.00625
0 0.334375 0.48125 0.190625 0.48125 0.190625 0.5640625 0.334375 0.5640625 0.334375 0.48125
0 0.390625 0.2921875 0.2796875 0.2921875 0.2796875 0.4328125 0.390625 0.4328125 0.390625 0.2921875
0 0.1578125 0.165625 0.040625 0.165625 0.040625 0.3546875 0.1578125 0.3546875 0.1578125 0.165625
0 0.5484375 0.0015625 0.3640625 0.0015625 0.3640625 0.325 0.5484375 0.325 0.5484375 0.0015625
0 0.9140625 0.0015625 0.8140625 0.0015625 0.8140625 0.3125 0.9140625 0.3125 0.9140625 0.0015625
0 0.25 0.0359375 0.06875 0.0359375 0.06875 0.103125 0.25 0.103125 0.25 0.0359375
0 0.2046875 0.0015625 0.0515625 0.0015625 0.0515625 0.0296875 0.2046875 0.0296875 0.2046875 0.0015625
0 0.0609375 0.6265625 0.0015625 0.6265625 0.0015625 0.8640625 0.0609375 0.8640625 0.0609375 0.6265625
0 1.0 0.0015625 0.109375 0.0015625 0.109375 1.0 1.0 1.0 1.0 0.0015625
0 0.0359375 0.39375 0.0015625 0.39375 0.0015625 0.453125 0.0359375 0.453125 0.0359375 0.39375
0 0.1359375 0.525 0.0015625 0.525 0.0015625 0.659375 0.1359375 0.659375 0.1359375 0.525
0 0.4203125 0.0015625 0.0859375 0.0015625 0.0859375 0.2609375 0.4203125 0.2609375 0.4203125 0.0015625
0 0.8375 1.0 0.8328125 1.0 0.8328125 1.0 0.8375 1.0 0.8375 1.0
0 0.55625 0.3109375 0.428125 0.3109375 0.428125 0.565625 0.55625 0.565625 0.55625 0.3109375
0 1.0 0.04375 0.98125 0.04375 0.98125 0.296875 1.0 0.296875 1.0 0.04375
