0 0.1296875 0.684375 0.021875 0.684375 0.021875 0.8390625 0.1296875 0.8390625 0.1296875 0.684375
0 0.14375 0.046875 0.0421875 0.046875 0.0421875 0.1375 0.14375 0.1375 0.14375 0.046875
0 0.5953125 0.0015625 0.553125 0.0015625 0.553125 0.028125 0.5953125 0.028125 0.5953125 0.0015625
0 0.353125 0.0015625 0.3 0.0015625 0.3 0.0265625 0.353125 0.0265625 0.353125 0.0015625
0 0.3265625 0.5703125 0.115625 0.5703125 0.115625 0.9328125 0.3265625 0.9328125 0.3265625 0.5703125
0 0.0796875 0.81875 0.0015625 0.81875 0.0015625 0.9046875 0.0796875 0.9046875 0.0796875 0.81875
0 0.5875 0.60625 0.3578125 0.60625 0.3578125 0.8140625 0.5875 0.8140625 0.5875 0.60625
0 0.0625 0.60625 0.0015625 0.60625 0.0015625 0.7734375 0.0625 0.7734375 0.0625 0.60625
0 0.5125 0.5546875 0.4328125 0.5546875 0.4328125 0.6640625 0.5125 0.6640625 0.5125 0.5546875
0 0.6546875 0.1484375 0.503125 0.1484375 0.503125 0.3859375 0.6546875 0.3859375 0.6546875 0.1484375
0 0.1359375 0.0015625 0.0015625 0.0015625 0.0015625 0.146875 0.1359375 0.146875 0.1359375 0.0015625
0 0.103125 0.8578125 0.0015625 0.8578125 0.0015625 0.9515625 0.103125 0.9515625 0.103125 0.8578125
0 0.08125 0.7640625 0.0015625 0.7640625 0.0015625 0.8140625 0.08125 0.8140625 0.08125 0.7640625
0 0.5171875 0.4171875 0.3765625 0.4171875 0.3765625 0.771875 0.5171875 0.771875 0.5171875 0.4171875
0 0.1671875 0.415625 0.0046875 0.415625 0.0046875 0.6390625 0.1671875 0.6390625 0.1671875 0.415625
0 0.634375 0.3953125 0.553125 0.3953125 0.553125 0.565625 0.634375 0.565625 0.634375 0.3953125
0 0.0453125 0.2984375 0.0015625 0.2984375 0.0015625 0.425 0.0453125 0.425 0.0453125 0.2984375
0 0.2875 0.809375 0.0015625 0.809375 0.0015625 1.0 0.2875 1.0 0.2875 0.809375
0 0.646875 0.0015625 0.1078125 0.0015625 0.1078125 0.671875 0.646875 0.671875 0.646875 0.0015625
0 0.615625 0.54375 0.515625 0.54375 0.515625 0.64375 0.615625 0.64375 0.615625 0.54375
0 1.0 0.0015625 0.9375 0.0015625 0.9375 0.15625 1.0 0.15625 1.0 0.0015625
0 1.0 0.215625 0.9109375 0.215625 0.9109375 0.428125 1.0 0.428125 1.0 0.215625
