0 0.5625 0.8515625 0.3890625 0.8515625 0.3890625 1.0 0.5625 1.0 0.5625 0.8515625
0 0.9484375 0.6609375 0.715625 0.6609375 0.715625 1.0 0.9484375 1.0 0.9484375 0.6609375
0 0.6671875 0.41875 0.328125 0.41875 0.328125 0.621875 0.6671875 0.621875 0.6671875 0.41875
0 0.8078125 0.2796875 0.715625 0.2796875 0.715625 0.421875 0.8078125 0.421875 0.8078125 0.2796875
0 1.0 0.8828125 0.9625 0.8828125 0.9625 0.9515625 1.0 0.9515625 1.0 0.8828125
0 1.0 0.26875 0.83125 0.26875 0.83125 0.6359375 1.0 0.6359375 1.0 0.26875
0 0.2796875 0.871875 0.140625 0.871875 0.140625 0.978125 0.2796875 0.978125 0.2796875 0.871875
0 0.1390625 0.5484375 0.00625 0.5484375 0.00625 0.6828125 0.1390625 0.6828125 0.1390625 0.5484375
0 0.028125 0.2640625 0.0015625 0.2640625 0.0015625 0.309375 0.028125 0.309375 0.028125 0.2640625
0 0.2328125 0.24375 0.1015625 0.24375 0.1015625 0.375 0.2328125 0.375 0.2328125 0.24375
0 0.4953125 0.6390625 0.3609375 0.6390625 0.3609375 0.790625 0.4953125 0.790625 0.4953125 0.6390625
0 0.728125 0.484375 0.6359375 0.484375 0.6359375 0.6109375 0.728125 0.6109375 0.728125 0.484375
0 0.1609375 0.5203125 0.03125 0.5203125 0.03125 0.6265625 0.1609375 0.6265625 0.1609375 0.5203125
0 0.896875 0.621875 0.646875 0.621875 0.646875 0.9234375 0.896875 0.9234375 0.896875 0.621875
0 0.2734375 0.9796875 0.2203125 0.9796875 0.2203125 1.0 0.2734375 1.0 0.2734375 0.9796875
0 0.209375 0.7796875 0.078125 0.7796875 0.078125 0.9421875 0.209375 0.9421875 0.209375 0.7796875
0 0.2453125 0.165625 0.009375 0.165625 0.009375 0.3328125 0.2453125 0.3328125 0.2453125 0.165625
0 0.81875 0.403125 0.2671875 0.403125 0.2671875 1.0 0.81875 1.0 0.81875 0.403125
0 0.684375 0.321875 0.5859375 0.321875 0.5859375 0.4171875 0.684375 0.4171875 0.684375 0.321875
0 0.5703125 0.3015625 0.475 0.3015625 0.475 0.421875 0.5703125 0.421875 0.5703125 0.3015625
0 1.0 0.0015625 0.5953125 0.0015625 0.5953125 0.30625 1.0 0.30625 1.0 0.0015625
0 0.6015625 0.0015625 0.1359375 0.0015625 0.1359375 0.1890625 0.6015625 0.1890625 0.6015625 0.0015625
0 0.7796875 0.0015625 0.6765625 0.0015625 0.6765625 0.10625 0.7796875 0.10625 0.7796875 0.0015625
0 0.946875 0.721875 0.7734375 0.721875 0.7734375 1.0 0.946875 1.0 0.946875 0.721875
0 0.48125 0.54375 0.1390625 0.54375 0.1390625 0.903125 0.48125 0.903125 0.48125 0.54375
0 0.2921875 0.5265625 0.0796875 0.5265625 0.0796875 0.7671875 0.2921875 0.7671875 0.2921875 0.5265625
0 0.2234375 0.0015625 0.0015625 0.0015625 0.0015625 0.2671875 0.2234375 0.2671875 0.2234375 0.0015625
0 1.0 0.2796875 0.928125 0.2796875 0.928125 0.3328125 1.0 0.3328125 1.0 0.2796875
0 0.1328125 0.9890625 0.109375 0.9890625 0.109375 1.0 0.1328125 1.0 0.1328125 0.9890625
0 0.4140625 0.8953125 0.2125 0.8953125 0.2125 1.0 0.4140625 1.0 0.4140625 0.8953125
0 0.1640625 0.834375 0.08125 0.834375 0.08125 0.990625 0.1640625 0.990625 0.1640625 0.834375
0 0.075 0.7375 0.0015625 0.7375 0.0015625 0.925 0.075 0.925 0.075 0.7375
0 0.334375 0.659375 0.2203125 0.659375 0.2203125 0.7640625 0.334375 0.7640625 0.334375 0.659375
0 0.66875 0.521875 0.578125 0.521875 0.578125 0.6171875 0.66875 0.6171875 0.66875 0.521875
0 0.8078125 0.2 0.5953125 0.2 0.5953125 0.41875 0.8078125 0.41875 0.8078125 0.2
0 0.946875 0.0015625 0.7125 0.0015625 0.7125 0.0953125 0.946875 0.0953125 0.946875 0.0015625
0 1.0 0.0140625 1.0 0.0140625 1.0 0.0171875 1.0 0.0171875 1.0 0.0140625
0 1.0 0.0015625 0.0015625 0.0015625 0.0015625 1.0 1.0 1.0 1.0 0.0015625
0 0.73125 0.38125 0.240625 0.38125 0.240625 0.609375 0.73125 0.609375 0.73125 0.38125
0 0.48125 0.6015625 0.284375 0.6015625 0.284375 0.809375 0.48125 0.809375 0.48125 0.6015625
0 0.2546875 0.209375 0.0734375 0.209375 0.0734375 0.534375 0.2546875 0.534375 0.2546875 0.209375
0 0.2765625 0.0015625 0.090625 0.0015625 0.090625 0.209375 0.2765625 0.209375 0.2765625 0.0015625
0 0.65625 0.584375 0.521875 0.584375 0.521875 0.8625 0.65625 0.8625 0.65625 0.584375
0 1.0 0.0671875 0.89375 0.0671875 0.89375 0.1671875 1.0 0.1671875 1.0 0.0671875
