0 0.3984375 0.103125 0.21875 0.103125 0.21875 0.23125 0.3984375 0.23125 0.3984375 0.103125
0 0.3109375 0.1984375 0.1703125 0.1984375 0.1703125 0.375 0.3109375 0.375 0.3109375 0.1984375
0 0.0546875 0.25625 0.0015625 0.25625 0.0015625 0.3515625 0.0546875 0.3515625 0.0546875 0.25625
0 0.6171875 0.0890625 0.521875 0.0890625 0.521875 0.253125 0.6171875 0.253125 0.6171875 0.0890625
0 0.39375 0.759375 0.3078125 0.759375 0.3078125 0.9203125 0.39375 0.9203125 0.39375 0.759375
0 0.359375 0.5875 0.259375 0.5875 0.259375 0.8421875 0.359375 0.8421875 0.359375 0.5875
0 0.8703125 0.453125 0.765625 0.453125 0.765625 0.678125 0.8703125 0.678125 0.8703125 0.453125
0 0.51875 0.3265625 0.41875 0.3265625 0.41875 0.634375 0.51875 0.634375 0.51875 0.3265625
0 0.8421875 0.184375 0.665625 0.184375 0.665625 0.3421875 0.8421875 0.3421875 0.8421875 0.184375
0 0.7625 0.0015625 0.61875 0.0015625 0.61875 0.1796875 0.7625 0.1796875 0.7625 0.0015625
0 0.846875 0.0015625 0.7828125 0.0015625 0.7828125 0.075 0.846875 0.075 0.846875 0.0015625
0 0.3265625 0.6765625 0.2265625 0.6765625 0.2265625 0.915625 0.3265625 0.915625 0.3265625 0.6765625
0 0.83125 0.24375 0.71875 0.24375 0.71875 0.3671875 0.83125 0.3671875 0.83125 0.24375
0 0.178125 0.2859375 0.046875 0.2859375 0.046875 0.4484375 0.178125 0.4484375 0.178125 0.2859375
0 0.6484375 0.0015625 0.546875 0.0015625 0.546875 0.0734375 0.6484375 0.0734375 0.6484375 0.0015625
0 0.015625 0.4265625 0.0015625 0.4265625 0.0015625 0.4703125 0.015625 0.4703125 0.015625 0.4265625
0 0.6140625 0.078125 0.4703125 0.078125 0.4703125 0.4 0.6140625 0.4 0.6140625 0.078125
0 0.6546875 0.0125 0.4921875 0.0125 0.4921875 0.1296875 0.6546875 0.1296875 0.6546875 0.0125
0 0.165625 0.421875 0.0015625 0.421875 0.0015625 0.5734375 0.165625 0.5734375 0.165625 0.421875
0 0.3328125 0.2359375 0.15625 0.2359375 0.15625 0.4359375 0.3328125 0.4359375 0.3328125 0.2359375
0 0.5859375 0.996875 0.571875 0.996875 0.571875 1.0 0.5859375 1.0 0.5859375 0.996875
0 0.428125 0.8625 0.303125 0.8625 0.303125 0.99375 0.428125 0.99375 0.428125 0.8625
0 0.66875 0.79375 0.50625 0.79375 0.50625 0.9125 0.66875 0.9125 0.66875 0.79375
0 0.8921875 0.6296875 0.734375 0.6296875 0.734375 0.7625 0.8921875 0.7625 0.8921875 0.6296875
0 0.7421875 0.5859375 0.58125 0.5859375 0.58125 0.69375 0.7421875 0.69375 0.7421875 0.5859375
0 0.49375 0.3125 0.3453125 0.3125 0.3453125 0.634375 0.49375 0.634375 0.49375 0.3125
0 0.8890625 0.3171875 0.6984375 0.3171875 0.6984375 0.6609375 0.8890625 0.6609375 0.8890625 0.3171875
0 0.6078125 0.35625 0.5234375 0.35625 0.5234375 0.5734375 0.6078125 0.5734375 0.6078125 0.35625
0 0.89375 0.0296875 0.5859375 0.0296875 0.5859375 0.453125 0.89375 0.453125 0.89375 0.0296875
0 0.9671875 0.259375 0.8421875 0.259375 0.8421875 0.403125 0.9671875 0.403125 0.9671875 0.259375
0 1.0 0.0015625 0.8359375 0.0015625 0.8359375 0.2140625 1.0 0.2140625 1.0 0.0015625
0 0.76875 0.0015625 0.6671875 0.0015625 0.6671875 0.05625 0.76875 0.05625 0.76875 0.0015625
0 0.225 0.484375 0.115625 0.484375 0.115625 0.65625 0.225 0.65625 0.225 0.484375
0 0.3796875 0.490625 0.240625 0.490625 0.240625 0.6234375 0.3796875 0.6234375 0.3796875 0.490625
0 0.66875 0.26875 0.540625 0.26875 0.540625 0.546875 0.66875 0.546875 0.66875 0.26875
0 0.4875 0.2 0.3875 0.2 0.3875 0.3671875 0.4875 0.3671875 0.4875 0.2
0 0.3875 0.15625 0.3078125 0.15625 0.3078125 0.2765625 0.3875 0.2765625 0.3875 0.15625
0 0.9328125 0.040625 0.834375 0.040625 0.834375 0.340625 0.9328125 0.340625 0.9328125 0.040625
0 1.0 0.0296875 0.0015625 0.0296875 0.0015625 1.0 1.0 1.0 1.0 0.0296875
0 0.38125 0.253125 0.228125 0.253125 0.228125 0.5328125 0.38125 0.5328125 0.38125 0.253125
0 0.6359375 0.1375 0.5140625 0.1375 0.5140625 0.271875 0.6359375 0.271875 0.6359375 0.1375
0 0.8453125 0.034375 0.7375 0.034375 0.7375 0.203125 0.8453125 0.203125 0.8453125 0.034375
0 0.865625 0.0015625 0.8 0.0015625 0.8 0.03125 0.865625 0.03125 0.865625 0.0015625
