0 0.896875 0.471875 0.8234375 0.471875 0.8234375 0.678125 0.896875 0.678125 0.896875 0.471875
0 1.0 0.8015625 0.85625 0.8015625 0.85625 0.9703125 1.0 0.9703125 1.0 0.8015625
0 0.9328125 0.621875 0.828125 0.621875 0.828125 0.834375 0.9328125 0.834375 0.9328125 0.621875
0 1.0 0.8859375 0.925 0.8859375 0.925 0.996875 1.0 0.996875 1.0 0.8859375
0 0.9421875 0.9625 0.8125 0.9625 0.8125 1.0 0.9421875 1.0 0.9421875 0.9625
0 0.1625 0.2796875 0.0921875 0.2796875 0.0921875 0.3734375 0.1625 0.3734375 0.1625 0.2796875
0 0.225 0.128125 0.1265625 0.128125 0.1265625 0.2828125 0.225 0.2828125 0.225 0.128125
0 0.2484375 0.0015625 0.0234375 0.0015625 0.0234375 0.3453125 0.2484375 0.3453125 0.2484375 0.0015625
0 0.971875 0.984375 0.9453125 0.984375 0.9453125 1.0 0.971875 1.0 0.971875 0.984375
0 1.0 0.6234375 0.94375 0.6234375 0.94375 0.753125 1.0 0.753125 1.0 0.6234375
0 0.121875 0.0015625 0.0015625 0.0015625 0.0015625 0.390625 0.121875 0.390625 0.121875 0.0015625
0 0.2109375 0.184375 0.0015625 0.184375 0.0015625 0.44375 0.2109375 0.44375 0.2109375 0.184375
0 0.8875 0.653125 0.734375 0.653125 0.734375 0.990625 0.8875 0.990625 0.8875 0.653125
0 1.0 0.4078125 0.8484375 0.4078125 0.8484375 0.8578125 1.0 0.8578125 1.0 0.4078125
0 0.259375 0.0015625 0.165625 0.0015625 0.165625 0.221875 0.259375 0.221875 0.259375 0.0015625
0 0.009375 0.15 0.0015625 0.15 0.0015625 0.19375 0.009375 0.19375 0.009375 0.15
0 0.903125 0.8015625 0.7671875 0.8015625 0.7671875 0.95 0.903125 0.95 0.903125 0.8015625
0 1.0 0.2734375 0.940625 0.2734375 0.940625 0.5390625 1.0 0.5390625 1.0 0.2734375
