0 0.625 0.0015625 0.5828125 0.0015625 0.5828125 0.0046875 0.625 0.0046875 0.625 0.0015625
0 1.0 0.5421875 0.9671875 0.5421875 0.9671875 0.6359375 1.0 0.6359375 1.0 0.5421875
0 0.5828125 0.0015625 0.490625 0.0015625 0.490625 0.128125 0.5828125 0.128125 0.5828125 0.0015625
0 1.0 0.3765625 0.9078125 0.3765625 0.9078125 0.45 1.0 0.45 1.0 0.3765625
0 0.7203125 0.1953125 0.634375 0.1953125 0.634375 0.290625 0.7203125 0.290625 0.7203125 0.1953125
0 0.85 0.2890625 0.6734375 0.2890625 0.6734375 0.521875 0.85 0.521875 0.85 0.2890625
0 0.98125 0.2 0.8859375 0.2 0.8859375 0.315625 0.98125 0.315625 0.98125 0.2
0 1.0 0.425 0.8859375 0.425 0.8859375 0.50625 1.0 0.50625 1.0 0.425
0 1.0 0.1515625 0.7359375 0.1515625 0.7359375 0.4078125 1.0 0.4078125 1.0 0.1515625
0 0.84375 0.0015625 0.7453125 0.0015625 0.7453125 0.0546875 0.84375 0.0546875 0.84375 0.0015625
0 1.0 0.0015625 0.91875 0.0015625 0.91875 0.0515625 1.0 0.0515625 1.0 0.0015625
0 0.715625 0.0015625 0.565625 0.0015625 0.565625 0.1640625 0.715625 0.1640625 0.715625 0.0015625
0 0.65 0.8765625 0.259375 0.8765625 0.259375 1.0 0.65 1.0 0.65 0.8765625
0 1.0 0.9484375 0.934375 0.9484375 0.934375 1.0 1.0 1.0 1.0 0.9484375
0 0.3703125 0.5921875 0.1359375 0.5921875 0.1359375 0.85 0.3703125 0.85 0.3703125 0.5921875
0 0.73125 0.2140625 0.603125 0.2140625 0.603125 0.49375 0.73125 0.49375 0.73125 0.2140625
0 0.8109375 0.203125 0.6984375 0.203125 0.6984375 0.3859375 0.8109375 0.3859375 0.8109375 0.203125
0 1.0 0.025 0.871875 0.025 0.871875 0.1296875 1.0 0.1296875 1.0 0.025
0 1.0 0.3171875 0.8421875 0.3171875 0.8421875 0.44375 1.0 0.44375 1.0 0.3171875
0 1.0 0.4953125 0.0015625 0.4953125 0.0015625 1.0 1.0 1.0 1.0 0.4953125
0 1.0 0.6078125 0.9671875 0.6078125 0.9671875 0.6640625 1.0 0.6640625 1.0 0.6078125
0 0.975 0.5265625 0.8453125 0.5265625 0.8453125 0.7 0.975 0.7 0.975 0.5265625
0 0.753125 0.4828125 0.678125 0.4828125 0.678125 0.6765625 0.753125 0.6765625 0.753125 0.4828125
0 0.9609375 0.371875 0.79375 0.371875 0.79375 0.603125 0.9609375 0.603125 0.9609375 0.371875
0 0.9 0.0015625 0.6453125 0.0015625 0.6453125 0.2015625 0.9 0.2015625 0.9 0.0015625
0 0.65625 0.1234375 0.5171875 0.1234375 0.5171875 0.2046875 0.65625 0.2046875 0.65625 0.1234375
0 1.0 0.0015625 0.809375 0.0015625 0.809375 0.2015625 1.0 0.2015625 1.0 0.0015625
