0 1.0 0.0015625 0.0015625 0.0015625 0.0015625 1.0 1.0 1.0 1.0 0.0015625
0 0.009375 0.04375 0.0015625 0.04375 0.0015625 0.0625 0.009375 0.0625 0.009375 0.04375
0 1.0 0.65625 0.75 0.65625 0.75 0.9296875 1.0 0.9296875 1.0 0.65625
0 1.0 0.4015625 0.8609375 0.4015625 0.8609375 0.646875 1.0 0.646875 1.0 0.4015625
0 0.759375 0.1046875 0.621875 0.1046875 0.621875 0.29375 0.759375 0.29375 0.759375 0.1046875
0 0.0046875 0.990625 0.0015625 0.990625 0.0015625 1.0 0.0046875 1.0 0.0046875 0.990625
0 0.53125 0.98125 0.4328125 0.98125 0.4328125 1.0 0.53125 1.0 0.53125 0.98125
0 0.628125 0.7421875 0.5140625 0.7421875 0.5140625 0.9390625 0.628125 0.9390625 0.628125 0.7421875
0 0.2375 0.6859375 0.08125 0.6859375 0.08125 0.871875 0.2375 0.871875 0.2375 0.6859375
0 0.5359375 0.5078125 0.309375 0.5078125 0.309375 0.6453125 0.5359375 0.6453125 0.5359375 0.5078125
0 1.0 0.228125 0.684375 0.228125 0.684375 0.59375 1.0 0.59375 1.0 0.228125
0 0.7703125 0.203125 0.4984375 0.203125 0.4984375 0.4703125 0.7703125 0.4703125 0.7703125 0.203125
0 0.7859375 0.078125 0.525 0.078125 0.525 0.2984375 0.7859375 0.2984375 0.7859375 0.078125
0 0.328125 0.0125 0.15625 0.0125 0.15625 0.190625 0.328125 0.190625 0.328125 0.0125
0 0.896875 0.8734375 0.7625 0.8734375 0.7625 0.9953125 0.896875 0.9953125 0.896875 0.8734375
0 1.0 0.1359375 0.965625 0.1359375 0.965625 0.20625 1.0 0.20625 1.0 0.1359375
0 0.3484375 0.384375 0.0015625 0.384375 0.0015625 0.8671875 0.3484375 0.8671875 0.3484375 0.384375
0 1.0 0.61875 0.8109375 0.61875 0.8109375 1.0 1.0 1.0 1.0 0.61875
0 0.2578125 0.978125 0.2234375 0.978125 0.2234375 1.0 0.2578125 1.0 0.2578125 0.978125
0 0.79375 0.60625 0.603125 0.60625 0.603125 1.0 0.79375 1.0 0.79375 0.60625
0 0.846875 0.7375 0.709375 0.7375 0.709375 1.0 0.846875 1.0 0.846875 0.7375
0 0.821875 0.55625 0.6328125 0.55625 0.6328125 0.6640625 0.821875 0.6640625 0.821875 0.55625
0 0.959375 0.5828125 0.7953125 0.5828125 0.7953125 0.7875 0.959375 0.7875 0.959375 0.5828125
