0 0.8234375 0.0015625 0.7 0.0015625 0.7 0.2265625 0.8234375 0.2265625 0.8234375 0.0015625
0 0.675 0.171875 0.528125 0.171875 0.528125 0.3796875 0.675 0.3796875 0.675 0.171875
0 0.5203125 0.1453125 0.4328125 0.1453125 0.4328125 0.2609375 0.5203125 0.2609375 0.5203125 0.1453125
0 0.1375 0.8265625 0.0015625 0.8265625 0.0015625 0.88125 0.1375 0.88125 0.1375 0.8265625
0 0.6359375 0.925 0.5546875 0.925 0.5546875 1.0 0.6359375 1.0 0.6359375 0.925
0 0.53125 0.896875 0.3578125 0.896875 0.3578125 1.0 0.53125 1.0 0.53125 0.896875
0 0.871875 0.0015625 0.7546875 0.0015625 0.7546875 0.2265625 0.871875 0.2265625 0.871875 0.0015625
0 0.6328125 0.0015625 0.465625 0.0015625 0.465625 0.0578125 0.6328125 0.0578125 0.6328125 0.0015625
0 0.1828125 0.0015625 0.1640625 0.0015625 0.1640625 0.0328125 0.1828125 0.0328125 0.1828125 0.0015625
0 0.2734375 0.8375 0.0765625 0.8375 0.0765625 1.0 0.2734375 1.0 0.2734375 0.8375
0 0.35 0.8515625 0.265625 0.8515625 0.265625 0.953125 0.35 0.953125 0.35 0.8515625
0 0.23125 0.85625 0.0015625 0.85625 0.0015625 1.0 0.23125 1.0 0.23125 0.85625
0 0.5671875 0.81875 0.303125 0.81875 0.303125 0.9859375 0.5671875 0.9859375 0.5671875 0.81875
0 0.6234375 0.984375 0.4640625 0.984375 0.4640625 1.0 0.6234375 1.0 0.6234375 0.984375
0 0.771875 0.75625 0.703125 0.75625 0.703125 0.9234375 0.771875 0.9234375 0.771875 0.75625
0 0.434375 0.9375 0.290625 0.9375 0.290625 1.0 0.434375 1.0 0.434375 0.9375
0 0.296875 0.8828125 0.240625 0.8828125 0.240625 1.0 0.296875 1.0 0.296875 0.8828125
0 0.0390625 0.921875 0.0015625 0.921875 0.0015625 1.0 0.0390625 1.0 0.0390625 0.921875
0 0.8234375 0.2453125 0.5234375 0.2453125 0.5234375 0.5921875 0.8234375 0.5921875 0.8234375 0.2453125
0 0.5640625 0.190625 0.371875 0.190625 0.371875 0.40625 0.5640625 0.40625 0.5640625 0.190625
0 0.4109375 0.7734375 0.0015625 0.7734375 0.0015625 1.0 0.4109375 1.0 0.4109375 0.7734375
0 0.859375 0.14375 0.796875 0.14375 0.796875 0.3546875 0.859375 0.3546875 0.859375 0.14375
0 0.3015625 0.040625 0.240625 0.040625 0.240625 0.2375 0.3015625 0.2375 0.3015625 0.040625
0 0.0671875 0.5859375 0.0015625 0.5859375 0.0015625 0.7046875 0.0671875 0.7046875 0.0671875 0.5859375
0 0.8234375 0.734375 0.6515625 0.734375 0.6515625 0.93125 0.8234375 0.93125 0.8234375 0.734375
0 0.3640625 0.5296875 0.2421875 0.5296875 0.2421875 0.690625 0.3640625 0.690625 0.3640625 0.5296875
0 0.2640625 0.996875 0.259375 0.996875 0.259375 1.0 0.2640625 1.0 0.2640625 0.996875
0 0.05625 0.6390625 0.0015625 0.6390625 0.0015625 0.8640625 0.05625 0.8640625 0.05625 0.6390625
0 0.7671875 0.8359375 0.621875 0.8359375 0.621875 0.984375 0.7671875 0.984375 0.7671875 0.8359375
0 0.3140625 0.3015625 0.0390625 0.3015625 0.0390625 0.5359375 0.3140625 0.5359375 0.3140625 0.3015625
0 0.2578125 0.115625 0.0515625 0.115625 0.0515625 0.3828125 0.2578125 0.3828125 0.2578125 0.115625
0 0.5828125 0.0015625 0.3828125 0.0015625 0.3828125 0.33125 0.5828125 0.33125 0.5828125 0.0015625
0 0.1203125 0.034375 0.0296875 0.034375 0.0296875 0.190625 0.1203125 0.190625 0.1203125 0.034375
0 0.7015625 0.05 0.584375 0.05 0.584375 0.1828125 0.7015625 0.1828125 0.7015625 0.05
