0 0.8609375 0.7640625 0.7484375 0.7640625 0.7484375 0.9078125 0.8609375 0.9078125 0.8609375 0.7640625
0 0.853125 0.7125 0.7359375 0.7125 0.7359375 0.884375 0.853125 0.884375 0.853125 0.7125
0 0.3765625 0.2984375 0.165625 0.2984375 0.165625 0.559375 0.3765625 0.559375 0.3765625 0.2984375
0 0.5921875 0.3109375 0.503125 0.3109375 0.503125 0.45625 0.5921875 0.45625 0.5921875 0.3109375
0 0.4578125 0.1171875 0.3109375 0.1171875 0.3109375 0.278125 0.4578125 0.278125 0.4578125 0.1171875
0 0.85625 0.8703125 0.753125 0.8703125 0.753125 0.971875 0.85625 0.971875 0.85625 0.8703125
0 0.5609375 0.2140625 0.478125 0.2140625 0.478125 0.3328125 0.5609375 0.3328125 0.5609375 0.2140625
0 0.9625 0.8125 0.8328125 0.8125 0.8328125 0.9859375 0.9625 0.9859375 0.9625 0.8125
0 0.5203125 0.2515625 0.3484375 0.2515625 0.3484375 0.36875 0.5203125 0.36875 0.5203125 0.2515625
0 0.5 0.5703125 0.35625 0.5703125 0.35625 0.7109375 0.5 0.7109375 0.5 0.5703125
0 1.0 0.3015625 0.8328125 0.3015625 0.8328125 0.4546875 1.0 0.4546875 1.0 0.3015625
0 0.4546875 0.8328125 0.3390625 0.8328125 0.3390625 0.94375 0.4546875 0.94375 0.4546875 0.8328125
0 0.715625 0.9765625 0.6875 0.9765625 0.6875 1.0 0.715625 1.0 0.715625 0.9765625
0 0.5390625 0.9328125 0.3953125 0.9328125 0.3953125 1.0 0.5390625 1.0 0.5390625 0.9328125
0 0.5578125 0.7234375 0.3796875 0.7234375 0.3796875 0.94375 0.5578125 0.94375 0.5578125 0.7234375
0 0.915625 0.7484375 0.7171875 0.7484375 0.7171875 0.959375 0.915625 0.959375 0.915625 0.7484375
0 0.7015625 0.740625 0.6078125 0.740625 0.6078125 0.8859375 0.7015625 0.8859375 0.7015625 0.740625
0 1.0 0.6453125 0.9015625 0.6453125 0.9015625 0.721875 1.0 0.721875 1.0 0.6453125
0 0.6140625 0.50625 0.4171875 0.50625 0.4171875 0.7171875 0.6140625 0.7171875 0.6140625 0.50625
0 0.1890625 0.5578125 0.096875 0.5578125 0.096875 0.7625 0.1890625 0.7625 0.1890625 0.5578125
0 0.8375 0.0015625 0.75625 0.0015625 0.75625 0.1203125 0.8375 0.1203125 0.8375 0.0015625
0 0.275 0.9890625 0.2015625 0.9890625 0.2015625 1.0 0.275 1.0 0.275 0.9890625
0 0.6671875 0.9703125 0.525 0.9703125 0.525 1.0 0.6671875 1.0 0.6671875 0.9703125
0 0.3390625 0.5296875 0.1953125 0.5296875 0.1953125 0.8078125 0.3390625 0.8078125 0.3390625 0.5296875
0 0.5890625 0.46875 0.4484375 0.46875 0.4484375 0.6734375 0.5890625 0.6734375 0.5890625 0.46875
0 0.5578125 0.246875 0.3078125 0.246875 0.3078125 0.55 0.5578125 0.55 0.5578125 0.246875
0 0.80625 0.9328125 0.703125 0.9328125 0.703125 1.0 0.80625 1.0 0.80625 0.9328125
0 0.73125 0.7421875 0.66875 0.7421875 0.66875 0.878125 0.73125 0.878125 0.73125 0.7421875
0 1.0 0.453125 0.8109375 0.453125 0.8109375 0.6890625 1.0 0.6890625 1.0 0.453125
0 1.0 0.3921875 0.8921875 0.3921875 0.8921875 0.453125 1.0 0.453125 1.0 0.3921875
0 0.8640625 0.3078125 0.7796875 0.3078125 0.7796875 0.45625 0.8640625 0.45625 0.8640625 0.3078125
0 0.7921875 0.2390625 0.678125 0.2390625 0.678125 0.34375 0.7921875 0.34375 0.7921875 0.2390625
0 0.9703125 0.078125 0.8921875 0.078125 0.8921875 0.1859375 0.9703125 0.1859375 0.9703125 0.078125
0 1.0 0.0015625 0.9578125 0.0015625 0.9578125 0.115625 1.0 0.115625 1.0 0.0015625
0 0.8546875 0.0015625 0.8203125 0.0015625 0.8203125 0.0515625 0.8546875 0.0515625 0.8546875 0.0015625
0 0.321875 0.7296875 0.128125 0.7296875 0.128125 0.8515625 0.321875 0.8515625 0.321875 0.7296875
0 0.2296875 0.578125 0.159375 0.578125 0.159375 0.715625 0.2296875 0.715625 0.2296875 0.578125
0 0.4640625 0.7171875 0.340625 0.7171875 0.340625 0.9125 0.4640625 0.9125 0.4640625 0.7171875
0 0.5953125 0.7328125 0.43125 0.7328125 0.43125 0.8640625 0.5953125 0.8640625 0.5953125 0.7328125
0 0.9296875 0.5078125 0.825 0.5078125 0.825 0.753125 0.9296875 0.753125 0.9296875 0.5078125
0 0.425 0.4765625 0.3328125 0.4765625 0.3328125 0.603125 0.425 0.603125 0.425 0.4765625
0 1.0 0.16875 0.9703125 0.16875 0.9703125 0.3203125 1.0 0.3203125 1.0 0.16875
0 0.90625 0.0359375 0.7578125 0.0359375 0.7578125 0.2234375 0.90625 0.2234375 0.90625 0.0359375
0 0.2953125 0.9640625 0.053125 0.9640625 0.053125 1.0 0.2953125 1.0 0.2953125 0.9640625
0 0.9625 0.0015625 0.0515625 0.0015625 0.0515625 1.0 0.9625 1.0 0.9625 0.0015625
0 0.6421875 0.021875 0.425 0.021875 0.425 0.2390625 0.6421875 0.2390625 0.6421875 0.021875
0 0.8078125 0.2546875 0.575 0.2546875 0.575 0.5 0.8078125 0.5 0.8078125 0.2546875
