0 0.3125 0.0328125 0.140625 0.0328125 0.140625 0.4140625 0.3125 0.4140625 0.3125 0.0328125
0 0.5640625 0.8453125 0.5 0.8453125 0.5 1.0 0.5640625 1.0 0.5640625 0.8453125
0 0.7953125 0.4359375 0.5609375 0.4359375 0.5609375 0.7625 0.7953125 0.7625 0.7953125 0.4359375
0 0.721875 0.0015625 0.678125 0.0015625 0.678125 0.078125 0.721875 0.078125 0.721875 0.0015625
0 0.99375 0.7421875 0.853125 0.7421875 0.853125 0.8859375 0.99375 0.8859375 0.99375 0.7421875
0 0.0484375 0.05 0.0015625 0.05 0.0015625 0.2484375 0.0484375 0.2484375 0.0484375 0.05
0 1.0 0.3875 0.7890625 0.3875 0.7890625 0.7609375 1.0 0.7609375 1.0 0.3875
0 0.85625 0.3640625 0.753125 0.3640625 0.753125 0.5125 0.85625 0.5125 0.85625 0.3640625
0 0.475 0.65625 0.1546875 0.65625 0.1546875 0.8375 0.475 0.8375 0.475 0.65625
0 0.1515625 0.5078125 0.0015625 0.5078125 0.0015625 0.6765625 0.1515625 0.6765625 0.1515625 0.5078125
0 0.7125 0.0203125 0.434375 0.0203125 0.434375 0.2109375 0.7125 0.2109375 0.7125 0.0203125
0 0.13125 0.275 0.0015625 0.275 0.0015625 0.4109375 0.13125 0.4109375 0.13125 0.275
0 1.0 0.825 0.9609375 0.825 0.9609375 0.9796875 1.0 0.9796875 1.0 0.825
0 1.0 0.2203125 0.9484375 0.2203125 0.9484375 0.3578125 1.0 0.3578125 1.0 0.2203125
0 0.3296875 0.909375 0.1765625 0.909375 0.1765625 1.0 0.3296875 1.0 0.3296875 0.909375
0 1.0 0.1609375 0.9828125 0.1609375 0.9828125 0.2265625 1.0 0.2265625 1.0 0.1609375
0 0.1453125 0.928125 0.0015625 0.928125 0.0015625 0.9671875 0.1453125 0.9671875 0.1453125 0.928125
0 0.1703125 0.0890625 0.0390625 0.0890625 0.0390625 0.2125 0.1703125 0.2125 0.1703125 0.0890625
0 0.4625 0.5734375 0.33125 0.5734375 0.33125 0.7140625 0.4625 0.7140625 0.4625 0.5734375
0 0.7328125 0.4921875 0.6453125 0.4921875 0.6453125 0.634375 0.7328125 0.634375 0.7328125 0.4921875
0 0.359375 0.246875 0.0453125 0.246875 0.0453125 0.5671875 0.359375 0.5671875 0.359375 0.246875
0 0.746875 0.3515625 0.575 0.3515625 0.575 0.4546875 0.746875 0.4546875 0.746875 0.3515625
0 0.503125 0.221875 0.359375 0.221875 0.359375 0.428125 0.503125 0.428125 0.503125 0.221875
0 0.178125 0.159375 0.0890625 0.159375 0.0890625 0.3109375 0.178125 0.3109375 0.178125 0.159375
0 0.8359375 0.409375 0.7578125 0.409375 0.7578125 0.65625 0.8359375 0.65625 0.8359375 0.409375
0 0.5421875 0.43125 0.3234375 0.43125 0.3234375 0.6109375 0.5421875 0.6109375 0.5421875 0.43125
0 1.0 0.825 0.8609375 0.825 0.8609375 1.0 1.0 1.0 1.0 0.825
0 0.3375 1.0 0.33125 1.0 0.33125 1.0 0.3375 1.0 0.3375 1.0
0 0.9234375 0.75 0.796875 0.75 0.796875 1.0 0.9234375 1.0 0.9234375 0.75
0 0.9796875 0.1796875 0.7578125 0.1796875 0.7578125 0.3953125 0.9796875 0.3953125 0.9796875 0.1796875
0 0.58125 0.41875 0.45 0.41875 0.45 0.85 0.58125 0.85 0.58125 0.41875
0 0.175 0.8984375 0.0015625 0.8984375 0.0015625 1.0 0.175 1.0 0.175 0.8984375
0 0.690625 0.2828125 0.4765625 0.2828125 0.4765625 0.840625 0.690625 0.840625 0.690625 0.2828125
0 0.4515625 0.671875 0.1421875 0.671875 0.1421875 0.7765625 0.4515625 0.7765625 0.4515625 0.671875
0 0.05 0.6640625 0.0015625 0.6640625 0.0015625 0.7890625 0.05 0.7890625 0.05 0.6640625
0 0.11875 0.5875 0.0015625 0.5875 0.0015625 0.740625 0.11875 0.740625 0.11875 0.5875
0 0.25 0.40625 0.128125 0.40625 0.128125 0.609375 0.25 0.609375 0.25 0.40625
0 0.103125 0.3984375 0.0015625 0.3984375 0.0015625 0.5171875 0.103125 0.5171875 0.103125 0.3984375
0 0.5171875 0.39375 0.340625 0.39375 0.340625 0.5109375 0.5171875 0.5109375 0.5171875 0.39375
0 0.196875 0.1515625 0.0015625 0.1515625 0.0015625 0.340625 0.196875 0.340625 0.196875 0.1515625
0 0.6484375 0.134375 0.4953125 0.134375 0.4953125 0.2640625 0.6484375 0.2640625 0.6484375 0.134375
0 0.453125 0.1421875 0.31875 0.1421875 0.31875 0.25 0.453125 0.25 0.453125 0.1421875
0 0.6328125 0.0015625 0.4640625 0.0015625 0.4640625 0.1453125 0.6328125 0.1453125 0.6328125 0.0015625
0 0.246875 0.0015625 0.03125 0.0015625 0.03125 0.134375 0.246875 0.134375 0.246875 0.0015625
0 0.7046875 0.0015625 0.5765625 0.0015625 0.5765625 0.1234375 0.7046875 0.1234375 0.7046875 0.0015625
0 1.0 0.66875 0.9890625 0.66875 0.9890625 0.7296875 1.0 0.7296875 1.0 0.66875
0 0.8734375 0.2546875 0.728125 0.2546875 0.728125 0.4078125 0.8734375 0.4078125 0.8734375 0.2546875
0 1.0 0.178125 0.9515625 0.178125 0.9515625 0.2734375 1.0 0.2734375 1.0 0.178125
0 0.8359375 0.0015625 0.74375 0.0015625 0.74375 0.084375 0.8359375 0.084375 0.8359375 0.0015625
0 0.1984375 0.9921875 0.090625 0.9921875 0.090625 1.0 0.1984375 1.0 0.1984375 0.9921875
0 0.43125 0.5953125 0.0015625 0.5953125 0.0015625 1.0 0.43125 1.0 0.43125 0.5953125
0 0.5484375 0.7390625 0.2140625 0.7390625 0.2140625 1.0 0.5484375 1.0 0.5484375 0.7390625
0 0.0640625 0.2890625 0.0015625 0.2890625 0.0015625 0.425 0.0640625 0.425 0.0640625 0.2890625
0 0.746875 0.609375 0.5828125 0.609375 0.5828125 1.0 0.746875 1.0 0.746875 0.609375
0 1.0 0.45 0.946875 0.45 0.946875 0.7140625 1.0 0.7140625 1.0 0.45
0 0.7859375 0.4328125 0.675 0.4328125 0.675 0.596875 0.7859375 0.596875 0.7859375 0.4328125
0 0.946875 0.3640625 0.825 0.3640625 0.825 0.5375 0.946875 0.5375 0.946875 0.3640625
0 0.5515625 0.359375 0.3875 0.359375 0.3875 0.4484375 0.5515625 0.4484375 0.5515625 0.359375
0 0.6203125 0.0015625 0.3109375 0.0015625 0.3109375 0.29375 0.6203125 0.29375 0.6203125 0.0015625
0 0.9890625 0.1546875 0.8875 0.1546875 0.8875 0.2453125 0.9890625 0.2453125 0.9890625 0.1546875
0 0.86875 0.0015625 0.7203125 0.0015625 0.7203125 0.1890625 0.86875 0.1890625 0.86875 0.0015625
0 0.61875 0.0015625 0.503125 0.0015625 0.503125 0.1203125 0.61875 0.1203125 0.61875 0.0015625
0 1.0 0.0015625 0.7078125 0.0015625 0.7078125 0.453125 1.0 0.453125 1.0 0.0015625
0 0.5078125 0.9515625 0.3578125 0.9515625 0.3578125 1.0 0.5078125 1.0 0.5078125 0.9515625
0 0.3296875 0.9921875 0.3015625 0.9921875 0.3015625 1.0 0.3296875 1.0 0.3296875 0.9921875
0 0.2984375 0.78125 0.1359375 0.78125 0.1359375 0.9703125 0.2984375 0.9703125 0.2984375 0.78125
0 0.0734375 0.6125 0.0015625 0.6125 0.0015625 0.9078125 0.0734375 0.9078125 0.0734375 0.6125
0 0.278125 0.49375 0.0796875 0.49375 0.0796875 0.65625 0.278125 0.65625 0.278125 0.49375
0 0.071875 0.503125 0.0015625 0.503125 0.0015625 0.59375 0.071875 0.59375 0.071875 0.503125
0 0.3203125 0.0796875 0.1796875 0.0796875 0.1796875 0.2796875 0.3203125 0.2796875 0.3203125 0.0796875
0 0.09375 0.0015625 0.0015625 0.0015625 0.0015625 0.15625 0.09375 0.15625 0.09375 0.0015625
0 0.5359375 0.0015625 0.25625 0.0015625 0.25625 0.1140625 0.5359375 0.1140625 0.5359375 0.0015625
0 1.0 0.5359375 0.5515625 0.5359375 0.5515625 1.0 1.0 1.0 1.0 0.5359375
0 0.815625 0.4078125 0.740625 0.4078125 0.740625 0.6109375 0.815625 0.6109375 0.815625 0.4078125
0 0.828125 0.11875 0.4984375 0.11875 0.4984375 0.4171875 0.828125 0.4171875 0.828125 0.11875
0 0.4375 0.2296875 0.3 0.2296875 0.3 0.3265625 0.4375 0.3265625 0.4375 0.2296875
0 0.9859375 0.834375 0.8296875 0.834375 0.8296875 1.0 0.9859375 1.0 0.9859375 0.834375
0 0.9703125 0.2921875 0.828125 0.2921875 0.828125 0.4328125 0.9703125 0.4328125 0.9703125 0.2921875
0 1.0 0.0015625 0.9984375 0.0015625 0.9984375 0.0453125 1.0 0.0453125 1.0 0.0015625
