0 0.0421875 0.790625 0.0015625 0.790625 0.0015625 0.9921875 0.0421875 0.9921875 0.0421875 0.790625
0 0.7515625 0.6890625 0.684375 0.6890625 0.684375 0.8734375 0.7515625 0.8734375 0.7515625 0.6890625
0 0.5234375 0.6234375 0.409375 0.6234375 0.409375 0.834375 0.5234375 0.834375 0.5234375 0.6234375
0 1.0 0.6015625 0.925 0.6015625 0.925 0.775 1.0 0.775 1.0 0.6015625
0 0.3640625 0.38125 0.1953125 0.38125 0.1953125 0.540625 0.3640625 0.540625 0.3640625 0.38125
0 1.0 0.0078125 0.9015625 0.0078125 0.9015625 0.246875 1.0 0.246875 1.0 0.0078125
0 0.9078125 0.0015625 0.8296875 0.0015625 0.8296875 0.0859375 0.9078125 0.0859375 0.9078125 0.0015625
0 0.2484375 0.0015625 0.2390625 0.0015625 0.2390625 0.0046875 0.2484375 0.0046875 0.2484375 0.0015625
0 0.084375 0.5734375 0.0015625 0.5734375 0.0015625 0.80625 0.084375 0.80625 0.084375 0.5734375
0 0.7078125 0.16875 0.5875 0.16875 0.5875 0.2734375 0.7078125 0.2734375 0.7078125 0.16875
0 0.2296875 0.13125 0.1578125 0.13125 0.1578125 0.2390625 0.2296875 0.2390625 0.2296875 0.13125
0 0.7796875 0.8640625 0.5671875 0.8640625 0.5671875 1.0 0.7796875 1.0 0.7796875 0.8640625
0 0.5671875 0.8234375 0.375 0.8234375 0.375 0.9625 0.5671875 0.9625 0.5671875 0.8234375
0 0.640625 0.56875 0.4984375 0.56875 0.4984375 0.8765625 0.640625 0.8765625 0.640625 0.56875
0 0.925 0.6625 0.8125 0.6625 0.8125 0.828125 0.925 0.828125 0.925 0.6625
0 0.503125 0.5015625 0.2140625 0.5015625 0.2140625 0.7046875 0.503125 0.7046875 0.503125 0.5015625
0 0.1671875 0.4890625 0.04375 0.4890625 0.04375 0.6328125 0.1671875 0.6328125 0.1671875 0.4890625
0 0.721875 0.4390625 0.6 0.4390625 0.6 0.66875 0.721875 0.66875 0.721875 0.4390625
0 1.0 0.184375 0.8546875 0.184375 0.8546875 0.615625 1.0 0.615625 1.0 0.184375
0 0.9375 0.171875 0.6953125 0.171875 0.6953125 0.6359375 0.9375 0.6359375 0.9375 0.171875
0 0.44375 0.165625 0.3046875 0.165625 0.3046875 0.5015625 0.44375 0.5015625 0.44375 0.165625
0 0.3375 0.2 0.215625 0.2 0.215625 0.4359375 0.3375 0.4359375 0.3375 0.2
0 0.6921875 0.21875 0.5515625 0.21875 0.5515625 0.38125 0.6921875 0.38125 0.6921875 0.21875
0 0.0546875 0.5328125 0.0015625 0.5328125 0.0015625 0.6171875 0.0546875 0.6171875 0.0546875 0.5328125
0 0.6734375 0.8359375 0.5609375 0.8359375 0.5609375 0.9734375 0.6734375 0.9734375 0.6734375 0.8359375
0 0.7109375 0.534375 0.6171875 0.534375 0.6171875 0.865625 0.7109375 0.865625 0.7109375 0.534375
0 0.10625 0.4171875 0.0015625 0.4171875 0.0015625 0.4828125 0.10625 0.4828125 0.10625 0.4171875
0 0.3375 0.90625 0.175 0.90625 0.175 1.0 0.3375 1.0 0.3375 0.90625
0 0.203125 0.2828125 0.0375 0.2828125 0.0375 0.40625 0.203125 0.40625 0.203125 0.2828125
0 0.4578125 0.0015625 0.4359375 0.0015625 0.4359375 0.0328125 0.4578125 0.0328125 0.4578125 0.0015625
0 0.590625 0.590625 0.0015625 0.590625 0.0015625 1.0 0.590625 1.0 0.590625 0.590625
0 1.0 0.0015625 0.0015625 0.0015625 0.0015625 0.640625 1.0 0.640625 1.0 0.0015625
0 0.525 0.9078125 0.43125 0.9078125 0.43125 1.0 0.525 1.0 0.525 0.9078125
0 1.0 0.7109375 0.7953125 0.7109375 0.7953125 1.0 1.0 1.0 1.0 0.7109375
0 0.8046875 0.821875 0.671875 0.821875 0.671875 1.0 0.8046875 1.0 0.8046875 0.821875
0 0.8671875 0.328125 0.6265625 0.328125 0.6265625 0.8 0.8671875 0.8 0.8671875 0.328125
