0 0.4625 0.409375 0.2828125 0.409375 0.2828125 0.5671875 0.4625 0.5671875 0.4625 0.409375
0 0.6703125 0.0015625 0.5609375 0.0015625 0.5609375 0.2109375 0.6703125 0.2109375 0.6703125 0.0015625
0 0.1671875 0.7921875 0.0015625 0.7921875 0.0015625 1.0 0.1671875 1.0 0.1671875 0.7921875
0 0.1234375 0.7125 0.0015625 0.7125 0.0015625 0.859375 0.1234375 0.859375 0.1234375 0.7125
0 0.034375 0.0015625 0.0015625 0.0015625 0.0015625 0.0828125 0.034375 0.0828125 0.034375 0.0015625
0 0.378125 0.0015625 0.0734375 0.0015625 0.0734375 0.0796875 0.378125 0.0796875 0.378125 0.0015625
0 0.53125 0.38125 0.4234375 0.38125 0.4234375 0.4671875 0.53125 0.4671875 0.53125 0.38125
0 0.3578125 0.55 0.05625 0.55 0.05625 0.8125 0.3578125 0.8125 0.3578125 0.55
0 0.6140625 0.2 0.453125 0.2 0.453125 0.41875 0.6140625 0.41875 0.6140625 0.2
0 0.09375 0.4484375 0.0015625 0.4484375 0.0015625 0.6203125 0.09375 0.6203125 0.09375 0.4484375
0 0.31875 0.425 0.2078125 0.425 0.2078125 0.5453125 0.31875 0.5453125 0.31875 0.425
0 0.128125 0.79375 0.0015625 0.79375 0.0015625 0.95625 0.128125 0.95625 0.128125 0.79375
0 0.2890625 0.4921875 0.034375 0.4921875 0.034375 0.796875 0.2890625 0.796875 0.2890625 0.4921875
0 0.4671875 0.3078125 0.29375 0.3078125 0.29375 0.5328125 0.4671875 0.5328125 0.4671875 0.3078125
0 0.6234375 0.0015625 0.4453125 0.0015625 0.4453125 0.2375 0.6234375 0.2375 0.6234375 0.0015625
0 0.4921875 0.0015625 0.0015625 0.0015625 0.0015625 0.8046875 0.4921875 0.8046875 0.4921875 0.0015625
0 0.6125 0.0359375 0.446875 0.0359375 0.446875 0.2859375 0.6125 0.2859375 0.6125 0.0359375
0 0.2859375 0.2765625 0.159375 0.2765625 0.159375 0.4125 0.2859375 0.4125 0.2859375 0.2765625
0 0.4359375 0.0421875 0.203125 0.0421875 0.203125 0.2234375 0.4359375 0.2234375 0.4359375 0.0421875
0 0.13125 0.640625 0.0015625 0.640625 0.0015625 0.76875 0.13125 0.76875 0.13125 0.640625
0 0.3171875 0.028125 0.134375 0.028125 0.134375 0.1421875 0.3171875 0.1421875 0.3171875 0.028125
