0 0.3 0.434375 0.178125 0.434375 0.178125 0.6484375 0.3 0.6484375 0.3 0.434375
0 0.6265625 0.940625 0.55625 0.940625 0.55625 1.0 0.6265625 1.0 0.6265625 0.940625
0 0.2484375 0.390625 0.1515625 0.390625 0.1515625 0.534375 0.2484375 0.534375 0.2484375 0.390625
0 0.7953125 0.975 0.746875 0.975 0.746875 1.0 0.7953125 1.0 0.7953125 0.975
0 0.896875 0.0015625 0.828125 0.0015625 0.828125 0.0859375 0.896875 0.0859375 0.896875 0.0015625
0 0.6109375 0.66875 0.3234375 0.66875 0.3234375 0.9921875 0.6109375 0.9921875 0.6109375 0.66875
0 0.3515625 0.4796875 0.225 0.4796875 0.225 0.625 0.3515625 0.625 0.3515625 0.4796875
0 0.4390625 0.134375 0.08125 0.134375 0.08125 0.5890625 0.4390625 0.5890625 0.4390625 0.134375
0 0.428125 0.0296875 0.246875 0.0296875 0.246875 0.1640625 0.428125 0.1640625 0.428125 0.0296875
0 0.5078125 0.875 0.3984375 0.875 0.3984375 1.0 0.5078125 1.0 0.5078125 0.875
0 0.83125 0.7421875 0.7703125 0.7421875 0.7703125 0.8953125 0.83125 0.8953125 0.83125 0.7421875
0 0.634375 0.59375 0.4828125 0.59375 0.4828125 0.83125 0.634375 0.83125 0.634375 0.59375
0 0.8703125 0.078125 0.734375 0.078125 0.734375 0.2984375 0.8703125 0.2984375 0.8703125 0.078125
0 0.159375 0.221875 0.0359375 0.221875 0.0359375 0.3375 0.159375 0.3375 0.159375 0.221875
0 0.66875 0.0015625 0.634375 0.0015625 0.634375 0.025 0.66875 0.025 0.66875 0.0015625
0 1.0 0.0015625 0.0015625 0.0015625 0.0015625 1.0 1.0 1.0 1.0 0.0015625
0 0.0578125 0.7125 0.0015625 0.7125 0.0015625 0.796875 0.0578125 0.796875 0.0578125 0.7125
