0 0.8390625 0.934375 0.7234375 0.934375 0.7234375 1.0 0.8390625 1.0 0.8390625 0.934375
0 1.0 0.715625 0.8328125 0.715625 0.8328125 1.0 1.0 1.0 1.0 0.715625
0 0.684375 0.7828125 0.4953125 0.7828125 0.4953125 1.0 0.684375 1.0 0.684375 0.7828125
0 0.8359375 0.6203125 0.7328125 0.6203125 0.7328125 0.9265625 0.8359375 0.9265625 0.8359375 0.6203125
0 0.9515625 0.1671875 0.69375 0.1671875 0.69375 0.3578125 0.9515625 0.3578125 0.9515625 0.1671875
0 0.59375 0.60625 0.4296875 0.60625 0.4296875 0.809375 0.59375 0.809375 0.59375 0.60625
0 1.0 0.46875 0.98125 0.46875 0.98125 0.553125 1.0 0.553125 1.0 0.46875
0 1.0 0.3546875 0.859375 0.3546875 0.859375 0.5125 1.0 0.5125 1.0 0.3546875
0 0.134375 0.328125 0.0015625 0.328125 0.0015625 0.4796875 0.134375 0.4796875 0.134375 0.328125
0 0.6 0.0828125 0.5046875 0.0828125 0.5046875 0.2890625 0.6 0.2890625 0.6 0.0828125
0 0.10625 0.290625 0.0015625 0.290625 0.0015625 0.4390625 0.10625 0.4390625 0.10625 0.290625
0 0.640625 0.8921875 0.55 0.8921875 0.55 1.0 0.640625 1.0 0.640625 0.8921875
0 0.24375 0.5796875 0.16875 0.5796875 0.16875 0.6921875 0.24375 0.6921875 0.24375 0.5796875
0 0.1359375 0.453125 0.0015625 0.453125 0.0015625 0.6546875 0.1359375 0.6546875 0.1359375 0.453125
0 0.2890625 0.403125 0.1234375 0.403125 0.1234375 0.528125 0.2890625 0.528125 0.2890625 0.403125
0 0.484375 0.1328125 0.396875 0.1328125 0.396875 0.315625 0.484375 0.315625 0.484375 0.1328125
0 0.2125 0.0015625 0.0015625 0.0015625 0.0015625 0.0765625 0.2125 0.0765625 0.2125 0.0015625
0 1.0 0.7453125 0.8515625 0.7453125 0.8515625 0.9421875 1.0 0.9421875 1.0 0.7453125
0 0.928125 0.51875 0.8125 0.51875 0.8125 0.653125 0.928125 0.653125 0.928125 0.51875
0 0.7859375 0.3203125 0.63125 0.3203125 0.63125 0.625 0.7859375 0.625 0.7859375 0.3203125
0 0.5234375 0.4203125 0.3359375 0.4203125 0.3359375 0.54375 0.5234375 0.54375 0.5234375 0.4203125
0 0.015625 0.9015625 0.0015625 0.9015625 0.0015625 0.9453125 0.015625 0.9453125 0.015625 0.9015625
0 0.1046875 0.1515625 0.0015625 0.1515625 0.0015625 0.265625 0.1046875 0.265625 0.1046875 0.1515625
0 0.2703125 0.9921875 0.246875 0.9921875 0.246875 1.0 0.2703125 1.0 0.2703125 0.9921875
0 0.8734375 0.790625 0.8125 0.790625 0.8125 0.9796875 0.8734375 0.9796875 0.8734375 0.790625
0 0.6921875 0.7078125 0.6171875 0.7078125 0.6171875 1.0 0.6921875 1.0 0.6921875 0.7078125
0 0.20625 0.7578125 0.10625 0.7578125 0.10625 0.940625 0.20625 0.940625 0.20625 0.7578125
0 1.0 0.7671875 0.91875 0.7671875 0.91875 0.8890625 1.0 0.8890625 1.0 0.7671875
0 0.3203125 0.6640625 0.221875 0.6640625 0.221875 0.7828125 0.3203125 0.7828125 0.3203125 0.6640625
0 0.89375 0.59375 0.7328125 0.59375 0.7328125 0.6671875 0.89375 0.6671875 0.89375 0.59375
0 1.0 0.35 0.8125 0.35 0.8125 0.559375 1.0 0.559375 1.0 0.35
0 0.184375 0.44375 0.103125 0.44375 0.103125 0.5796875 0.184375 0.5796875 0.184375 0.44375
0 0.46875 0.0015625 0.0015625 0.0015625 0.0015625 0.075 0.46875 0.075 0.46875 0.0015625
0 0.4 0.6609375 0.0015625 0.6609375 0.0015625 1.0 0.4 1.0 0.4 0.6609375
0 0.584375 0.8921875 0.4890625 0.8921875 0.4890625 1.0 0.584375 1.0 0.584375 0.8921875
0 0.6390625 0.515625 0.3484375 0.515625 0.3484375 0.890625 0.6390625 0.890625 0.6390625 0.515625
0 0.35 0.0828125 0.0015625 0.0828125 0.0015625 0.6921875 0.35 0.6921875 0.35 0.0828125
0 0.0265625 0.2421875 0.0015625 0.2421875 0.0015625 0.325 0.0265625 0.325 0.0265625 0.2421875
0 0.4640625 0.0921875 0.3453125 0.0921875 0.3453125 0.5140625 0.4640625 0.5140625 0.4640625 0.0921875
0 0.7125 0.0015625 0.5359375 0.0015625 0.5359375 0.1390625 0.7125 0.1390625 0.7125 0.0015625
0 1.0 0.953125 0.9484375 0.953125 0.9484375 1.0 1.0 1.0 1.0 0.953125
0 1.0 0.859375 0.9984375 0.859375 0.9984375 0.871875 1.0 0.871875 1.0 0.859375
0 1.0 0.54375 0.9015625 0.54375 0.9015625 0.7140625 1.0 0.7140625 1.0 0.54375
0 0.8921875 0.6609375 0.759375 0.6609375 0.759375 0.809375 0.8921875 0.809375 0.8921875 0.6609375
0 1.0 0.2859375 0.9390625 0.2859375 0.9390625 0.4984375 1.0 0.4984375 1.0 0.2859375
0 0.7890625 0.1546875 0.6171875 0.1546875 0.6171875 0.2921875 0.7890625 0.2921875 0.7890625 0.1546875
0 0.2515625 0.5 0.1515625 0.5 0.1515625 0.6796875 0.2515625 0.6796875 0.2515625 0.5
0 0.8234375 0.315625 0.6859375 0.315625 0.6859375 0.4875 0.8234375 0.4875 0.8234375 0.315625
0 0.09375 0.45625 0.0015625 0.45625 0.0015625 0.5421875 0.09375 0.5421875 0.09375 0.45625
0 1.0 0.646875 0.7671875 0.646875 0.7671875 0.76875 1.0 0.76875 1.0 0.646875
0 0.478125 0.5734375 0.390625 0.5734375 0.390625 0.7 0.478125 0.7 0.478125 0.5734375
0 0.259375 0.2234375 0.134375 0.2234375 0.134375 0.415625 0.259375 0.415625 0.259375 0.2234375
0 0.91875 0.26875 0.8171875 0.26875 0.8171875 0.3609375 0.91875 0.3609375 0.91875 0.26875
0 0.128125 0.2375 0.0125 0.2375 0.0125 0.3921875 0.128125 0.3921875 0.128125 0.2375
0 0.8140625 0.215625 0.634375 0.215625 0.634375 0.4109375 0.8140625 0.4109375 0.8140625 0.215625
0 0.7859375 0.10625 0.59375 0.10625 0.59375 0.25 0.7859375 0.25 0.7859375 0.10625
0 0.403125 0.05625 0.3 0.05625 0.3 0.1734375 0.403125 0.1734375 0.403125 0.05625
0 0.6 0.0015625 0.4625 0.0015625 0.4625 0.090625 0.6 0.090625 0.6 0.0015625
0 0.9453125 0.1625 0.809375 0.1625 0.809375 0.271875 0.9453125 0.271875 0.9453125 0.1625
0 0.071875 0.6203125 0.0015625 0.6203125 0.0015625 0.8203125 0.071875 0.8203125 0.071875 0.6203125
0 0.55 0.640625 0.2546875 0.640625 0.2546875 1.0 0.55 1.0 0.55 0.640625
0 0.1796875 0.8171875 0.046875 0.8171875 0.046875 1.0 0.1796875 1.0 0.1796875 0.8171875
0 0.228125 0.5765625 0.09375 0.5765625 0.09375 0.784375 0.228125 0.784375 0.228125 0.5765625
0 0.3890625 0.1734375 0.3 0.1734375 0.3 0.48125 0.3890625 0.48125 0.3890625 0.1734375
0 0.0640625 0.134375 0.0015625 0.134375 0.0015625 0.2265625 0.0640625 0.2265625 0.0640625 0.134375
0 1.0 0.0015625 0.696875 0.0015625 0.696875 0.2484375 1.0 0.2484375 1.0 0.0015625
0 0.7171875 0.9484375 0.675 0.9484375 0.675 1.0 0.7171875 1.0 0.7171875 0.9484375
0 0.6515625 0.7484375 0.5828125 0.7484375 0.5828125 0.8921875 0.6515625 0.8921875 0.6515625 0.7484375
0 0.7328125 0.0421875 0.34375 0.0421875 0.34375 0.7203125 0.7328125 0.7203125 0.7328125 0.0421875
0 0.9234375 0.35 0.7296875 0.35 0.7296875 0.6046875 0.9234375 0.6046875 0.9234375 0.35
0 0.515625 0.0015625 0.459375 0.0015625 0.459375 0.0484375 0.515625 0.0484375 0.515625 0.0015625
0 1.0 0.265625 0.925 0.265625 0.925 0.3796875 1.0 0.3796875 1.0 0.265625
