0 0.93125 0.7140625 0.81875 0.7140625 0.81875 0.81875 0.93125 0.81875 0.93125 0.7140625
0 0.628125 0.7140625 0.5328125 0.7140625 0.5328125 1.0 0.628125 1.0 0.628125 0.7140625
0 0.721875 0.3859375 0.6078125 0.3859375 0.6078125 0.640625 0.721875 0.640625 0.721875 0.3859375
0 0.525 0.0015625 0.4359375 0.0015625 0.4359375 0.1578125 0.525 0.1578125 0.525 0.0015625
0 0.415625 0.446875 0.2921875 0.446875 0.2921875 0.5890625 0.415625 0.5890625 0.415625 0.446875
0 0.85 0.65 0.7375 0.65 0.7375 0.7921875 0.85 0.7921875 0.85 0.65
0 0.0390625 0.9140625 0.0015625 0.9140625 0.0015625 0.9828125 0.0390625 0.9828125 0.0390625 0.9140625
0 0.7 0.534375 0.58125 0.534375 0.58125 0.7609375 0.7 0.7609375 0.7 0.534375
0 0.5140625 0.43125 0.3109375 0.43125 0.3109375 0.6359375 0.5140625 0.6359375 0.5140625 0.43125
0 0.91875 0.0015625 0.8703125 0.0015625 0.8703125 0.00625 0.91875 0.00625 0.91875 0.0015625
0 0.965625 0.790625 0.821875 0.790625 0.821875 0.9578125 0.965625 0.9578125 0.965625 0.790625
0 0.528125 0.7671875 0.39375 0.7671875 0.39375 0.85 0.528125 0.85 0.528125 0.7671875
0 0.828125 0.9578125 0.75 0.9578125 0.75 1.0 0.828125 1.0 0.828125 0.9578125
0 0.5921875 0.0015625 0.4953125 0.0015625 0.4953125 0.0375 0.5921875 0.0375 0.5921875 0.0015625
0 0.534375 0.540625 0.4015625 0.540625 0.4015625 0.7578125 0.534375 0.7578125 0.534375 0.540625
0 0.5828125 0.6453125 0.428125 0.6453125 0.428125 0.8328125 0.5828125 0.8328125 0.5828125 0.6453125
0 0.5625 0.5421875 0.4625 0.5421875 0.4625 0.7046875 0.5625 0.7046875 0.5625 0.5421875
0 0.8171875 0.30625 0.74375 0.30625 0.74375 0.465625 0.8171875 0.465625 0.8171875 0.30625
0 0.575 0.0109375 0.4609375 0.0109375 0.4609375 0.2734375 0.575 0.2734375 0.575 0.0109375
0 0.89375 0.45 0.7546875 0.45 0.7546875 0.6359375 0.89375 0.6359375 0.89375 0.45
0 0.68125 0.8328125 0.5875 0.8328125 0.5875 1.0 0.68125 1.0 0.68125 0.8328125
0 0.7421875 0.5921875 0.6359375 0.5921875 0.6359375 0.7875 0.7421875 0.7875 0.7421875 0.5921875
0 0.734375 0.0015625 0.628125 0.0015625 0.628125 0.0828125 0.734375 0.0828125 0.734375 0.0015625
0 0.6203125 0.0015625 0.5453125 0.0015625 0.5453125 0.0875 0.6203125 0.0875 0.6203125 0.0015625
0 0.8875 0.484375 0.7515625 0.484375 0.7515625 0.6703125 0.8875 0.6703125 0.8875 0.484375
0 0.30625 0.8203125 0.2296875 0.8203125 0.2296875 0.99375 0.30625 0.99375 0.30625 0.8203125
0 0.79375 0.3609375 0.671875 0.3609375 0.671875 0.528125 0.79375 0.528125 0.79375 0.3609375
0 0.1015625 0.69375 0.0015625 0.69375 0.0015625 0.878125 0.1015625 0.878125 0.1015625 0.69375
0 0.971875 0.2015625 0.846875 0.2015625 0.846875 0.3453125 0.971875 0.3453125 0.971875 0.2015625
0 0.8515625 0.959375 0.80625 0.959375 0.80625 1.0 0.8515625 1.0 0.8515625 0.959375
0 0.6078125 0.3828125 0.4375 0.3828125 0.4375 0.490625 0.6078125 0.490625 0.6078125 0.3828125
0 0.56875 0.8 0.4984375 0.8 0.4984375 1.0 0.56875 1.0 0.56875 0.8
0 0.8265625 0.725 0.7375 0.725 0.7375 0.86875 0.8265625 0.86875 0.8265625 0.725
0 0.553125 0.165625 0.459375 0.165625 0.459375 0.3125 0.553125 0.3125 0.553125 0.165625
0 0.7171875 0.8109375 0.625 0.8109375 0.625 1.0 0.7171875 1.0 0.7171875 0.8109375
0 1.0 0.271875 0.9734375 0.271875 0.9734375 0.3484375 1.0 0.3484375 1.0 0.271875
0 1.0 0.1765625 0.9296875 0.1765625 0.9296875 0.2859375 1.0 0.2859375 1.0 0.1765625
0 0.9 0.0140625 0.653125 0.0140625 0.653125 0.296875 0.9 0.296875 0.9 0.0140625
0 1.0 0.0015625 0.9359375 0.0015625 0.9359375 0.0859375 1.0 0.0859375 1.0 0.0015625
0 0.1546875 0.859375 0.0015625 0.859375 0.0015625 1.0 0.1546875 1.0 0.1546875 0.859375
0 0.0203125 0.5046875 0.0015625 0.5046875 0.0015625 0.5375 0.0203125 0.5375 0.0203125 0.5046875
0 0.2140625 0.4359375 0.0953125 0.4359375 0.0953125 0.659375 0.2140625 0.659375 0.2140625 0.4359375
0 0.45625 0.0015625 0.121875 0.0015625 0.121875 0.4125 0.45625 0.4125 0.45625 0.0015625
0 0.3375 0.9109375 0.246875 0.9109375 0.246875 1.0 0.3375 1.0 0.3375 0.9109375
0 0.7703125 0.746875 0.628125 0.746875 0.628125 0.96875 0.7703125 0.96875 0.7703125 0.746875
0 0.3 0.5296875 0.209375 0.5296875 0.209375 0.6890625 0.3 0.6890625 0.3 0.5296875
0 0.640625 0.659375 0.5234375 0.659375 0.5234375 0.8203125 0.640625 0.8203125 0.640625 0.659375
0 0.846875 0.7984375 0.7453125 0.7984375 0.7453125 0.971875 0.846875 0.971875 0.846875 0.7984375
0 0.221875 0.740625 0.0921875 0.740625 0.0921875 0.9515625 0.221875 0.9515625 0.221875 0.740625
0 0.003125 0.8265625 0.0015625 0.8265625 0.0015625 0.84375 0.003125 0.84375 0.003125 0.8265625
0 0.4390625 0.075 0.0015625 0.075 0.0015625 0.8328125 0.4390625 0.8328125 0.4390625 0.075
0 0.3546875 0.10625 0.1578125 0.10625 0.1578125 0.2515625 0.3546875 0.2515625 0.3546875 0.10625
0 0.403125 0.546875 0.2703125 0.546875 0.2703125 0.6765625 0.403125 0.6765625 0.403125 0.546875
0 0.85 0.0015625 0.646875 0.0015625 0.646875 0.1515625 0.85 0.1515625 0.85 0.0015625
0 0.6953125 0.253125 0.528125 0.253125 0.528125 0.428125 0.6953125 0.428125 0.6953125 0.253125
0 1.0 0.228125 0.8140625 0.228125 0.8140625 0.428125 1.0 0.428125 1.0 0.228125
0 1.0 0.0015625 0.871875 0.0015625 0.871875 0.115625 1.0 0.115625 1.0 0.0015625
0 0.6875 0.909375 0.61875 0.909375 0.61875 1.0 0.6875 1.0 0.6875 0.909375
0 0.903125 0.2796875 0.7859375 0.2796875 0.7859375 0.4453125 0.903125 0.4453125 0.903125 0.2796875
0 0.3765625 0.9890625 0.3609375 0.9890625 0.3609375 1.0 0.3765625 1.0 0.3765625 0.9890625
0 0.3984375 0.75625 0.3078125 0.75625 0.3078125 0.9109375 0.3984375 0.9109375 0.3984375 0.75625
0 0.665625 0.5453125 0.5078125 0.5453125 0.5078125 0.7578125 0.665625 0.7578125 0.665625 0.5453125
0 0.525 0.4546875 0.4015625 0.4546875 0.4015625 0.5390625 0.525 0.5390625 0.525 0.4546875
0 0.921875 0.89375 0.828125 0.89375 0.828125 1.0 0.921875 1.0 0.921875 0.89375
0 0.7984375 0.525 0.709375 0.525 0.709375 0.696875 0.7984375 0.696875 0.7984375 0.525
0 0.528125 0.984375 0.4640625 0.984375 0.4640625 1.0 0.528125 1.0 0.528125 0.984375
0 1.0 0.9359375 0.9859375 0.9359375 0.9859375 0.965625 1.0 0.965625 1.0 0.9359375
0 1.0 0.409375 0.8640625 0.409375 0.8640625 0.8875 1.0 0.8875 1.0 0.409375
