0 1.0 0.0015625 0.0015625 0.0015625 0.0015625 1.0 1.0 1.0 1.0 0.0015625
0 0.6984375 0.0015625 0.634375 0.0015625 0.634375 0.0734375 0.6984375 0.0734375 0.6984375 0.0015625
0 0.065625 0.7140625 0.0015625 0.7140625 0.0015625 0.8859375 0.065625 0.8859375 0.065625 0.7140625
0 0.209375 0.6234375 0.065625 0.6234375 0.065625 0.8015625 0.209375 0.8015625 0.209375 0.6234375
0 0.725 0.8703125 0.6625 0.8703125 0.6625 1.0 0.725 1.0 0.725 0.8703125
0 0.671875 0.64375 0.496875 0.64375 0.496875 0.9609375 0.671875 0.9609375 0.671875 0.64375
0 0.6546875 0.434375 0.4953125 0.434375 0.4953125 0.6359375 0.6546875 0.6359375 0.6546875 0.434375
0 0.46875 0.4140625 0.315625 0.4140625 0.315625 0.5796875 0.46875 0.5796875 0.46875 0.4140625
0 0.6421875 0.23125 0.5125 0.23125 0.5125 0.5078125 0.6421875 0.5078125 0.6421875 0.23125
0 0.5125 0.009375 0.3921875 0.009375 0.3921875 0.2234375 0.5125 0.2234375 0.5125 0.009375
0 1.0 0.0015625 0.94375 0.0015625 0.94375 0.1640625 1.0 0.1640625 1.0 0.0015625
