0 0.9734375 0.9921875 0.91875 0.9921875 0.91875 1.0 0.9734375 1.0 0.9734375 0.9921875
0 0.859375 0.771875 0.6984375 0.771875 0.6984375 1.0 0.859375 1.0 0.859375 0.771875
0 0.4703125 0.9265625 0.3765625 0.9265625 0.3765625 1.0 0.4703125 1.0 0.4703125 0.9265625
0 0.609375 0.7796875 0.475 0.7796875 0.475 0.9984375 0.609375 0.9984375 0.609375 0.7796875
0 0.5234375 0.8359375 0.4109375 0.8359375 0.4109375 1.0 0.5234375 1.0 0.5234375 0.8359375
0 0.9 0.825 0.81875 0.825 0.81875 1.0 0.9 1.0 0.9 0.825
0 0.9078125 0.878125 0.859375 0.878125 0.859375 1.0 0.9078125 1.0 0.9078125 0.878125
0 0.6984375 0.8140625 0.5375 0.8140625 0.5375 1.0 0.6984375 1.0 0.6984375 0.8140625
0 0.8390625 0.6328125 0.703125 0.6328125 0.703125 0.825 0.8390625 0.825 0.8390625 0.6328125
0 0.9109375 0.0015625 0.8625 0.0015625 0.8625 0.028125 0.9109375 0.028125 0.9109375 0.0015625
0 1.0 0.0015625 0.76875 0.0015625 0.76875 1.0 1.0 1.0 1.0 0.0015625
0 0.9078125 0.0015625 0.3375 0.0015625 0.3375 1.0 0.9078125 1.0 0.9078125 0.0015625
0 0.6859375 0.9546875 0.6515625 0.9546875 0.6515625 1.0 0.6859375 1.0 0.6859375 0.9546875
