0 0.525 0.4984375 0.453125 0.4984375 0.453125 0.7171875 0.525 0.7171875 0.525 0.4984375
0 0.5078125 0.0359375 0.4515625 0.0359375 0.4515625 0.296875 0.5078125 0.296875 0.5078125 0.0359375
0 0.9390625 0.0015625 0.8046875 0.0015625 0.8046875 0.165625 0.9390625 0.165625 0.9390625 0.0015625
0 0.15 0.165625 0.0078125 0.165625 0.0078125 0.2953125 0.15 0.2953125 0.15 0.165625
0 0.3671875 0.28125 0.2390625 0.28125 0.2390625 0.4921875 0.3671875 0.4921875 0.3671875 0.28125
0 0.5 0.0015625 0.453125 0.0015625 0.453125 0.08125 0.5 0.08125 0.5 0.0015625
0 0.18125 0.2859375 0.1125 0.2859375 0.1125 0.4375 0.18125 0.4375 0.18125 0.2859375
0 0.5109375 0.978125 0.490625 0.978125 0.490625 1.0 0.5109375 1.0 0.5109375 0.978125
0 0.4828125 0.7828125 0.153125 0.7828125 0.153125 1.0 0.4828125 1.0 0.4828125 0.7828125
0 0.5296875 0.5953125 0.371875 0.5953125 0.371875 0.94375 0.5296875 0.94375 0.5296875 0.5953125
0 0.4625 0.5265625 0.325 0.5265625 0.325 0.6625 0.4625 0.6625 0.4625 0.5265625
0 0.234375 0.0015625 0.20625 0.0015625 0.20625 0.0140625 0.234375 0.0140625 0.234375 0.0015625
0 0.025 0.540625 0.0015625 0.540625 0.0015625 0.59375 0.025 0.59375 0.025 0.540625
0 0.2140625 0.03125 0.075 0.03125 0.075 0.175 0.2140625 0.175 0.2140625 0.03125
0 0.134375 0.0015625 0.0515625 0.0015625 0.0515625 0.1015625 0.134375 0.1015625 0.134375 0.0015625
0 0.65625 0.665625 0.590625 0.665625 0.590625 0.878125 0.65625 0.878125 0.65625 0.665625
0 0.7125 0.5015625 0.5671875 0.5015625 0.5671875 0.6953125 0.7125 0.6953125 0.7125 0.5015625
0 0.240625 0.625 0.171875 0.625 0.171875 0.79375 0.240625 0.79375 0.240625 0.625
0 0.5625 0.0015625 0.49375 0.0015625 0.49375 0.246875 0.5625 0.246875 0.5625 0.0015625
0 0.50625 0.9375 0.3328125 0.9375 0.3328125 1.0 0.50625 1.0 0.50625 0.9375
0 0.1359375 0.740625 0.0390625 0.740625 0.0390625 0.878125 0.1359375 0.878125 0.1359375 0.740625
0 1.0 0.4859375 0.9421875 0.4859375 0.9421875 0.5625 1.0 0.5625 1.0 0.4859375
0 1.0 0.315625 0.803125 0.315625 0.803125 0.4984375 1.0 0.4984375 1.0 0.315625
0 0.1484375 0.0015625 0.11875 0.0015625 0.11875 0.0234375 0.1484375 0.0234375 0.1484375 0.0015625
0 0.0546875 0.3734375 0.0015625 0.3734375 0.0015625 0.45625 0.0546875 0.45625 0.0546875 0.3734375
0 0.984375 0.3984375 0.903125 0.3984375 0.903125 0.4984375 0.984375 0.4984375 0.984375 0.3984375
0 0.4375 0.796875 0.3078125 0.796875 0.3078125 0.940625 0.4375 0.940625 0.4375 0.796875
0 0.140625 0.365625 0.0015625 0.365625 0.0015625 0.778125 0.140625 0.778125 0.140625 0.365625
0 0.278125 0.2734375 0.14375 0.2734375 0.14375 0.5484375 0.278125 0.5484375 0.278125 0.2734375
0 0.4671875 0.0015625 0.3953125 0.0015625 0.3953125 0.1078125 0.4671875 0.1078125 0.4671875 0.0015625
0 0.6015625 0.0015625 0.521875 0.0015625 0.521875 0.0734375 0.6015625 0.0734375 0.6015625 0.0015625
0 0.9265625 0.4296875 0.80625 0.4296875 0.80625 0.5515625 0.9265625 0.5515625 0.9265625 0.4296875
0 0.675 0.3171875 0.5484375 0.3171875 0.5484375 0.5140625 0.675 0.5140625 0.675 0.3171875
0 1.0 0.6765625 0.9640625 0.6765625 0.9640625 0.759375 1.0 0.759375 1.0 0.6765625
0 0.178125 0.25625 0.0109375 0.25625 0.0109375 0.409375 0.178125 0.409375 0.178125 0.25625
0 0.2484375 0.9328125 0.0671875 0.9328125 0.0671875 1.0 0.2484375 1.0 0.2484375 0.9328125
0 0.56875 0.6578125 0.4921875 0.6578125 0.4921875 1.0 0.56875 1.0 0.56875 0.6578125
0 0.8875 0.8578125 0.7796875 0.8578125 0.7796875 1.0 0.8875 1.0 0.8875 0.8578125
0 0.41875 0.621875 0.2203125 0.621875 0.2203125 0.85625 0.41875 0.85625 0.41875 0.621875
0 0.096875 0.55625 0.0015625 0.55625 0.0015625 0.7296875 0.096875 0.7296875 0.096875 0.55625
0 0.4875 0.0609375 0.2734375 0.0609375 0.2734375 0.4984375 0.4875 0.4984375 0.4875 0.0609375
0 0.06875 0.2265625 0.0015625 0.2265625 0.0015625 0.3765625 0.06875 0.3765625 0.06875 0.2265625
0 0.246875 0.1109375 0.1765625 0.1109375 0.1765625 0.2203125 0.246875 0.2203125 0.246875 0.1109375
0 0.0171875 0.09375 0.0015625 0.09375 0.0015625 0.1828125 0.0171875 0.1828125 0.0171875 0.09375
0 0.0984375 0.0234375 0.0015625 0.0234375 0.0015625 0.1375 0.0984375 0.1375 0.0984375 0.0234375
0 0.30625 0.0015625 0.2234375 0.0015625 0.2234375 0.0921875 0.30625 0.0921875 0.30625 0.0015625
0 0.178125 0.0015625 0.0890625 0.0015625 0.0890625 0.0703125 0.178125 0.0703125 0.178125 0.0015625
0 1.0 0.6453125 0.603125 0.6453125 0.603125 1.0 1.0 1.0 1.0 0.6453125
0 0.9421875 0.0015625 0.5296875 0.0015625 0.5296875 0.8578125 0.9421875 0.8578125 0.9421875 0.0015625
0 0.353125 0.48125 0.221875 0.48125 0.221875 0.5859375 0.353125 0.5859375 0.353125 0.48125
0 0.9921875 0.834375 0.8875 0.834375 0.8875 1.0 0.9921875 1.0 0.9921875 0.834375
0 1.0 0.696875 0.9125 0.696875 0.9125 0.7875 1.0 0.7875 1.0 0.696875
0 0.865625 0.3921875 0.7 0.3921875 0.7 0.634375 0.865625 0.634375 0.865625 0.3921875
0 0.525 0.2375 0.44375 0.2375 0.44375 0.4984375 0.525 0.4984375 0.525 0.2375
0 0.1328125 0.0015625 0.0015625 0.0015625 0.0015625 0.2203125 0.1328125 0.2203125 0.1328125 0.0015625
0 0.94375 0.834375 0.8359375 0.834375 0.8359375 1.0 0.94375 1.0 0.94375 0.834375
0 1.0 0.490625 0.81875 0.490625 0.81875 0.7640625 1.0 0.7640625 1.0 0.490625
0 0.8328125 0.5265625 0.678125 0.5265625 0.678125 0.7296875 0.8328125 0.7296875 0.8328125 0.5265625
0 0.0734375 0.68125 0.0015625 0.68125 0.0015625 0.7953125 0.0734375 0.7953125 0.0734375 0.68125
0 0.9984375 0.0015625 0.9171875 0.0015625 0.9171875 0.05625 0.9984375 0.05625 0.9984375 0.0015625
0 0.0203125 0.9078125 0.0015625 0.9078125 0.0015625 0.959375 0.0203125 0.959375 0.0203125 0.9078125
0 0.128125 0.7421875 0.0015625 0.7421875 0.0015625 1.0 0.128125 1.0 0.128125 0.7421875
0 0.265625 0.46875 0.065625 0.46875 0.065625 0.93125 0.265625 0.93125 0.265625 0.46875
0 0.315625 0.0015625 0.275 0.0015625 0.275 0.0859375 0.315625 0.0859375 0.315625 0.0015625
