0 0.0578125 0.0765625 0.0015625 0.0765625 0.0015625 0.2265625 0.0578125 0.2265625 0.0578125 0.0765625
0 0.9375 0.7828125 0.871875 0.7828125 0.871875 0.9921875 0.9375 0.9921875 0.9375 0.7828125
0 1.0 0.696875 0.9328125 0.696875 0.9328125 0.909375 1.0 0.909375 1.0 0.696875
0 0.8734375 0.5234375 0.6296875 0.5234375 0.6296875 0.771875 0.8734375 0.771875 0.8734375 0.5234375
0 0.35 0.0015625 0.2921875 0.0015625 0.2921875 0.096875 0.35 0.096875 0.35 0.0015625
0 0.89375 0.0015625 0.0015625 0.0015625 0.0015625 1.0 0.89375 1.0 0.89375 0.0015625
0 0.1078125 0.9453125 0.0015625 0.9453125 0.0015625 1.0 0.1078125 1.0 0.1078125 0.9453125
0 0.0046875 0.08125 0.0015625 0.08125 0.0015625 0.0953125 0.0046875 0.0953125 0.0046875 0.08125
0 0.2265625 0.0015625 0.0453125 0.0015625 0.0453125 0.071875 0.2265625 0.071875 0.2265625 0.0015625
0 1.0 0.490625 0.89375 0.490625 0.89375 1.0 1.0 1.0 1.0 0.490625
0 0.925 0.0015625 0.83125 0.0015625 0.83125 0.14375 0.925 0.14375 0.925 0.0015625
0 0.53125 0.8796875 0.4671875 0.8796875 0.4671875 1.0 0.53125 1.0 0.53125 0.8796875
0 0.2140625 0.0046875 0.0015625 0.0046875 0.0015625 0.434375 0.2140625 0.434375 0.2140625 0.0046875
0 0.515625 0.0015625 0.1828125 0.0015625 0.1828125 0.3359375 0.515625 0.3359375 0.515625 0.0015625
