0 0.0859375 0.2109375 0.0015625 0.2109375 0.0015625 0.815625 0.0859375 0.815625 0.0859375 0.2109375
0 0.6109375 0.8875 0.48125 0.8875 0.48125 1.0 0.6109375 1.0 0.6109375 0.8875
0 0.1609375 0.896875 0.09375 0.896875 0.09375 1.0 0.1609375 1.0 0.1609375 0.896875
0 1.0 0.4109375 0.2859375 0.4109375 0.2859375 1.0 1.0 1.0 1.0 0.4109375
0 0.2859375 0.8015625 0.0015625 0.8015625 0.0015625 1.0 0.2859375 1.0 0.2859375 0.8015625
0 0.7703125 0.5078125 0.63125 0.5078125 0.63125 0.6515625 0.7703125 0.6515625 0.7703125 0.5078125
0 0.434375 0.1453125 0.0359375 0.1453125 0.0359375 0.540625 0.434375 0.540625 0.434375 0.1453125
0 1.0 0.0015625 0.103125 0.0015625 0.103125 0.5125 1.0 0.5125 1.0 0.0015625
0 0.6515625 0.8765625 0.55625 0.8765625 0.55625 1.0 0.6515625 1.0 0.6515625 0.8765625
0 1.0 0.528125 0.9171875 0.528125 0.9171875 0.6828125 1.0 0.6828125 1.0 0.528125
0 0.9375 0.23125 0.40625 0.23125 0.40625 0.5625 0.9375 0.5625 0.9375 0.23125
0 0.996875 0.0015625 0.0015625 0.0015625 0.0015625 1.0 0.996875 1.0 0.996875 0.0015625
0 1.0 0.7390625 0.765625 0.7390625 0.765625 1.0 1.0 1.0 1.0 0.7390625
0 0.878125 0.6984375 0.771875 0.6984375 0.771875 0.85 0.878125 0.85 0.878125 0.6984375
0 0.7875 0.628125 0.61875 0.628125 0.61875 0.86875 0.7875 0.86875 0.7875 0.628125
0 0.253125 0.609375 0.159375 0.609375 0.159375 0.71875 0.253125 0.71875 0.253125 0.609375
0 1.0 0.0671875 0.9453125 0.0671875 0.9453125 0.240625 1.0 0.240625 1.0 0.0671875
0 0.590625 0.0015625 0.31875 0.0015625 0.31875 0.234375 0.590625 0.234375 0.590625 0.0015625
0 0.834375 0.0015625 0.6546875 0.0015625 0.6546875 0.065625 0.834375 0.065625 0.834375 0.0015625
0 0.465625 0.3734375 0.375 0.3734375 0.375 0.58125 0.465625 0.58125 0.465625 0.3734375
0 1.0 0.8671875 0.8421875 0.8671875 0.8421875 1.0 1.0 1.0 1.0 0.8671875
0 1.0 0.640625 0.8828125 0.640625 0.8828125 0.7796875 1.0 0.7796875 1.0 0.640625
0 0.79375 0.5484375 0.5984375 0.5484375 0.5984375 0.6953125 0.79375 0.6953125 0.79375 0.5484375
0 0.4171875 0.1921875 0.2359375 0.1921875 0.2359375 0.3 0.4171875 0.3 0.4171875 0.1921875
