0 0.1734375 0.603125 0.0390625 0.603125 0.0390625 0.7078125 0.1734375 0.7078125 0.1734375 0.603125
0 0.6609375 0.2671875 0.325 0.2671875 0.325 0.559375 0.6609375 0.559375 0.6609375 0.2671875
0 0.8890625 0.328125 0.6140625 0.328125 0.6140625 0.575 0.8890625 0.575 0.8890625 0.328125
0 0.275 0.159375 0.1734375 0.159375 0.1734375 0.2546875 0.275 0.2546875 0.275 0.159375
0 0.575 0.0015625 0.5203125 0.0015625 0.5203125 0.040625 0.575 0.040625 0.575 0.0015625
0 0.9578125 0.3484375 0.8578125 0.3484375 0.8578125 0.459375 0.9578125 0.459375 0.9578125 0.3484375
0 1.0 0.6609375 0.9890625 0.6609375 0.9890625 0.6828125 1.0 0.6828125 1.0 0.6609375
0 0.9234375 0.50625 0.734375 0.50625 0.734375 0.703125 0.9234375 0.703125 0.9234375 0.50625
0 0.7625 0.259375 0.4921875 0.259375 0.4921875 0.48125 0.7625 0.48125 0.7625 0.259375
0 1.0 0.0015625 0.784375 0.0015625 0.784375 0.396875 1.0 0.396875 1.0 0.0015625
0 0.459375 0.209375 0.240625 0.209375 0.240625 0.453125 0.459375 0.453125 0.459375 0.209375
0 0.4796875 0.0015625 0.253125 0.0015625 0.253125 0.1984375 0.4796875 0.1984375 0.4796875 0.0015625
0 0.7328125 0.0015625 0.515625 0.0015625 0.515625 0.190625 0.7328125 0.190625 0.7328125 0.0015625
0 0.515625 0.075 0.3625 0.075 0.3625 0.259375 0.515625 0.259375 0.515625 0.075
0 0.7734375 0.08125 0.5890625 0.08125 0.5890625 0.246875 0.7734375 0.246875 0.7734375 0.08125
0 0.3640625 0.0703125 0.184375 0.0703125 0.184375 0.21875 0.3640625 0.21875 0.3640625 0.0703125
0 0.521875 0.0015625 0.3421875 0.0015625 0.3421875 0.0859375 0.521875 0.0859375 0.521875 0.0015625
0 0.8828125 0.8875 0.8078125 0.8875 0.8078125 1.0 0.8828125 1.0 0.8828125 0.8875
0 0.9453125 0.0015625 0.934375 0.0015625 0.934375 0.00625 0.9453125 0.00625 0.9453125 0.0015625
0 1.0 0.5515625 0.9375 0.5515625 0.9375 0.628125 1.0 0.628125 1.0 0.5515625
0 0.3875 0.0015625 0.0015625 0.0015625 0.0015625 1.0 0.3875 1.0 0.3875 0.0015625
0 1.0 0.4109375 0.35 0.4109375 0.35 1.0 1.0 1.0 1.0 0.4109375
0 0.9796875 0.0015625 0.56875 0.0015625 0.56875 0.303125 0.9796875 0.303125 0.9796875 0.0015625
0 0.9640625 0.2625 0.7125 0.2625 0.7125 0.4984375 0.9640625 0.4984375 0.9640625 0.2625
