0 0.396875 0.2796875 0.1984375 0.2796875 0.1984375 0.5515625 0.396875 0.5515625 0.396875 0.2796875
0 0.10625 0.3625 0.0015625 0.3625 0.0015625 0.4390625 0.10625 0.4390625 0.10625 0.3625
0 0.1578125 0.1125 0.0015625 0.1125 0.0015625 0.38125 0.1578125 0.38125 0.1578125 0.1125
0 0.2609375 0.0578125 0.1015625 0.0578125 0.1015625 0.275 0.2609375 0.275 0.2609375 0.0578125
0 0.0453125 0.0015625 0.0265625 0.0015625 0.0265625 0.01875 0.0453125 0.01875 0.0453125 0.0015625
0 1.0 0.7390625 0.9234375 0.7390625 0.9234375 0.96875 1.0 0.96875 1.0 0.7390625
0 0.9453125 0.74375 0.853125 0.74375 0.853125 0.8671875 0.9453125 0.8671875 0.9453125 0.74375
0 0.18125 0.109375 0.0078125 0.109375 0.0078125 0.296875 0.18125 0.296875 0.18125 0.109375
0 0.8 0.2921875 0.6765625 0.2921875 0.6765625 0.4328125 0.8 0.4328125 0.8 0.2921875
0 0.615625 0.2234375 0.4609375 0.2234375 0.4609375 0.4296875 0.615625 0.4296875 0.615625 0.2234375
0 0.4640625 0.1078125 0.315625 0.1078125 0.315625 0.3421875 0.4640625 0.3421875 0.4640625 0.1078125
0 0.4703125 0.03125 0.3734375 0.03125 0.3734375 0.2 0.4703125 0.2 0.4703125 0.03125
0 0.9390625 0.403125 0.696875 0.403125 0.696875 0.5640625 0.9390625 0.5640625 0.9390625 0.403125
0 0.8640625 0.7453125 0.7109375 0.7453125 0.7109375 0.8890625 0.8640625 0.8890625 0.8640625 0.7453125
0 0.73125 0.4171875 0.653125 0.4171875 0.653125 0.55 0.73125 0.55 0.73125 0.4171875
0 1.0 0.0015625 0.0015625 0.0015625 0.0015625 1.0 1.0 1.0 1.0 0.0015625
0 0.4515625 0.5484375 0.3265625 0.5484375 0.3265625 0.6828125 0.4515625 0.6828125 0.4515625 0.5484375
0 0.99375 0.1609375 0.696875 0.1609375 0.696875 0.4140625 0.99375 0.4140625 0.99375 0.1609375
0 0.9796875 0.671875 0.759375 0.671875 0.759375 0.728125 0.9796875 0.728125 0.9796875 0.671875
