0 0.125 0.753125 0.0015625 0.753125 0.0015625 0.99375 0.125 0.99375 0.125 0.753125
0 0.175 0.0625 0.0015625 0.0625 0.0015625 0.8328125 0.175 0.8328125 0.175 0.0625
0 0.5125 0.9421875 0.4234375 0.9421875 0.4234375 1.0 0.5125 1.0 0.5125 0.9421875
0 0.340625 0.8015625 0.2765625 0.8015625 0.2765625 0.946875 0.340625 0.946875 0.340625 0.8015625
0 0.2578125 0.740625 0.1234375 0.740625 0.1234375 0.91875 0.2578125 0.91875 0.2578125 0.740625
0 0.203125 0.0015625 0.0921875 0.0015625 0.0921875 0.125 0.203125 0.125 0.203125 0.0015625
0 0.4828125 0.0015625 0.4484375 0.0015625 0.4484375 0.11875 0.4828125 0.11875 0.4828125 0.0015625
0 0.98125 0.596875 0.721875 0.596875 0.721875 1.0 0.98125 1.0 0.98125 0.596875
0 0.7125 0.865625 0.5359375 0.865625 0.5359375 1.0 0.7125 1.0 0.7125 0.865625
0 0.6203125 0.6046875 0.465625 0.6046875 0.465625 0.8875 0.6203125 0.8875 0.6203125 0.6046875
0 0.928125 0.0015625 0.4703125 0.0015625 0.4703125 0.7484375 0.928125 0.7484375 0.928125 0.0015625
0 0.6453125 0.4765625 0.5140625 0.4765625 0.5140625 0.65625 0.6453125 0.65625 0.6453125 0.4765625
0 0.840625 0.0015625 0.8265625 0.0015625 0.8265625 0.0234375 0.840625 0.0234375 0.840625 0.0015625
0 0.5296875 0.0015625 0.4875 0.0015625 0.4875 0.08125 0.5296875 0.08125 0.5296875 0.0015625
0 0.0390625 0.978125 0.0015625 0.978125 0.0015625 1.0 0.0390625 1.0 0.0390625 0.978125
0 0.021875 0.746875 0.0015625 0.746875 0.0015625 0.7765625 0.021875 0.7765625 0.021875 0.746875
0 0.3359375 0.8859375 0.028125 0.8859375 0.028125 1.0 0.3359375 1.0 0.3359375 0.8859375
0 0.7234375 0.590625 0.5140625 0.590625 0.5140625 1.0 0.7234375 1.0 0.7234375 0.590625
0 0.55625 0.4828125 0.465625 0.4828125 0.465625 0.81875 0.55625 0.81875 0.55625 0.4828125
0 0.165625 0.59375 0.0015625 0.59375 0.0015625 0.7140625 0.165625 0.7140625 0.165625 0.59375
0 0.4859375 0.4703125 0.3828125 0.4703125 0.3828125 0.78125 0.4859375 0.78125 0.4859375 0.4703125
0 0.103125 0.4359375 0.0078125 0.4359375 0.0078125 0.540625 0.103125 0.540625 0.103125 0.4359375
0 0.296875 0.03125 0.0234375 0.03125 0.0234375 0.3984375 0.296875 0.3984375 0.296875 0.03125
0 0.521875 0.05625 0.4703125 0.05625 0.4703125 0.3078125 0.521875 0.3078125 0.521875 0.05625
0 0.0921875 0.0015625 0.0296875 0.0015625 0.0296875 0.0671875 0.0921875 0.0671875 0.0921875 0.0015625
0 0.9359375 0.0015625 0.63125 0.0015625 0.63125 0.190625 0.9359375 0.190625 0.9359375 0.0015625
0 0.6515625 0.9359375 0.6109375 0.9359375 0.6109375 1.0 0.6515625 1.0 0.6515625 0.9359375
0 0.884375 0.803125 0.7875 0.803125 0.7875 1.0 0.884375 1.0 0.884375 0.803125
0 1.0 0.996875 1.0 0.996875 1.0 1.0 1.0 1.0 1.0 0.996875
0 0.959375 0.6140625 0.86875 0.6140625 0.86875 0.7265625 0.959375 0.7265625 0.959375 0.6140625
0 0.8078125 0.346875 0.6734375 0.346875 0.6734375 0.5921875 0.8078125 0.5921875 0.8078125 0.346875
0 0.1921875 0.90625 0.103125 0.90625 0.103125 1.0 0.1921875 1.0 0.1921875 0.90625
0 0.1328125 0.7328125 0.0015625 0.7328125 0.0015625 0.9875 0.1328125 0.9875 0.1328125 0.7328125
0 0.1125 0.0015625 0.0015625 0.0015625 0.0015625 0.309375 0.1125 0.309375 0.1125 0.0015625
0 0.5171875 0.9640625 0.5 0.9640625 0.5 1.0 0.5171875 1.0 0.5171875 0.9640625
0 0.484375 0.696875 0.3296875 0.696875 0.3296875 1.0 0.484375 1.0 0.484375 0.696875
0 0.4140625 0.0015625 0.0578125 0.0015625 0.0578125 0.8875 0.4140625 0.8875 0.4140625 0.0015625
0 0.4828125 0.0015625 0.4125 0.0015625 0.4125 0.4953125 0.4828125 0.4953125 0.4828125 0.0015625
0 0.146875 0.0703125 0.0796875 0.0703125 0.0796875 0.3 0.146875 0.3 0.146875 0.0703125
0 0.6921875 0.9328125 0.6515625 0.9328125 0.6515625 1.0 0.6921875 1.0 0.6921875 0.9328125
0 0.8046875 0.6640625 0.6890625 0.6640625 0.6890625 1.0 0.8046875 1.0 0.8046875 0.6640625
0 0.5734375 0.84375 0.4421875 0.84375 0.4421875 0.9609375 0.5734375 0.9609375 0.5734375 0.84375
0 0.928125 0.6890625 0.796875 0.6890625 0.796875 0.7921875 0.928125 0.7921875 0.928125 0.6890625
0 0.659375 0.2375 0.4515625 0.2375 0.4515625 0.540625 0.659375 0.540625 0.659375 0.2375
0 0.5796875 0.184375 0.5171875 0.184375 0.5171875 0.340625 0.5796875 0.340625 0.5796875 0.184375
0 0.884375 0.0015625 0.81875 0.0015625 0.81875 0.0734375 0.884375 0.0734375 0.884375 0.0015625
0 1.0 0.5109375 0.84375 0.5109375 0.84375 0.9828125 1.0 0.9828125 1.0 0.5109375
0 0.915625 0.93125 0.88125 0.93125 0.88125 1.0 0.915625 1.0 0.915625 0.93125
0 0.984375 0.4453125 0.8921875 0.4453125 0.8921875 0.58125 0.984375 0.58125 0.984375 0.4453125
0 1.0 0.1546875 0.8921875 0.1546875 0.8921875 0.390625 1.0 0.390625 1.0 0.1546875
