0 0.6671875 0.446875 0.428125 0.446875 0.428125 0.85 0.6671875 0.85 0.6671875 0.446875
0 0.740625 0.9546875 0.6671875 0.9546875 0.6671875 1.0 0.740625 1.0 0.740625 0.9546875
0 0.6859375 0.7703125 0.44375 0.7703125 0.44375 1.0 0.6859375 1.0 0.6859375 0.7703125
0 1.0 0.70625 0.996875 0.70625 0.996875 0.728125 1.0 0.728125 1.0 0.70625
0 0.709375 0.746875 0.6140625 0.746875 0.6140625 0.85625 0.709375 0.85625 0.709375 0.746875
0 0.6421875 0.4953125 0.4859375 0.4953125 0.4859375 0.7953125 0.6421875 0.7953125 0.6421875 0.4953125
0 0.5625 0.4296875 0.365625 0.4296875 0.365625 0.784375 0.5625 0.784375 0.5625 0.4296875
0 0.7171875 0.6640625 0.45625 0.6640625 0.45625 0.9296875 0.7171875 0.9296875 0.7171875 0.6640625
0 0.859375 0.303125 0.6984375 0.303125 0.6984375 0.3921875 0.859375 0.3921875 0.859375 0.303125
0 1.0 0.1453125 0.8359375 0.1453125 0.8359375 0.6171875 1.0 0.6171875 1.0 0.1453125
0 1.0 0.5 0.653125 0.5 0.653125 0.8171875 1.0 0.8171875 1.0 0.5
0 1.0 0.7375 0.765625 0.7375 0.765625 1.0 1.0 1.0 1.0 0.7375
0 1.0 0.590625 0.9953125 0.590625 0.9953125 0.640625 1.0 0.640625 1.0 0.590625
0 1.0 0.121875 0.93125 0.121875 0.93125 0.3546875 1.0 0.3546875 1.0 0.121875
0 0.971875 0.7875 0.7375 0.7875 0.7375 1.0 0.971875 1.0 0.971875 0.7875
0 0.6578125 0.346875 0.553125 0.346875 0.553125 0.4828125 0.6578125 0.4828125 0.6578125 0.346875
0 0.8828125 0.3359375 0.5671875 0.3359375 0.5671875 0.7140625 0.8828125 0.7140625 0.8828125 0.3359375
0 1.0 0.0015625 0.96875 0.0015625 0.96875 0.115625 1.0 0.115625 1.0 0.0015625
