0 0.00625 0.9484375 0.0015625 0.9484375 0.0015625 0.9609375 0.00625 0.9609375 0.00625 0.9484375
0 0.2125 0.971875 0.1859375 0.971875 0.1859375 1.0 0.2125 1.0 0.2125 0.971875
0 0.090625 0.825 0.0015625 0.825 0.0015625 0.95 0.090625 0.95 0.090625 0.825
0 0.284375 0.5578125 0.1046875 0.5578125 0.1046875 0.65625 0.284375 0.65625 0.284375 0.5578125
0 0.0171875 0.5421875 0.0015625 0.5421875 0.0015625 0.559375 0.0171875 0.559375 0.0171875 0.5421875
0 0.44375 0.884375 0.259375 0.884375 0.259375 1.0 0.44375 1.0 0.44375 0.884375
0 0.3203125 0.8296875 0.234375 0.8296875 0.234375 0.9484375 0.3203125 0.9484375 0.3203125 0.8296875
0 0.1234375 0.940625 0.01875 0.940625 0.01875 1.0 0.1234375 1.0 0.1234375 0.940625
0 0.0484375 0.7734375 0.0015625 0.7734375 0.0015625 0.88125 0.0484375 0.88125 0.0484375 0.7734375
0 0.5890625 0.828125 0.4296875 0.828125 0.4296875 1.0 0.5890625 1.0 0.5890625 0.828125
0 0.8015625 0.9875 0.721875 0.9875 0.721875 1.0 0.8015625 1.0 0.8015625 0.9875
0 0.346875 0.640625 0.1921875 0.640625 0.1921875 0.715625 0.346875 0.715625 0.346875 0.640625
0 0.53125 0.98125 0.50625 0.98125 0.50625 1.0 0.53125 1.0 0.53125 0.98125
0 0.81875 0.7921875 0.5546875 0.7921875 0.5546875 1.0 0.81875 1.0 0.81875 0.7921875
0 0.2375 0.9703125 0.1203125 0.9703125 0.1203125 1.0 0.2375 1.0 0.2375 0.9703125
0 0.6640625 0.94375 0.5140625 0.94375 0.5140625 1.0 0.6640625 1.0 0.6640625 0.94375
0 0.54375 0.5171875 0.0828125 0.5171875 0.0828125 0.971875 0.54375 0.971875 0.54375 0.5171875
0 0.14375 0.678125 0.0140625 0.678125 0.0140625 0.7828125 0.14375 0.7828125 0.14375 0.678125
0 0.034375 0.6234375 0.0015625 0.6234375 0.0015625 0.7 0.034375 0.7 0.034375 0.6234375
0 0.1078125 0.4390625 0.0015625 0.4390625 0.0015625 0.4984375 0.1078125 0.4984375 0.1078125 0.4390625
0 0.1015625 0.5296875 0.0015625 0.5296875 0.0015625 0.7734375 0.1015625 0.7734375 0.1015625 0.5296875
0 0.434375 0.8671875 0.09375 0.8671875 0.09375 1.0 0.434375 1.0 0.434375 0.8671875
0 0.1640625 0.71875 0.0046875 0.71875 0.0046875 0.9828125 0.1640625 0.9828125 0.1640625 0.71875
