0 0.4421875 0.0015625 0.3265625 0.0015625 0.3265625 0.1 0.4421875 0.1 0.4421875 0.0015625
0 0.2125 0.7109375 0.0015625 0.7109375 0.0015625 1.0 0.2125 1.0 0.2125 0.7109375
0 0.1078125 0.734375 0.003125 0.734375 0.003125 0.84375 0.1078125 0.84375 0.1078125 0.734375
0 0.678125 0.1734375 0.3796875 0.1734375 0.3796875 0.36875 0.678125 0.36875 0.678125 0.1734375
0 0.371875 0.10625 0.2671875 0.10625 0.2671875 0.321875 0.371875 0.321875 0.371875 0.10625
0 0.6078125 0.0328125 0.484375 0.0328125 0.484375 0.1375 0.6078125 0.1375 0.6078125 0.0328125
0 0.2328125 0.0015625 0.065625 0.0015625 0.065625 0.0890625 0.2328125 0.0890625 0.2328125 0.0015625
0 0.8953125 0.4984375 0.66875 0.4984375 0.66875 0.65625 0.8953125 0.65625 0.8953125 0.4984375
0 1.0 0.3703125 0.90625 0.3703125 0.90625 0.625 1.0 0.625 1.0 0.3703125
0 0.0859375 0.6984375 0.0015625 0.6984375 0.0015625 0.8046875 0.0859375 0.8046875 0.0859375 0.6984375
0 0.5984375 0.096875 0.4140625 0.096875 0.4140625 0.2921875 0.5984375 0.2921875 0.5984375 0.096875
0 0.4 0.0015625 0.2234375 0.0015625 0.2234375 0.1859375 0.4 0.1859375 0.4 0.0015625
0 0.428125 0.3015625 0.271875 0.3015625 0.271875 0.4421875 0.428125 0.4421875 0.428125 0.3015625
0 0.44375 0.203125 0.146875 0.203125 0.146875 0.5296875 0.44375 0.5296875 0.44375 0.203125
0 0.25625 0.103125 0.1609375 0.103125 0.1609375 0.26875 0.25625 0.26875 0.25625 0.103125
0 0.1171875 0.059375 0.0125 0.059375 0.0125 0.1421875 0.1171875 0.1421875 0.1171875 0.059375
0 0.55625 0.0015625 0.353125 0.0015625 0.353125 0.15625 0.55625 0.15625 0.55625 0.0015625
0 0.9734375 0.0015625 0.8 0.0015625 0.8 0.0609375 0.9734375 0.0609375 0.9734375 0.0015625
0 1.0 0.0015625 0.0015625 0.0015625 0.0015625 0.8140625 1.0 0.8140625 1.0 0.0015625
0 1.0 0.7125 0.28125 0.7125 0.28125 1.0 1.0 1.0 1.0 0.7125
0 0.0828125 0.76875 0.0015625 0.76875 0.0015625 0.9046875 0.0828125 0.9046875 0.0828125 0.76875
0 0.5125 0.075 0.228125 0.075 0.228125 0.425 0.5125 0.425 0.5125 0.075
0 0.9953125 0.3796875 0.6828125 0.3796875 0.6828125 0.703125 0.9953125 0.703125 0.9953125 0.3796875
