0 0.109375 0.8125 0.0015625 0.8125 0.0015625 0.928125 0.109375 0.928125 0.109375 0.8125
0 0.1484375 0.4234375 0.04375 0.4234375 0.04375 0.5984375 0.1484375 0.5984375 0.1484375 0.4234375
0 0.6078125 0.8046875 0.5109375 0.8046875 0.5109375 1.0 0.6078125 1.0 0.6078125 0.8046875
0 0.48125 0.678125 0.3859375 0.678125 0.3859375 0.8734375 0.48125 0.8734375 0.48125 0.678125
0 0.48125 0.8359375 0.340625 0.8359375 0.340625 1.0 0.48125 1.0 0.48125 0.8359375
0 0.428125 0.646875 0.3296875 0.646875 0.3296875 0.84375 0.428125 0.84375 0.428125 0.646875
0 0.3421875 0.0015625 0.3203125 0.0015625 0.3203125 0.003125 0.3421875 0.003125 0.3421875 0.0015625
0 0.4984375 0.5375 0.0015625 0.5375 0.0015625 1.0 0.4984375 1.0 0.4984375 0.5375
0 0.640625 0.0015625 0.0015625 0.0015625 0.0015625 0.721875 0.640625 0.721875 0.640625 0.0015625
0 0.0640625 0.403125 0.0015625 0.403125 0.0015625 0.5203125 0.0640625 0.5203125 0.0640625 0.403125
0 1.0 0.1640625 0.6734375 0.1640625 0.6734375 1.0 1.0 1.0 1.0 0.1640625
0 0.6640625 0.8390625 0.60625 0.8390625 0.60625 1.0 0.6640625 1.0 0.6640625 0.8390625
0 0.7953125 0.0015625 0.478125 0.0015625 0.478125 0.5328125 0.7953125 0.5328125 0.7953125 0.0015625
0 0.84375 0.609375 0.7234375 0.609375 0.7234375 0.7625 0.84375 0.7625 0.84375 0.609375
