0 1.0 0.465625 0.99375 0.465625 0.99375 0.5953125 1.0 0.5953125 1.0 0.465625
0 0.9484375 0.5484375 0.85625 0.5484375 0.85625 0.6703125 0.9484375 0.6703125 0.9484375 0.5484375
0 0.2734375 0.190625 0.16875 0.190625 0.16875 0.3953125 0.2734375 0.3953125 0.2734375 0.190625
0 0.1828125 0.096875 0.090625 0.096875 0.090625 0.20625 0.1828125 0.20625 0.1828125 0.096875
0 0.10625 0.7828125 0.0015625 0.7828125 0.0015625 0.921875 0.10625 0.921875 0.10625 0.7828125
0 0.2875 0.20625 0.2125 0.20625 0.2125 0.5546875 0.2875 0.5546875 0.2875 0.20625
0 0.51875 0.815625 0.4328125 0.815625 0.4328125 1.0 0.51875 1.0 0.51875 0.815625
0 0.8078125 0.446875 0.6875 0.446875 0.6875 0.8015625 0.8078125 0.8015625 0.8078125 0.446875
0 0.6984375 0.84375 0.6375 0.84375 0.6375 1.0 0.6984375 1.0 0.6984375 0.84375
0 0.1171875 0.0015625 0.05625 0.0015625 0.05625 0.01875 0.1171875 0.01875 0.1171875 0.0015625
0 0.953125 0.146875 0.8640625 0.146875 0.8640625 0.3046875 0.953125 0.3046875 0.953125 0.146875
0 0.41875 0.24375 0.3265625 0.24375 0.3265625 0.409375 0.41875 0.409375 0.41875 0.24375
0 0.0609375 0.7296875 0.0015625 0.7296875 0.0015625 0.9 0.0609375 0.9 0.0609375 0.7296875
0 0.0625 0.465625 0.0015625 0.465625 0.0015625 0.6375 0.0625 0.6375 0.0625 0.465625
0 0.5328125 0.0015625 0.4 0.0015625 0.4 0.05 0.5328125 0.05 0.5328125 0.0015625
0 0.9484375 0.55 0.7828125 0.55 0.7828125 0.7390625 0.9484375 0.7390625 0.9484375 0.55
0 0.859375 0.1046875 0.725 0.1046875 0.725 0.2875 0.859375 0.2875 0.859375 0.1046875
0 0.6390625 0.0015625 0.621875 0.0015625 0.621875 0.0109375 0.6390625 0.0109375 0.6390625 0.0015625
0 0.2265625 0.8546875 0.14375 0.8546875 0.14375 1.0 0.2265625 1.0 0.2265625 0.8546875
0 0.8828125 0.703125 0.8015625 0.703125 0.8015625 1.0 0.8828125 1.0 0.8828125 0.703125
0 0.39375 0.775 0.2328125 0.775 0.2328125 0.903125 0.39375 0.903125 0.39375 0.775
0 0.1421875 0.6109375 0.0015625 0.6109375 0.0015625 0.7546875 0.1421875 0.7546875 0.1421875 0.6109375
0 0.8546875 0.5171875 0.7171875 0.5171875 0.7171875 0.665625 0.8546875 0.665625 0.8546875 0.5171875
0 0.696875 0.4390625 0.6046875 0.4390625 0.6046875 0.634375 0.696875 0.634375 0.696875 0.4390625
0 0.1390625 0.246875 0.0015625 0.246875 0.0015625 0.5796875 0.1390625 0.5796875 0.1390625 0.246875
0 0.2109375 0.371875 0.1453125 0.371875 0.1453125 0.5234375 0.2109375 0.5234375 0.2109375 0.371875
0 0.4109375 0.38125 0.3015625 0.38125 0.3015625 0.50625 0.4109375 0.50625 0.4109375 0.38125
0 0.228125 0.00625 0.01875 0.00625 0.01875 0.3625 0.228125 0.3625 0.228125 0.00625
0 0.8140625 0.0015625 0.7578125 0.0015625 0.7578125 0.0859375 0.8140625 0.0859375 0.8140625 0.0015625
0 0.0546875 0.0015625 0.04375 0.0015625 0.04375 0.0046875 0.0546875 0.0046875 0.0546875 0.0015625
0 0.209375 0.4859375 0.0546875 0.4859375 0.0546875 1.0 0.209375 1.0 0.209375 0.4859375
0 0.490625 0.5140625 0.3703125 0.5140625 0.3703125 0.6921875 0.490625 0.6921875 0.490625 0.5140625
0 0.2796875 0.3484375 0.1890625 0.3484375 0.1890625 0.778125 0.2796875 0.778125 0.2796875 0.3484375
0 0.4265625 0.3859375 0.328125 0.3859375 0.328125 0.5625 0.4265625 0.5625 0.4265625 0.3859375
0 0.375 0.153125 0.296875 0.153125 0.296875 0.3578125 0.375 0.3578125 0.375 0.153125
0 0.5921875 0.0015625 0.4453125 0.0015625 0.4453125 0.1796875 0.5921875 0.1796875 0.5921875 0.0015625
0 0.9828125 0.0015625 0.5828125 0.0015625 0.5828125 0.44375 0.9828125 0.44375 0.9828125 0.0015625
0 0.68125 0.8875 0.6375 0.8875 0.6375 1.0 0.68125 1.0 0.68125 0.8875
0 0.79375 0.7953125 0.659375 0.7953125 0.659375 1.0 0.79375 1.0 0.79375 0.7953125
0 1.0 0.7875 0.9828125 0.7875 0.9828125 0.875 1.0 0.875 1.0 0.7875
0 0.809375 0.7078125 0.703125 0.7078125 0.703125 0.909375 0.809375 0.909375 0.809375 0.7078125
0 0.9875 0.6546875 0.915625 0.6546875 0.915625 0.921875 0.9875 0.921875 0.9875 0.6546875
0 0.79375 0.559375 0.6984375 0.559375 0.6984375 0.734375 0.79375 0.734375 0.79375 0.559375
0 0.89375 0.7015625 0.828125 0.7015625 0.828125 0.940625 0.89375 0.940625 0.89375 0.7015625
0 0.8234375 0.66875 0.71875 0.66875 0.71875 0.834375 0.8234375 0.834375 0.8234375 0.66875
0 0.2546875 0.5234375 0.0828125 0.5234375 0.0828125 1.0 0.2546875 1.0 0.2546875 0.5234375
0 0.1484375 0.2875 0.028125 0.2875 0.028125 0.5875 0.1484375 0.5875 0.1484375 0.2875
0 0.0453125 0.221875 0.0015625 0.221875 0.0015625 0.26875 0.0453125 0.26875 0.0453125 0.221875
0 0.5 0.0015625 0.2453125 0.0015625 0.2453125 0.8171875 0.5 0.8171875 0.5 0.0015625
0 0.5453125 0.8421875 0.46875 0.8421875 0.46875 1.0 0.5453125 1.0 0.5453125 0.8421875
0 1.0 0.0015625 0.371875 0.0015625 0.371875 1.0 1.0 1.0 1.0 0.0015625
0 0.30625 0.3828125 0.259375 0.3828125 0.259375 0.7546875 0.30625 0.7546875 0.30625 0.3828125
0 0.89375 0.4640625 0.7796875 0.4640625 0.7796875 0.5609375 0.89375 0.5609375 0.89375 0.4640625
