0 0.221875 0.33125 0.1484375 0.33125 0.1484375 0.5890625 0.221875 0.5890625 0.221875 0.33125
0 1.0 0.95625 0.9796875 0.95625 0.9796875 1.0 1.0 1.0 1.0 0.95625
0 0.871875 0.3484375 0.7546875 0.3484375 0.7546875 0.70625 0.871875 0.70625 0.871875 0.3484375
0 0.8328125 0.4703125 0.6453125 0.4703125 0.6453125 0.5640625 0.8328125 0.5640625 0.8328125 0.4703125
0 0.3296875 0.1859375 0.2125 0.1859375 0.2125 0.4078125 0.3296875 0.4078125 0.3296875 0.1859375
0 0.690625 0.6375 0.54375 0.6375 0.54375 0.7671875 0.690625 0.7671875 0.690625 0.6375
0 0.353125 0.4265625 0.1890625 0.4265625 0.1890625 0.6265625 0.353125 0.6265625 0.353125 0.4265625
0 0.8453125 0.1453125 0.73125 0.1453125 0.73125 0.3671875 0.8453125 0.3671875 0.8453125 0.1453125
0 0.59375 0.0015625 0.40625 0.0015625 0.40625 0.1953125 0.59375 0.1953125 0.59375 0.0015625
0 0.8 0.0015625 0.7296875 0.0015625 0.7296875 0.028125 0.8 0.028125 0.8 0.0015625
0 0.3421875 0.58125 0.140625 0.58125 0.140625 0.8 0.3421875 0.8 0.3421875 0.58125
0 0.8328125 0.5109375 0.7015625 0.5109375 0.7015625 0.640625 0.8328125 0.640625 0.8328125 0.5109375
0 0.878125 0.0234375 0.5640625 0.0234375 0.5640625 0.50625 0.878125 0.50625 0.878125 0.0234375
0 0.2375 0.26875 0.175 0.26875 0.175 0.503125 0.2375 0.503125 0.2375 0.26875
0 0.6078125 0.25625 0.503125 0.25625 0.503125 0.3375 0.6078125 0.3375 0.6078125 0.25625
0 0.4796875 0.190625 0.3859375 0.190625 0.3859375 0.375 0.4796875 0.375 0.4796875 0.190625
0 0.3390625 0.109375 0.209375 0.109375 0.209375 0.2875 0.3390625 0.2875 0.3390625 0.109375
0 0.4671875 0.0015625 0.346875 0.0015625 0.346875 0.140625 0.4671875 0.140625 0.4671875 0.0015625
0 0.7625 0.0015625 0.7 0.0015625 0.7 0.0234375 0.7625 0.0234375 0.7625 0.0015625
0 0.3390625 0.859375 0.2421875 0.859375 0.2421875 1.0 0.3390625 1.0 0.3390625 0.859375
0 0.8953125 0.6578125 0.7625 0.6578125 0.7625 0.871875 0.8953125 0.871875 0.8953125 0.6578125
0 0.8078125 0.6125 0.6921875 0.6125 0.6921875 0.709375 0.8078125 0.709375 0.8078125 0.6125
0 0.7484375 0.4375 0.6359375 0.4375 0.6359375 0.55 0.7484375 0.55 0.7484375 0.4375
0 0.921875 0.340625 0.84375 0.340625 0.84375 0.5375 0.921875 0.5375 0.921875 0.340625
0 0.3625 0.9453125 0.2765625 0.9453125 0.2765625 1.0 0.3625 1.0 0.3625 0.9453125
0 0.0375 0.1703125 0.0015625 0.1703125 0.0015625 0.3625 0.0375 0.3625 0.0375 0.1703125
0 0.2515625 0.95625 0.1921875 0.95625 0.1921875 1.0 0.2515625 1.0 0.2515625 0.95625
0 0.43125 0.68125 0.1859375 0.68125 0.1859375 0.865625 0.43125 0.865625 0.43125 0.68125
0 0.7453125 0.55 0.6078125 0.55 0.6078125 0.6640625 0.7453125 0.6640625 0.7453125 0.55
0 0.49375 0.5375 0.3890625 0.5375 0.3890625 0.675 0.49375 0.675 0.49375 0.5375
0 0.646875 0.2859375 0.515625 0.2859375 0.515625 0.3984375 0.646875 0.3984375 0.646875 0.2859375
0 0.5234375 0.0015625 0.278125 0.0015625 0.278125 0.309375 0.5234375 0.309375 0.5234375 0.0015625
0 0.2875 0.0578125 0.1078125 0.0578125 0.1078125 0.3484375 0.2875 0.3484375 0.2875 0.0578125
0 0.6625 0.0015625 0.5859375 0.0015625 0.5859375 0.0796875 0.6625 0.0796875 0.6625 0.0015625
0 0.4140625 0.0015625 0.365625 0.0015625 0.365625 0.075 0.4140625 0.075 0.4140625 0.0015625
0 0.8984375 0.0015625 0.7953125 0.0015625 0.7953125 0.05625 0.8984375 0.05625 0.8984375 0.0015625
0 0.4359375 0.95 0.353125 0.95 0.353125 1.0 0.4359375 1.0 0.4359375 0.95
0 0.0546875 0.371875 0.0015625 0.371875 0.0015625 0.70625 0.0546875 0.70625 0.0546875 0.371875
0 0.028125 0.0015625 0.0015625 0.0015625 0.0015625 0.175 0.028125 0.175 0.028125 0.0015625
0 0.74375 0.115625 0.0828125 0.115625 0.0828125 1.0 0.74375 1.0 0.74375 0.115625
0 0.2875 0.521875 0.1953125 0.521875 0.1953125 0.6796875 0.2875 0.6796875 0.2875 0.521875
0 1.0 0.0015625 0.1078125 0.0015625 0.1078125 0.3390625 1.0 0.3390625 1.0 0.0015625
0 0.840625 0.7015625 0.5671875 0.7015625 0.5671875 1.0 0.840625 1.0 0.840625 0.7015625
0 1.0 0.8359375 0.846875 0.8359375 0.846875 1.0 1.0 1.0 1.0 0.8359375
0 1.0 0.6796875 0.9109375 0.6796875 0.9109375 0.8359375 1.0 0.8359375 1.0 0.6796875
0 1.0 0.5953125 0.99375 0.5953125 0.99375 0.621875 1.0 0.621875 1.0 0.5953125
0 1.0 0.340625 0.8484375 0.340625 0.8484375 0.5625 1.0 0.5625 1.0 0.340625
0 0.9796875 0.7203125 0.784375 0.7203125 0.784375 0.971875 0.9796875 0.971875 0.9796875 0.7203125
0 1.0 0.703125 0.9625 0.703125 0.9625 0.7953125 1.0 0.7953125 1.0 0.703125
0 1.0 0.2640625 0.853125 0.2640625 0.853125 0.415625 1.0 0.415625 1.0 0.2640625
0 0.6703125 0.8203125 0.4828125 0.8203125 0.4828125 1.0 0.6703125 1.0 0.6703125 0.8203125
0 0.7671875 0.896875 0.7328125 0.896875 0.7328125 1.0 0.7671875 1.0 0.7671875 0.896875
0 0.9234375 0.8734375 0.7890625 0.8734375 0.7890625 1.0 0.9234375 1.0 0.9234375 0.8734375
0 1.0 0.7890625 0.9390625 0.7890625 0.9390625 0.9171875 1.0 0.9171875 1.0 0.7890625
0 1.0 0.46875 0.8203125 0.46875 0.8203125 0.7359375 1.0 0.7359375 1.0 0.46875
0 1.0 0.065625 0.93125 0.065625 0.93125 0.240625 1.0 0.240625 1.0 0.065625
