0 0.2453125 0.578125 0.1265625 0.578125 0.1265625 0.73125 0.2453125 0.73125 0.2453125 0.578125
0 0.178125 0.4859375 0.065625 0.4859375 0.065625 0.7328125 0.178125 0.7328125 0.178125 0.4859375
0 1.0 0.15 0.9328125 0.15 0.9328125 0.359375 1.0 0.359375 1.0 0.15
0 0.09375 0.71875 0.0015625 0.71875 0.0015625 0.896875 0.09375 0.896875 0.09375 0.71875
0 1.0 0.0640625 0.90625 0.0640625 0.90625 0.2203125 1.0 0.2203125 1.0 0.0640625
0 0.396875 0.0015625 0.2265625 0.0015625 0.2265625 0.215625 0.396875 0.215625 0.396875 0.0015625
0 0.9 0.0015625 0.75 0.0015625 0.75 0.1875 0.9 0.1875 0.9 0.0015625
0 0.1421875 0.8171875 0.0015625 0.8171875 0.0015625 0.990625 0.1421875 0.990625 0.1421875 0.8171875
0 0.8296875 0.0015625 0.79375 0.0015625 0.79375 0.0234375 0.8296875 0.0234375 0.8296875 0.0015625
0 0.2296875 0.146875 0.0421875 0.146875 0.0421875 0.4609375 0.2296875 0.4609375 0.2296875 0.146875
0 0.596875 0.1140625 0.459375 0.1140625 0.459375 0.3421875 0.596875 0.3421875 0.596875 0.1140625
0 1.0 0.0015625 0.91875 0.0015625 0.91875 0.1015625 1.0 0.1015625 1.0 0.0015625
0 0.678125 0.0015625 0.5671875 0.0015625 0.5671875 0.0734375 0.678125 0.0734375 0.678125 0.0015625
0 0.25625 0.0015625 0.1953125 0.0015625 0.1953125 0.0328125 0.25625 0.0328125 0.25625 0.0015625
0 0.0703125 0.31875 0.0015625 0.31875 0.0015625 0.728125 0.0703125 0.728125 0.0703125 0.31875
0 0.9265625 0.171875 0.5859375 0.171875 0.5859375 0.775 0.9265625 0.775 0.9265625 0.171875
0 1.0 0.3234375 0.8890625 0.3234375 0.8890625 0.5578125 1.0 0.5578125 1.0 0.3234375
0 0.3609375 0.309375 0.221875 0.309375 0.221875 0.659375 0.3609375 0.659375 0.3609375 0.309375
0 0.203125 0.3453125 0.1078125 0.3453125 0.1078125 0.6203125 0.203125 0.6203125 0.203125 0.3453125
0 0.415625 0.371875 0.35 0.371875 0.35 0.5703125 0.415625 0.5703125 0.415625 0.371875
0 0.3375 0.240625 0.25 0.240625 0.25 0.340625 0.3375 0.340625 0.3375 0.240625
0 0.3453125 0.0015625 0.2453125 0.0015625 0.2453125 0.1671875 0.3453125 0.1671875 0.3453125 0.0015625
0 0.45625 0.0015625 0.365625 0.0015625 0.365625 0.03125 0.45625 0.03125 0.45625 0.0015625
0 0.9328125 0.5 0.8625 0.5 0.8625 0.7796875 0.9328125 0.7796875 0.9328125 0.5
0 0.0921875 0.084375 0.0015625 0.084375 0.0015625 0.290625 0.0921875 0.290625 0.0921875 0.084375
0 0.459375 0.0515625 0.309375 0.0515625 0.309375 0.24375 0.459375 0.24375 0.459375 0.0515625
0 0.2390625 0.0375 0.1140625 0.0375 0.1140625 0.1390625 0.2390625 0.1390625 0.2390625 0.0375
0 0.5890625 0.0078125 0.4875 0.0078125 0.4875 0.134375 0.5890625 0.134375 0.5890625 0.0078125
0 0.0734375 0.9359375 0.0015625 0.9359375 0.0015625 1.0 0.0734375 1.0 0.0734375 0.9359375
0 0.01875 0.7796875 0.0015625 0.7796875 0.0015625 0.85 0.01875 0.85 0.01875 0.7796875
0 0.178125 0.403125 0.0015625 0.403125 0.0015625 0.7625 0.178125 0.7625 0.178125 0.403125
0 0.0109375 0.2578125 0.0015625 0.2578125 0.0015625 0.2890625 0.0109375 0.2890625 0.0109375 0.2578125
0 0.5203125 0.95 0.45625 0.95 0.45625 1.0 0.5203125 1.0 0.5203125 0.95
0 1.0 0.0015625 0.0859375 0.0015625 0.0859375 1.0 1.0 1.0 1.0 0.0015625
0 0.2484375 0.0015625 0.0015625 0.0015625 0.0015625 0.3953125 0.2484375 0.3953125 0.2484375 0.0015625
0 0.53125 0.80625 0.4546875 0.80625 0.4546875 0.9171875 0.53125 0.9171875 0.53125 0.80625
0 0.8625 0.0203125 0.765625 0.0203125 0.765625 0.14375 0.8625 0.14375 0.8625 0.0203125
0 1.0 0.0171875 0.9734375 0.0171875 0.9734375 0.3265625 1.0 0.3265625 1.0 0.0171875
