0 0.775 0.6546875 0.5546875 0.6546875 0.5546875 1.0 0.775 1.0 0.775 0.6546875
0 0.9109375 0.4234375 0.659375 0.4234375 0.659375 0.9328125 0.9109375 0.9328125 0.9109375 0.4234375
0 0.1390625 0.1015625 0.00625 0.1015625 0.00625 0.5390625 0.1390625 0.5390625 0.1390625 0.1015625
0 1.0 0.0015625 0.928125 0.0015625 0.928125 0.0265625 1.0 0.0265625 1.0 0.0015625
0 0.875 0.0015625 0.7609375 0.0015625 0.7609375 0.1515625 0.875 0.1515625 0.875 0.0015625
0 0.7546875 0.9859375 0.7109375 0.9859375 0.7109375 1.0 0.7546875 1.0 0.7546875 0.9859375
0 0.9140625 0.7734375 0.7453125 0.7734375 0.7453125 0.9671875 0.9140625 0.9671875 0.9140625 0.7734375
0 0.9453125 0.340625 0.878125 0.340625 0.878125 0.6296875 0.9453125 0.6296875 0.9453125 0.340625
0 0.0234375 0.390625 0.0015625 0.390625 0.0015625 0.44375 0.0234375 0.44375 0.0234375 0.390625
0 1.0 0.0140625 0.8578125 0.0140625 0.8578125 0.7984375 1.0 0.7984375 1.0 0.0140625
0 0.8375 0.0015625 0.6703125 0.0015625 0.6703125 0.378125 0.8375 0.378125 0.8375 0.0015625
0 0.8328125 0.0015625 0.0015625 0.0015625 0.0015625 1.0 0.8328125 1.0 0.8328125 0.0015625
0 0.046875 0.5953125 0.0015625 0.5953125 0.0015625 0.8109375 0.046875 0.8109375 0.046875 0.5953125
0 0.0359375 0.31875 0.0015625 0.31875 0.0015625 0.4546875 0.0359375 0.4546875 0.0359375 0.31875
0 0.9734375 0.0203125 0.8609375 0.0203125 0.8609375 0.4203125 0.9734375 0.4203125 0.9734375 0.0203125
0 0.8515625 0.0015625 0.8359375 0.0015625 0.8359375 0.00625 0.8515625 0.00625 0.8515625 0.0015625
0 0.04375 0.5078125 0.0015625 0.5078125 0.0015625 0.5859375 0.04375 0.5859375 0.04375 0.5078125
