0 1.0 0.0015625 0.0015625 0.0015625 0.0015625 1.0 1.0 1.0 1.0 0.0015625
0 0.2078125 0.0015625 0.034375 0.0015625 0.034375 0.0609375 0.2078125 0.0609375 0.2078125 0.0015625
0 0.028125 0.0015625 0.0015625 0.0015625 0.0015625 0.1453125 0.028125 0.1453125 0.028125 0.0015625
0 0.903125 0.875 0.821875 0.875 0.821875 1.0 0.903125 1.0 0.903125 0.875
0 0.5234375 0.790625 0.0875 0.790625 0.0875 1.0 0.5234375 1.0 0.5234375 0.790625
0 1.0 0.35 0.659375 0.35 0.659375 1.0 1.0 1.0 1.0 0.35
0 1.0 0.0015625 0.5140625 0.0015625 0.5140625 0.3875 1.0 0.3875 1.0 0.0015625
0 0.565625 0.8203125 0.4359375 0.8203125 0.4359375 1.0 0.565625 1.0 0.565625 0.8203125
0 1.0 0.8890625 0.890625 0.8890625 0.890625 1.0 1.0 1.0 1.0 0.8890625
0 0.4515625 0.696875 0.340625 0.696875 0.340625 0.828125 0.4515625 0.828125 0.4515625 0.696875
0 0.2703125 0.0015625 0.0015625 0.0015625 0.0015625 0.5984375 0.2703125 0.5984375 0.2703125 0.0015625
0 0.55625 0.0015625 0.4375 0.0015625 0.4375 0.0625 0.55625 0.0625 0.55625 0.0015625
0 1.0 0.859375 0.946875 0.859375 0.946875 0.9578125 1.0 0.9578125 1.0 0.859375
0 0.6875 0.975 0.6359375 0.975 0.6359375 1.0 0.6875 1.0 0.6875 0.975
