0 0.2984375 0.1796875 0.2078125 0.1796875 0.2078125 0.30625 0.2984375 0.30625 0.2984375 0.1796875
0 0.03125 0.99375 0.0015625 0.99375 0.0015625 1.0 0.03125 1.0 0.03125 0.99375
0 0.4734375 0.528125 0.15 0.528125 0.15 0.78125 0.4734375 0.78125 0.4734375 0.528125
0 0.475 0.8203125 0.3546875 0.8203125 0.3546875 0.915625 0.475 0.915625 0.475 0.8203125
0 0.2484375 0.0421875 0.1109375 0.0421875 0.1109375 0.2375 0.2484375 0.2375 0.2484375 0.0421875
0 0.1765625 0.015625 0.071875 0.015625 0.071875 0.1640625 0.1765625 0.1640625 0.1765625 0.015625
0 0.7140625 0.0015625 0.6734375 0.0015625 0.6734375 0.0890625 0.7140625 0.0890625 0.7140625 0.0015625
0 0.4234375 0.578125 0.171875 0.578125 0.171875 0.7296875 0.4234375 0.7296875 0.4234375 0.578125
0 0.3046875 0.0015625 0.0015625 0.0015625 0.0015625 0.2203125 0.3046875 0.2203125 0.3046875 0.0015625
0 0.2921875 0.1796875 0.1296875 0.1796875 0.1296875 0.34375 0.2921875 0.34375 0.2921875 0.1796875
0 0.4640625 0.0015625 0.2515625 0.0015625 0.2515625 0.2375 0.4640625 0.2375 0.4640625 0.0015625
0 0.3875 0.05 0.2125 0.05 0.2125 0.2109375 0.3875 0.2109375 0.3875 0.05
0 0.3 0.690625 0.13125 0.690625 0.13125 0.9 0.3 0.9 0.3 0.690625
0 0.7078125 0.7171875 0.55625 0.7171875 0.55625 0.8234375 0.7078125 0.8234375 0.7078125 0.7171875
0 0.1125 0.05 0.0015625 0.05 0.0015625 0.2671875 0.1125 0.2671875 0.1125 0.05
0 0.36875 0.95625 0.265625 0.95625 0.265625 1.0 0.36875 1.0 0.36875 0.95625
0 0.0609375 0.634375 0.0015625 0.634375 0.0015625 0.7359375 0.0609375 0.7359375 0.0609375 0.634375
0 0.6453125 0.7125 0.446875 0.7125 0.446875 0.9484375 0.6453125 0.9484375 0.6453125 0.7125
0 0.8078125 0.540625 0.56875 0.540625 0.56875 0.7421875 0.8078125 0.7421875 0.8078125 0.540625
0 0.19375 0.5390625 0.109375 0.5390625 0.109375 0.6640625 0.19375 0.6640625 0.19375 0.5390625
0 0.76875 0.4078125 0.628125 0.4078125 0.628125 0.575 0.76875 0.575 0.76875 0.4078125
0 0.85625 0.1890625 0.7171875 0.1890625 0.7171875 0.375 0.85625 0.375 0.85625 0.1890625
0 0.875 0.75625 0.6265625 0.75625 0.6265625 1.0 0.875 1.0 0.875 0.75625
0 0.0703125 0.9609375 0.0015625 0.9609375 0.0015625 1.0 0.0703125 1.0 0.0703125 0.9609375
0 0.6265625 0.86875 0.5296875 0.86875 0.5296875 1.0 0.6265625 1.0 0.6265625 0.86875
0 0.409375 0.88125 0.275 0.88125 0.275 0.9875 0.409375 0.9875 0.409375 0.88125
0 0.4859375 0.6953125 0.2875 0.6953125 0.2875 0.8375 0.4859375 0.8375 0.4859375 0.6953125
0 0.6546875 0.33125 0.440625 0.33125 0.440625 0.6296875 0.6546875 0.6296875 0.6546875 0.33125
0 0.34375 0.4125 0.13125 0.4125 0.13125 0.54375 0.34375 0.54375 0.34375 0.4125
0 0.5375 0.3171875 0.3390625 0.3171875 0.3390625 0.5375 0.5375 0.5375 0.5375 0.3171875
0 0.0140625 0.2609375 0.0015625 0.2609375 0.0015625 0.39375 0.0140625 0.39375 0.0140625 0.2609375
0 0.5109375 0.05 0.41875 0.05 0.41875 0.171875 0.5109375 0.171875 0.5109375 0.05
0 0.3328125 0.0015625 0.165625 0.0015625 0.165625 0.1015625 0.3328125 0.1015625 0.3328125 0.0015625
0 0.8078125 0.975 0.7296875 0.975 0.7296875 1.0 0.8078125 1.0 0.8078125 0.975
0 0.8796875 0.303125 0.6265625 0.303125 0.6265625 0.584375 0.8796875 0.584375 0.8796875 0.303125
0 1.0 0.7859375 0.9921875 0.7859375 0.9921875 0.859375 1.0 0.859375 1.0 0.7859375
0 0.1671875 0.14375 0.0125 0.14375 0.0125 0.2640625 0.1671875 0.2640625 0.1671875 0.14375
0 0.125 0.0015625 0.003125 0.0015625 0.003125 0.053125 0.125 0.053125 0.125 0.0015625
0 0.7421875 0.7765625 0.5296875 0.7765625 0.5296875 1.0 0.7421875 1.0 0.7421875 0.7765625
0 0.821875 0.6953125 0.6703125 0.6953125 0.6703125 0.81875 0.821875 0.81875 0.821875 0.6953125
0 0.534375 0.34375 0.359375 0.34375 0.359375 0.49375 0.534375 0.49375 0.534375 0.34375
0 0.6890625 0.1234375 0.5484375 0.1234375 0.5484375 0.3109375 0.6890625 0.3109375 0.6890625 0.1234375
0 0.4984375 0.709375 0.375 0.709375 0.375 0.8015625 0.4984375 0.8015625 0.4984375 0.709375
0 0.85 0.6484375 0.725 0.6484375 0.725 0.8328125 0.85 0.8328125 0.85 0.6484375
0 0.04375 0.71875 0.0015625 0.71875 0.0015625 0.7859375 0.04375 0.7859375 0.04375 0.71875
0 0.4375 0.53125 0.3234375 0.53125 0.3234375 0.640625 0.4375 0.640625 0.4375 0.53125
0 0.6046875 0.0015625 0.4859375 0.0015625 0.4859375 0.0140625 0.6046875 0.0140625 0.6046875 0.0015625
0 0.76875 0.7578125 0.628125 0.7578125 0.628125 0.9359375 0.76875 0.9359375 0.76875 0.7578125
0 0.89375 0.5328125 0.8015625 0.5328125 0.8015625 0.709375 0.89375 0.709375 0.89375 0.5328125
0 1.0 0.234375 0.89375 0.234375 0.89375 0.3515625 1.0 0.3515625 1.0 0.234375
0 0.7953125 0.9328125 0.6609375 0.9328125 0.6609375 1.0 0.7953125 1.0 0.7953125 0.9328125
0 0.9046875 0.45625 0.8390625 0.45625 0.8390625 0.5796875 0.9046875 0.5796875 0.9046875 0.45625
0 0.640625 0.375 0.4875 0.375 0.4875 0.575 0.640625 0.575 0.640625 0.375
0 0.2296875 0.0328125 0.1078125 0.0328125 0.1078125 0.1828125 0.2296875 0.1828125 0.2296875 0.0328125
0 0.59375 0.0015625 0.4421875 0.0015625 0.4421875 0.125 0.59375 0.125 0.59375 0.0015625
0 0.8953125 0.8953125 0.771875 0.8953125 0.771875 1.0 0.8953125 1.0 0.8953125 0.8953125
0 0.503125 0.8515625 0.359375 0.8515625 0.359375 1.0 0.503125 1.0 0.503125 0.8515625
0 1.0 0.2390625 0.7578125 0.2390625 0.7578125 0.896875 1.0 0.896875 1.0 0.2390625
0 1.0 0.0015625 0.7328125 0.0015625 0.7328125 0.31875 1.0 0.31875 1.0 0.0015625
0 0.803125 0.0015625 0.7890625 0.0015625 0.7890625 0.0234375 0.803125 0.0234375 0.803125 0.0015625
0 0.7515625 0.0015625 0.7203125 0.0015625 0.7203125 0.0140625 0.7515625 0.0140625 0.7515625 0.0015625
0 0.3765625 0.78125 0.2171875 0.78125 0.2171875 1.0 0.3765625 1.0 0.3765625 0.78125
0 0.3015625 0.25 0.0015625 0.25 0.0015625 0.515625 0.3015625 0.515625 0.3015625 0.25
0 0.4890625 0.2640625 0.1171875 0.2640625 0.1171875 0.5109375 0.4890625 0.5109375 0.4890625 0.2640625
0 0.5109375 0.8640625 0.434375 0.8640625 0.434375 1.0 0.5109375 1.0 0.5109375 0.8640625
0 0.9328125 0.0015625 0.8984375 0.0015625 0.8984375 0.028125 0.9328125 0.028125 0.9328125 0.0015625
0 0.246875 0.51875 0.0015625 0.51875 0.0015625 1.0 0.246875 1.0 0.246875 0.51875
0 0.2421875 0.3375 0.0015625 0.3375 0.0015625 0.6890625 0.2421875 0.6890625 0.2421875 0.3375
0 0.5578125 0.1765625 0.2859375 0.1765625 0.2859375 0.334375 0.5578125 0.334375 0.5578125 0.1765625
0 0.6078125 0.2421875 0.5203125 0.2421875 0.5203125 0.4 0.6078125 0.4 0.6078125 0.2421875
0 0.7296875 0.0578125 0.628125 0.0578125 0.628125 0.2640625 0.7296875 0.2640625 0.7296875 0.0578125
0 1.0 0.875 0.8421875 0.875 0.8421875 1.0 1.0 1.0 1.0 0.875
0 1.0 0.7546875 0.9296875 0.7546875 0.9296875 0.959375 1.0 0.959375 1.0 0.7546875
0 0.9609375 0.228125 0.8484375 0.228125 0.8484375 0.3734375 0.9609375 0.3734375 0.9609375 0.228125
0 0.9046875 0.0015625 0.765625 0.0015625 0.765625 0.115625 0.9046875 0.115625 0.9046875 0.0015625
0 0.125 0.4265625 0.0390625 0.4265625 0.0390625 0.6515625 0.125 0.6515625 0.125 0.4265625
