0 0.328125 0.771875 0.1203125 0.771875 0.1203125 0.8625 0.328125 0.8625 0.328125 0.771875
0 0.040625 0.95 0.0015625 0.95 0.0015625 0.9953125 0.040625 0.9953125 0.040625 0.95
0 0.6234375 0.1703125 0.5609375 0.1703125 0.5609375 0.35 0.6234375 0.35 0.6234375 0.1703125
0 0.38125 0.0015625 0.234375 0.0015625 0.234375 0.2390625 0.38125 0.2390625 0.38125 0.0015625
0 0.63125 0.0015625 0.503125 0.0015625 0.503125 0.0765625 0.63125 0.0765625 0.63125 0.0015625
0 0.0484375 0.0015625 0.046875 0.0015625 0.046875 0.0015625 0.0484375 0.0015625 0.0484375 0.0015625
0 0.4078125 0.6921875 0.3234375 0.6921875 0.3234375 1.0 0.4078125 1.0 0.4078125 0.6921875
0 0.078125 0.334375 0.0015625 0.334375 0.0015625 0.590625 0.078125 0.590625 0.078125 0.334375
0 0.4375 0.33125 0.325 0.33125 0.325 0.528125 0.4375 0.528125 0.4375 0.33125
0 0.3125 0.1234375 0.196875 0.1234375 0.196875 0.2515625 0.3125 0.2515625 0.3125 0.1234375
0 0.4875 0.0015625 0.3578125 0.0015625 0.3578125 0.0296875 0.4875 0.0296875 0.4875 0.0015625
0 0.6625 0.4234375 0.5421875 0.4234375 0.5421875 0.528125 0.6625 0.528125 0.6625 0.4234375
0 0.825 0.16875 0.7 0.16875 0.7 0.3296875 0.825 0.3296875 0.825 0.16875
0 0.575 0.621875 0.4578125 0.621875 0.4578125 0.9765625 0.575 0.9765625 0.575 0.621875
0 1.0 0.0015625 0.0015625 0.0015625 0.0015625 1.0 1.0 1.0 1.0 0.0015625
0 0.0765625 0.984375 0.0015625 0.984375 0.0015625 1.0 0.0765625 1.0 0.0765625 0.984375
0 1.0 0.76875 0.7171875 0.76875 0.7171875 1.0 1.0 1.0 1.0 0.76875
0 0.3265625 0.50625 0.2140625 0.50625 0.2140625 0.746875 0.3265625 0.746875 0.3265625 0.50625
