0 0.7796875 0.028125 0.5578125 0.028125 0.5578125 0.3078125 0.7796875 0.3078125 0.7796875 0.028125
0 0.6546875 0.0015625 0.515625 0.0015625 0.515625 0.28125 0.6546875 0.28125 0.6546875 0.0015625
0 0.9203125 0.028125 0.7578125 0.028125 0.7578125 0.1890625 0.9203125 0.1890625 0.9203125 0.028125
0 0.6125 0.0015625 0.54375 0.0015625 0.54375 0.06875 0.6125 0.06875 0.6125 0.0015625
0 0.4265625 0.0015625 0.10625 0.0015625 0.10625 0.3671875 0.4265625 0.3671875 0.4265625 0.0015625
0 0.2921875 0.0015625 0.2140625 0.0015625 0.2140625 0.0078125 0.2921875 0.0078125 0.2921875 0.0015625
0 0.86875 0.1265625 0.7578125 0.1265625 0.7578125 0.2671875 0.86875 0.2671875 0.86875 0.1265625
0 0.7015625 0.0015625 0.603125 0.0015625 0.603125 0.0984375 0.7015625 0.0984375 0.7015625 0.0015625
0 0.2890625 0.96875 0.2046875 0.96875 0.2046875 1.0 0.2890625 1.0 0.2890625 0.96875
0 1.0 0.5515625 0.9078125 0.5515625 0.9078125 0.8125 1.0 0.8125 1.0 0.5515625
0 0.5421875 0.7640625 0.41875 0.7640625 0.41875 0.90625 0.5421875 0.90625 0.5421875 0.7640625
0 0.6046875 0.4140625 0.4265625 0.4140625 0.4265625 0.7625 0.6046875 0.7625 0.6046875 0.4140625
0 0.7875 0.559375 0.6546875 0.559375 0.6546875 0.815625 0.7875 0.815625 0.7875 0.559375
0 0.2125 0.0015625 0.1578125 0.0015625 0.1578125 0.003125 0.2125 0.003125 0.2125 0.0015625
0 0.603125 0.0015625 0.6 0.0015625 0.6 0.009375 0.603125 0.009375 0.603125 0.0015625
