0 0.9125 0.1203125 0.778125 0.1203125 0.778125 0.253125 0.9125 0.253125 0.9125 0.1203125
0 1.0 0.346875 0.9875 0.346875 0.9875 0.365625 1.0 0.365625 1.0 0.346875
0 0.971875 0.0203125 0.81875 0.0203125 0.81875 0.16875 0.971875 0.16875 0.971875 0.0203125
0 0.0015625 0.9453125 0.0015625 0.9453125 0.0015625 0.946875 0.0015625 0.946875 0.0015625 0.9453125
0 0.653125 0.0015625 0.5078125 0.0015625 0.5078125 0.2609375 0.653125 0.2609375 0.653125 0.0015625
0 0.0609375 0.0015625 0.0015625 0.0015625 0.0015625 0.05 0.0609375 0.05 0.0609375 0.0015625
0 1.0 0.0734375 0.9984375 0.0734375 0.9984375 0.090625 1.0 0.090625 1.0 0.0734375
0 0.49375 0.0328125 0.425 0.0328125 0.425 0.1765625 0.49375 0.1765625 0.49375 0.0328125
0 0.21875 0.50625 0.0015625 0.50625 0.0015625 0.6390625 0.21875 0.6390625 0.21875 0.50625
0 0.4390625 0.45 0.2640625 0.45 0.2640625 0.6265625 0.4390625 0.6265625 0.4390625 0.45
0 0.071875 0.2609375 0.0015625 0.2609375 0.0015625 0.4484375 0.071875 0.4484375 0.071875 0.2609375
0 0.490625 0.1515625 0.3625 0.1515625 0.3625 0.3234375 0.490625 0.3234375 0.490625 0.1515625
0 1.0 0.646875 0.81875 0.646875 0.81875 0.9890625 1.0 0.9890625 1.0 0.646875
0 1.0 0.3984375 0.990625 0.3984375 0.990625 0.4921875 1.0 0.4921875 1.0 0.3984375
0 0.840625 0.1484375 0.703125 0.1484375 0.703125 0.346875 0.840625 0.346875 0.840625 0.1484375
0 1.0 0.0015625 0.884375 0.0015625 0.884375 0.2765625 1.0 0.2765625 1.0 0.0015625
0 1.0 0.0015625 0.0015625 0.0015625 0.0015625 1.0 1.0 1.0 1.0 0.0015625
