0 0.228125 0.8859375 0.1390625 0.8859375 0.1390625 1.0 0.228125 1.0 0.228125 0.8859375
0 0.5 0.23125 0.2109375 0.23125 0.2109375 0.3359375 0.5 0.3359375 0.5 0.23125
0 0.6890625 0.0015625 0.621875 0.0015625 0.621875 0.1109375 0.6890625 0.1109375 0.6890625 0.0015625
0 0.0796875 0.859375 0.0015625 0.859375 0.0015625 0.9296875 0.0796875 0.9296875 0.0796875 0.859375
0 0.825 0.2296875 0.64375 0.2296875 0.64375 0.315625 0.825 0.315625 0.825 0.2296875
0 0.65625 0.0296875 0.46875 0.0296875 0.46875 0.15625 0.65625 0.15625 0.65625 0.0296875
0 0.80625 0.5546875 0.7546875 0.5546875 0.7546875 0.7828125 0.80625 0.7828125 0.80625 0.5546875
0 0.0765625 0.4390625 0.0015625 0.4390625 0.0015625 0.5296875 0.0765625 0.5296875 0.0765625 0.4390625
0 0.765625 0.0015625 0.753125 0.0015625 0.753125 0.0046875 0.765625 0.0046875 0.765625 0.0015625
0 0.903125 0.9015625 0.86875 0.9015625 0.86875 1.0 0.903125 1.0 0.903125 0.9015625
0 0.6203125 0.2046875 0.5421875 0.2046875 0.5421875 0.403125 0.6203125 0.403125 0.6203125 0.2046875
0 0.921875 0.778125 0.74375 0.778125 0.74375 0.9015625 0.921875 0.9015625 0.921875 0.778125
0 0.1296875 0.96875 0.0359375 0.96875 0.0359375 1.0 0.1296875 1.0 0.1296875 0.96875
0 0.046875 0.753125 0.0015625 0.753125 0.0015625 0.8375 0.046875 0.8375 0.046875 0.753125
0 0.5984375 0.0015625 0.0015625 0.0015625 0.0015625 0.3953125 0.5984375 0.3953125 0.5984375 0.0015625
0 0.040625 0.0015625 0.025 0.0015625 0.025 0.003125 0.040625 0.003125 0.040625 0.0015625
0 0.740625 0.9546875 0.5890625 0.9546875 0.5890625 1.0 0.740625 1.0 0.740625 0.9546875
0 0.553125 0.484375 0.3453125 0.484375 0.3453125 0.91875 0.553125 0.91875 0.553125 0.484375
0 0.34375 0.725 0.2484375 0.725 0.2484375 0.8484375 0.34375 0.8484375 0.34375 0.725
0 0.6765625 0.6984375 0.56875 0.6984375 0.56875 0.8125 0.6765625 0.8125 0.6765625 0.6984375
0 0.775 0.5625 0.64375 0.5625 0.64375 0.66875 0.775 0.66875 0.775 0.5625
0 0.4625 0.309375 0.2046875 0.309375 0.2046875 0.60625 0.4625 0.60625 0.4625 0.309375
0 0.5203125 0.2015625 0.3421875 0.2015625 0.3421875 0.315625 0.5203125 0.315625 0.5203125 0.2015625
0 0.578125 0.0015625 0.5625 0.0015625 0.5625 0.009375 0.578125 0.009375 0.578125 0.0015625
0 1.0 0.8671875 0.96875 0.8671875 0.96875 1.0 1.0 1.0 1.0 0.8671875
0 0.878125 0.8921875 0.7453125 0.8921875 0.7453125 1.0 0.878125 1.0 0.878125 0.8921875
0 0.9984375 0.5578125 0.85 0.5578125 0.85 0.7546875 0.9984375 0.7546875 0.9984375 0.5578125
0 1.0 0.409375 0.9734375 0.409375 0.9734375 0.465625 1.0 0.465625 1.0 0.409375
0 0.9734375 0.315625 0.7125 0.315625 0.7125 0.49375 0.9734375 0.49375 0.9734375 0.315625
0 0.828125 0.2578125 0.68125 0.2578125 0.68125 0.35 0.828125 0.35 0.828125 0.2578125
0 0.5 0.88125 0.446875 0.88125 0.446875 1.0 0.5 1.0 0.5 0.88125
0 0.9703125 0.9484375 0.9203125 0.9484375 0.9203125 1.0 0.9703125 1.0 0.9703125 0.9484375
0 1.0 0.8015625 0.9125 0.8015625 0.9125 0.9328125 1.0 0.9328125 1.0 0.8015625
0 0.9890625 0.5921875 0.890625 0.5921875 0.890625 0.7390625 0.9890625 0.7390625 0.9890625 0.5921875
0 0.8890625 0.5 0.7921875 0.5 0.7921875 0.703125 0.8890625 0.703125 0.8890625 0.5
0 0.4140625 0.4421875 0.309375 0.4421875 0.309375 0.5390625 0.4140625 0.5390625 0.4140625 0.4421875
0 0.2625 0.35625 0.1890625 0.35625 0.1890625 0.54375 0.2625 0.54375 0.2625 0.35625
0 0.9609375 0.2484375 0.809375 0.2484375 0.809375 0.428125 0.9609375 0.428125 0.9609375 0.2484375
0 0.4125 0.26875 0.271875 0.26875 0.271875 0.359375 0.4125 0.359375 0.4125 0.26875
0 0.3515625 0.1921875 0.2234375 0.1921875 0.2234375 0.2609375 0.3515625 0.2609375 0.3515625 0.1921875
0 0.2125 0.0734375 0.0453125 0.0734375 0.0453125 0.203125 0.2125 0.203125 0.2125 0.0734375
0 0.078125 0.90625 0.0015625 0.90625 0.0015625 1.0 0.078125 1.0 0.078125 0.90625
0 0.46875 0.159375 0.0015625 0.159375 0.0015625 0.975 0.46875 0.975 0.46875 0.159375
0 0.6421875 0.3234375 0.290625 0.3234375 0.290625 0.6484375 0.6421875 0.6484375 0.6421875 0.3234375
0 0.025 0.1453125 0.0015625 0.1453125 0.0015625 0.26875 0.025 0.26875 0.025 0.1453125
0 0.540625 0.053125 0.2328125 0.053125 0.2328125 0.3109375 0.540625 0.3109375 0.540625 0.053125
0 0.1078125 0.0015625 0.0015625 0.0015625 0.0015625 0.13125 0.1078125 0.13125 0.1078125 0.0015625
0 0.33125 0.0015625 0.13125 0.0015625 0.13125 0.071875 0.33125 0.071875 0.33125 0.0015625
0 0.8359375 0.940625 0.759375 0.940625 0.759375 1.0 0.8359375 1.0 0.8359375 0.940625
0 0.865625 0.7984375 0.6015625 0.7984375 0.6015625 0.9703125 0.865625 0.9703125 0.865625 0.7984375
0 1.0 0.14375 0.6296875 0.14375 0.6296875 0.340625 1.0 0.340625 1.0 0.14375
0 0.5734375 0.0015625 0.4546875 0.0015625 0.4546875 0.03125 0.5734375 0.03125 0.5734375 0.0015625
0 1.0 0.734375 0.88125 0.734375 0.88125 0.865625 1.0 0.865625 1.0 0.734375
0 0.19375 0.81875 0.0015625 0.81875 0.0015625 0.896875 0.19375 0.896875 0.19375 0.81875
0 0.7828125 0.4921875 0.671875 0.4921875 0.671875 0.6265625 0.7828125 0.6265625 0.7828125 0.4921875
0 0.8921875 0.446875 0.5734375 0.446875 0.5734375 0.5625 0.8921875 0.5625 0.8921875 0.446875
0 1.0 0.6984375 0.95 0.6984375 0.95 0.8171875 1.0 0.8171875 1.0 0.6984375
0 0.059375 0.9890625 0.0140625 0.9890625 0.0140625 1.0 0.059375 1.0 0.059375 0.9890625
0 0.215625 0.925 0.1515625 0.925 0.1515625 1.0 0.215625 1.0 0.215625 0.925
0 0.4046875 0.8671875 0.25625 0.8671875 0.25625 1.0 0.4046875 1.0 0.4046875 0.8671875
0 0.01875 0.85625 0.0015625 0.85625 0.0015625 0.9046875 0.01875 0.9046875 0.01875 0.85625
0 0.6359375 0.65 0.4796875 0.65 0.4796875 0.7734375 0.6359375 0.7734375 0.6359375 0.65
0 0.39375 0.59375 0.2734375 0.59375 0.2734375 0.7703125 0.39375 0.7703125 0.39375 0.59375
0 0.7359375 0.5328125 0.60625 0.5328125 0.60625 0.7140625 0.7359375 0.7140625 0.7359375 0.5328125
0 0.2625 0.5140625 0.134375 0.5140625 0.134375 0.625 0.2625 0.625 0.2625 0.5140625
0 0.85625 0.2609375 0.5875 0.2609375 0.5875 0.475 0.85625 0.475 0.85625 0.2609375
0 0.084375 0.1921875 0.0015625 0.1921875 0.0015625 0.340625 0.084375 0.340625 0.084375 0.1921875
0 0.19375 0.1671875 0.0921875 0.1671875 0.0921875 0.3109375 0.19375 0.3109375 0.19375 0.1671875
0 0.7046875 0.15 0.5640625 0.15 0.5640625 0.2359375 0.7046875 0.2359375 0.7046875 0.15
0 0.771875 0.0015625 0.6625 0.0015625 0.6625 0.1859375 0.771875 0.1859375 0.771875 0.0015625
0 0.665625 0.0015625 0.5859375 0.0015625 0.5859375 0.1078125 0.665625 0.1078125 0.665625 0.0015625
0 0.53125 0.0015625 0.4140625 0.0015625 0.4140625 0.0828125 0.53125 0.0828125 0.53125 0.0015625
0 0.9 0.6484375 0.8109375 0.6484375 0.8109375 0.7859375 0.9 0.7859375 0.9 0.6484375
0 1.0 0.3203125 0.875 0.3203125 0.875 0.59375 1.0 0.59375 1.0 0.3203125
0 0.0203125 0.8484375 0.0015625 0.8484375 0.0015625 0.8640625 0.0203125 0.8640625 0.0203125 0.8484375
0 0.4921875 0.9015625 0.196875 0.9015625 0.196875 1.0 0.4921875 1.0 0.4921875 0.9015625
0 0.1875 0.3203125 0.0015625 0.3203125 0.0015625 0.5140625 0.1875 0.5140625 0.1875 0.3203125
0 0.6296875 0.7515625 0.4609375 0.7515625 0.4609375 0.9875 0.6296875 0.9875 0.6296875 0.7515625
0 0.653125 0.509375 0.4375 0.509375 0.4375 0.73125 0.653125 0.73125 0.653125 0.509375
0 0.9421875 0.328125 0.6890625 0.328125 0.6890625 0.4734375 0.9421875 0.4734375 0.9421875 0.328125
0 0.4125 0.0015625 0.4109375 0.0015625 0.4109375 0.0015625 0.4125 0.0015625 0.4125 0.0015625
0 1.0 0.0015625 0.978125 0.0015625 0.978125 0.0953125 1.0 0.0953125 1.0 0.0015625
0 0.9921875 0.0015625 0.8984375 0.0015625 0.8984375 0.1125 0.9921875 0.1125 0.9921875 0.0015625
0 0.8859375 0.0015625 0.76875 0.0015625 0.76875 0.05 0.8859375 0.05 0.8859375 0.0015625
