0 0.321875 0.8765625 0.2015625 0.8765625 0.2015625 1.0 0.321875 1.0 0.321875 0.8765625
0 0.38125 0.7 0.221875 0.7 0.221875 0.865625 0.38125 0.865625 0.38125 0.7
0 0.1625 0.6453125 0.0515625 0.6453125 0.0515625 0.878125 0.1625 0.878125 0.1625 0.6453125
0 0.3953125 0.5734375 0.1921875 0.5734375 0.1921875 0.6578125 0.3953125 0.6578125 0.3953125 0.5734375
0 0.18125 0.4859375 0.0671875 0.4859375 0.0671875 0.6265625 0.18125 0.6265625 0.18125 0.4859375
0 0.1640625 0.2875 0.0328125 0.2875 0.0328125 0.4546875 0.1640625 0.4546875 0.1640625 0.2875
0 0.1046875 0.0890625 0.0015625 0.0890625 0.0015625 0.315625 0.1046875 0.315625 0.1046875 0.0890625
0 1.0 0.0625 0.8609375 0.0625 0.8609375 0.3171875 1.0 0.3171875 1.0 0.0625
0 0.7890625 0.0015625 0.6921875 0.0015625 0.6921875 0.2375 0.7890625 0.2375 0.7890625 0.0015625
0 0.96875 0.0015625 0.8078125 0.0015625 0.8078125 0.084375 0.96875 0.084375 0.96875 0.0015625
0 0.221875 0.0359375 0.1 0.0359375 0.1 0.1265625 0.221875 0.1265625 0.221875 0.0359375
0 0.475 0.0015625 0.0015625 0.0015625 0.0015625 1.0 0.475 1.0 0.475 0.0015625
0 0.3015625 0.996875 0.29375 0.996875 0.29375 1.0 0.3015625 1.0 0.3015625 0.996875
0 0.671875 0.046875 0.196875 0.046875 0.196875 0.6125 0.671875 0.6125 0.671875 0.046875
0 0.7484375 0.0015625 0.6421875 0.0015625 0.6421875 0.253125 0.7484375 0.253125 0.7484375 0.0015625
0 0.896875 0.5984375 0.734375 0.5984375 0.734375 0.821875 0.896875 0.821875 0.896875 0.5984375
0 0.984375 0.40625 0.8828125 0.40625 0.8828125 0.5484375 0.984375 0.5484375 0.984375 0.40625
0 0.9453125 0.1484375 0.63125 0.1484375 0.63125 0.496875 0.9453125 0.496875 0.9453125 0.1484375
0 1.0 0.134375 0.93125 0.134375 0.93125 0.39375 1.0 0.39375 1.0 0.134375
0 0.8578125 0.0015625 0.759375 0.0015625 0.759375 0.125 0.8578125 0.125 0.8578125 0.0015625
0 0.121875 0.4234375 0.0015625 0.4234375 0.0015625 0.740625 0.121875 0.740625 0.121875 0.4234375
0 0.2609375 0.8328125 0.1203125 0.8328125 0.1203125 1.0 0.2609375 1.0 0.2609375 0.8328125
0 0.1234375 0.2375 0.0421875 0.2375 0.0421875 0.3484375 0.1234375 0.3484375 0.1234375 0.2375
0 0.0375 0.0640625 0.0015625 0.0640625 0.0015625 0.1890625 0.0375 0.1890625 0.0375 0.0640625
0 1.0 0.0015625 0.1078125 0.0015625 0.1078125 1.0 1.0 1.0 1.0 0.0015625
0 0.2234375 0.684375 0.14375 0.684375 0.14375 0.815625 0.2234375 0.815625 0.2234375 0.684375
0 0.4609375 0.3671875 0.3640625 0.3671875 0.3640625 0.5359375 0.4609375 0.5359375 0.4609375 0.3671875
0 0.55 0.0015625 0.2734375 0.0015625 0.2734375 0.2921875 0.55 0.2921875 0.55 0.0015625
0 0.3046875 0.0234375 0.1640625 0.0234375 0.1640625 0.2171875 0.3046875 0.2171875 0.3046875 0.0234375
0 1.0 0.0015625 0.746875 0.0015625 0.746875 0.1796875 1.0 0.1796875 1.0 0.0015625
