0 0.053125 0.3875 0.0015625 0.3875 0.0015625 0.653125 0.053125 0.653125 0.053125 0.3875
0 0.31875 0.228125 0.1890625 0.228125 0.1890625 0.484375 0.31875 0.484375 0.31875 0.228125
0 0.2 0.1875 0.121875 0.1875 0.121875 0.33125 0.2 0.33125 0.2 0.1875
0 0.6375 0.0484375 0.49375 0.0484375 0.49375 0.259375 0.6375 0.259375 0.6375 0.0484375
0 0.00625 0.15 0.0015625 0.15 0.0015625 0.178125 0.00625 0.178125 0.00625 0.15
0 0.09375 0.0015625 0.0015625 0.0015625 0.0015625 0.4578125 0.09375 0.4578125 0.09375 0.0015625
0 0.0140625 0.80625 0.0015625 0.80625 0.0015625 0.9515625 0.0140625 0.9515625 0.0140625 0.80625
0 0.34375 0.6984375 0.1953125 0.6984375 0.1953125 0.871875 0.34375 0.871875 0.34375 0.6984375
0 0.621875 0.0015625 0.0953125 0.0015625 0.0953125 0.553125 0.621875 0.553125 0.621875 0.0015625
0 0.64375 0.0671875 0.5265625 0.0671875 0.5265625 0.3671875 0.64375 0.3671875 0.64375 0.0671875
0 0.28125 0.8796875 0.1765625 0.8796875 0.1765625 1.0 0.28125 1.0 0.28125 0.8796875
0 0.94375 0.0015625 0.0015625 0.0015625 0.0015625 1.0 0.94375 1.0 0.94375 0.0015625
0 0.0453125 0.11875 0.0015625 0.11875 0.0015625 0.3578125 0.0453125 0.3578125 0.0453125 0.11875
0 0.4015625 0.26875 0.309375 0.26875 0.309375 0.4203125 0.4015625 0.4203125 0.4015625 0.26875
0 0.5453125 0.084375 0.4390625 0.084375 0.4390625 0.2625 0.5453125 0.2625 0.5453125 0.084375
0 0.325 0.0015625 0.1921875 0.0015625 0.1921875 0.2484375 0.325 0.2484375 0.325 0.0015625
0 0.465625 0.0015625 0.36875 0.0015625 0.36875 0.15 0.465625 0.15 0.465625 0.0015625
