0 0.9484375 0.0578125 0.8171875 0.0578125 0.8171875 0.3265625 0.9484375 0.3265625 0.9484375 0.0578125
0 0.18125 0.346875 0.0609375 0.346875 0.0609375 0.728125 0.18125 0.728125 0.18125 0.346875
0 0.9671875 0.3703125 0.728125 0.3703125 0.728125 0.684375 0.9671875 0.684375 0.9671875 0.3703125
0 0.7140625 0.259375 0.5921875 0.259375 0.5921875 0.5765625 0.7140625 0.5765625 0.7140625 0.259375
0 0.6234375 0.6921875 0.525 0.6921875 0.525 0.8765625 0.6234375 0.8765625 0.6234375 0.6921875
0 0.540625 0.9390625 0.471875 0.9390625 0.471875 1.0 0.540625 1.0 0.540625 0.9390625
0 0.790625 0.0015625 0.725 0.0015625 0.725 0.059375 0.790625 0.059375 0.790625 0.0015625
0 0.9328125 0.45 0.8453125 0.45 0.8453125 0.6 0.9328125 0.6 0.9328125 0.45
0 1.0 0.025 0.8765625 0.025 0.8765625 0.1765625 1.0 0.1765625 1.0 0.025
0 0.965625 0.74375 0.81875 0.74375 0.81875 0.940625 0.965625 0.940625 0.965625 0.74375
0 0.178125 0.6015625 0.09375 0.6015625 0.09375 0.78125 0.178125 0.78125 0.178125 0.6015625
0 0.8171875 0.084375 0.721875 0.084375 0.721875 0.3234375 0.8171875 0.3234375 0.8171875 0.084375
0 0.3984375 0.0015625 0.3453125 0.0015625 0.3453125 0.0828125 0.3984375 0.0828125 0.3984375 0.0015625
0 0.946875 0.7515625 0.8234375 0.7515625 0.8234375 0.915625 0.946875 0.915625 0.946875 0.7515625
0 0.2671875 0.7234375 0.1390625 0.7234375 0.1390625 0.978125 0.2671875 0.978125 0.2671875 0.7234375
0 0.328125 0.0953125 0.1671875 0.0953125 0.1671875 0.275 0.328125 0.275 0.328125 0.0953125
0 0.0359375 0.9015625 0.0015625 0.9015625 0.0015625 0.9859375 0.0359375 0.9859375 0.0359375 0.9015625
0 0.1765625 0.6046875 0.009375 0.6046875 0.009375 0.9296875 0.1765625 0.9296875 0.1765625 0.6046875
0 0.2453125 0.0015625 0.1515625 0.0015625 0.1515625 0.1234375 0.2453125 0.1234375 0.2453125 0.0015625
0 0.190625 0.8984375 0.0328125 0.8984375 0.0328125 1.0 0.190625 1.0 0.190625 0.8984375
0 0.115625 0.75625 0.0015625 0.75625 0.0015625 0.8890625 0.115625 0.8890625 0.115625 0.75625
0 0.415625 0.521875 0.290625 0.521875 0.290625 0.834375 0.415625 0.834375 0.415625 0.521875
0 0.065625 0.0015625 0.0015625 0.0015625 0.0015625 0.1046875 0.065625 0.1046875 0.065625 0.0015625
0 0.925 0.590625 0.83125 0.590625 0.83125 0.7546875 0.925 0.7546875 0.925 0.590625
0 0.8109375 0.0015625 0.8 0.0015625 0.8 0.01875 0.8109375 0.01875 0.8109375 0.0015625
0 1.0 0.4375 0.9875 0.4375 0.9875 0.46875 1.0 0.46875 1.0 0.4375
0 0.834375 0.0015625 0.721875 0.0015625 0.721875 0.1421875 0.834375 0.1421875 0.834375 0.0015625
0 0.54375 0.878125 0.4453125 0.878125 0.4453125 1.0 0.54375 1.0 0.54375 0.878125
0 0.078125 0.55 0.0015625 0.55 0.0015625 0.853125 0.078125 0.853125 0.078125 0.55
0 0.6171875 0.8328125 0.54375 0.8328125 0.54375 1.0 0.6171875 1.0 0.6171875 0.8328125
0 1.0 0.528125 0.959375 0.528125 0.959375 0.715625 1.0 0.715625 1.0 0.528125
0 0.88125 0.2125 0.6359375 0.2125 0.6359375 0.6421875 0.88125 0.6421875 0.88125 0.2125
0 0.525 0.0015625 0.465625 0.0015625 0.465625 0.1015625 0.525 0.1015625 0.525 0.0015625
0 0.2859375 0.8546875 0.0015625 0.8546875 0.0015625 1.0 0.2859375 1.0 0.2859375 0.8546875
0 0.6453125 0.0015625 0.1640625 0.0015625 0.1640625 0.7796875 0.6453125 0.7796875 0.6453125 0.0015625
0 0.375 0.5578125 0.2703125 0.5578125 0.2703125 0.734375 0.375 0.734375 0.375 0.5578125
0 0.3546875 0.31875 0.2328125 0.31875 0.2328125 0.4515625 0.3546875 0.4515625 0.3546875 0.31875
0 0.81875 0.828125 0.709375 0.828125 0.709375 1.0 0.81875 1.0 0.81875 0.828125
0 0.5859375 0.85625 0.5203125 0.85625 0.5203125 1.0 0.5859375 1.0 0.5859375 0.85625
0 0.6875 0.5625 0.5296875 0.5625 0.5296875 0.8609375 0.6875 0.8609375 0.6875 0.5625
0 0.590625 0.0734375 0.4984375 0.0734375 0.4984375 0.3046875 0.590625 0.3046875 0.590625 0.0734375
0 0.0640625 0.0015625 0.0328125 0.0015625 0.0328125 0.00625 0.0640625 0.00625 0.0640625 0.0015625
0 0.23125 0.328125 0.16875 0.328125 0.16875 0.5578125 0.23125 0.5578125 0.23125 0.328125
0 0.2359375 0.0015625 0.0015625 0.0015625 0.0015625 0.33125 0.2359375 0.33125 0.2359375 0.0015625
0 0.634375 0.63125 0.403125 0.63125 0.403125 1.0 0.634375 1.0 0.634375 0.63125
0 0.45 0.1890625 0.384375 0.1890625 0.384375 0.396875 0.45 0.396875 0.45 0.1890625
0 0.225 0.2046875 0.1203125 0.2046875 0.1203125 0.4734375 0.225 0.4734375 0.225 0.2046875
0 0.2609375 0.0015625 0.178125 0.0015625 0.178125 0.046875 0.2609375 0.046875 0.2609375 0.0015625
0 0.125 0.0015625 0.115625 0.0015625 0.115625 0.0171875 0.125 0.0171875 0.125 0.0015625
0 0.2453125 0.496875 0.1515625 0.496875 0.1515625 0.6984375 0.2453125 0.6984375 0.2453125 0.496875
0 0.621875 0.6390625 0.45625 0.6390625 0.45625 0.89375 0.621875 0.89375 0.621875 0.6390625
0 0.8296875 0.503125 0.7484375 0.503125 0.7484375 0.6875 0.8296875 0.6875 0.8296875 0.503125
0 0.4796875 0.871875 0.421875 0.871875 0.421875 1.0 0.4796875 1.0 0.4796875 0.871875
0 0.9984375 0.1703125 0.6515625 0.1703125 0.6515625 0.6578125 0.9984375 0.6578125 0.9984375 0.1703125
0 0.865625 0.1203125 0.6359375 0.1203125 0.6359375 0.55 0.865625 0.55 0.865625 0.1203125
0 0.9296875 0.0015625 0.8015625 0.0015625 0.8015625 0.121875 0.9296875 0.121875 0.9296875 0.0015625
0 0.690625 0.84375 0.603125 0.84375 0.603125 1.0 0.690625 1.0 0.690625 0.84375
0 0.9609375 0.4421875 0.7890625 0.4421875 0.7890625 0.8125 0.9609375 0.8125 0.9609375 0.4421875
0 1.0 0.5921875 0.9421875 0.5921875 0.9421875 0.74375 1.0 0.74375 1.0 0.5921875
0 0.896875 0.459375 0.825 0.459375 0.825 0.6171875 0.896875 0.6171875 0.896875 0.459375
0 0.875 0.7984375 0.64375 0.7984375 0.64375 0.9875 0.875 0.9875 0.875 0.7984375
0 0.7 0.584375 0.6015625 0.584375 0.6015625 0.865625 0.7 0.865625 0.7 0.584375
0 0.3953125 0.284375 0.2453125 0.284375 0.2453125 0.63125 0.3953125 0.63125 0.3953125 0.284375
0 0.478125 0.04375 0.3734375 0.04375 0.3734375 0.2203125 0.478125 0.2203125 0.478125 0.04375
0 0.2296875 0.4203125 0.0828125 0.4203125 0.0828125 0.6515625 0.2296875 0.6515625 0.2296875 0.4203125
0 0.15 0.4640625 0.0109375 0.4640625 0.0109375 0.60625 0.15 0.60625 0.15 0.4640625
0 0.453125 0.0015625 0.30625 0.0015625 0.30625 0.196875 0.453125 0.196875 0.453125 0.0015625
0 0.1140625 0.0015625 0.0078125 0.0015625 0.0078125 0.059375 0.1140625 0.059375 0.1140625 0.0015625
0 0.9546875 0.878125 0.7796875 0.878125 0.7796875 1.0 0.9546875 1.0 0.9546875 0.878125
0 0.09375 0.609375 0.009375 0.609375 0.009375 0.8328125 0.09375 0.8328125 0.09375 0.609375
0 0.3046875 0.3578125 0.234375 0.3578125 0.234375 0.5859375 0.3046875 0.5859375 0.3046875 0.3578125
0 0.9 0.915625 0.7625 0.915625 0.7625 1.0 0.9 1.0 0.9 0.915625
0 0.0359375 0.4796875 0.0015625 0.4796875 0.0015625 0.5140625 0.0359375 0.5140625 0.0359375 0.4796875
0 0.134375 0.0625 0.0015625 0.0625 0.0015625 0.3265625 0.134375 0.3265625 0.134375 0.0625
0 0.3171875 0.0015625 0.25625 0.0015625 0.25625 0.125 0.3171875 0.125 0.3171875 0.0015625
0 0.4921875 0.0015625 0.4125 0.0015625 0.4125 0.0765625 0.4921875 0.0765625 0.4921875 0.0015625
0 0.978125 0.796875 0.8265625 0.796875 0.8265625 1.0 0.978125 1.0 0.978125 0.796875
0 0.821875 0.64375 0.6640625 0.64375 0.6640625 0.9390625 0.821875 0.9390625 0.821875 0.64375
0 0.975 0.5875 0.8265625 0.5875 0.8265625 0.8140625 0.975 0.8140625 0.975 0.5875
0 1.0 0.1640625 0.9640625 0.1640625 0.9640625 0.415625 1.0 0.415625 1.0 0.1640625
0 1.0 0.715625 0.953125 0.715625 0.953125 0.7859375 1.0 0.7859375 1.0 0.715625
