0 1.0 0.0015625 0.0015625 0.0015625 0.0015625 1.0 1.0 1.0 1.0 0.0015625
0 0.41875 0.790625 0.2875 0.790625 0.2875 0.8734375 0.41875 0.8734375 0.41875 0.790625
0 1.0 0.84375 1.0 0.84375 1.0 0.8453125 1.0 0.8453125 1.0 0.84375
0 0.36875 0.1765625 0.0015625 0.1765625 0.0015625 0.7515625 0.36875 0.7515625 0.36875 0.1765625
0 0.9765625 0.5890625 0.6515625 0.5890625 0.6515625 0.821875 0.9765625 0.821875 0.9765625 0.5890625
0 1.0 0.0828125 0.765625 0.0828125 0.765625 0.5109375 1.0 0.5109375 1.0 0.0828125
0 1.0 0.0015625 0.05625 0.0015625 0.05625 1.0 1.0 1.0 1.0 0.0015625
0 0.928125 0.2375 0.121875 0.2375 0.121875 1.0 0.928125 1.0 0.928125 0.2375
0 0.0203125 0.8140625 0.0015625 0.8140625 0.0015625 0.9390625 0.0203125 0.9390625 0.0203125 0.8140625
0 0.1125 0.653125 0.0015625 0.653125 0.0015625 0.8 0.1125 0.8 0.1125 0.653125
