0 0.028125 0.86875 0.0015625 0.86875 0.0015625 0.9609375 0.028125 0.9609375 0.028125 0.86875
0 0.3140625 0.96875 0.1765625 0.96875 0.1765625 1.0 0.3140625 1.0 0.3140625 0.96875
0 1.0 0.0015625 0.0890625 0.0015625 0.0890625 1.0 1.0 1.0 1.0 0.0015625
0 0.0265625 0.7265625 0.0015625 0.7265625 0.0015625 0.7703125 0.0265625 0.7703125 0.0265625 0.7265625
0 0.0921875 0.278125 0.0015625 0.278125 0.0015625 0.4578125 0.0921875 0.4578125 0.0921875 0.278125
0 0.21875 0.0015625 0.090625 0.0015625 0.090625 0.1546875 0.21875 0.1546875 0.21875 0.0015625
0 0.0890625 0.0015625 0.0015625 0.0015625 0.0015625 0.1390625 0.0890625 0.1390625 0.0890625 0.0015625
0 0.1609375 0.98125 0.1203125 0.98125 0.1203125 1.0 0.1609375 1.0 0.1609375 0.98125
0 0.390625 0.89375 0.284375 0.89375 0.284375 1.0 0.390625 1.0 0.390625 0.89375
0 0.315625 0.7921875 0.2109375 0.7921875 0.2109375 0.8828125 0.315625 0.8828125 0.315625 0.7921875
0 0.2015625 0.75 0.109375 0.75 0.109375 0.903125 0.2015625 0.903125 0.2015625 0.75
0 0.078125 0.5359375 0.0015625 0.5359375 0.0015625 0.73125 0.078125 0.73125 0.078125 0.5359375
0 0.1359375 0.0046875 0.0015625 0.0046875 0.0015625 0.3421875 0.1359375 0.3421875 0.1359375 0.0046875
0 0.7359375 0.0015625 0.09375 0.0015625 0.09375 0.30625 0.7359375 0.30625 0.7359375 0.0015625
0 0.7015625 0.8515625 0.5578125 0.8515625 0.5578125 1.0 0.7015625 1.0 0.7015625 0.8515625
0 1.0 0.39375 0.8390625 0.39375 0.8390625 1.0 1.0 1.0 1.0 0.39375
0 0.5859375 0.646875 0.4875 0.646875 0.4875 0.79375 0.5859375 0.79375 0.5859375 0.646875
0 0.8515625 0.2796875 0.5796875 0.2796875 0.5796875 0.7578125 0.8515625 0.7578125 0.8515625 0.2796875
0 0.5203125 0.540625 0.40625 0.540625 0.40625 0.703125 0.5203125 0.703125 0.5203125 0.540625
0 1.0 0.3171875 0.94375 0.3171875 0.94375 0.3890625 1.0 0.3890625 1.0 0.3171875
0 0.0765625 0.8265625 0.0015625 0.8265625 0.0015625 1.0 0.0765625 1.0 0.0765625 0.8265625
0 0.371875 0.865625 0.1703125 0.865625 0.1703125 1.0 0.371875 1.0 0.371875 0.865625
0 0.190625 0.5890625 0.0765625 0.5890625 0.0765625 0.753125 0.190625 0.753125 0.190625 0.5890625
0 0.0890625 0.4 0.0015625 0.4 0.0015625 0.5453125 0.0890625 0.5453125 0.0890625 0.4
0 0.221875 0.3265625 0.140625 0.3265625 0.140625 0.6015625 0.221875 0.6015625 0.221875 0.3265625
0 0.040625 0.11875 0.0015625 0.11875 0.0015625 0.19375 0.040625 0.19375 0.040625 0.11875
0 0.0296875 0.0015625 0.0015625 0.0015625 0.0015625 0.0390625 0.0296875 0.0390625 0.0296875 0.0015625
0 0.60625 0.9515625 0.53125 0.9515625 0.53125 1.0 0.60625 1.0 0.60625 0.9515625
0 0.925 0.3421875 0.7484375 0.3421875 0.7484375 1.0 0.925 1.0 0.925 0.3421875
0 0.6390625 0.771875 0.53125 0.771875 0.53125 0.9125 0.6390625 0.9125 0.6390625 0.771875
0 0.6546875 0.621875 0.51875 0.621875 0.51875 0.8046875 0.6546875 0.8046875 0.6546875 0.621875
0 0.440625 0.303125 0.3375 0.303125 0.3375 0.521875 0.440625 0.521875 0.440625 0.303125
0 0.9203125 0.078125 0.7546875 0.078125 0.7546875 0.246875 0.9203125 0.246875 0.9203125 0.078125
0 1.0 0.0921875 0.921875 0.0921875 0.921875 0.2890625 1.0 0.2890625 1.0 0.0921875
0 0.8359375 0.0015625 0.7265625 0.0015625 0.7265625 0.1234375 0.8359375 0.1234375 0.8359375 0.0015625
0 0.5484375 0.928125 0.3921875 0.928125 0.3921875 1.0 0.5484375 1.0 0.5484375 0.928125
0 0.0203125 0.1859375 0.0015625 0.1859375 0.0015625 0.246875 0.0203125 0.246875 0.0203125 0.1859375
0 0.1375 0.0578125 0.0515625 0.0578125 0.0515625 0.3015625 0.1375 0.3015625 0.1375 0.0578125
0 0.25 0.0015625 0.090625 0.0015625 0.090625 0.0640625 0.25 0.0640625 0.25 0.0015625
0 0.178125 0.4171875 0.0015625 0.4171875 0.0015625 1.0 0.178125 1.0 0.178125 0.4171875
0 0.1484375 0.2515625 0.021875 0.2515625 0.021875 0.403125 0.1484375 0.403125 0.1484375 0.2515625
0 0.265625 0.8515625 0.125 0.8515625 0.125 1.0 0.265625 1.0 0.265625 0.8515625
0 0.5484375 0.625 0.3953125 0.625 0.3953125 0.8671875 0.5484375 0.8671875 0.5484375 0.625
0 0.521875 0.2734375 0.415625 0.2734375 0.415625 0.409375 0.521875 0.409375 0.521875 0.2734375
0 0.996875 0.9421875 0.9140625 0.9421875 0.9140625 1.0 0.996875 1.0 0.996875 0.9421875
0 0.7765625 0.75625 0.725 0.75625 0.725 1.0 0.7765625 1.0 0.7765625 0.75625
0 0.99375 0.5125 0.865625 0.5125 0.865625 0.9015625 0.99375 0.9015625 0.99375 0.5125
0 0.9546875 0.0015625 0.9546875 0.0015625 0.9546875 0.0015625 0.9546875 0.0015625 0.9546875 0.0015625
0 1.0 0.815625 0.9921875 0.815625 0.9921875 0.8640625 1.0 0.8640625 1.0 0.815625
