0 0.2578125 0.0015625 0.1609375 0.0015625 0.1609375 0.1140625 0.2578125 0.1140625 0.2578125 0.0015625
0 1.0 0.0015625 0.5765625 0.0015625 0.5765625 0.303125 1.0 0.303125 1.0 0.0015625
0 0.69375 0.0015625 0.575 0.0015625 0.575 0.078125 0.69375 0.078125 0.69375 0.0015625
0 0.7609375 0.1859375 0.46875 0.1859375 0.46875 0.359375 0.7609375 0.359375 0.7609375 0.1859375
0 0.8609375 0.1109375 0.70625 0.1109375 0.70625 0.2578125 0.8609375 0.2578125 0.8609375 0.1109375
0 0.4140625 0.21875 0.0015625 0.21875 0.0015625 0.5515625 0.4140625 0.5515625 0.4140625 0.21875
0 0.215625 0.0015625 0.0015625 0.0015625 0.0015625 0.1734375 0.215625 0.1734375 0.215625 0.0015625
0 0.6625 0.259375 0.4265625 0.259375 0.4265625 0.4375 0.6625 0.4375 0.6625 0.259375
0 0.6625 0.0015625 0.4921875 0.0015625 0.4921875 0.2015625 0.6625 0.2015625 0.6625 0.0015625
0 0.4171875 0.0015625 0.3453125 0.0015625 0.3453125 0.196875 0.4171875 0.196875 0.4171875 0.0015625
0 0.9515625 0.06875 0.8421875 0.06875 0.8421875 0.221875 0.9515625 0.221875 0.9515625 0.06875
0 1.0 0.1 0.98125 0.1 0.98125 0.1484375 1.0 0.1484375 1.0 0.1
