0 0.071875 0.9 0.0015625 0.9 0.0015625 1.0 0.071875 1.0 0.071875 0.9
0 0.24375 0.0015625 0.0890625 0.0015625 0.0890625 0.1625 0.24375 0.1625 0.24375 0.0015625
0 0.4046875 0.0015625 0.2015625 0.0015625 0.2015625 0.0984375 0.4046875 0.0984375 0.4046875 0.0015625
0 0.1921875 0.9421875 0.1359375 0.9421875 0.1359375 1.0 0.1921875 1.0 0.1921875 0.9421875
0 0.1265625 0.4515625 0.034375 0.4515625 0.034375 0.590625 0.1265625 0.590625 0.1265625 0.4515625
0 1.0 0.20625 0.9453125 0.20625 0.9453125 0.2421875 1.0 0.2421875 1.0 0.20625
0 1.0 0.634375 0.8515625 0.634375 0.8515625 0.9609375 1.0 0.9609375 1.0 0.634375
0 0.95 0.478125 0.7625 0.478125 0.7625 0.675 0.95 0.675 0.95 0.478125
0 0.7890625 0.0015625 0.775 0.0015625 0.775 0.015625 0.7890625 0.015625 0.7890625 0.0015625
0 0.0484375 0.4640625 0.0015625 0.4640625 0.0015625 0.5234375 0.0484375 0.5234375 0.0484375 0.4640625
0 0.365625 0.0203125 0.2171875 0.0203125 0.2171875 0.1796875 0.365625 0.1796875 0.365625 0.0203125
0 0.990625 0.0015625 0.95625 0.0015625 0.95625 0.215625 0.990625 0.215625 0.990625 0.0015625
0 0.0078125 0.5390625 0.0015625 0.5390625 0.0015625 0.6390625 0.0078125 0.6390625 0.0078125 0.5390625
0 0.75 0.2484375 0.546875 0.2484375 0.546875 0.46875 0.75 0.46875 0.75 0.2484375
0 0.9703125 0.0015625 0.91875 0.0015625 0.91875 0.065625 0.9703125 0.065625 0.9703125 0.0015625
0 1.0 0.8578125 0.9046875 0.8578125 0.9046875 1.0 1.0 1.0 1.0 0.8578125
0 1.0 0.2609375 0.8953125 0.2609375 0.8953125 0.3609375 1.0 0.3609375 1.0 0.2609375
0 1.0 0.1359375 0.5625 0.1359375 0.5625 0.6546875 1.0 0.6546875 1.0 0.1359375
0 0.634375 0.0203125 0.48125 0.0203125 0.48125 0.2015625 0.634375 0.2015625 0.634375 0.0203125
0 0.5328125 0.0015625 0.4609375 0.0015625 0.4609375 0.0609375 0.5328125 0.0609375 0.5328125 0.0015625
0 0.23125 0.378125 0.1140625 0.378125 0.1140625 0.69375 0.23125 0.69375 0.23125 0.378125
0 0.2109375 0.6296875 0.0015625 0.6296875 0.0015625 1.0 0.2109375 1.0 0.2109375 0.6296875
0 0.2515625 0.95625 0.1796875 0.95625 0.1796875 1.0 0.2515625 1.0 0.2515625 0.95625
0 0.0546875 0.815625 0.0015625 0.815625 0.0015625 0.890625 0.0546875 0.890625 0.0546875 0.815625
0 0.0890625 0.625 0.0015625 0.625 0.0015625 0.75 0.0890625 0.75 0.0890625 0.625
0 0.58125 0.2328125 0.3625 0.2328125 0.3625 0.684375 0.58125 0.684375 0.58125 0.2328125
0 0.4359375 0.0015625 0.2953125 0.0015625 0.2953125 0.2328125 0.4359375 0.2328125 0.4359375 0.0015625
0 0.9734375 0.821875 0.1640625 0.821875 0.1640625 1.0 0.9734375 1.0 0.9734375 0.821875
0 0.03125 0.39375 0.0015625 0.39375 0.0015625 0.4671875 0.03125 0.4671875 0.03125 0.39375
0 0.190625 0.0015625 0.0015625 0.0015625 0.0015625 0.2234375 0.190625 0.2234375 0.190625 0.0015625
0 0.4953125 0.384375 0.2703125 0.384375 0.2703125 0.728125 0.4953125 0.728125 0.4953125 0.384375
0 0.3 0.2578125 0.0484375 0.2578125 0.0484375 0.4015625 0.3 0.4015625 0.3 0.2578125
0 0.75 0.23125 0.4484375 0.23125 0.4484375 0.6046875 0.75 0.6046875 0.75 0.23125
0 0.5796875 0.0015625 0.4390625 0.0015625 0.4390625 0.3609375 0.5796875 0.3609375 0.5796875 0.0015625
0 0.66875 0.0015625 0.5625 0.0015625 0.5625 0.2 0.66875 0.2 0.66875 0.0015625
0 1.0 0.56875 0.790625 0.56875 0.790625 0.8796875 1.0 0.8796875 1.0 0.56875
0 0.9984375 0.2890625 0.8765625 0.2890625 0.8765625 0.5265625 0.9984375 0.5265625 0.9984375 0.2890625
0 0.95625 0.0015625 0.75625 0.0015625 0.75625 0.153125 0.95625 0.153125 0.95625 0.0015625
0 1.0 0.6765625 0.940625 0.6765625 0.940625 0.7828125 1.0 0.7828125 1.0 0.6765625
0 0.6734375 0.1 0.471875 0.1 0.471875 0.39375 0.6734375 0.39375 0.6734375 0.1
0 0.0640625 0.73125 0.0015625 0.73125 0.0015625 0.8140625 0.0640625 0.8140625 0.0640625 0.73125
