0 0.0375 0.246875 0.0015625 0.246875 0.0015625 0.328125 0.0375 0.328125 0.0375 0.246875
0 0.6140625 0.7421875 0.453125 0.7421875 0.453125 1.0 0.6140625 1.0 0.6140625 0.7421875
0 0.3265625 0.4296875 0.21875 0.4296875 0.21875 0.5828125 0.3265625 0.5828125 0.3265625 0.4296875
0 1.0 0.3015625 0.678125 0.3015625 0.678125 0.6484375 1.0 0.6484375 1.0 0.3015625
0 0.3015625 0.475 0.1796875 0.475 0.1796875 0.6828125 0.3015625 0.6828125 0.3015625 0.475
0 0.528125 0.5078125 0.3640625 0.5078125 0.3640625 0.628125 0.528125 0.628125 0.528125 0.5078125
0 0.7046875 0.915625 0.6703125 0.915625 0.6703125 1.0 0.7046875 1.0 0.7046875 0.915625
0 1.0 0.79375 0.7921875 0.79375 0.7921875 0.9984375 1.0 0.9984375 1.0 0.79375
0 1.0 0.740625 0.91875 0.740625 0.91875 0.9015625 1.0 0.9015625 1.0 0.740625
0 0.3046875 0.68125 0.1515625 0.68125 0.1515625 0.8984375 0.3046875 0.8984375 0.3046875 0.68125
0 0.9015625 0.196875 0.575 0.196875 0.575 0.378125 0.9015625 0.378125 0.9015625 0.196875
0 0.7921875 0.5 0.6890625 0.5 0.6890625 0.653125 0.7921875 0.653125 0.7921875 0.5
0 1.0 0.38125 0.9765625 0.38125 0.9765625 0.40625 1.0 0.40625 1.0 0.38125
0 0.859375 0.1234375 0.690625 0.1234375 0.690625 0.178125 0.859375 0.178125 0.859375 0.1234375
0 0.8640625 0.83125 0.7484375 0.83125 0.7484375 1.0 0.8640625 1.0 0.8640625 0.83125
0 0.2609375 0.3296875 0.1421875 0.3296875 0.1421875 0.490625 0.2609375 0.490625 0.2609375 0.3296875
0 0.740625 0.8234375 0.6 0.8234375 0.6 0.975 0.740625 0.975 0.740625 0.8234375
0 0.4609375 0.5796875 0.3296875 0.5796875 0.3296875 0.684375 0.4609375 0.684375 0.4609375 0.5796875
0 0.6171875 0.3203125 0.4234375 0.3203125 0.4234375 0.596875 0.6171875 0.596875 0.6171875 0.3203125
0 1.0 0.034375 0.9984375 0.034375 0.9984375 0.0421875 1.0 0.0421875 1.0 0.034375
0 1.0 0.5140625 0.94375 0.5140625 0.94375 0.6484375 1.0 0.6484375 1.0 0.5140625
0 0.83125 0.0015625 0.0515625 0.0015625 0.0515625 1.0 0.83125 1.0 0.83125 0.0015625
0 1.0 0.5359375 0.7296875 0.5359375 0.7296875 1.0 1.0 1.0 1.0 0.5359375
0 1.0 0.0015625 0.59375 0.0015625 0.59375 0.3296875 1.0 0.3296875 1.0 0.0015625
0 0.4734375 0.2078125 0.346875 0.2078125 0.346875 0.4 0.4734375 0.4 0.4734375 0.2078125
