0 1.0 0.3734375 0.95625 0.3734375 0.95625 0.4578125 1.0 0.4578125 1.0 0.3734375
0 0.9953125 0.01875 0.8875 0.01875 0.8875 0.24375 0.9953125 0.24375 0.9953125 0.01875
0 1.0 0.45625 0.909375 0.45625 0.909375 0.6359375 1.0 0.6359375 1.0 0.45625
0 0.28125 0.5640625 0.1640625 0.5640625 0.1640625 0.7796875 0.28125 0.7796875 0.28125 0.5640625
0 0.228125 0.4484375 0.1234375 0.4484375 0.1234375 0.5703125 0.228125 0.5703125 0.228125 0.4484375
0 1.0 0.325 0.9953125 0.325 0.9953125 0.4328125 1.0 0.4328125 1.0 0.325
0 0.9609375 0.271875 0.8625 0.271875 0.8625 0.5203125 0.9609375 0.5203125 0.9609375 0.271875
0 0.4734375 0.234375 0.38125 0.234375 0.38125 0.3640625 0.4734375 0.3640625 0.4734375 0.234375
0 0.4609375 0.8765625 0.3359375 0.8765625 0.3359375 1.0 0.4609375 1.0 0.4609375 0.8765625
0 0.615625 0.7015625 0.3515625 0.7015625 0.3515625 0.9078125 0.615625 0.9078125 0.615625 0.7015625
0 0.346875 0.7125 0.2171875 0.7125 0.2171875 0.9140625 0.346875 0.9140625 0.346875 0.7125
0 0.3515625 0.2734375 0.15625 0.2734375 0.15625 0.596875 0.3515625 0.596875 0.3515625 0.2734375
0 0.425 0.0015625 0.2453125 0.0015625 0.2453125 0.19375 0.425 0.19375 0.425 0.0015625
0 0.59375 0.0015625 0.384375 0.0015625 0.384375 0.1296875 0.59375 0.1296875 0.59375 0.0015625
0 0.771875 0.8859375 0.4953125 0.8859375 0.4953125 1.0 0.771875 1.0 0.771875 0.8859375
0 0.8921875 0.8453125 0.7859375 0.8453125 0.7859375 0.996875 0.8921875 0.996875 0.8921875 0.8453125
0 0.790625 0.55625 0.6921875 0.55625 0.6921875 0.7875 0.790625 0.7875 0.790625 0.55625
0 0.703125 0.1953125 0.528125 0.1953125 0.528125 0.6 0.703125 0.6 0.703125 0.1953125
0 0.74375 0.309375 0.634375 0.309375 0.634375 0.471875 0.74375 0.471875 0.74375 0.309375
0 0.571875 0.3171875 0.4546875 0.3171875 0.4546875 0.45625 0.571875 0.45625 0.571875 0.3171875
0 0.7140625 0.0015625 0.6546875 0.0015625 0.6546875 0.0734375 0.7140625 0.0734375 0.7140625 0.0015625
0 0.3921875 0.9265625 0.2828125 0.9265625 0.2828125 1.0 0.3921875 1.0 0.3921875 0.9265625
0 0.9640625 0.859375 0.8796875 0.859375 0.8796875 0.996875 0.9640625 0.996875 0.9640625 0.859375
0 1.0 0.6328125 0.95 0.6328125 0.95 0.778125 1.0 0.778125 1.0 0.6328125
0 0.8421875 0.54375 0.7078125 0.54375 0.7078125 0.771875 0.8421875 0.771875 0.8421875 0.54375
0 0.271875 0.0015625 0.0015625 0.0015625 0.0015625 0.959375 0.271875 0.959375 0.271875 0.0015625
0 1.0 0.1421875 0.1046875 0.1421875 0.1046875 1.0 1.0 1.0 1.0 0.1421875
0 0.7890625 0.0015625 0.215625 0.0015625 0.215625 0.7375 0.7890625 0.7375 0.7890625 0.0015625
0 0.8046875 0.8125 0.65 0.8125 0.65 1.0 0.8046875 1.0 0.8046875 0.8125
0 1.0 0.028125 0.8875 0.028125 0.8875 0.5859375 1.0 0.5859375 1.0 0.028125
