0 1.0 0.396875 0.0015625 0.396875 0.0015625 1.0 1.0 1.0 1.0 0.396875
0 0.11875 0.2765625 0.0015625 0.2765625 0.0015625 0.490625 0.11875 0.490625 0.11875 0.2765625
0 1.0 0.1859375 0.7078125 0.1859375 0.7078125 0.5859375 1.0 0.5859375 1.0 0.1859375
0 0.603125 0.259375 0.43125 0.259375 0.43125 0.440625 0.603125 0.440625 0.603125 0.259375
0 1.0 0.4765625 0.865625 0.4765625 0.865625 0.8 1.0 0.8 1.0 0.4765625
0 1.0 0.0015625 0.0015625 0.0015625 0.0015625 0.7125 1.0 0.7125 1.0 0.0015625
0 1.0 0.8421875 0.8 0.8421875 0.8 1.0 1.0 1.0 1.0 0.8421875
0 0.25625 0.7125 0.0015625 0.7125 0.0015625 1.0 0.25625 1.0 0.25625 0.7125
0 0.3890625 0.95625 0.2734375 0.95625 0.2734375 1.0 0.3890625 1.0 0.3890625 0.95625
0 0.8265625 0.8203125 0.7 0.8203125 0.7 0.9796875 0.8265625 0.9796875 0.8265625 0.8203125
0 0.1828125 0.3859375 0.0015625 0.3859375 0.0015625 0.6828125 0.1828125 0.6828125 0.1828125 0.3859375
0 0.4125 0.0015625 0.1703125 0.0015625 0.1703125 0.1296875 0.4125 0.1296875 0.4125 0.0015625
0 0.7515625 0.0015625 0.5671875 0.0015625 0.5671875 0.075 0.7515625 0.075 0.7515625 0.0015625
0 0.571875 0.0015625 0.38125 0.0015625 0.38125 0.1078125 0.571875 0.1078125 0.571875 0.0015625
0 0.1203125 0.0015625 0.0015625 0.0015625 0.0015625 0.0421875 0.1203125 0.0421875 0.1203125 0.0015625
