0 0.025 0.6125 0.0015625 0.6125 0.0015625 0.7015625 0.025 0.7015625 0.025 0.6125
0 0.85625 0.5265625 0.65 0.5265625 0.65 0.6734375 0.85625 0.6734375 0.85625 0.5265625
0 1.0 0.6203125 0.984375 0.6203125 0.984375 0.7953125 1.0 0.7953125 1.0 0.6203125
0 0.2359375 0.1625 0.1171875 0.1625 0.1171875 0.3734375 0.2359375 0.3734375 0.2359375 0.1625
0 0.840625 0.8546875 0.6953125 0.8546875 0.6953125 1.0 0.840625 1.0 0.840625 0.8546875
0 0.5453125 0.0015625 0.45 0.0015625 0.45 0.290625 0.5453125 0.290625 0.5453125 0.0015625
0 0.9328125 0.0015625 0.9046875 0.0015625 0.9046875 0.01875 0.9328125 0.01875 0.9328125 0.0015625
0 0.075 0.6140625 0.0015625 0.6140625 0.0015625 0.753125 0.075 0.753125 0.075 0.6140625
0 0.06875 0.3109375 0.0015625 0.3109375 0.0015625 0.428125 0.06875 0.428125 0.06875 0.3109375
0 0.240625 0.6796875 0.071875 0.6796875 0.071875 0.8328125 0.240625 0.8328125 0.240625 0.6796875
0 0.6796875 0.5640625 0.56875 0.5640625 0.56875 0.6890625 0.6796875 0.6890625 0.6796875 0.5640625
0 0.75 0.971875 0.6546875 0.971875 0.6546875 1.0 0.75 1.0 0.75 0.971875
0 0.2453125 0.5625 0.159375 0.5625 0.159375 0.665625 0.2453125 0.665625 0.2453125 0.5625
0 0.371875 0.4296875 0.1578125 0.4296875 0.1578125 0.725 0.371875 0.725 0.371875 0.4296875
0 0.0984375 0.5296875 0.0015625 0.5296875 0.0015625 0.71875 0.0984375 0.71875 0.0984375 0.5296875
0 0.171875 0.459375 0.071875 0.459375 0.071875 0.7046875 0.171875 0.7046875 0.171875 0.459375
0 0.2375 0.3671875 0.021875 0.3671875 0.021875 0.4421875 0.2375 0.4421875 0.2375 0.3671875
0 0.3640625 0.0875 0.253125 0.0875 0.253125 0.3609375 0.3640625 0.3609375 0.3640625 0.0875
0 0.1125 0.0015625 0.0015625 0.0015625 0.0015625 0.3859375 0.1125 0.3859375 0.1125 0.0015625
0 0.503125 0.109375 0.33125 0.109375 0.33125 0.2953125 0.503125 0.2953125 0.503125 0.109375
0 1.0 0.6578125 0.7578125 0.6578125 0.7578125 1.0 1.0 1.0 1.0 0.6578125
0 0.53125 0.9609375 0.43125 0.9609375 0.43125 1.0 0.53125 1.0 0.53125 0.9609375
0 0.7921875 0.609375 0.6578125 0.609375 0.6578125 0.7046875 0.7921875 0.7046875 0.7921875 0.609375
0 0.59375 0.0015625 0.4734375 0.0015625 0.4734375 0.284375 0.59375 0.284375 0.59375 0.0015625
0 0.8578125 0.0015625 0.778125 0.0015625 0.778125 0.0921875 0.8578125 0.0921875 0.8578125 0.0015625
0 0.7015625 0.328125 0.4921875 0.328125 0.4921875 0.5203125 0.7015625 0.5203125 0.7015625 0.328125
0 0.5359375 0.2421875 0.3703125 0.2421875 0.3703125 0.3890625 0.5359375 0.3890625 0.5359375 0.2421875
0 0.221875 0.184375 0.115625 0.184375 0.115625 0.3875 0.221875 0.3875 0.221875 0.184375
0 1.0 0.9328125 0.95 0.9328125 0.95 1.0 1.0 1.0 1.0 0.9328125
0 0.846875 0.69375 0.7109375 0.69375 0.7109375 0.7828125 0.846875 0.7828125 0.846875 0.69375
0 0.425 0.4 0.203125 0.4 0.203125 0.5984375 0.425 0.5984375 0.425 0.4
0 0.615625 0.2140625 0.3234375 0.2140625 0.3234375 0.4078125 0.615625 0.4078125 0.615625 0.2140625
0 0.921875 0.0015625 0.809375 0.0015625 0.809375 0.0953125 0.921875 0.0953125 0.921875 0.0015625
0 0.09375 0.725 0.0015625 0.725 0.0015625 0.8828125 0.09375 0.8828125 0.09375 0.725
0 0.4390625 0.9703125 0.409375 0.9703125 0.409375 1.0 0.4390625 1.0 0.4390625 0.9703125
0 0.4140625 0.5125 0.3234375 0.5125 0.3234375 0.715625 0.4140625 0.715625 0.4140625 0.5125
0 0.9796875 0.8015625 0.890625 0.8015625 0.890625 0.9515625 0.9796875 0.9515625 0.9796875 0.8015625
0 1.0 0.0015625 0.903125 0.0015625 0.903125 0.084375 1.0 0.084375 1.0 0.0015625
0 0.7125 0.64375 0.4375 0.64375 0.4375 1.0 0.7125 1.0 0.7125 0.64375
0 0.8921875 0.765625 0.7 0.765625 0.7 1.0 0.8921875 1.0 0.8921875 0.765625
0 0.0328125 0.75625 0.0015625 0.75625 0.0015625 0.9125 0.0328125 0.9125 0.0328125 0.75625
0 0.8921875 0.4859375 0.7359375 0.4859375 0.7359375 0.6453125 0.8921875 0.6453125 0.8921875 0.4859375
0 0.1421875 0.18125 0.0015625 0.18125 0.0015625 0.3828125 0.1421875 0.3828125 0.1421875 0.18125
0 0.325 0.14375 0.13125 0.14375 0.13125 0.2875 0.325 0.2875 0.325 0.14375
0 1.0 0.8265625 0.959375 0.8265625 0.959375 0.9671875 1.0 0.9671875 1.0 0.8265625
0 0.7671875 0.9109375 0.6296875 0.9109375 0.6296875 1.0 0.7671875 1.0 0.7671875 0.9109375
0 0.60625 0.3125 0.3203125 0.3125 0.3203125 0.5609375 0.60625 0.5609375 0.60625 0.3125
0 0.9765625 0.0578125 0.6234375 0.0578125 0.6234375 0.33125 0.9765625 0.33125 0.9765625 0.0578125
0 0.03125 0.8953125 0.0015625 0.8953125 0.0015625 0.9421875 0.03125 0.9421875 0.03125 0.8953125
0 1.0 0.196875 0.8171875 0.196875 0.8171875 0.796875 1.0 0.796875 1.0 0.196875
0 0.1734375 0.2671875 0.08125 0.2671875 0.08125 0.39375 0.1734375 0.39375 0.1734375 0.2671875
0 0.1359375 0.0015625 0.0015625 0.0015625 0.0015625 0.2828125 0.1359375 0.2828125 0.1359375 0.0015625
0 0.28125 0.08125 0.13125 0.08125 0.13125 0.1953125 0.28125 0.1953125 0.28125 0.08125
0 0.521875 0.0015625 0.4296875 0.0015625 0.4296875 0.265625 0.521875 0.265625 0.521875 0.0015625
0 0.278125 0.4671875 0.0953125 0.4671875 0.0953125 0.7484375 0.278125 0.7484375 0.278125 0.4671875
0 0.3453125 0.5109375 0.2234375 0.5109375 0.2234375 0.6578125 0.3453125 0.6578125 0.3453125 0.5109375
0 0.159375 0.3484375 0.0015625 0.3484375 0.0015625 0.6015625 0.159375 0.6015625 0.159375 0.3484375
0 0.5109375 0.0015625 0.3828125 0.0015625 0.3828125 0.234375 0.5109375 0.234375 0.5109375 0.0015625
0 0.090625 0.0015625 0.0765625 0.0015625 0.0765625 0.028125 0.090625 0.028125 0.090625 0.0015625
0 0.76875 0.415625 0.534375 0.415625 0.534375 0.646875 0.76875 0.646875 0.76875 0.415625
0 0.3515625 0.671875 0.071875 0.671875 0.071875 0.9609375 0.3515625 0.9609375 0.3515625 0.671875
0 0.315625 0.78125 0.1578125 0.78125 0.1578125 1.0 0.315625 1.0 0.315625 0.78125
0 0.2671875 0.984375 0.1578125 0.984375 0.1578125 1.0 0.2671875 1.0 0.2671875 0.984375
