0 0.3390625 0.0015625 0.1234375 0.0015625 0.1234375 0.15 0.3390625 0.15 0.3390625 0.0015625
0 0.4671875 0.1828125 0.3453125 0.1828125 0.3453125 0.271875 0.4671875 0.271875 0.4671875 0.1828125
0 0.6953125 0.5703125 0.565625 0.5703125 0.565625 0.721875 0.6953125 0.721875 0.6953125 0.5703125
0 0.9625 0.2078125 0.796875 0.2078125 0.796875 0.4375 0.9625 0.4375 0.9625 0.2078125
0 0.021875 0.5015625 0.0015625 0.5015625 0.0015625 0.5484375 0.021875 0.5484375 0.021875 0.5015625
0 0.5625 0.7421875 0.240625 0.7421875 0.240625 1.0 0.5625 1.0 0.5625 0.7421875
0 0.2453125 0.7765625 0.1546875 0.7765625 0.1546875 0.9703125 0.2453125 0.9703125 0.2453125 0.7765625
0 0.8453125 0.2296875 0.2609375 0.2296875 0.2609375 0.709375 0.8453125 0.709375 0.8453125 0.2296875
0 0.2078125 0.3734375 0.0640625 0.3734375 0.0640625 0.5515625 0.2078125 0.5515625 0.2078125 0.3734375
0 0.8796875 0.9859375 0.8296875 0.9859375 0.8296875 1.0 0.8796875 1.0 0.8796875 0.9859375
0 0.7171875 0.803125 0.521875 0.803125 0.521875 1.0 0.7171875 1.0 0.7171875 0.803125
0 1.0 0.8796875 0.8796875 0.8796875 0.8796875 0.9609375 1.0 0.9609375 1.0 0.8796875
0 0.9765625 0.4328125 0.753125 0.4328125 0.753125 0.7671875 0.9765625 0.7671875 0.9765625 0.4328125
0 0.99375 0.45625 0.8625 0.45625 0.8625 0.6046875 0.99375 0.6046875 0.99375 0.45625
0 0.3171875 0.2984375 0.0015625 0.2984375 0.0015625 0.4359375 0.3171875 0.4359375 0.3171875 0.2984375
0 0.1265625 0.0015625 0.1078125 0.0015625 0.1078125 0.0109375 0.1265625 0.0109375 0.1265625 0.0015625
0 1.0 0.0015625 0.0015625 0.0015625 0.0015625 1.0 1.0 1.0 1.0 0.0015625
0 0.403125 0.83125 0.228125 0.83125 0.228125 0.9578125 0.403125 0.9578125 0.403125 0.83125
0 0.2984375 0.759375 0.1890625 0.759375 0.1890625 0.8625 0.2984375 0.8625 0.2984375 0.759375
