0 0.0296875 0.0734375 0.0015625 0.0734375 0.0015625 0.1375 0.0296875 0.1375 0.0296875 0.0734375
0 0.103125 0.1296875 0.0015625 0.1296875 0.0015625 0.2171875 0.103125 0.2171875 0.103125 0.1296875
0 0.371875 0.0015625 0.31875 0.0015625 0.31875 0.034375 0.371875 0.034375 0.371875 0.0015625
0 0.0421875 0.175 0.0015625 0.175 0.0015625 0.2390625 0.0421875 0.2390625 0.0421875 0.175
0 0.2203125 0.0015625 0.028125 0.0015625 0.028125 0.18125 0.2203125 0.18125 0.2203125 0.0015625
0 0.40625 0.0015625 0.2125 0.0015625 0.2125 0.19375 0.40625 0.19375 0.40625 0.0015625
0 0.3078125 0.0015625 0.2046875 0.0015625 0.2046875 0.0296875 0.3078125 0.0296875 0.3078125 0.0015625
0 0.3515625 0.0078125 0.1765625 0.0078125 0.1765625 0.153125 0.3515625 0.153125 0.3515625 0.0078125
0 0.18125 0.1359375 0.0015625 0.1359375 0.0015625 0.2796875 0.18125 0.2796875 0.18125 0.1359375
0 0.028125 0.36875 0.0015625 0.36875 0.0015625 0.3953125 0.028125 0.3953125 0.028125 0.36875
0 0.2359375 0.121875 0.1515625 0.121875 0.1515625 0.3609375 0.2359375 0.3609375 0.2359375 0.121875
0 0.1890625 0.1703125 0.0796875 0.1703125 0.0796875 0.3515625 0.1890625 0.3515625 0.1890625 0.1703125
0 0.1625 0.2203125 0.0015625 0.2203125 0.0015625 0.45625 0.1625 0.45625 0.1625 0.2203125
0 0.2484375 0.0015625 0.0015625 0.0015625 0.0015625 0.090625 0.2484375 0.090625 0.2484375 0.0015625
0 0.31875 0.0015625 0.28125 0.0015625 0.28125 0.0296875 0.31875 0.0296875 0.31875 0.0015625
