0 0.4125 0.8953125 0.2984375 0.8953125 0.2984375 1.0 0.4125 1.0 0.4125 0.8953125
0 0.0765625 0.925 0.0015625 0.925 0.0015625 1.0 0.0765625 1.0 0.0765625 0.925
0 0.2015625 0.6609375 0.034375 0.6609375 0.034375 0.996875 0.2015625 0.996875 0.2015625 0.6609375
0 0.53125 0.0796875 0.228125 0.0796875 0.228125 0.825 0.53125 0.825 0.53125 0.0796875
0 0.0734375 0.6484375 0.0015625 0.6484375 0.0015625 0.6921875 0.0734375 0.6921875 0.0734375 0.6484375
0 0.0828125 0.503125 0.0015625 0.503125 0.0015625 0.55625 0.0828125 0.55625 0.0828125 0.503125
0 0.384375 0.0875 0.0703125 0.0875 0.0703125 0.7171875 0.384375 0.7171875 0.384375 0.0875
0 1.0 0.6796875 0.7609375 0.6796875 0.7609375 1.0 1.0 1.0 1.0 0.6796875
0 0.634375 0.3609375 0.5484375 0.3609375 0.5484375 0.55625 0.634375 0.55625 0.634375 0.3609375
0 0.778125 0.2265625 0.59375 0.2265625 0.59375 0.3484375 0.778125 0.3484375 0.778125 0.2265625
0 0.7390625 0.0734375 0.5265625 0.0734375 0.5265625 0.35625 0.7390625 0.35625 0.7390625 0.0734375
0 1.0 0.1734375 0.8734375 0.1734375 0.8734375 0.446875 1.0 0.446875 1.0 0.1734375
