0 0.18125 0.80625 0.1015625 0.80625 0.1015625 0.9875 0.18125 0.9875 0.18125 0.80625
0 0.41875 0.3234375 0.1984375 0.3234375 0.1984375 0.8921875 0.41875 0.8921875 0.41875 0.3234375
0 0.428125 0.7 0.3 0.7 0.3 0.884375 0.428125 0.884375 0.428125 0.7
0 0.265625 0.625 0.071875 0.625 0.071875 0.875 0.265625 0.875 0.265625 0.625
0 0.01875 0.440625 0.0015625 0.440625 0.0015625 0.4765625 0.01875 0.4765625 0.01875 0.440625
0 0.0921875 0.0671875 0.0015625 0.0671875 0.0015625 0.225 0.0921875 0.225 0.0921875 0.0671875
0 0.29375 0.196875 0.05625 0.196875 0.05625 0.465625 0.29375 0.465625 0.29375 0.196875
0 0.4203125 0.0015625 0.2890625 0.0015625 0.2890625 0.428125 0.4203125 0.428125 0.4203125 0.0015625
0 0.6984375 0.775 0.5703125 0.775 0.5703125 0.9328125 0.6984375 0.9328125 0.6984375 0.775
0 0.6484375 0.5984375 0.4546875 0.5984375 0.4546875 0.796875 0.6484375 0.796875 0.6484375 0.5984375
0 1.0 0.0984375 0.9359375 0.0984375 0.9359375 0.315625 1.0 0.315625 1.0 0.0984375
0 0.39375 0.690625 0.275 0.690625 0.275 0.965625 0.39375 0.965625 0.39375 0.690625
0 1.0 0.0015625 0.0015625 0.0015625 0.0015625 1.0 1.0 1.0 1.0 0.0015625
0 1.0 0.8359375 0.8921875 0.8359375 0.8921875 1.0 1.0 1.0 1.0 0.8359375
0 1.0 0.5875 0.9453125 0.5875 0.9453125 0.7703125 1.0 0.7703125 1.0 0.5875
0 0.6359375 0.9296875 0.4703125 0.9296875 0.4703125 1.0 0.6359375 1.0 0.6359375 0.9296875
0 0.053125 0.8859375 0.0015625 0.8859375 0.0015625 1.0 0.053125 1.0 0.053125 0.8859375
0 0.3046875 0.0015625 0.2234375 0.0015625 0.2234375 0.0484375 0.3046875 0.0484375 0.3046875 0.0015625
0 1.0 0.0625 0.8484375 0.0625 0.8484375 1.0 1.0 1.0 1.0 0.0625
0 0.90625 0.9921875 0.890625 0.9921875 0.890625 1.0 0.90625 1.0 0.90625 0.9921875
0 0.8265625 0.9296875 0.7890625 0.9296875 0.7890625 1.0 0.8265625 1.0 0.8265625 0.9296875
0 0.55625 0.821875 0.4640625 0.821875 0.4640625 0.9140625 0.55625 0.9140625 0.55625 0.821875
0 0.9046875 0.4359375 0.7 0.4359375 0.7 0.7625 0.9046875 0.7625 0.9046875 0.4359375
0 0.7546875 0.0015625 0.5109375 0.0015625 0.5109375 0.346875 0.7546875 0.346875 0.7546875 0.0015625
0 1.0 0.80625 0.9703125 0.80625 0.9703125 0.8625 1.0 0.8625 1.0 0.80625
0 0.9265625 0.2984375 0.78125 0.2984375 0.78125 0.4015625 0.9265625 0.4015625 0.9265625 0.2984375
0 0.971875 0.0640625 0.8765625 0.0640625 0.8765625 0.2328125 0.971875 0.2328125 0.971875 0.0640625
