0 0.0046875 0.6484375 0.0015625 0.6484375 0.0015625 0.659375 0.0046875 0.659375 0.0046875 0.6484375
0 0.1625 0.9515625 0.0015625 0.9515625 0.0015625 1.0 0.1625 1.0 0.1625 0.9515625
0 0.5046875 0.9375 0.4078125 0.9375 0.4078125 1.0 0.5046875 1.0 0.5046875 0.9375
0 0.6796875 0.8203125 0.521875 0.8203125 0.521875 0.975 0.6796875 0.975 0.6796875 0.8203125
0 0.6703125 0.0015625 0.5328125 0.0015625 0.5328125 0.075 0.6703125 0.075 0.6703125 0.0015625
0 0.371875 0.0015625 0.3109375 0.0015625 0.3109375 0.034375 0.371875 0.034375 0.371875 0.0015625
0 0.9078125 0.8640625 0.7015625 0.8640625 0.7015625 1.0 0.9078125 1.0 0.9078125 0.8640625
0 0.1328125 0.996875 0.11875 0.996875 0.11875 1.0 0.1328125 1.0 0.1328125 0.996875
0 0.05625 0.709375 0.0015625 0.709375 0.0015625 0.840625 0.05625 0.840625 0.05625 0.709375
0 0.071875 0.9015625 0.0015625 0.9015625 0.0015625 0.9859375 0.071875 0.9859375 0.071875 0.9015625
0 0.121875 0.63125 0.0015625 0.63125 0.0015625 0.7515625 0.121875 0.7515625 0.121875 0.63125
0 0.046875 0.30625 0.0015625 0.30625 0.0015625 0.378125 0.046875 0.378125 0.046875 0.30625
0 0.7359375 0.975 0.696875 0.975 0.696875 1.0 0.7359375 1.0 0.7359375 0.975
0 0.471875 0.4703125 0.315625 0.4703125 0.315625 0.696875 0.471875 0.696875 0.471875 0.4703125
0 0.8828125 0.3796875 0.709375 0.3796875 0.709375 0.4640625 0.8828125 0.4640625 0.8828125 0.3796875
0 0.5328125 0.2578125 0.3453125 0.2578125 0.3453125 0.3890625 0.5328125 0.3890625 0.5328125 0.2578125
0 0.3265625 0.2453125 0.215625 0.2453125 0.215625 0.3953125 0.3265625 0.3953125 0.3265625 0.2453125
0 0.6765625 0.028125 0.434375 0.028125 0.434375 0.16875 0.6765625 0.16875 0.6765625 0.028125
0 1.0 0.775 0.878125 0.775 0.878125 0.934375 1.0 0.934375 1.0 0.775
0 1.0 0.55625 0.8890625 0.55625 0.8890625 0.6734375 1.0 0.6734375 1.0 0.55625
0 0.0796875 0.0375 0.0015625 0.0375 0.0015625 0.125 0.0796875 0.125 0.0796875 0.0375
0 0.8328125 0.1515625 0.45 0.1515625 0.45 0.3375 0.8328125 0.3375 0.8328125 0.1515625
0 0.6984375 0.2921875 0.59375 0.2921875 0.59375 0.4796875 0.6984375 0.4796875 0.6984375 0.2921875
0 1.0 0.0015625 0.0015625 0.0015625 0.0015625 1.0 1.0 1.0 1.0 0.0015625
0 0.0578125 0.6375 0.0015625 0.6375 0.0015625 0.7 0.0578125 0.7 0.0578125 0.6375
