0 0.6671875 0.228125 0.6046875 0.228125 0.6046875 0.3859375 0.6671875 0.3859375 0.6671875 0.228125
0 0.184375 0.203125 0.0015625 0.203125 0.0015625 0.9484375 0.184375 0.9484375 0.184375 0.203125
0 0.5203125 0.6953125 0.459375 0.6953125 0.459375 1.0 0.5203125 1.0 0.5203125 0.6953125
0 0.403125 0.5234375 0.2609375 0.5234375 0.2609375 0.5984375 0.403125 0.5984375 0.403125 0.5234375
0 0.9359375 0.0015625 0.6625 0.0015625 0.6625 0.3046875 0.9359375 0.3046875 0.9359375 0.0015625
0 0.1421875 0.0265625 0.0828125 0.0265625 0.0828125 0.434375 0.1421875 0.434375 0.1421875 0.0265625
0 0.009375 0.134375 0.0015625 0.134375 0.0015625 0.1671875 0.009375 0.1671875 0.009375 0.134375
0 0.99375 0.809375 0.8375 0.809375 0.8375 0.9796875 0.99375 0.9796875 0.99375 0.809375
0 0.7859375 0.659375 0.675 0.659375 0.675 0.8953125 0.7859375 0.8953125 0.7859375 0.659375
0 0.50625 0.6046875 0.4109375 0.6046875 0.4109375 0.940625 0.50625 0.940625 0.50625 0.6046875
0 0.834375 0.3359375 0.7 0.3359375 0.7 0.6171875 0.834375 0.6171875 0.834375 0.3359375
0 0.990625 0.4546875 0.85625 0.4546875 0.85625 0.528125 0.990625 0.528125 0.990625 0.4546875
0 0.678125 0.1453125 0.4828125 0.1453125 0.4828125 0.484375 0.678125 0.484375 0.678125 0.1453125
0 1.0 0.953125 0.9015625 0.953125 0.9015625 1.0 1.0 1.0 1.0 0.953125
0 0.0671875 0.540625 0.0015625 0.540625 0.0015625 0.596875 0.0671875 0.596875 0.0671875 0.540625
0 0.3125 0.4703125 0.153125 0.4703125 0.153125 0.5640625 0.3125 0.5640625 0.3125 0.4703125
0 0.46875 0.1515625 0.4203125 0.1515625 0.4203125 0.490625 0.46875 0.490625 0.46875 0.1515625
0 1.0 0.3515625 0.96875 0.3515625 0.96875 0.4828125 1.0 0.4828125 1.0 0.3515625
0 0.1140625 0.7453125 0.0015625 0.7453125 0.0015625 1.0 0.1140625 1.0 0.1140625 0.7453125
0 0.075 0.5625 0.0015625 0.5625 0.0015625 0.715625 0.075 0.715625 0.075 0.5625
0 0.071875 0.2109375 0.0015625 0.2109375 0.0015625 0.521875 0.071875 0.521875 0.071875 0.2109375
0 0.109375 0.09375 0.03125 0.09375 0.03125 0.30625 0.109375 0.30625 0.109375 0.09375
0 0.2625 0.0015625 0.1890625 0.0015625 0.1890625 0.15 0.2625 0.15 0.2625 0.0015625
0 0.0875 0.0015625 0.05625 0.0015625 0.05625 0.0734375 0.0875 0.0734375 0.0875 0.0015625
0 0.909375 0.9921875 0.9015625 0.9921875 0.9015625 1.0 0.909375 1.0 0.909375 0.9921875
0 1.0 0.846875 0.9265625 0.846875 0.9265625 0.9765625 1.0 0.9765625 1.0 0.846875
0 0.7859375 0.8515625 0.6421875 0.8515625 0.6421875 1.0 0.7859375 1.0 0.7859375 0.8515625
0 0.9296875 0.4390625 0.721875 0.4390625 0.721875 0.8359375 0.9296875 0.8359375 0.9296875 0.4390625
0 1.0 0.48125 0.80625 0.48125 0.80625 0.8578125 1.0 0.8578125 1.0 0.48125
0 0.890625 0.0015625 0.6421875 0.0015625 0.6421875 0.246875 0.890625 0.246875 0.890625 0.0015625
0 0.3078125 0.578125 0.128125 0.578125 0.128125 0.921875 0.3078125 0.921875 0.3078125 0.578125
0 0.3984375 0.0625 0.26875 0.0625 0.26875 0.275 0.3984375 0.275 0.3984375 0.0625
0 0.5421875 0.0015625 0.50625 0.0015625 0.50625 0.246875 0.5421875 0.246875 0.5421875 0.0015625
0 0.0859375 0.0015625 0.0015625 0.0015625 0.0015625 0.3109375 0.0859375 0.3109375 0.0859375 0.0015625
0 0.30625 0.865625 0.1671875 0.865625 0.1671875 1.0 0.30625 1.0 0.30625 0.865625
0 0.1421875 0.60625 0.0015625 0.60625 0.0015625 1.0 0.1421875 1.0 0.1421875 0.60625
0 0.0171875 0.6265625 0.0015625 0.6265625 0.0015625 0.6828125 0.0171875 0.6828125 0.0171875 0.6265625
0 0.2453125 0.2875 0.134375 0.2875 0.134375 0.49375 0.2453125 0.49375 0.2453125 0.2875
0 0.1484375 0.0015625 0.0828125 0.0015625 0.0828125 0.228125 0.1484375 0.228125 0.1484375 0.0015625
0 0.3734375 0.0015625 0.146875 0.0015625 0.146875 0.228125 0.3734375 0.228125 0.3734375 0.0015625
0 0.425 0.15 0.3796875 0.15 0.3796875 0.4671875 0.425 0.4671875 0.425 0.15
0 0.9671875 0.50625 0.640625 0.50625 0.640625 1.0 0.9671875 1.0 0.9671875 0.50625
0 0.734375 0.4953125 0.4828125 0.4953125 0.4828125 0.6578125 0.734375 0.6578125 0.734375 0.4953125
0 1.0 0.0828125 0.6390625 0.0828125 0.6390625 0.359375 1.0 0.359375 1.0 0.0828125
0 0.7515625 0.078125 0.6328125 0.078125 0.6328125 0.209375 0.7515625 0.209375 0.7515625 0.078125
0 0.61875 0.0015625 0.590625 0.0015625 0.590625 0.153125 0.61875 0.153125 0.61875 0.0015625
0 0.996875 0.346875 0.7921875 0.346875 0.7921875 0.528125 0.996875 0.528125 0.996875 0.346875
0 0.8453125 0.0015625 0.7859375 0.0015625 0.7859375 0.0828125 0.8453125 0.0828125 0.8453125 0.0015625
