0 0.08125 0.2578125 0.0015625 0.2578125 0.0015625 0.871875 0.08125 0.871875 0.08125 0.2578125
0 0.1640625 0.1109375 0.015625 0.1109375 0.015625 0.503125 0.1640625 0.503125 0.1640625 0.1109375
0 0.3734375 0.9984375 0.3609375 0.9984375 0.3609375 1.0 0.3734375 1.0 0.3734375 0.9984375
0 0.278125 0.6078125 0.153125 0.6078125 0.153125 1.0 0.278125 1.0 0.278125 0.6078125
0 0.365625 0.6796875 0.2359375 0.6796875 0.2359375 0.8515625 0.365625 0.8515625 0.365625 0.6796875
0 0.734375 0.3890625 0.4640625 0.3890625 0.4640625 0.8453125 0.734375 0.8453125 0.734375 0.3890625
0 0.359375 0.2703125 0.1859375 0.2703125 0.1859375 0.5609375 0.359375 0.5609375 0.359375 0.2703125
0 0.5484375 0.103125 0.3859375 0.103125 0.3859375 0.278125 0.5484375 0.278125 0.5484375 0.103125
0 0.665625 0.0015625 0.4390625 0.0015625 0.4390625 0.121875 0.665625 0.121875 0.665625 0.0015625
0 0.784375 0.0015625 0.65 0.0015625 0.65 0.1375 0.784375 0.1375 0.784375 0.0015625
0 1.0 0.0015625 0.9265625 0.0015625 0.9265625 0.1359375 1.0 0.1359375 1.0 0.0015625
0 0.1453125 0.2875 0.05625 0.2875 0.05625 0.503125 0.1453125 0.503125 0.1453125 0.2875
0 0.790625 0.8203125 0.4453125 0.8203125 0.4453125 1.0 0.790625 1.0 0.790625 0.8203125
0 0.1609375 0.8046875 0.075 0.8046875 0.075 0.94375 0.1609375 0.94375 0.1609375 0.8046875
0 0.6640625 0.5046875 0.5296875 0.5046875 0.5296875 0.7890625 0.6640625 0.7890625 0.6640625 0.5046875
0 0.53125 0.5359375 0.2765625 0.5359375 0.2765625 0.7046875 0.53125 0.7046875 0.53125 0.5359375
0 0.5265625 0.00625 0.20625 0.00625 0.20625 0.1875 0.5265625 0.1875 0.5265625 0.00625
0 0.7515625 0.0015625 0.596875 0.0015625 0.596875 0.128125 0.7515625 0.128125 0.7515625 0.0015625
0 1.0 0.746875 0.9953125 0.746875 0.9953125 0.7765625 1.0 0.7765625 1.0 0.746875
0 0.9828125 0.7015625 0.8171875 0.7015625 0.8171875 0.884375 0.9828125 0.884375 0.9828125 0.7015625
0 0.9390625 0.540625 0.8515625 0.540625 0.8515625 0.6953125 0.9390625 0.6953125 0.9390625 0.540625
0 0.05 0.984375 0.0203125 0.984375 0.0203125 1.0 0.05 1.0 0.05 0.984375
0 0.14375 0.571875 0.0015625 0.571875 0.0015625 0.871875 0.14375 0.871875 0.14375 0.571875
0 0.125 0.4875 0.0015625 0.4875 0.0015625 0.5921875 0.125 0.5921875 0.125 0.4875
0 0.046875 0.04375 0.0015625 0.04375 0.0015625 0.2578125 0.046875 0.2578125 0.046875 0.04375
0 0.6984375 0.8953125 0.53125 0.8953125 0.53125 1.0 0.6984375 1.0 0.6984375 0.8953125
0 0.4125 0.8171875 0.278125 0.8171875 0.278125 1.0 0.4125 1.0 0.4125 0.8171875
0 0.5640625 0.8109375 0.4078125 0.8109375 0.4078125 0.9890625 0.5640625 0.9890625 0.5640625 0.8109375
0 0.453125 0.609375 0.2875 0.609375 0.2875 0.8546875 0.453125 0.8546875 0.453125 0.609375
0 0.7953125 0.546875 0.6 0.546875 0.6 0.7921875 0.7953125 0.7921875 0.7953125 0.546875
0 0.465625 0.365625 0.29375 0.365625 0.29375 0.5921875 0.465625 0.5921875 0.465625 0.365625
0 0.69375 0.2921875 0.4421875 0.2921875 0.4421875 0.50625 0.69375 0.50625 0.69375 0.2921875
0 0.38125 0.33125 0.290625 0.33125 0.290625 0.4265625 0.38125 0.4265625 0.38125 0.33125
0 0.234375 0.296875 0.1421875 0.296875 0.1421875 0.4546875 0.234375 0.4546875 0.234375 0.296875
0 0.43125 0.103125 0.2765625 0.103125 0.2765625 0.3390625 0.43125 0.3390625 0.43125 0.103125
0 0.603125 0.140625 0.51875 0.140625 0.51875 0.290625 0.603125 0.290625 0.603125 0.140625
0 0.628125 0.0015625 0.3890625 0.0015625 0.3890625 0.11875 0.628125 0.11875 0.628125 0.0015625
0 0.296875 0.0015625 0.1953125 0.0015625 0.1953125 0.0609375 0.296875 0.0609375 0.296875 0.0015625
0 0.9953125 0.928125 0.7859375 0.928125 0.7859375 1.0 0.9953125 1.0 0.9953125 0.928125
0 1.0 0.7984375 0.853125 0.7984375 0.853125 0.9109375 1.0 0.9109375 1.0 0.7984375
0 0.946875 0.6796875 0.834375 0.6796875 0.834375 0.81875 0.946875 0.81875 0.946875 0.6796875
0 0.94375 0.4484375 0.790625 0.4484375 0.790625 0.5984375 0.94375 0.5984375 0.94375 0.4484375
0 0.7765625 0.4515625 0.6421875 0.4515625 0.6421875 0.58125 0.7765625 0.58125 0.7765625 0.4515625
0 1.0 0.2046875 0.8953125 0.2046875 0.8953125 0.475 1.0 0.475 1.0 0.2046875
0 0.8765625 0.190625 0.7875 0.190625 0.7875 0.4125 0.8765625 0.4125 0.8765625 0.190625
0 0.771875 0.16875 0.6203125 0.16875 0.6203125 0.3015625 0.771875 0.3015625 0.771875 0.16875
0 1.0 0.0015625 0.9453125 0.0015625 0.9453125 0.1046875 1.0 0.1046875 1.0 0.0015625
0 0.8703125 0.0015625 0.678125 0.0015625 0.678125 0.1375 0.8703125 0.1375 0.8703125 0.0015625
0 0.3703125 0.9203125 0.225 0.9203125 0.225 1.0 0.3703125 1.0 0.3703125 0.9203125
0 0.1640625 0.9234375 0.0734375 0.9234375 0.0734375 1.0 0.1640625 1.0 0.1640625 0.9234375
0 0.0546875 0.8984375 0.0015625 0.8984375 0.0015625 1.0 0.0546875 1.0 0.0546875 0.8984375
0 0.321875 0.796875 0.234375 0.796875 0.234375 0.940625 0.321875 0.940625 0.321875 0.796875
0 0.31875 0.521875 0.1484375 0.521875 0.1484375 0.8546875 0.31875 0.8546875 0.31875 0.521875
0 0.0640625 0.1421875 0.0015625 0.1421875 0.0015625 0.525 0.0640625 0.525 0.0640625 0.1421875
0 0.840625 0.1453125 0.59375 0.1453125 0.59375 0.284375 0.840625 0.284375 0.840625 0.1453125
0 0.1859375 0.390625 0.0015625 0.390625 0.0015625 1.0 0.1859375 1.0 0.1859375 0.390625
0 0.265625 0.653125 0.184375 0.653125 0.184375 0.91875 0.265625 0.91875 0.265625 0.653125
0 0.3796875 0.1875 0.2 0.1875 0.2 0.290625 0.3796875 0.290625 0.3796875 0.1875
0 0.3875 0.0015625 0.0015625 0.0015625 0.0015625 0.2 0.3875 0.2 0.3875 0.0015625
0 0.4921875 0.6546875 0.3625 0.6546875 0.3625 1.0 0.4921875 1.0 0.4921875 0.6546875
0 1.0 0.0015625 0.5625 0.0015625 0.5625 0.99375 1.0 0.99375 1.0 0.0015625
0 0.628125 0.371875 0.44375 0.371875 0.44375 0.584375 0.628125 0.584375 0.628125 0.371875
0 0.6234375 0.15625 0.5125 0.15625 0.5125 0.309375 0.6234375 0.309375 0.6234375 0.15625
