0 0.703125 0.80625 0.534375 0.80625 0.534375 1.0 0.703125 1.0 0.703125 0.80625
0 0.1046875 0.340625 0.0015625 0.340625 0.0015625 0.434375 0.1046875 0.434375 0.1046875 0.340625
0 0.1328125 0.1375 0.0015625 0.1375 0.0015625 0.415625 0.1328125 0.415625 0.1328125 0.1375
0 0.1484375 0.003125 0.01875 0.003125 0.01875 0.178125 0.1484375 0.178125 0.1484375 0.003125
0 0.146875 0.5375 0.0109375 0.5375 0.0109375 0.9390625 0.146875 0.9390625 0.146875 0.5375
0 0.4 0.4078125 0.0015625 0.4078125 0.0015625 1.0 0.4 1.0 0.4 0.4078125
0 0.8484375 0.975 0.825 0.975 0.825 1.0 0.8484375 1.0 0.8484375 0.975
0 1.0 0.0015625 0.3828125 0.0015625 0.3828125 0.7859375 1.0 0.7859375 1.0 0.0015625
0 0.240625 0.0015625 0.13125 0.0015625 0.13125 0.09375 0.240625 0.09375 0.240625 0.0015625
0 0.9625 0.853125 0.85 0.853125 0.85 1.0 0.9625 1.0 0.9625 0.853125
0 0.5953125 0.9125 0.4296875 0.9125 0.4296875 1.0 0.5953125 1.0 0.5953125 0.9125
0 0.8078125 0.6015625 0.6125 0.6015625 0.6125 1.0 0.8078125 1.0 0.8078125 0.6015625
0 1.0 0.365625 0.6875 0.365625 0.6875 1.0 1.0 1.0 1.0 0.365625
0 0.628125 0.4203125 0.321875 0.4203125 0.321875 0.9453125 0.628125 0.9453125 0.628125 0.4203125
0 0.7203125 0.6828125 0.65 0.6828125 0.65 0.8703125 0.7203125 0.8703125 0.7203125 0.6828125
0 1.0 0.0015625 0.846875 0.0015625 0.846875 0.1546875 1.0 0.1546875 1.0 0.0015625
0 0.4328125 0.1875 0.1421875 0.1875 0.1421875 0.459375 0.4328125 0.459375 0.4328125 0.1875
