0 0.334375 0.528125 0.153125 0.528125 0.153125 0.7875 0.334375 0.7875 0.334375 0.528125
0 0.515625 0.9640625 0.3890625 0.9640625 0.3890625 1.0 0.515625 1.0 0.515625 0.9640625
0 0.359375 0.8 0.159375 0.8 0.159375 0.9546875 0.359375 0.9546875 0.359375 0.8
0 0.521875 0.4375 0.3578125 0.4375 0.3578125 0.596875 0.521875 0.596875 0.521875 0.4375
0 0.4890625 0.7671875 0.353125 0.7671875 0.353125 0.9296875 0.4890625 0.9296875 0.4890625 0.7671875
0 0.534375 0.703125 0.39375 0.703125 0.39375 0.8671875 0.534375 0.8671875 0.534375 0.703125
0 0.6765625 0.1515625 0.4765625 0.1515625 0.4765625 0.38125 0.6765625 0.38125 0.6765625 0.1515625
0 0.515625 0.34375 0.3546875 0.34375 0.3546875 0.440625 0.515625 0.440625 0.515625 0.34375
0 1.0 0.51875 0.9453125 0.51875 0.9453125 0.91875 1.0 0.91875 1.0 0.51875
0 0.25 0.321875 0.16875 0.321875 0.16875 0.5171875 0.25 0.5171875 0.25 0.321875
0 0.0203125 0.0953125 0.0015625 0.0953125 0.0015625 0.1625 0.0203125 0.1625 0.0203125 0.0953125
0 0.871875 0.9578125 0.8375 0.9578125 0.8375 1.0 0.871875 1.0 0.871875 0.9578125
0 0.709375 0.5484375 0.60625 0.5484375 0.60625 0.7828125 0.709375 0.7828125 0.709375 0.5484375
0 0.4015625 0.0953125 0.3171875 0.0953125 0.3171875 0.2984375 0.4015625 0.2984375 0.4015625 0.0953125
0 0.6140625 0.028125 0.465625 0.028125 0.465625 0.1953125 0.6140625 0.1953125 0.6140625 0.028125
0 0.096875 0.496875 0.0015625 0.496875 0.0015625 1.0 0.096875 1.0 0.096875 0.496875
0 0.2484375 0.7484375 0.0875 0.7484375 0.0875 0.871875 0.2484375 0.871875 0.2484375 0.7484375
0 0.2640625 0.475 0.16875 0.475 0.16875 0.578125 0.2640625 0.578125 0.2640625 0.475
0 0.1546875 0.11875 0.0015625 0.11875 0.0015625 0.4203125 0.1546875 0.4203125 0.1546875 0.11875
0 0.23125 0.059375 0.153125 0.059375 0.153125 0.225 0.23125 0.225 0.23125 0.059375
0 0.9296875 0.3359375 0.8796875 0.3359375 0.8796875 0.4921875 0.9296875 0.4921875 0.9296875 0.3359375
0 0.5734375 1.0 0.571875 1.0 0.571875 1.0 0.5734375 1.0 0.5734375 1.0
0 0.8703125 0.490625 0.75 0.490625 0.75 0.6109375 0.8703125 0.6109375 0.8703125 0.490625
0 0.9375 0.43125 0.871875 0.43125 0.871875 0.703125 0.9375 0.703125 0.9375 0.43125
0 0.5390625 0.0015625 0.44375 0.0015625 0.44375 0.1109375 0.5390625 0.1109375 0.5390625 0.0015625
0 0.9015625 0.7421875 0.86875 0.7421875 0.86875 1.0 0.9015625 1.0 0.9015625 0.7421875
0 0.7484375 0.615625 0.5984375 0.615625 0.5984375 0.978125 0.7484375 0.978125 0.7484375 0.615625
0 0.1078125 0.58125 0.0015625 0.58125 0.0015625 0.8859375 0.1078125 0.8859375 0.1078125 0.58125
0 0.1171875 0.3875 0.034375 0.3875 0.034375 0.515625 0.1171875 0.515625 0.1171875 0.3875
0 0.4359375 0.1234375 0.3546875 0.1234375 0.3546875 0.2875 0.4359375 0.2875 0.4359375 0.1234375
0 0.0265625 0.159375 0.0015625 0.159375 0.0015625 0.20625 0.0265625 0.20625 0.0265625 0.159375
0 0.021875 0.05 0.0015625 0.05 0.0015625 0.125 0.021875 0.125 0.021875 0.05
0 0.0328125 0.496875 0.0015625 0.496875 0.0015625 0.5671875 0.0328125 0.5671875 0.0328125 0.496875
0 0.43125 0.0015625 0.0015625 0.0015625 0.0015625 0.6734375 0.43125 0.6734375 0.43125 0.0015625
0 0.559375 0.825 0.009375 0.825 0.009375 1.0 0.559375 1.0 0.559375 0.825
0 0.665625 0.58125 0.4953125 0.58125 0.4953125 0.9875 0.665625 0.9875 0.665625 0.58125
0 0.265625 0.7921875 0.1109375 0.7921875 0.1109375 0.9890625 0.265625 0.9890625 0.265625 0.7921875
0 0.4203125 0.6734375 0.221875 0.6734375 0.221875 0.853125 0.4203125 0.853125 0.4203125 0.6734375
0 0.3203125 0.584375 0.0515625 0.584375 0.0515625 0.8359375 0.3203125 0.8359375 0.3203125 0.584375
0 0.4921875 0.55 0.3953125 0.55 0.3953125 0.68125 0.4921875 0.68125 0.4921875 0.55
0 0.50625 0.3921875 0.36875 0.3921875 0.36875 0.584375 0.50625 0.584375 0.50625 0.3921875
0 0.6390625 0.1796875 0.3359375 0.1796875 0.3359375 0.553125 0.6390625 0.553125 0.6390625 0.1796875
0 0.384375 0.0015625 0.3390625 0.0015625 0.3390625 0.046875 0.384375 0.046875 0.384375 0.0015625
0 1.0 0.125 0.721875 0.125 0.721875 1.0 1.0 1.0 1.0 0.125
0 0.7421875 0.8703125 0.615625 0.8703125 0.615625 1.0 0.7421875 1.0 0.7421875 0.8703125
0 0.90625 0.0015625 0.565625 0.0015625 0.565625 0.6234375 0.90625 0.6234375 0.90625 0.0015625
0 1.0 0.115625 0.9296875 0.115625 0.9296875 0.2203125 1.0 0.2203125 1.0 0.115625
0 1.0 0.0015625 0.80625 0.0015625 0.80625 0.090625 1.0 0.090625 1.0 0.0015625
0 0.25625 0.0953125 0.1375 0.0953125 0.1375 0.28125 0.25625 0.28125 0.25625 0.0953125
0 0.496875 0.0984375 0.396875 0.0984375 0.396875 0.2109375 0.496875 0.2109375 0.496875 0.0984375
0 0.68125 0.3734375 0.5625 0.3734375 0.5625 0.575 0.68125 0.575 0.68125 0.3734375
0 0.0546875 0.3765625 0.0015625 0.3765625 0.0015625 0.515625 0.0546875 0.515625 0.0546875 0.3765625
0 0.1625 0.0078125 0.05 0.0078125 0.05 0.2890625 0.1625 0.2890625 0.1625 0.0078125
0 0.6921875 0.9328125 0.5703125 0.9328125 0.5703125 1.0 0.6921875 1.0 0.6921875 0.9328125
0 0.646875 0.3484375 0.49375 0.3484375 0.49375 0.6890625 0.646875 0.6890625 0.646875 0.3484375
0 0.3515625 0.253125 0.2625 0.253125 0.2625 0.5953125 0.3515625 0.5953125 0.3515625 0.253125
0 0.475 0.36875 0.34375 0.36875 0.34375 0.475 0.475 0.475 0.475 0.36875
0 0.2171875 0.3203125 0.14375 0.3203125 0.14375 0.465625 0.2171875 0.465625 0.2171875 0.3203125
0 0.6015625 0.0015625 0.5296875 0.0015625 0.5296875 0.1671875 0.6015625 0.1671875 0.6015625 0.0015625
0 0.76875 0.6078125 0.6828125 0.6078125 0.6828125 1.0 0.76875 1.0 0.76875 0.6078125
0 1.0 0.7015625 0.8015625 0.7015625 0.8015625 0.740625 1.0 0.740625 1.0 0.7015625
0 0.6515625 0.0015625 0.621875 0.0015625 0.621875 0.04375 0.6515625 0.04375 0.6515625 0.0015625
0 0.571875 0.7125 0.3734375 0.7125 0.3734375 1.0 0.571875 1.0 0.571875 0.7125
0 0.2046875 0.55 0.071875 0.55 0.071875 0.7578125 0.2046875 0.7578125 0.2046875 0.55
0 0.91875 0.2375 0.7859375 0.2375 0.7859375 0.4171875 0.91875 0.4171875 0.91875 0.2375
0 0.303125 0.0015625 0.2625 0.0015625 0.2625 0.1015625 0.303125 0.1015625 0.303125 0.0015625
0 0.8796875 0.0015625 0.865625 0.0015625 0.865625 0.003125 0.8796875 0.003125 0.8796875 0.0015625
