0 0.0875 0.9796875 0.0640625 0.9796875 0.0640625 1.0 0.0875 1.0 0.0875 0.9796875
0 0.53125 0.4953125 0.409375 0.4953125 0.409375 0.8078125 0.53125 0.8078125 0.53125 0.4953125
0 0.40625 0.31875 0.225 0.31875 0.225 0.4453125 0.40625 0.4453125 0.40625 0.31875
0 0.059375 0.5171875 0.0015625 0.5171875 0.0015625 0.7125 0.059375 0.7125 0.059375 0.5171875
0 0.0984375 0.43125 0.0015625 0.43125 0.0015625 0.509375 0.0984375 0.509375 0.0984375 0.43125
0 0.8125 0.7265625 0.7515625 0.7265625 0.7515625 0.8921875 0.8125 0.8921875 0.8125 0.7265625
0 0.484375 0.3984375 0.3953125 0.3984375 0.3953125 0.50625 0.484375 0.50625 0.484375 0.3984375
0 0.7 0.396875 0.6234375 0.396875 0.6234375 0.4953125 0.7 0.4953125 0.7 0.396875
0 0.515625 0.8125 0.39375 0.8125 0.39375 1.0 0.515625 1.0 0.515625 0.8125
0 0.41875 0.478125 0.0015625 0.478125 0.0015625 1.0 0.41875 1.0 0.41875 0.478125
0 0.8234375 0.9984375 0.8203125 0.9984375 0.8203125 1.0 0.8234375 1.0 0.8234375 0.9984375
0 0.5515625 0.890625 0.415625 0.890625 0.415625 1.0 0.5515625 1.0 0.5515625 0.890625
0 0.05625 0.6546875 0.0015625 0.6546875 0.0015625 0.85 0.05625 0.85 0.05625 0.6546875
0 0.19375 0.40625 0.0015625 0.40625 0.0015625 0.7203125 0.19375 0.7203125 0.19375 0.40625
0 0.871875 0.0015625 0.053125 0.0015625 0.053125 1.0 0.871875 1.0 0.871875 0.0015625
0 0.3 0.8625 0.1890625 0.8625 0.1890625 1.0 0.3 1.0 0.3 0.8625
0 0.6640625 0.0015625 0.4703125 0.0015625 0.4703125 0.1140625 0.6640625 0.1140625 0.6640625 0.0015625
0 0.8109375 0.2953125 0.6234375 0.2953125 0.6234375 0.590625 0.8109375 0.590625 0.8109375 0.2953125
0 0.9484375 0.0015625 0.7046875 0.0015625 0.7046875 0.2875 0.9484375 0.2875 0.9484375 0.0015625
