0 1.0 0.384375 0.959375 0.384375 0.959375 0.475 1.0 0.475 1.0 0.384375
0 1.0 0.7421875 0.984375 0.7421875 0.984375 0.84375 1.0 0.84375 1.0 0.7421875
0 1.0 0.1828125 0.9421875 0.1828125 0.9421875 0.4234375 1.0 0.4234375 1.0 0.1828125
0 0.5828125 0.09375 0.4453125 0.09375 0.4453125 0.2875 0.5828125 0.2875 0.5828125 0.09375
0 0.965625 0.0015625 0.7140625 0.0015625 0.7140625 0.0921875 0.965625 0.0921875 0.965625 0.0015625
0 1.0 0.753125 0.940625 0.753125 0.940625 0.934375 1.0 0.934375 1.0 0.753125
0 1.0 0.4609375 0.9875 0.4609375 0.9875 0.7421875 1.0 0.7421875 1.0 0.4609375
0 0.9921875 0.1921875 0.909375 0.1921875 0.909375 0.684375 0.9921875 0.684375 0.9921875 0.1921875
0 0.659375 0.2375 0.5078125 0.2375 0.5078125 0.334375 0.659375 0.334375 0.659375 0.2375
0 0.978125 0.0359375 0.903125 0.0359375 0.903125 0.1703125 0.978125 0.1703125 0.978125 0.0359375
0 0.9125 0.0015625 0.5953125 0.0015625 0.5953125 0.1609375 0.9125 0.1609375 0.9125 0.0015625
0 0.275 0.8484375 0.1390625 0.8484375 0.1390625 0.965625 0.275 0.965625 0.275 0.8484375
0 0.05 0.2 0.0015625 0.2 0.0015625 0.3078125 0.05 0.3078125 0.05 0.2
0 0.515625 0.1453125 0.3671875 0.1453125 0.3671875 0.29375 0.515625 0.29375 0.515625 0.1453125
0 0.1609375 0.0015625 0.028125 0.0015625 0.028125 0.0875 0.1609375 0.0875 0.1609375 0.0015625
0 0.0609375 0.55625 0.0015625 0.55625 0.0015625 0.7265625 0.0609375 0.7265625 0.0609375 0.55625
0 0.0515625 0.6625 0.0015625 0.6625 0.0015625 0.9546875 0.0515625 0.9546875 0.0515625 0.6625
0 0.784375 0.0015625 0.0015625 0.0015625 0.0015625 0.7328125 0.784375 0.7328125 0.784375 0.0015625
0 0.0140625 0.134375 0.0015625 0.134375 0.0015625 0.16875 0.0140625 0.16875 0.0140625 0.134375
0 0.7796875 0.259375 0.5515625 0.259375 0.5515625 0.4703125 0.7796875 0.4703125 0.7796875 0.259375
0 1.0 0.0015625 0.45625 0.0015625 0.45625 0.3125 1.0 0.3125 1.0 0.0015625
0 1.0 0.925 0.984375 0.925 0.984375 0.9828125 1.0 0.9828125 1.0 0.925
0 0.8 0.5171875 0.64375 0.5171875 0.64375 0.59375 0.8 0.59375 0.8 0.5171875
0 0.41875 0.19375 0.1484375 0.19375 0.1484375 0.503125 0.41875 0.503125 0.41875 0.19375
0 1.0 0.0015625 0.9890625 0.0015625 0.9890625 0.0671875 1.0 0.0671875 1.0 0.0015625
0 0.1625 0.90625 0.0015625 0.90625 0.0015625 1.0 0.1625 1.0 0.1625 0.90625
0 0.0921875 0.090625 0.0015625 0.090625 0.0015625 0.2015625 0.0921875 0.2015625 0.0921875 0.090625
0 0.8625 0.521875 0.2890625 0.521875 0.2890625 1.0 0.8625 1.0 0.8625 0.521875
0 0.21875 0.128125 0.05 0.128125 0.05 0.6109375 0.21875 0.6109375 0.21875 0.128125
0 0.3265625 0.215625 0.221875 0.215625 0.221875 0.3234375 0.3265625 0.3234375 0.3265625 0.215625
0 0.275 0.0015625 0.21875 0.0015625 0.21875 0.04375 0.275 0.04375 0.275 0.0015625
0 1.0 0.146875 0.5171875 0.146875 0.5171875 0.603125 1.0 0.603125 1.0 0.146875
0 0.6921875 0.0015625 0.31875 0.0015625 0.31875 0.128125 0.6921875 0.128125 0.6921875 0.0015625
0 1.0 0.646875 0.9328125 0.646875 0.9328125 0.8 1.0 0.8 1.0 0.646875
0 0.3046875 0.646875 0.165625 0.646875 0.165625 0.7375 0.3046875 0.7375 0.3046875 0.646875
0 0.7875 0.44375 0.509375 0.44375 0.509375 0.709375 0.7875 0.709375 0.7875 0.44375
0 0.025 0.1421875 0.0015625 0.1421875 0.0015625 0.1859375 0.025 0.1859375 0.025 0.1421875
