0 0.628125 0.9 0.34375 0.9 0.34375 1.0 0.628125 1.0 0.628125 0.9
0 0.034375 0.071875 0.0015625 0.071875 0.0015625 0.1546875 0.034375 0.1546875 0.034375 0.071875
0 0.01875 0.0015625 0.0015625 0.0015625 0.0015625 0.0734375 0.01875 0.0734375 0.01875 0.0015625
0 0.5578125 0.9640625 0.50625 0.9640625 0.50625 1.0 0.5578125 1.0 0.5578125 0.9640625
0 0.6359375 0.346875 0.5421875 0.346875 0.5421875 0.4859375 0.6359375 0.4859375 0.6359375 0.346875
0 0.634375 0.55625 0.509375 0.55625 0.509375 0.709375 0.634375 0.709375 0.634375 0.55625
0 0.1 0.8984375 0.0015625 0.8984375 0.0015625 0.99375 0.1 0.99375 0.1 0.8984375
0 0.778125 0.878125 0.578125 0.878125 0.578125 0.965625 0.778125 0.965625 0.778125 0.878125
0 0.45 0.3359375 0.3296875 0.3359375 0.3296875 0.4546875 0.45 0.4546875 0.45 0.3359375
0 1.0 0.565625 0.8796875 0.565625 0.8796875 0.70625 1.0 0.70625 1.0 0.565625
0 0.0765625 0.7296875 0.0015625 0.7296875 0.0015625 0.8453125 0.0765625 0.8453125 0.0765625 0.7296875
0 0.996875 0.8890625 0.846875 0.8890625 0.846875 0.9703125 0.996875 0.9703125 0.996875 0.8890625
0 0.1234375 0.153125 0.0015625 0.153125 0.0015625 0.325 0.1234375 0.325 0.1234375 0.153125
0 0.0109375 0.1484375 0.0015625 0.1484375 0.0015625 0.2578125 0.0109375 0.2578125 0.0109375 0.1484375
0 0.81875 0.5875 0.5015625 0.5875 0.5015625 0.9125 0.81875 0.9125 0.81875 0.5875
0 0.43125 0.640625 0.33125 0.640625 0.33125 0.8328125 0.43125 0.8328125 0.43125 0.640625
0 0.8109375 0.171875 0.359375 0.171875 0.359375 0.5453125 0.8109375 0.5453125 0.8109375 0.171875
0 0.8875 0.8390625 0.740625 0.8390625 0.740625 0.9296875 0.8875 0.9296875 0.8875 0.8390625
0 1.0 0.546875 0.771875 0.546875 0.771875 0.8921875 1.0 0.8921875 1.0 0.546875
0 1.0 0.396875 0.9046875 0.396875 0.9046875 0.6046875 1.0 0.6046875 1.0 0.396875
0 0.9109375 0.578125 0.63125 0.578125 0.63125 0.759375 0.9109375 0.759375 0.9109375 0.578125
0 1.0 0.359375 0.8765625 0.359375 0.8765625 0.4375 1.0 0.4375 1.0 0.359375
0 0.6640625 0.3921875 0.3171875 0.3921875 0.3171875 0.6609375 0.6640625 0.6609375 0.6640625 0.3921875
0 0.3328125 0.3171875 0.140625 0.3171875 0.140625 0.5484375 0.3328125 0.5484375 0.3328125 0.3171875
0 0.996875 0.3703125 0.8421875 0.3703125 0.8421875 0.5 0.996875 0.5 0.996875 0.3703125
0 0.821875 0.2828125 0.7171875 0.2828125 0.7171875 0.4640625 0.821875 0.4640625 0.821875 0.2828125
0 0.94375 0.0984375 0.7546875 0.0984375 0.7546875 0.26875 0.94375 0.26875 0.94375 0.0984375
0 1.0 0.0015625 0.7546875 0.0015625 0.7546875 0.159375 1.0 0.159375 1.0 0.0015625
0 0.353125 0.0015625 0.2515625 0.0015625 0.2515625 0.1703125 0.353125 0.1703125 0.353125 0.0015625
0 0.5234375 0.0015625 0.3796875 0.0015625 0.3796875 0.096875 0.5234375 0.096875 0.5234375 0.0015625
0 0.721875 0.0015625 0.6734375 0.0015625 0.6734375 0.0078125 0.721875 0.0078125 0.721875 0.0015625
0 0.9921875 0.521875 0.8796875 0.521875 0.8796875 0.61875 0.9921875 0.61875 0.9921875 0.521875
0 0.7359375 0.4703125 0.6234375 0.4703125 0.6234375 0.5671875 0.7359375 0.5671875 0.7359375 0.4703125
0 0.8125 0.128125 0.5109375 0.128125 0.5109375 0.3609375 0.8125 0.3609375 0.8125 0.128125
0 0.040625 0.0015625 0.0109375 0.0015625 0.0109375 0.1203125 0.040625 0.1203125 0.040625 0.0015625
0 0.9328125 0.959375 0.859375 0.959375 0.859375 1.0 0.9328125 1.0 0.9328125 0.959375
0 0.909375 0.7265625 0.809375 0.7265625 0.809375 0.8765625 0.909375 0.8765625 0.909375 0.7265625
0 0.3015625 0.5484375 0.1796875 0.5484375 0.1796875 0.6546875 0.3015625 0.6546875 0.3015625 0.5484375
0 0.4859375 0.4671875 0.3671875 0.4671875 0.3671875 0.596875 0.4859375 0.596875 0.4859375 0.4671875
0 1.0 0.190625 0.90625 0.190625 0.90625 0.353125 1.0 0.353125 1.0 0.190625
0 1.0 0.20625 0.8859375 0.20625 0.8859375 0.3875 1.0 0.3875 1.0 0.20625
0 0.3625 0.3484375 0.140625 0.3484375 0.140625 0.596875 0.3625 0.596875 0.3625 0.3484375
0 0.9234375 0.1734375 0.8296875 0.1734375 0.8296875 0.346875 0.9234375 0.346875 0.9234375 0.1734375
0 0.996875 0.0015625 0.84375 0.0015625 0.84375 0.0609375 0.996875 0.0609375 0.996875 0.0015625
0 0.8625 0.9046875 0.815625 0.9046875 0.815625 1.0 0.8625 1.0 0.8625 0.9046875
0 0.60625 0.7671875 0.38125 0.7671875 0.38125 0.9796875 0.60625 0.9796875 0.60625 0.7671875
0 1.0 0.6296875 0.890625 0.6296875 0.890625 0.853125 1.0 0.853125 1.0 0.6296875
0 0.0953125 0.215625 0.0015625 0.215625 0.0015625 0.478125 0.0953125 0.478125 0.0953125 0.215625
0 0.5703125 0.3453125 0.0015625 0.3453125 0.0015625 1.0 0.5703125 1.0 0.5703125 0.3453125
0 1.0 0.0015625 0.03125 0.0015625 0.03125 0.565625 1.0 0.565625 1.0 0.0015625
0 0.8125 0.9296875 0.621875 0.9296875 0.621875 1.0 0.8125 1.0 0.8125 0.9296875
0 0.965625 0.15625 0.6796875 0.15625 0.6796875 0.71875 0.965625 0.71875 0.965625 0.15625
0 0.54375 0.3359375 0.4203125 0.3359375 0.4203125 0.515625 0.54375 0.515625 0.54375 0.3359375
0 0.990625 0.940625 0.8796875 0.940625 0.8796875 1.0 0.990625 1.0 0.990625 0.940625
