0 0.2375 0.915625 0.1375 0.915625 0.1375 1.0 0.2375 1.0 0.2375 0.915625
0 1.0 0.621875 0.5609375 0.621875 0.5609375 1.0 1.0 1.0 1.0 0.621875
0 0.028125 0.1484375 0.0015625 0.1484375 0.0015625 0.2703125 0.028125 0.2703125 0.028125 0.1484375
0 1.0 0.1765625 0.9625 0.1765625 0.9625 0.3078125 1.0 0.3078125 1.0 0.1765625
0 1.0 0.0015625 0.990625 0.0015625 0.990625 0.0234375 1.0 0.0234375 1.0 0.0015625
0 0.671875 0.996875 0.64375 0.996875 0.64375 1.0 0.671875 1.0 0.671875 0.996875
0 0.140625 0.9109375 0.0015625 0.9109375 0.0015625 0.99375 0.140625 0.99375 0.140625 0.9109375
0 0.703125 0.71875 0.6421875 0.71875 0.6421875 0.9109375 0.703125 0.9109375 0.703125 0.71875
0 0.753125 0.4859375 0.60625 0.4859375 0.60625 0.684375 0.753125 0.684375 0.753125 0.4859375
0 0.6171875 0.18125 0.334375 0.18125 0.334375 0.4046875 0.6171875 0.4046875 0.6171875 0.18125
0 0.63125 0.0015625 0.159375 0.0015625 0.159375 0.34375 0.63125 0.34375 0.63125 0.0015625
0 0.9 0.8828125 0.709375 0.8828125 0.709375 0.9984375 0.9 0.9984375 0.9 0.8828125
0 1.0 0.025 0.9671875 0.025 0.9671875 0.1875 1.0 0.1875 1.0 0.025
0 0.984375 0.0015625 0.803125 0.0015625 0.803125 0.115625 0.984375 0.115625 0.984375 0.0015625
0 0.0921875 0.0609375 0.0015625 0.0609375 0.0015625 0.40625 0.0921875 0.40625 0.0921875 0.0609375
0 0.271875 0.0015625 0.1140625 0.0015625 0.1140625 0.1078125 0.271875 0.1078125 0.271875 0.0015625
0 1.0 0.190625 0.8078125 0.190625 0.8078125 0.8703125 1.0 0.8703125 1.0 0.190625
0 0.3046875 0.0015625 0.0015625 0.0015625 0.0015625 0.6484375 0.3046875 0.6484375 0.3046875 0.0015625
0 0.0140625 0.709375 0.0015625 0.709375 0.0015625 0.803125 0.0140625 0.803125 0.0140625 0.709375
0 0.225 0.85 0.0015625 0.85 0.0015625 1.0 0.225 1.0 0.225 0.85
0 0.6484375 0.5875 0.4296875 0.5875 0.4296875 1.0 0.6484375 1.0 0.6484375 0.5875
0 0.35 0.5421875 0.1890625 0.5421875 0.1890625 1.0 0.35 1.0 0.35 0.5421875
0 0.7609375 0.153125 0.35625 0.153125 0.35625 0.55 0.7609375 0.55 0.7609375 0.153125
0 0.675 0.1375 0.3859375 0.1375 0.3859375 0.315625 0.675 0.315625 0.675 0.1375
0 0.790625 0.0015625 0.6046875 0.0015625 0.6046875 0.171875 0.790625 0.171875 0.790625 0.0015625
0 0.971875 0.125 0.746875 0.125 0.746875 0.4890625 0.971875 0.4890625 0.971875 0.125
