0 1.0 0.1375 0.94375 0.1375 0.94375 0.30625 1.0 0.30625 1.0 0.1375
0 0.946875 0.1734375 0.83125 0.1734375 0.83125 0.403125 0.946875 0.403125 0.946875 0.1734375
0 0.9859375 0.0015625 0.8671875 0.0015625 0.8671875 0.14375 0.9859375 0.14375 0.9859375 0.0015625
0 0.06875 0.471875 0.0015625 0.471875 0.0015625 0.6359375 0.06875 0.6359375 0.06875 0.471875
0 0.3078125 0.209375 0.2109375 0.209375 0.2109375 0.4046875 0.3078125 0.4046875 0.3078125 0.209375
0 0.25625 0.6859375 0.121875 0.6859375 0.121875 0.8453125 0.25625 0.8453125 0.25625 0.6859375
0 0.1125 0.5890625 0.0015625 0.5890625 0.0015625 0.7265625 0.1125 0.7265625 0.1125 0.5890625
0 1.0 0.65 0.98125 0.65 0.98125 0.7546875 1.0 0.7546875 1.0 0.65
0 1.0 0.421875 0.8921875 0.421875 0.8921875 0.60625 1.0 0.60625 1.0 0.421875
0 0.71875 0.6984375 0.565625 0.6984375 0.565625 0.8875 0.71875 0.8875 0.71875 0.6984375
0 0.88125 0.6140625 0.76875 0.6140625 0.76875 0.878125 0.88125 0.878125 0.88125 0.6140625
0 0.1875 0.85 0.0796875 0.85 0.0796875 1.0 0.1875 1.0 0.1875 0.85
0 0.4984375 0.871875 0.43125 0.871875 0.43125 1.0 0.4984375 1.0 0.4984375 0.871875
0 0.725 1.0 0.725 1.0 0.725 1.0 0.725 1.0 0.725 1.0
0 0.6484375 0.9203125 0.5703125 0.9203125 0.5703125 1.0 0.6484375 1.0 0.6484375 0.9203125
0 0.8359375 0.8546875 0.7328125 0.8546875 0.7328125 1.0 0.8359375 1.0 0.8359375 0.8546875
0 0.234375 0.8390625 0.171875 0.8390625 0.171875 1.0 0.234375 1.0 0.234375 0.8390625
0 0.1171875 0.778125 0.0015625 0.778125 0.0015625 0.9609375 0.1171875 0.9609375 0.1171875 0.778125
0 0.9953125 0.5625 0.934375 0.5625 0.934375 0.7109375 0.9953125 0.7109375 0.9953125 0.5625
0 0.75 0.5625 0.6015625 0.5625 0.6015625 0.6828125 0.75 0.6828125 0.75 0.5625
0 0.6125 0.3125 0.3390625 0.3125 0.3390625 0.634375 0.6125 0.634375 0.6125 0.3125
0 0.8140625 0.36875 0.740625 0.36875 0.740625 0.5140625 0.8140625 0.5140625 0.8140625 0.36875
0 0.553125 0.196875 0.3390625 0.196875 0.3390625 0.4953125 0.553125 0.4953125 0.553125 0.196875
0 0.3765625 0.1984375 0.25625 0.1984375 0.25625 0.315625 0.3765625 0.315625 0.3765625 0.1984375
0 0.7734375 0.1390625 0.690625 0.1390625 0.690625 0.34375 0.7734375 0.34375 0.7734375 0.1390625
0 0.5015625 0.9953125 0.4796875 0.9953125 0.4796875 1.0 0.5015625 1.0 0.5015625 0.9953125
0 0.140625 0.3484375 0.025 0.3484375 0.025 0.6953125 0.140625 0.6953125 0.140625 0.3484375
0 0.8265625 0.0015625 0.725 0.0015625 0.725 0.0984375 0.8265625 0.0984375 0.8265625 0.0015625
0 0.1609375 0.6890625 0.0015625 0.6890625 0.0015625 0.85625 0.1609375 0.85625 0.1609375 0.6890625
0 0.1828125 0.95 0.0296875 0.95 0.0296875 1.0 0.1828125 1.0 0.1828125 0.95
0 0.2796875 0.8453125 0.1984375 0.8453125 0.1984375 1.0 0.2796875 1.0 0.2796875 0.8453125
0 0.1609375 0.4546875 0.075 0.4546875 0.075 0.6859375 0.1609375 0.6859375 0.1609375 0.4546875
0 0.0953125 0.509375 0.01875 0.509375 0.01875 0.615625 0.0953125 0.615625 0.0953125 0.509375
0 0.0640625 0.2078125 0.0015625 0.2078125 0.0015625 0.4953125 0.0640625 0.4953125 0.0640625 0.2078125
0 0.38125 0.0015625 0.2 0.0015625 0.2 0.20625 0.38125 0.20625 0.38125 0.0015625
0 0.2 0.0015625 0.084375 0.0015625 0.084375 0.046875 0.2 0.046875 0.2 0.0015625
0 1.0 0.728125 0.853125 0.728125 0.853125 1.0 1.0 1.0 1.0 0.728125
0 0.8375 0.7515625 0.6453125 0.7515625 0.6453125 1.0 0.8375 1.0 0.8375 0.7515625
0 0.759375 0.6640625 0.6515625 0.6640625 0.6515625 0.8234375 0.759375 0.8234375 0.759375 0.6640625
0 0.4 0.528125 0.3 0.528125 0.3 0.69375 0.4 0.69375 0.4 0.528125
0 0.7328125 0.4015625 0.5828125 0.4015625 0.5828125 0.5296875 0.7328125 0.5296875 0.7328125 0.4015625
0 0.2171875 0.7734375 0.128125 0.7734375 0.128125 0.903125 0.2171875 0.903125 0.2171875 0.7734375
0 1.0 0.3640625 0.9359375 0.3640625 0.9359375 0.490625 1.0 0.490625 1.0 0.3640625
0 1.0 0.20625 0.9 0.20625 0.9 0.4625 1.0 0.4625 1.0 0.20625
0 0.56875 0.0015625 0.48125 0.0015625 0.48125 0.015625 0.56875 0.015625 0.56875 0.0015625
0 0.390625 0.684375 0.1515625 0.684375 0.1515625 1.0 0.390625 1.0 0.390625 0.684375
0 1.0 0.0015625 0.04375 0.0015625 0.04375 1.0 1.0 1.0 1.0 0.0015625
0 0.1140625 0.0015625 0.0015625 0.0015625 0.0015625 0.2515625 0.1140625 0.2515625 0.1140625 0.0015625
0 1.0 0.8625 0.9171875 0.8625 0.9171875 0.8828125 1.0 0.8828125 1.0 0.8625
0 1.0 0.234375 0.915625 0.234375 0.915625 0.4640625 1.0 0.4640625 1.0 0.234375
