0 0.2484375 0.9703125 0.2046875 0.9703125 0.2046875 1.0 0.2484375 1.0 0.2484375 0.9703125
0 0.8890625 0.9890625 0.8609375 0.9890625 0.8609375 1.0 0.8890625 1.0 0.8890625 0.9890625
0 0.5609375 0.696875 0.428125 0.696875 0.428125 0.8515625 0.5609375 0.8515625 0.5609375 0.696875
0 0.4625 0.371875 0.3203125 0.371875 0.3203125 0.6875 0.4625 0.6875 0.4625 0.371875
0 0.9734375 0.5453125 0.8546875 0.5453125 0.8546875 0.6625 0.9734375 0.6625 0.9734375 0.5453125
0 0.4484375 0.98125 0.4015625 0.98125 0.4015625 1.0 0.4484375 1.0 0.4484375 0.98125
0 0.3234375 0.90625 0.203125 0.90625 0.203125 1.0 0.3234375 1.0 0.3234375 0.90625
0 0.1796875 0.746875 0.0015625 0.746875 0.0015625 0.9421875 0.1796875 0.9421875 0.1796875 0.746875
0 0.5375 0.584375 0.446875 0.584375 0.446875 0.7328125 0.5375 0.7328125 0.5375 0.584375
0 0.7375 0.378125 0.4859375 0.378125 0.4859375 0.715625 0.7375 0.715625 0.7375 0.378125
0 0.6875 0.3046875 0.5953125 0.3046875 0.5953125 0.396875 0.6875 0.396875 0.6875 0.3046875
0 0.4265625 0.2296875 0.3015625 0.2296875 0.3015625 0.3359375 0.4265625 0.3359375 0.4265625 0.2296875
0 0.725 0.0015625 0.525 0.0015625 0.525 0.1765625 0.725 0.1765625 0.725 0.0015625
0 0.1 0.0015625 0.0015625 0.0015625 0.0015625 0.15 0.1 0.15 0.1 0.0015625
0 0.1609375 0.0015625 0.025 0.0015625 0.025 0.0453125 0.1609375 0.0453125 0.1609375 0.0015625
0 0.946875 0.9546875 0.865625 0.9546875 0.865625 1.0 0.946875 1.0 0.946875 0.9546875
0 0.86875 0.8265625 0.7703125 0.8265625 0.7703125 0.959375 0.86875 0.959375 0.86875 0.8265625
0 1.0 0.809375 0.840625 0.809375 0.840625 0.965625 1.0 0.965625 1.0 0.809375
0 0.8796875 0.6890625 0.7109375 0.6890625 0.7109375 0.903125 0.8796875 0.903125 0.8796875 0.6890625
0 1.0 0.3015625 0.9078125 0.3015625 0.9078125 0.6828125 1.0 0.6828125 1.0 0.3015625
0 0.7859375 0.5046875 0.66875 0.5046875 0.66875 0.68125 0.7859375 0.68125 0.7859375 0.5046875
0 0.878125 0.0015625 0.865625 0.0015625 0.865625 0.0109375 0.878125 0.0109375 0.878125 0.0015625
0 0.5578125 0.909375 0.3640625 0.909375 0.3640625 1.0 0.5578125 1.0 0.5578125 0.909375
0 1.0 0.8453125 0.878125 0.8453125 0.878125 0.9625 1.0 0.9625 1.0 0.8453125
0 0.9609375 0.4125 0.8375 0.4125 0.8375 0.5609375 0.9609375 0.5609375 0.9609375 0.4125
0 0.8296875 0.3453125 0.7296875 0.3453125 0.7296875 0.48125 0.8296875 0.48125 0.8296875 0.3453125
0 0.9078125 0.071875 0.8390625 0.071875 0.8390625 0.309375 0.9078125 0.309375 0.9078125 0.071875
0 0.815625 0.0015625 0.6875 0.0015625 0.6875 0.1546875 0.815625 0.1546875 0.815625 0.0015625
0 0.2984375 0.1625 0.1515625 0.1625 0.1515625 0.3 0.2984375 0.3 0.2984375 0.1625
0 0.4390625 0.0015625 0.3671875 0.0015625 0.3671875 0.059375 0.4390625 0.059375 0.4390625 0.0015625
0 0.090625 0.1453125 0.0015625 0.1453125 0.0015625 0.275 0.090625 0.275 0.090625 0.1453125
0 0.14375 0.996875 0.1375 0.996875 0.1375 1.0 0.14375 1.0 0.14375 0.996875
0 0.665625 0.8484375 0.4046875 0.8484375 0.4046875 1.0 0.665625 1.0 0.665625 0.8484375
0 0.9828125 0.8984375 0.803125 0.8984375 0.803125 1.0 0.9828125 1.0 0.9828125 0.8984375
0 0.378125 0.9421875 0.2453125 0.9421875 0.2453125 1.0 0.378125 1.0 0.378125 0.9421875
0 0.1265625 0.7953125 0.0015625 0.7953125 0.0015625 0.9109375 0.1265625 0.9109375 0.1265625 0.7953125
0 0.9453125 0.465625 0.6109375 0.465625 0.6109375 0.921875 0.9453125 0.921875 0.9453125 0.465625
0 0.4640625 0.596875 0.39375 0.596875 0.39375 0.7296875 0.4640625 0.7296875 0.4640625 0.596875
0 0.7390625 0.471875 0.6453125 0.471875 0.6453125 0.609375 0.7390625 0.609375 0.7390625 0.471875
0 0.5203125 0.3375 0.3734375 0.3375 0.3734375 0.53125 0.5203125 0.53125 0.5203125 0.3375
0 0.6203125 0.128125 0.4 0.128125 0.4 0.384375 0.6203125 0.384375 0.6203125 0.128125
0 0.1515625 0.0015625 0.0015625 0.0015625 0.0015625 0.184375 0.1515625 0.184375 0.1515625 0.0015625
0 0.3390625 0.0015625 0.2828125 0.0015625 0.2828125 0.1953125 0.3390625 0.1953125 0.3390625 0.0015625
0 0.96875 0.2375 0.80625 0.2375 0.80625 0.415625 0.96875 0.415625 0.96875 0.2375
0 1.0 0.1640625 0.9390625 0.1640625 0.9390625 0.2890625 1.0 0.2890625 1.0 0.1640625
0 1.0 0.0515625 0.965625 0.0515625 0.965625 0.140625 1.0 0.140625 1.0 0.0515625
0 0.403125 0.0015625 0.0015625 0.0015625 0.0015625 0.2125 0.403125 0.2125 0.403125 0.0015625
0 0.1796875 0.2609375 0.0015625 0.2609375 0.0015625 0.8140625 0.1796875 0.8140625 0.1796875 0.2609375
0 0.178125 0.1359375 0.0609375 0.1359375 0.0609375 0.3125 0.178125 0.3125 0.178125 0.1359375
0 0.0921875 0.8921875 0.0015625 0.8921875 0.0015625 1.0 0.0921875 1.0 0.0921875 0.8921875
0 0.103125 0.715625 0.0015625 0.715625 0.0015625 0.8734375 0.103125 0.8734375 0.103125 0.715625
0 0.19375 0.5359375 0.1109375 0.5359375 0.1109375 0.6953125 0.19375 0.6953125 0.19375 0.5359375
0 0.040625 0.36875 0.0015625 0.36875 0.0015625 0.428125 0.040625 0.428125 0.040625 0.36875
0 1.0 0.9796875 0.9734375 0.9796875 0.9734375 1.0 1.0 1.0 1.0 0.9796875
0 0.74375 0.0015625 0.009375 0.0015625 0.009375 1.0 0.74375 1.0 0.74375 0.0015625
0 0.36875 0.9546875 0.31875 0.9546875 0.31875 1.0 0.36875 1.0 0.36875 0.9546875
0 0.5609375 0.9625 0.434375 0.9625 0.434375 1.0 0.5609375 1.0 0.5609375 0.9625
0 1.0 0.5640625 0.50625 0.5640625 0.50625 1.0 1.0 1.0 1.0 0.5640625
0 0.6171875 0.4640625 0.4140625 0.4640625 0.4140625 0.709375 0.6171875 0.709375 0.6171875 0.4640625
0 0.5359375 0.253125 0.4390625 0.253125 0.4390625 0.3796875 0.5359375 0.3796875 0.5359375 0.253125
0 0.4125 0.0015625 0.3171875 0.0015625 0.3171875 0.1796875 0.4125 0.1796875 0.4125 0.0015625
0 0.8140625 0.5828125 0.68125 0.5828125 0.68125 0.734375 0.8140625 0.734375 0.8140625 0.5828125
0 0.840625 0.2234375 0.5421875 0.2234375 0.5421875 0.6796875 0.840625 0.6796875 0.840625 0.2234375
0 0.934375 0.340625 0.79375 0.340625 0.79375 0.4796875 0.934375 0.4796875 0.934375 0.340625
0 1.0 0.0015625 0.7375 0.0015625 0.7375 1.0 1.0 1.0 1.0 0.0015625
