0 0.6453125 0.484375 0.5453125 0.484375 0.5453125 0.634375 0.6453125 0.634375 0.6453125 0.484375
0 1.0 0.3109375 0.9359375 0.3109375 0.9359375 0.390625 1.0 0.390625 1.0 0.3109375
0 0.39375 0.978125 0.3078125 0.978125 0.3078125 1.0 0.39375 1.0 0.39375 0.978125
0 0.1109375 0.0015625 0.0078125 0.0015625 0.0078125 0.09375 0.1109375 0.09375 0.1109375 0.0015625
0 0.146875 0.0015625 0.1046875 0.0015625 0.1046875 0.028125 0.146875 0.028125 0.146875 0.0015625
0 0.5671875 0.74375 0.4234375 0.74375 0.4234375 0.834375 0.5671875 0.834375 0.5671875 0.74375
0 1.0 0.25 0.665625 0.25 0.665625 0.4640625 1.0 0.4640625 1.0 0.25
0 0.6453125 0.1125 0.51875 0.1125 0.51875 0.296875 0.6453125 0.296875 0.6453125 0.1125
0 0.80625 0.115625 0.6359375 0.115625 0.6359375 0.2671875 0.80625 0.2671875 0.80625 0.115625
0 0.565625 0.0015625 0.4078125 0.0015625 0.4078125 0.0984375 0.565625 0.0984375 0.565625 0.0015625
0 0.9734375 0.0015625 0.8203125 0.0015625 0.8203125 0.0890625 0.9734375 0.0890625 0.9734375 0.0015625
0 0.81875 0.8828125 0.7390625 0.8828125 0.7390625 1.0 0.81875 1.0 0.81875 0.8828125
0 0.8515625 0.0015625 0.684375 0.0015625 0.684375 0.11875 0.8515625 0.11875 0.8515625 0.0015625
0 0.8890625 0.278125 0.7671875 0.278125 0.7671875 0.3703125 0.8890625 0.3703125 0.8890625 0.278125
0 0.4328125 0.9625 0.2640625 0.9625 0.2640625 1.0 0.4328125 1.0 0.4328125 0.9625
0 0.5 0.85 0.4109375 0.85 0.4109375 0.98125 0.5 0.98125 0.5 0.85
0 0.753125 0.0625 0.6125 0.0625 0.6125 0.178125 0.753125 0.178125 0.753125 0.0625
0 0.634375 0.4796875 0.525 0.4796875 0.525 0.684375 0.634375 0.684375 0.634375 0.4796875
0 1.0 0.2046875 0.9453125 0.2046875 0.9453125 0.253125 1.0 0.253125 1.0 0.2046875
0 1.0 0.0015625 0.99375 0.0015625 0.99375 0.0171875 1.0 0.0171875 1.0 0.0015625
0 0.596875 0.9609375 0.5265625 0.9609375 0.5265625 1.0 0.596875 1.0 0.596875 0.9609375
0 0.75 0.753125 0.4484375 0.753125 0.4484375 0.975 0.75 0.975 0.75 0.753125
0 0.715625 0.4015625 0.6 0.4015625 0.6 0.5015625 0.715625 0.5015625 0.715625 0.4015625
0 0.51875 0.0015625 0.115625 0.0015625 0.115625 0.425 0.51875 0.425 0.51875 0.0015625
0 0.7234375 0.1234375 0.553125 0.1234375 0.553125 0.28125 0.7234375 0.28125 0.7234375 0.1234375
0 0.521875 0.146875 0.421875 0.146875 0.421875 0.275 0.521875 0.275 0.521875 0.146875
0 0.15 0.075 0.0015625 0.075 0.0015625 0.28125 0.15 0.28125 0.15 0.075
0 0.6390625 0.0015625 0.528125 0.0015625 0.528125 0.1203125 0.6390625 0.1203125 0.6390625 0.0015625
0 0.690625 0.0015625 0.6765625 0.0015625 0.6765625 0.0109375 0.690625 0.0109375 0.690625 0.0015625
0 0.8765625 0.915625 0.7984375 0.915625 0.7984375 1.0 0.8765625 1.0 0.8765625 0.915625
0 0.8390625 0.6015625 0.6296875 0.6015625 0.6296875 0.746875 0.8390625 0.746875 0.8390625 0.6015625
0 0.8734375 0.084375 0.75 0.084375 0.75 0.2609375 0.8734375 0.2609375 0.8734375 0.084375
0 1.0 0.0015625 0.934375 0.0015625 0.934375 0.1953125 1.0 0.1953125 1.0 0.0015625
0 0.4296875 0.909375 0.2921875 0.909375 0.2921875 1.0 0.4296875 1.0 0.4296875 0.909375
0 0.8546875 0.440625 0.609375 0.440625 0.609375 0.5671875 0.8546875 0.5671875 0.8546875 0.440625
0 1.0 0.234375 0.9859375 0.234375 0.9859375 0.259375 1.0 0.259375 1.0 0.234375
0 0.384375 0.34375 0.2015625 0.34375 0.2015625 0.5203125 0.384375 0.5203125 0.384375 0.34375
0 1.0 0.4125 0.9625 0.4125 0.9625 0.4703125 1.0 0.4703125 1.0 0.4125
0 1.0 0.61875 0.9328125 0.61875 0.9328125 0.8953125 1.0 0.8953125 1.0 0.61875
0 0.940625 0.575 0.8359375 0.575 0.8359375 0.7140625 0.940625 0.7140625 0.940625 0.575
0 1.0 0.49375 0.95625 0.49375 0.95625 0.615625 1.0 0.615625 1.0 0.49375
0 0.6265625 0.8484375 0.3984375 0.8484375 0.3984375 1.0 0.6265625 1.0 0.6265625 0.8484375
0 0.23125 0.3109375 0.05 0.3109375 0.05 0.528125 0.23125 0.528125 0.23125 0.3109375
0 0.21875 0.109375 0.0765625 0.109375 0.0765625 0.403125 0.21875 0.403125 0.21875 0.109375
0 0.0296875 0.0015625 0.0015625 0.0015625 0.0015625 0.05 0.0296875 0.05 0.0296875 0.0015625
0 1.0 0.6140625 0.8125 0.6140625 0.8125 0.834375 1.0 0.834375 1.0 0.6140625
0 1.0 0.4546875 0.5921875 0.4546875 0.5921875 0.675 1.0 0.675 1.0 0.4546875
0 0.4328125 0.0765625 0.1796875 0.0765625 0.1796875 0.553125 0.4328125 0.553125 0.4328125 0.0765625
0 0.975 0.0109375 0.8203125 0.0109375 0.8203125 0.2046875 0.975 0.2046875 0.975 0.0109375
0 1.0 0.021875 0.9984375 0.021875 0.9984375 0.046875 1.0 0.046875 1.0 0.021875
0 0.9140625 0.7515625 0.8046875 0.7515625 0.8046875 0.9171875 0.9140625 0.9171875 0.9140625 0.7515625
0 1.0 0.721875 0.9765625 0.721875 0.9765625 0.8765625 1.0 0.8765625 1.0 0.721875
0 1.0 0.0984375 0.971875 0.0984375 0.971875 0.171875 1.0 0.171875 1.0 0.0984375
0 0.83125 0.7234375 0.29375 0.7234375 0.29375 1.0 0.83125 1.0 0.83125 0.7234375
0 0.821875 0.0625 0.3796875 0.0625 0.3796875 0.35625 0.821875 0.35625 0.821875 0.0625
0 0.19375 0.0015625 0.0921875 0.0015625 0.0921875 0.0859375 0.19375 0.0859375 0.19375 0.0015625
0 0.015625 0.0359375 0.0015625 0.0359375 0.0015625 0.0609375 0.015625 0.0609375 0.015625 0.0359375
0 1.0 0.9625 0.8703125 0.9625 0.8703125 1.0 1.0 1.0 1.0 0.9625
0 0.0203125 0.5984375 0.0015625 0.5984375 0.0015625 0.809375 0.0203125 0.809375 0.0203125 0.5984375
0 1.0 0.3578125 0.0015625 0.3578125 0.0015625 1.0 1.0 1.0 1.0 0.3578125
0 0.0875 0.0453125 0.0015625 0.0453125 0.0015625 0.3734375 0.0875 0.3734375 0.0875 0.0453125
0 0.65 0.2921875 0.50625 0.2921875 0.50625 0.5390625 0.65 0.5390625 0.65 0.2921875
0 1.0 0.171875 0.7734375 0.171875 0.7734375 0.3234375 1.0 0.3234375 1.0 0.171875
0 0.778125 0.296875 0.6453125 0.296875 0.6453125 0.39375 0.778125 0.39375 0.778125 0.296875
0 0.2203125 0.9921875 0.2 0.9921875 0.2 1.0 0.2203125 1.0 0.2203125 0.9921875
