0 0.36875 0.0328125 0.165625 0.0328125 0.165625 0.2171875 0.36875 0.2171875 0.36875 0.0328125
0 0.14375 0.1046875 0.0015625 0.1046875 0.0015625 0.215625 0.14375 0.215625 0.14375 0.1046875
0 0.00625 0.0015625 0.0015625 0.0015625 0.0015625 0.0078125 0.00625 0.0078125 0.00625 0.0015625
0 0.803125 0.6734375 0.3640625 0.6734375 0.3640625 0.9359375 0.803125 0.9359375 0.803125 0.6734375
0 0.8953125 0.7 0.828125 0.7 0.828125 0.8734375 0.8953125 0.8734375 0.8953125 0.7
0 0.73125 0.0015625 0.396875 0.0015625 0.396875 0.4703125 0.73125 0.4703125 0.73125 0.0015625
0 0.3890625 0.0015625 0.3625 0.0015625 0.3625 0.0125 0.3890625 0.0125 0.3890625 0.0015625
0 0.5578125 0.4921875 0.434375 0.4921875 0.434375 0.71875 0.5578125 0.71875 0.5578125 0.4921875
0 0.4109375 0.4859375 0.284375 0.4859375 0.284375 0.6234375 0.4109375 0.6234375 0.4109375 0.4859375
0 0.325 0.128125 0.1640625 0.128125 0.1640625 0.325 0.325 0.325 0.325 0.128125
0 0.7625 0.0015625 0.6921875 0.0015625 0.6921875 0.0890625 0.7625 0.0890625 0.7625 0.0015625
0 0.20625 0.9453125 0.1171875 0.9453125 0.1171875 1.0 0.20625 1.0 0.20625 0.9453125
0 0.284375 0.2796875 0.1484375 0.2796875 0.1484375 0.4125 0.284375 0.4125 0.284375 0.2796875
0 0.9 0.8390625 0.7859375 0.8390625 0.7859375 1.0 0.9 1.0 0.9 0.8390625
0 0.765625 0.53125 0.5203125 0.53125 0.5203125 0.665625 0.765625 0.665625 0.765625 0.53125
0 0.6671875 0.440625 0.56875 0.440625 0.56875 0.55 0.6671875 0.55 0.6671875 0.440625
0 0.6421875 0.3046875 0.484375 0.3046875 0.484375 0.43125 0.6421875 0.43125 0.6421875 0.3046875
0 0.8140625 0.0015625 0.7890625 0.0015625 0.7890625 0.015625 0.8140625 0.015625 0.8140625 0.0015625
0 0.165625 0.8453125 0.0015625 0.8453125 0.0015625 0.9015625 0.165625 0.9015625 0.165625 0.8453125
0 0.190625 0.678125 0.0671875 0.678125 0.0671875 0.7984375 0.190625 0.7984375 0.190625 0.678125
0 0.134375 0.503125 0.0015625 0.503125 0.0015625 0.70625 0.134375 0.70625 0.134375 0.503125
0 0.0671875 0.34375 0.0015625 0.34375 0.0015625 0.4890625 0.0671875 0.4890625 0.0671875 0.34375
0 0.125 0.26875 0.0015625 0.26875 0.0015625 0.446875 0.125 0.446875 0.125 0.26875
0 0.2515625 0.1484375 0.0890625 0.1484375 0.0890625 0.296875 0.2515625 0.296875 0.2515625 0.1484375
0 0.125 0.0453125 0.0015625 0.0453125 0.0015625 0.1453125 0.125 0.1453125 0.125 0.0453125
0 0.1421875 0.0015625 0.015625 0.0015625 0.015625 0.0625 0.1421875 0.0625 0.1421875 0.0015625
0 0.3484375 0.9625 0.1796875 0.9625 0.1796875 1.0 0.3484375 1.0 0.3484375 0.9625
0 0.4796875 0.784375 0.33125 0.784375 0.33125 0.915625 0.4796875 0.915625 0.4796875 0.784375
0 0.290625 0.6140625 0.1984375 0.6140625 0.1984375 0.7609375 0.290625 0.7609375 0.290625 0.6140625
0 0.471875 0.5171875 0.2953125 0.5171875 0.2953125 0.7125 0.471875 0.7125 0.471875 0.5171875
0 0.24375 0.5125 0.1171875 0.5125 0.1171875 0.6671875 0.24375 0.6671875 0.24375 0.5125
0 0.3875 0.396875 0.25625 0.396875 0.25625 0.5 0.3875 0.5 0.3875 0.396875
0 0.440625 0.2640625 0.325 0.2640625 0.325 0.35625 0.440625 0.35625 0.440625 0.2640625
0 0.4859375 0.1484375 0.3734375 0.1484375 0.3734375 0.303125 0.4859375 0.303125 0.4859375 0.1484375
0 0.621875 0.15 0.4953125 0.15 0.4953125 0.2921875 0.621875 0.2921875 0.621875 0.15
0 0.34375 0.0015625 0.1625 0.0015625 0.1625 0.0984375 0.34375 0.0984375 0.34375 0.0015625
0 0.5984375 0.0015625 0.4734375 0.0015625 0.4734375 0.1328125 0.5984375 0.1328125 0.5984375 0.0015625
0 0.503125 0.0015625 0.453125 0.0015625 0.453125 0.04375 0.503125 0.04375 0.503125 0.0015625
0 0.25 0.0015625 0.1546875 0.0015625 0.1546875 0.03125 0.25 0.03125 0.25 0.0015625
0 0.921875 0.88125 0.728125 0.88125 0.728125 1.0 0.921875 1.0 0.921875 0.88125
0 0.6984375 0.8828125 0.6015625 0.8828125 0.6015625 0.9890625 0.6984375 0.9890625 0.6984375 0.8828125
0 1.0 0.915625 1.0 0.915625 1.0 0.915625 1.0 0.915625 1.0 0.915625
0 0.8109375 0.625 0.678125 0.625 0.678125 0.8671875 0.8109375 0.8671875 0.8109375 0.625
0 0.9515625 0.553125 0.8078125 0.553125 0.8078125 0.7453125 0.9515625 0.7453125 0.9515625 0.553125
0 1.0 0.2375 0.9515625 0.2375 0.9515625 0.73125 1.0 0.73125 1.0 0.2375
0 0.85625 0.165625 0.728125 0.165625 0.728125 0.525 0.85625 0.525 0.85625 0.165625
0 0.9453125 0.1890625 0.8640625 0.1890625 0.8640625 0.55625 0.9453125 0.55625 0.9453125 0.1890625
0 0.8234375 0.0015625 0.7109375 0.0015625 0.7109375 0.1828125 0.8234375 0.1828125 0.8234375 0.0015625
0 1.0 0.028125 0.9671875 0.028125 0.9671875 0.1796875 1.0 0.1796875 1.0 0.028125
0 0.0515625 0.9765625 0.0015625 0.9765625 0.0015625 1.0 0.0515625 1.0 0.0515625 0.9765625
0 0.796875 0.8828125 0.665625 0.8828125 0.665625 1.0 0.796875 1.0 0.796875 0.8828125
0 0.4046875 0.903125 0.1578125 0.903125 0.1578125 1.0 0.4046875 1.0 0.4046875 0.903125
0 0.6125 0.878125 0.4578125 0.878125 0.4578125 1.0 0.6125 1.0 0.6125 0.878125
0 0.28125 0.5875 0.1125 0.5875 0.1125 0.7984375 0.28125 0.7984375 0.28125 0.5875
0 0.6125 0.409375 0.4046875 0.409375 0.4046875 0.55625 0.6125 0.55625 0.6125 0.409375
0 0.95625 0.0015625 0.815625 0.0015625 0.815625 0.278125 0.95625 0.278125 0.95625 0.0015625
0 1.0 0.0015625 0.9265625 0.0015625 0.9265625 0.10625 1.0 0.10625 1.0 0.0015625
0 0.0453125 0.609375 0.0015625 0.609375 0.0015625 0.7078125 0.0453125 0.7078125 0.0453125 0.609375
0 0.68125 0.0703125 0.5953125 0.0703125 0.5953125 0.4234375 0.68125 0.4234375 0.68125 0.0703125
0 1.0 0.003125 0.0015625 0.003125 0.0015625 1.0 1.0 1.0 1.0 0.003125
0 0.490625 0.6171875 0.2625 0.6171875 0.2625 0.7578125 0.490625 0.7578125 0.490625 0.6171875
0 0.4421875 0.303125 0.278125 0.303125 0.278125 0.4453125 0.4421875 0.4453125 0.4421875 0.303125
0 0.2015625 0.196875 0.0703125 0.196875 0.0703125 0.3171875 0.2015625 0.3171875 0.2015625 0.196875
0 0.8484375 0.3078125 0.7703125 0.3078125 0.7703125 0.4609375 0.8484375 0.4609375 0.8484375 0.3078125
0 0.6875 0.0015625 0.6203125 0.0015625 0.6203125 0.0609375 0.6875 0.0609375 0.6875 0.0015625
