0 0.7046875 0.765625 0.5015625 0.765625 0.5015625 0.8984375 0.7046875 0.8984375 0.7046875 0.765625
0 0.378125 0.9921875 0.3484375 0.9921875 0.3484375 1.0 0.378125 1.0 0.378125 0.9921875
0 1.0 0.684375 0.9703125 0.684375 0.9703125 0.7296875 1.0 0.7296875 1.0 0.684375
0 0.4890625 0.503125 0.359375 0.503125 0.359375 0.653125 0.4890625 0.653125 0.4890625 0.503125
0 0.2640625 0.9890625 0.2421875 0.9890625 0.2421875 1.0 0.2640625 1.0 0.2640625 0.9890625
0 0.3578125 0.91875 0.25 0.91875 0.25 1.0 0.3578125 1.0 0.3578125 0.91875
0 0.503125 0.85 0.371875 0.85 0.371875 1.0 0.503125 1.0 0.503125 0.85
0 0.734375 0.80625 0.53125 0.80625 0.53125 1.0 0.734375 1.0 0.734375 0.80625
0 0.2390625 0.809375 0.0015625 0.809375 0.0015625 1.0 0.2390625 1.0 0.2390625 0.809375
0 0.559375 0.5546875 0.425 0.5546875 0.425 0.7015625 0.559375 0.7015625 0.559375 0.5546875
0 0.4015625 0.425 0.3375 0.425 0.3375 0.603125 0.4015625 0.603125 0.4015625 0.425
0 1.0 0.7953125 0.834375 0.7953125 0.834375 1.0 1.0 1.0 1.0 0.7953125
0 0.259375 0.8984375 0.159375 0.8984375 0.159375 1.0 0.259375 1.0 0.259375 0.8984375
0 0.2328125 0.7015625 0.0703125 0.7015625 0.0703125 0.8953125 0.2328125 0.8953125 0.2328125 0.7015625
0 0.7265625 0.696875 0.4 0.696875 0.4 0.8875 0.7265625 0.8875 0.7265625 0.696875
0 0.9421875 0.690625 0.80625 0.690625 0.80625 0.89375 0.9421875 0.89375 0.9421875 0.690625
0 1.0 0.753125 0.934375 0.753125 0.934375 0.903125 1.0 0.903125 1.0 0.753125
0 0.303125 0.74375 0.20625 0.74375 0.20625 0.865625 0.303125 0.865625 0.303125 0.74375
0 0.4140625 0.6328125 0.246875 0.6328125 0.246875 0.7734375 0.4140625 0.7734375 0.4140625 0.6328125
0 0.640625 0.6265625 0.4359375 0.6265625 0.4359375 0.7765625 0.640625 0.7765625 0.640625 0.6265625
0 0.51875 0.446875 0.3828125 0.446875 0.3828125 0.565625 0.51875 0.565625 0.51875 0.446875
0 0.046875 0.0015625 0.0046875 0.0015625 0.0046875 0.0578125 0.046875 0.0578125 0.046875 0.0015625
0 0.9359375 0.51875 0.5953125 0.51875 0.5953125 0.6875 0.9359375 0.6875 0.9359375 0.51875
0 0.9765625 0.48125 0.8578125 0.48125 0.8578125 0.5640625 0.9765625 0.5640625 0.9765625 0.48125
0 1.0 0.553125 0.871875 0.553125 0.871875 0.66875 1.0 0.66875 1.0 0.553125
0 0.121875 0.8640625 0.0015625 0.8640625 0.0015625 1.0 0.121875 1.0 0.121875 0.8640625
0 0.3515625 0.8140625 0.228125 0.8140625 0.228125 0.9578125 0.3515625 0.9578125 0.3515625 0.8140625
0 0.309375 0.50625 0.14375 0.50625 0.14375 0.6703125 0.309375 0.6703125 0.309375 0.50625
0 0.9765625 0.7578125 0.6125 0.7578125 0.6125 1.0 0.9765625 1.0 0.9765625 0.7578125
0 1.0 0.45625 0.66875 0.45625 0.66875 0.54375 1.0 0.54375 1.0 0.45625
0 0.6375 0.2625 0.4734375 0.2625 0.4734375 0.3421875 0.6375 0.3421875 0.6375 0.2625
0 0.7671875 0.9421875 0.671875 0.9421875 0.671875 1.0 0.7671875 1.0 0.7671875 0.9421875
0 0.6109375 0.9171875 0.50625 0.9171875 0.50625 1.0 0.6109375 1.0 0.6109375 0.9171875
0 0.4765625 0.853125 0.2796875 0.853125 0.2796875 1.0 0.4765625 1.0 0.4765625 0.853125
0 0.4453125 0.2375 0.3328125 0.2375 0.3328125 0.3625 0.4453125 0.3625 0.4453125 0.2375
0 0.8390625 0.8796875 0.7046875 0.8796875 0.7046875 1.0 0.8390625 1.0 0.8390625 0.8796875
0 1.0 0.1359375 0.8828125 0.1359375 0.8828125 0.25 1.0 0.25 1.0 0.1359375
0 0.0765625 0.0515625 0.0015625 0.0515625 0.0015625 0.3140625 0.0765625 0.3140625 0.0765625 0.0515625
0 0.6921875 0.58125 0.5015625 0.58125 0.5015625 0.7328125 0.6921875 0.7328125 0.6921875 0.58125
0 0.934375 0.0015625 0.0015625 0.0015625 0.0015625 0.86875 0.934375 0.86875 0.934375 0.0015625
0 0.6078125 0.875 0.465625 0.875 0.465625 1.0 0.6078125 1.0 0.6078125 0.875
0 0.45 0.5828125 0.353125 0.5828125 0.353125 0.70625 0.45 0.70625 0.45 0.5828125
0 0.7515625 0.5625 0.6 0.5625 0.6 0.678125 0.7515625 0.678125 0.7515625 0.5625
0 0.81875 0.659375 0.6703125 0.659375 0.6703125 0.775 0.81875 0.775 0.81875 0.659375
0 0.95625 0.615625 0.8234375 0.615625 0.8234375 0.775 0.95625 0.775 0.95625 0.615625
0 1.0 0.496875 0.9578125 0.496875 0.9578125 0.665625 1.0 0.665625 1.0 0.496875
0 0.96875 0.1765625 0.83125 0.1765625 0.83125 0.3328125 0.96875 0.3328125 0.96875 0.1765625
0 0.0875 0.9546875 0.0015625 0.9546875 0.0015625 1.0 0.0875 1.0 0.0875 0.9546875
