0 0.9140625 0.4359375 0.784375 0.4359375 0.784375 0.5265625 0.9140625 0.5265625 0.9140625 0.4359375
0 1.0 0.5046875 0.9609375 0.5046875 0.9609375 0.53125 1.0 0.53125 1.0 0.5046875
0 0.165625 0.2828125 0.0390625 0.2828125 0.0390625 0.4671875 0.165625 0.4671875 0.165625 0.2828125
0 1.0 0.634375 0.9375 0.634375 0.9375 0.9109375 1.0 0.9109375 1.0 0.634375
0 0.8484375 0.6734375 0.696875 0.6734375 0.696875 0.8015625 0.8484375 0.8015625 0.8484375 0.6734375
0 0.159375 0.0015625 0.1328125 0.0015625 0.1328125 0.0234375 0.159375 0.0234375 0.159375 0.0015625
0 0.2453125 0.5375 0.11875 0.5375 0.11875 0.6265625 0.2453125 0.6265625 0.2453125 0.5375
0 1.0 0.790625 0.9796875 0.790625 0.9796875 1.0 1.0 1.0 1.0 0.790625
0 0.996875 0.68125 0.903125 0.68125 0.903125 0.815625 0.996875 0.815625 0.996875 0.68125
0 0.9359375 0.525 0.7296875 0.525 0.7296875 0.7484375 0.9359375 0.7484375 0.9359375 0.525
0 0.13125 0.0015625 0.0015625 0.0015625 0.0015625 0.04375 0.13125 0.04375 0.13125 0.0015625
0 0.503125 0.8875 0.2828125 0.8875 0.2828125 1.0 0.503125 1.0 0.503125 0.8875
0 1.0 0.5203125 0.8640625 0.5203125 0.8640625 0.7703125 1.0 0.7703125 1.0 0.5203125
0 0.128125 0.340625 0.0203125 0.340625 0.0203125 0.4765625 0.128125 0.4765625 0.128125 0.340625
0 0.190625 0.1296875 0.0796875 0.1296875 0.0796875 0.2515625 0.190625 0.2515625 0.190625 0.1296875
0 0.0171875 0.846875 0.0015625 0.846875 0.0015625 0.8953125 0.0171875 0.8953125 0.0171875 0.846875
0 0.234375 0.7578125 0.03125 0.7578125 0.03125 0.8984375 0.234375 0.8984375 0.234375 0.7578125
0 0.2 0.4578125 0.0953125 0.4578125 0.0953125 0.559375 0.2 0.559375 0.2 0.4578125
0 0.103125 0.2484375 0.0015625 0.2484375 0.0015625 0.4203125 0.103125 0.4203125 0.103125 0.2484375
0 0.3625 0.0015625 0.2484375 0.0015625 0.2484375 0.15625 0.3625 0.15625 0.3625 0.0015625
0 0.2078125 0.0015625 0.08125 0.0015625 0.08125 0.1078125 0.2078125 0.1078125 0.2078125 0.0015625
0 0.6421875 0.0015625 0.5453125 0.0015625 0.5453125 0.10625 0.6421875 0.10625 0.6421875 0.0015625
0 0.9921875 0.959375 0.575 0.959375 0.575 1.0 0.9921875 1.0 0.9921875 0.959375
0 0.5359375 0.825 0.3765625 0.825 0.3765625 1.0 0.5359375 1.0 0.5359375 0.825
0 0.8578125 0.5796875 0.6328125 0.5796875 0.6328125 0.959375 0.8578125 0.959375 0.8578125 0.5796875
0 0.471875 0.675 0.3625 0.675 0.3625 0.8203125 0.471875 0.8203125 0.471875 0.675
0 0.7796875 0.35 0.590625 0.35 0.590625 0.7078125 0.7796875 0.7078125 0.7796875 0.35
0 1.0 0.7359375 0.80625 0.7359375 0.80625 0.9484375 1.0 0.9484375 1.0 0.7359375
0 1.0 0.41875 0.846875 0.41875 0.846875 0.5875 1.0 0.5875 1.0 0.41875
0 0.24375 0.584375 0.1125 0.584375 0.1125 0.8421875 0.24375 0.8421875 0.24375 0.584375
0 0.0828125 0.0125 0.0015625 0.0125 0.0015625 0.215625 0.0828125 0.215625 0.0828125 0.0125
0 0.725 0.0015625 0.6734375 0.0015625 0.6734375 0.0578125 0.725 0.0578125 0.725 0.0015625
0 0.9171875 0.528125 0.7953125 0.528125 0.7953125 0.6546875 0.9171875 0.6546875 0.9171875 0.528125
0 0.0328125 0.0609375 0.0015625 0.0609375 0.0015625 0.2765625 0.0328125 0.2765625 0.0328125 0.0609375
0 0.2703125 0.3453125 0.1609375 0.3453125 0.1609375 0.575 0.2703125 0.575 0.2703125 0.3453125
0 0.2296875 0.0375 0.04375 0.0375 0.04375 0.1984375 0.2296875 0.1984375 0.2296875 0.0375
