0 0.4890625 0.79375 0.125 0.79375 0.125 1.0 0.4890625 1.0 0.4890625 0.79375
0 0.6390625 0.7140625 0.4921875 0.7140625 0.4921875 0.9046875 0.6390625 0.9046875 0.6390625 0.7140625
0 0.4953125 0.15625 0.0515625 0.15625 0.0515625 0.8109375 0.4953125 0.8109375 0.4953125 0.15625
0 0.5171875 0.1890625 0.3859375 0.1890625 0.3859375 0.353125 0.5171875 0.353125 0.5171875 0.1890625
0 1.0 0.8578125 0.89375 0.8578125 0.89375 1.0 1.0 1.0 1.0 0.8578125
0 0.8296875 0.5515625 0.640625 0.5515625 0.640625 0.6390625 0.8296875 0.6390625 0.8296875 0.5515625
0 1.0 0.51875 0.9046875 0.51875 0.9046875 0.6578125 1.0 0.6578125 1.0 0.51875
0 0.8984375 0.0375 0.0015625 0.0375 0.0015625 1.0 0.8984375 1.0 0.8984375 0.0375
0 0.2265625 0.1125 0.125 0.1125 0.125 0.2328125 0.2265625 0.2328125 0.2265625 0.1125
0 0.3578125 0.9390625 0.2359375 0.9390625 0.2359375 1.0 0.3578125 1.0 0.3578125 0.9390625
0 0.5109375 0.8828125 0.4125 0.8828125 0.4125 1.0 0.5109375 1.0 0.5109375 0.8828125
0 0.753125 0.659375 0.525 0.659375 0.525 1.0 0.753125 1.0 0.753125 0.659375
0 0.33125 0.403125 0.178125 0.403125 0.178125 0.525 0.33125 0.525 0.33125 0.403125
0 0.178125 0.3484375 0.0875 0.3484375 0.0875 0.4890625 0.178125 0.4890625 0.178125 0.3484375
0 0.45 0.1875 0.25625 0.1875 0.25625 0.415625 0.45 0.415625 0.45 0.1875
0 0.6765625 0.0015625 0.21875 0.0015625 0.21875 0.2015625 0.6765625 0.2015625 0.6765625 0.0015625
0 1.0 0.7828125 0.9078125 0.7828125 0.9078125 0.9859375 1.0 0.9859375 1.0 0.7828125
0 1.0 0.6921875 0.990625 0.6921875 0.990625 0.73125 1.0 0.73125 1.0 0.6921875
0 1.0 0.265625 0.90625 0.265625 0.90625 0.5375 1.0 0.5375 1.0 0.265625
0 1.0 0.0015625 0.89375 0.0015625 0.89375 0.225 1.0 0.225 1.0 0.0015625
0 0.9140625 0.0015625 0.7234375 0.0015625 0.7234375 0.1171875 0.9140625 0.1171875 0.9140625 0.0015625
0 0.41875 0.0015625 0.30625 0.0015625 0.30625 0.046875 0.41875 0.046875 0.41875 0.0015625
0 0.165625 0.5203125 0.0390625 0.5203125 0.0390625 0.68125 0.165625 0.68125 0.165625 0.5203125
0 1.0 0.0015625 0.0546875 0.0015625 0.0546875 1.0 1.0 1.0 1.0 0.0015625
0 0.6484375 0.3515625 0.534375 0.3515625 0.534375 0.5515625 0.6484375 0.5515625 0.6484375 0.3515625
0 0.4421875 0.0015625 0.4125 0.0015625 0.4125 0.015625 0.4421875 0.015625 0.4421875 0.0015625
0 0.840625 0.3421875 0.709375 0.3421875 0.709375 0.528125 0.840625 0.528125 0.840625 0.3421875
