0 0.8578125 0.871875 0.6765625 0.871875 0.6765625 1.0 0.8578125 1.0 0.8578125 0.871875
0 0.7640625 0.5390625 0.5296875 0.5390625 0.5296875 0.871875 0.7640625 0.871875 0.7640625 0.5390625
0 0.121875 0.59375 0.0015625 0.59375 0.0015625 0.84375 0.121875 0.84375 0.121875 0.59375
0 0.3921875 0.465625 0.265625 0.465625 0.265625 0.775 0.3921875 0.775 0.3921875 0.465625
0 0.3734375 0.0015625 0.1140625 0.0015625 0.1140625 0.6453125 0.3734375 0.6453125 0.3734375 0.0015625
0 0.5328125 0.2265625 0.3625 0.2265625 0.3625 0.56875 0.5328125 0.56875 0.5328125 0.2265625
0 0.79375 0.184375 0.58125 0.184375 0.58125 0.51875 0.79375 0.51875 0.79375 0.184375
0 0.8109375 0.053125 0.7265625 0.053125 0.7265625 0.18125 0.8109375 0.18125 0.8109375 0.053125
0 0.5859375 0.6296875 0.4234375 0.6296875 0.4234375 0.8953125 0.5859375 0.8953125 0.5859375 0.6296875
0 0.3 0.625 0.134375 0.625 0.134375 0.8109375 0.3 0.8109375 0.3 0.625
0 0.2734375 0.484375 0.1421875 0.484375 0.1421875 0.60625 0.2734375 0.60625 0.2734375 0.484375
0 0.2046875 0.0015625 0.04375 0.0015625 0.04375 0.45 0.2046875 0.45 0.2046875 0.0015625
0 0.7265625 0.90625 0.3046875 0.90625 0.3046875 1.0 0.7265625 1.0 0.7265625 0.90625
0 0.4890625 0.6921875 0.3625 0.6921875 0.3625 0.96875 0.4890625 0.96875 0.4890625 0.6921875
0 0.265625 0.6421875 0.15625 0.6421875 0.15625 0.7359375 0.265625 0.7359375 0.265625 0.6421875
0 0.546875 0.2921875 0.303125 0.2921875 0.303125 0.8015625 0.546875 0.8015625 0.546875 0.2921875
0 0.2109375 0.1765625 0.1265625 0.1765625 0.1265625 0.353125 0.2109375 0.353125 0.2109375 0.1765625
0 0.2640625 0.109375 0.0015625 0.109375 0.0015625 0.9265625 0.2640625 0.9265625 0.2640625 0.109375
0 0.2828125 0.8875 0.0453125 0.8875 0.0453125 1.0 0.2828125 1.0 0.2828125 0.8875
0 1.0 0.0015625 0.21875 0.0015625 0.21875 1.0 1.0 1.0 1.0 0.0015625
