0 0.0125 0.0328125 0.0015625 0.0328125 0.0015625 0.09375 0.0125 0.09375 0.0125 0.0328125
0 1.0 0.7875 0.8609375 0.7875 0.8609375 0.90625 1.0 0.90625 1.0 0.7875
0 0.0046875 0.7140625 0.0015625 0.7140625 0.0015625 0.7375 0.0046875 0.7375 0.0046875 0.7140625
0 0.10625 0.39375 0.0015625 0.39375 0.0015625 0.5421875 0.10625 0.5421875 0.10625 0.39375
0 0.0234375 0.25 0.0015625 0.25 0.0015625 0.33125 0.0234375 0.33125 0.0234375 0.25
0 0.1390625 0.146875 0.046875 0.146875 0.046875 0.371875 0.1390625 0.371875 0.1390625 0.146875
0 0.134375 0.0015625 0.0015625 0.0015625 0.0015625 0.13125 0.134375 0.13125 0.134375 0.0015625
0 0.540625 0.6953125 0.4109375 0.6953125 0.4109375 1.0 0.540625 1.0 0.540625 0.6953125
0 0.25625 0.95625 0.2203125 0.95625 0.2203125 1.0 0.25625 1.0 0.25625 0.95625
0 0.4109375 0.0015625 0.109375 0.0015625 0.109375 1.0 0.4109375 1.0 0.4109375 0.0015625
0 0.4765625 0.4390625 0.4203125 0.4390625 0.4203125 0.6984375 0.4765625 0.6984375 0.4765625 0.4390625
0 1.0 0.0015625 0.378125 0.0015625 0.378125 0.8875 1.0 0.8875 1.0 0.0015625
0 0.2609375 0.065625 0.159375 0.065625 0.159375 0.3734375 0.2609375 0.3734375 0.2609375 0.065625
