0 0.9421875 0.440625 0.775 0.440625 0.775 0.8140625 0.9421875 0.8140625 0.9421875 0.440625
0 0.3625 0.9203125 0.21875 0.9203125 0.21875 1.0 0.3625 1.0 0.3625 0.9203125
0 0.6375 0.5859375 0.4734375 0.5859375 0.4734375 0.9375 0.6375 0.9375 0.6375 0.5859375
0 0.9328125 0.3421875 0.459375 0.3421875 0.459375 0.728125 0.9328125 0.728125 0.9328125 0.3421875
0 1.0 0.609375 0.978125 0.609375 0.978125 0.65625 1.0 0.65625 1.0 0.609375
0 0.7828125 0.253125 0.659375 0.253125 0.659375 0.4171875 0.7828125 0.4171875 0.7828125 0.253125
0 0.675 0.0015625 0.6546875 0.0015625 0.6546875 0.04375 0.675 0.04375 0.675 0.0015625
0 0.9578125 0.709375 0.86875 0.709375 0.86875 0.878125 0.9578125 0.878125 0.9578125 0.709375
0 1.0 0.5046875 0.934375 0.5046875 0.934375 0.625 1.0 0.625 1.0 0.5046875
0 0.109375 0.746875 0.0015625 0.746875 0.0015625 1.0 0.109375 1.0 0.109375 0.746875
0 0.2921875 0.490625 0.096875 0.490625 0.096875 0.7390625 0.2921875 0.7390625 0.2921875 0.490625
0 0.403125 0.340625 0.2453125 0.340625 0.2453125 0.5203125 0.403125 0.5203125 0.403125 0.340625
0 0.1359375 0.1890625 0.0703125 0.1890625 0.0703125 0.3390625 0.1359375 0.3390625 0.1359375 0.1890625
0 0.9171875 0.3609375 0.5234375 0.3609375 0.5234375 1.0 0.9171875 1.0 0.9171875 0.3609375
0 1.0 0.7890625 0.8734375 0.7890625 0.8734375 1.0 1.0 1.0 1.0 0.7890625
0 0.659375 0.4703125 0.365625 0.4703125 0.365625 0.8375 0.659375 0.8375 0.659375 0.4703125
0 0.9484375 0.2484375 0.453125 0.2484375 0.453125 0.48125 0.9484375 0.48125 0.9484375 0.2484375
0 0.6890625 0.1265625 0.4984375 0.1265625 0.4984375 0.3359375 0.6890625 0.3359375 0.6890625 0.1265625
0 1.0 0.0015625 0.6109375 0.0015625 0.6109375 0.3328125 1.0 0.3328125 1.0 0.0015625
0 0.3484375 0.9484375 0.271875 0.9484375 0.271875 1.0 0.3484375 1.0 0.3484375 0.9484375
0 0.2609375 0.903125 0.1234375 0.903125 0.1234375 1.0 0.2609375 1.0 0.2609375 0.903125
0 0.9921875 0.0015625 0.0015625 0.0015625 0.0015625 1.0 0.9921875 1.0 0.9921875 0.0015625
0 0.6578125 0.971875 0.5953125 0.971875 0.5953125 1.0 0.6578125 1.0 0.6578125 0.971875
0 0.7578125 0.8875 0.6453125 0.8875 0.6453125 1.0 0.7578125 1.0 0.7578125 0.8875
0 0.3171875 0.4609375 0.1265625 0.4609375 0.1265625 0.69375 0.3171875 0.69375 0.3171875 0.4609375
0 1.0 0.5703125 0.8328125 0.5703125 0.8328125 1.0 1.0 1.0 1.0 0.5703125
0 1.0 0.9546875 0.9359375 0.9546875 0.9359375 1.0 1.0 1.0 1.0 0.9546875
0 0.8203125 0.8625 0.775 0.8625 0.775 1.0 0.8203125 1.0 0.8203125 0.8625
0 1.0 0.196875 0.9265625 0.196875 0.9265625 0.5203125 1.0 0.5203125 1.0 0.196875
0 0.8625 0.81875 0.7875 0.81875 0.7875 0.953125 0.8625 0.953125 0.8625 0.81875
