0 0.0140625 0.9921875 0.0015625 0.9921875 0.0015625 1.0 0.0140625 1.0 0.0140625 0.9921875
0 0.0796875 0.9890625 0.0734375 0.9890625 0.0734375 1.0 0.0796875 1.0 0.0796875 0.9890625
0 0.2703125 0.978125 0.2546875 0.978125 0.2546875 1.0 0.2703125 1.0 0.2703125 0.978125
0 0.33125 0.984375 0.275 0.984375 0.275 1.0 0.33125 1.0 0.33125 0.984375
0 0.2234375 1.0 0.2234375 1.0 0.2234375 1.0 0.2234375 1.0 0.2234375 1.0
0 0.2359375 0.1984375 0.0890625 0.1984375 0.0890625 0.3828125 0.2359375 0.3828125 0.2359375 0.1984375
0 0.1625 0.0640625 0.0140625 0.0640625 0.0140625 0.1578125 0.1625 0.1578125 0.1625 0.0640625
0 0.1828125 0.0203125 0.0015625 0.0203125 0.0015625 0.1234375 0.1828125 0.1234375 0.1828125 0.0203125
0 0.628125 0.390625 0.3 0.390625 0.3 0.59375 0.628125 0.59375 0.628125 0.390625
0 0.26875 0.26875 0.11875 0.26875 0.11875 0.4640625 0.26875 0.4640625 0.26875 0.26875
0 0.3859375 0.175 0.3203125 0.175 0.3203125 0.39375 0.3859375 0.39375 0.3859375 0.175
0 0.475 0.20625 0.3703125 0.20625 0.3703125 0.315625 0.475 0.315625 0.475 0.20625
0 0.55 0.053125 0.3921875 0.053125 0.3921875 0.1359375 0.55 0.1359375 0.55 0.053125
0 0.090625 0.0703125 0.0015625 0.0703125 0.0015625 0.15 0.090625 0.15 0.090625 0.0703125
0 0.4484375 0.0015625 0.3390625 0.0015625 0.3390625 0.06875 0.4484375 0.06875 0.4484375 0.0015625
0 0.25 0.0015625 0.2296875 0.0015625 0.2296875 0.0109375 0.25 0.0109375 0.25 0.0015625
0 0.659375 0.590625 0.5375 0.590625 0.5375 0.715625 0.659375 0.715625 0.659375 0.590625
0 0.9640625 0.3984375 0.796875 0.3984375 0.796875 0.6125 0.9640625 0.6125 0.9640625 0.3984375
0 0.8125 0.0015625 0.5578125 0.0015625 0.5578125 0.33125 0.8125 0.33125 0.8125 0.0015625
0 0.975 0.0015625 0.703125 0.0015625 0.703125 0.0765625 0.975 0.0765625 0.975 0.0015625
0 0.0109375 0.00625 0.0015625 0.00625 0.0015625 0.0296875 0.0109375 0.0296875 0.0109375 0.00625
0 0.06875 0.35625 0.0015625 0.35625 0.0015625 0.4125 0.06875 0.4125 0.06875 0.35625
0 0.440625 0.5265625 0.3328125 0.5265625 0.3328125 0.6109375 0.440625 0.6109375 0.440625 0.5265625
0 0.58125 0.115625 0.3546875 0.115625 0.3546875 0.521875 0.58125 0.521875 0.58125 0.115625
0 0.3484375 0.221875 0.29375 0.221875 0.29375 0.521875 0.3484375 0.521875 0.3484375 0.221875
0 0.678125 0.2046875 0.5234375 0.2046875 0.5234375 0.3625 0.678125 0.3625 0.678125 0.2046875
0 0.809375 0.021875 0.696875 0.021875 0.696875 0.159375 0.809375 0.159375 0.809375 0.021875
0 0.878125 0.453125 0.765625 0.453125 0.765625 0.6125 0.878125 0.6125 0.878125 0.453125
0 0.9140625 0.0015625 0.784375 0.0015625 0.784375 0.24375 0.9140625 0.24375 0.9140625 0.0015625
0 0.7109375 0.790625 0.6171875 0.790625 0.6171875 0.9875 0.7109375 0.9875 0.7109375 0.790625
0 0.5796875 0.64375 0.5 0.64375 0.5 0.7734375 0.5796875 0.7734375 0.5796875 0.64375
0 0.3796875 0.7875 0.26875 0.7875 0.26875 1.0 0.3796875 1.0 0.3796875 0.7875
0 0.034375 0.8171875 0.0015625 0.8171875 0.0015625 0.8703125 0.034375 0.8703125 0.034375 0.8171875
0 0.23125 0.26875 0.0015625 0.26875 0.0015625 0.6578125 0.23125 0.6578125 0.23125 0.26875
0 0.4 0.0296875 0.253125 0.0296875 0.253125 0.2140625 0.4 0.2140625 0.4 0.0296875
0 0.6921875 0.6640625 0.590625 0.6640625 0.590625 0.8828125 0.6921875 0.8828125 0.6921875 0.6640625
0 0.9390625 0.4515625 0.7203125 0.4515625 0.7203125 0.7359375 0.9390625 0.7359375 0.9390625 0.4515625
0 0.578125 0.8921875 0.39375 0.8921875 0.39375 1.0 0.578125 1.0 0.578125 0.8921875
0 0.2203125 0.8125 0.1078125 0.8125 0.1078125 0.9046875 0.2203125 0.9046875 0.2203125 0.8125
0 0.209375 0.746875 0.0015625 0.746875 0.0015625 1.0 0.209375 1.0 0.209375 0.746875
0 0.4734375 0.9109375 0.3765625 0.9109375 0.3765625 1.0 0.4734375 1.0 0.4734375 0.9109375
0 0.6921875 0.903125 0.5984375 0.903125 0.5984375 1.0 0.6921875 1.0 0.6921875 0.903125
0 0.55625 0.7578125 0.3875 0.7578125 0.3875 0.8875 0.55625 0.8875 0.55625 0.7578125
0 1.0 0.0015625 0.0015625 0.0015625 0.0015625 1.0 1.0 1.0 1.0 0.0015625
0 0.2546875 0.1046875 0.0015625 0.1046875 0.0015625 0.3203125 0.2546875 0.3203125 0.2546875 0.1046875
0 0.1046875 0.4125 0.0015625 0.4125 0.0015625 0.5640625 0.1046875 0.5640625 0.1046875 0.4125
0 0.7703125 0.0015625 0.0015625 0.0015625 0.0015625 0.1609375 0.7703125 0.1609375 0.7703125 0.0015625
0 0.34375 0.1453125 0.1234375 0.1453125 0.1234375 0.49375 0.34375 0.49375 0.34375 0.1453125
0 0.515625 0.184375 0.3109375 0.184375 0.3109375 0.45625 0.515625 0.45625 0.515625 0.184375
0 0.45 0.0015625 0.334375 0.0015625 0.334375 0.1171875 0.45 0.1171875 0.45 0.0015625
0 0.8546875 0.0015625 0.75 0.0015625 0.75 0.1765625 0.8546875 0.1765625 0.8546875 0.0015625
