0 0.9609375 0.29375 0.81875 0.29375 0.81875 0.4796875 0.9609375 0.4796875 0.9609375 0.29375
0 1.0 0.25625 0.9171875 0.25625 0.9171875 0.378125 1.0 0.378125 1.0 0.25625
0 0.428125 0.8484375 0.2453125 0.8484375 0.2453125 1.0 0.428125 1.0 0.428125 0.8484375
0 0.5109375 0.7671875 0.421875 0.7671875 0.421875 0.896875 0.5109375 0.896875 0.5109375 0.7671875
0 0.0484375 0.596875 0.0015625 0.596875 0.0015625 0.6296875 0.0484375 0.6296875 0.0484375 0.596875
0 0.296875 0.24375 0.134375 0.24375 0.134375 0.3515625 0.296875 0.3515625 0.296875 0.24375
0 0.6140625 0.0015625 0.284375 0.0015625 0.284375 0.15 0.6140625 0.15 0.6140625 0.0015625
0 0.6875 0.15625 0.5140625 0.15625 0.5140625 0.434375 0.6875 0.434375 0.6875 0.15625
0 0.915625 0.2375 0.75 0.2375 0.75 0.3625 0.915625 0.3625 0.915625 0.2375
0 0.9671875 0.065625 0.7390625 0.065625 0.7390625 0.2390625 0.9671875 0.2390625 0.9671875 0.065625
0 0.0515625 0.69375 0.0015625 0.69375 0.0015625 0.8 0.0515625 0.8 0.0515625 0.69375
0 0.6953125 0.903125 0.5578125 0.903125 0.5578125 1.0 0.6953125 1.0 0.6953125 0.903125
0 0.9875 0.484375 0.6765625 0.484375 0.6765625 0.96875 0.9875 0.96875 0.9875 0.484375
0 0.65 0.4359375 0.5171875 0.4359375 0.5171875 0.5375 0.65 0.5375 0.65 0.4359375
0 0.428125 0.3140625 0.3 0.3140625 0.3 0.4375 0.428125 0.4375 0.428125 0.3140625
0 0.409375 0.0859375 0.2328125 0.0859375 0.2328125 0.271875 0.409375 0.271875 0.409375 0.0859375
0 0.3515625 0.5328125 0.2203125 0.5328125 0.2203125 0.6515625 0.3515625 0.6515625 0.3515625 0.5328125
0 0.4875 0.2125 0.284375 0.2125 0.284375 0.3953125 0.4875 0.3953125 0.4875 0.2125
0 0.7859375 0.0015625 0.5765625 0.0015625 0.5765625 0.1234375 0.7859375 0.1234375 0.7859375 0.0015625
0 0.9 0.3703125 0.7203125 0.3703125 0.7203125 0.5015625 0.9 0.5015625 0.9 0.3703125
0 0.1328125 0.5796875 0.0015625 0.5796875 0.0015625 0.68125 0.1328125 0.68125 0.1328125 0.5796875
0 0.0671875 0.5140625 0.0015625 0.5140625 0.0015625 0.6203125 0.0671875 0.6203125 0.0671875 0.5140625
0 0.1859375 0.3296875 0.0015625 0.3296875 0.0015625 0.53125 0.1859375 0.53125 0.1859375 0.3296875
0 0.5578125 0.0984375 0.315625 0.0984375 0.315625 0.365625 0.5578125 0.365625 0.5578125 0.0984375
0 0.2796875 0.0015625 0.1421875 0.0015625 0.1421875 0.0828125 0.2796875 0.0828125 0.2796875 0.0015625
0 0.0359375 0.0015625 0.0203125 0.0015625 0.0203125 0.0046875 0.0359375 0.0046875 0.0359375 0.0015625
0 0.98125 0.84375 0.9125 0.84375 0.9125 0.99375 0.98125 0.99375 0.98125 0.84375
0 0.8328125 0.7984375 0.6765625 0.7984375 0.6765625 0.9171875 0.8328125 0.9171875 0.8328125 0.7984375
0 0.9734375 0.41875 0.803125 0.41875 0.803125 0.525 0.9734375 0.525 0.9734375 0.41875
0 0.059375 0.7828125 0.0015625 0.7828125 0.0015625 0.825 0.059375 0.825 0.059375 0.7828125
0 0.103125 0.4953125 0.0015625 0.4953125 0.0015625 0.6125 0.103125 0.6125 0.103125 0.4953125
0 0.3 0.359375 0.06875 0.359375 0.06875 0.490625 0.3 0.490625 0.3 0.359375
0 0.81875 0.2796875 0.6015625 0.2796875 0.6015625 0.409375 0.81875 0.409375 0.81875 0.2796875
0 0.259375 0.0015625 0.0375 0.0015625 0.0375 0.040625 0.259375 0.040625 0.259375 0.0015625
0 0.1109375 0.9328125 0.0015625 0.9328125 0.0015625 1.0 0.1109375 1.0 0.1109375 0.9328125
0 0.0421875 0.3765625 0.0015625 0.3765625 0.0015625 0.50625 0.0421875 0.50625 0.0421875 0.3765625
0 0.85 0.396875 0.5140625 0.396875 0.5140625 0.5984375 0.85 0.5984375 0.85 0.396875
0 0.36875 0.371875 0.0875 0.371875 0.0875 0.5375 0.36875 0.5375 0.36875 0.371875
0 0.21875 0.5765625 0.015625 0.5765625 0.015625 0.7171875 0.21875 0.7171875 0.21875 0.5765625
0 0.7125 0.75 0.4828125 0.75 0.4828125 1.0 0.7125 1.0 0.7125 0.75
0 0.709375 0.0015625 0.6703125 0.0015625 0.6703125 0.0453125 0.709375 0.0453125 0.709375 0.0015625
