0 0.6375 0.675 0.4484375 0.675 0.4484375 0.90625 0.6375 0.90625 0.6375 0.675
0 0.8703125 0.6796875 0.7625 0.6796875 0.7625 0.7703125 0.8703125 0.7703125 0.8703125 0.6796875
0 0.115625 0.4765625 0.0640625 0.4765625 0.0640625 0.6546875 0.115625 0.6546875 0.115625 0.4765625
0 0.99375 0.3453125 0.7421875 0.3453125 0.7421875 0.5 0.99375 0.5 0.99375 0.3453125
0 0.959375 0.359375 0.6875 0.359375 0.6875 0.5171875 0.959375 0.5171875 0.959375 0.359375
0 0.7390625 0.0015625 0.634375 0.0015625 0.634375 0.084375 0.7390625 0.084375 0.7390625 0.0015625
0 0.759375 0.94375 0.6953125 0.94375 0.6953125 1.0 0.759375 1.0 0.759375 0.94375
0 0.5140625 0.884375 0.41875 0.884375 0.41875 1.0 0.5140625 1.0 0.5140625 0.884375
0 0.0109375 0.778125 0.0015625 0.778125 0.0015625 0.8046875 0.0109375 0.8046875 0.0109375 0.778125
0 0.484375 0.4765625 0.3734375 0.4765625 0.3734375 0.721875 0.484375 0.721875 0.484375 0.4765625
0 0.2625 0.0015625 0.203125 0.0015625 0.203125 0.2859375 0.2625 0.2859375 0.2625 0.0015625
0 0.953125 0.284375 0.84375 0.284375 0.84375 0.378125 0.953125 0.378125 0.953125 0.284375
0 0.3515625 0.9140625 0.259375 0.9140625 0.259375 1.0 0.3515625 1.0 0.3515625 0.9140625
0 0.2515625 0.8671875 0.021875 0.8671875 0.021875 0.9140625 0.2515625 0.9140625 0.2515625 0.8671875
0 0.8171875 0.5734375 0.5640625 0.5734375 0.5640625 0.9609375 0.8171875 0.9609375 0.8171875 0.5734375
0 0.9390625 0.85625 0.875 0.85625 0.875 1.0 0.9390625 1.0 0.9390625 0.85625
0 1.0 0.6703125 0.778125 0.6703125 0.778125 0.9375 1.0 0.9375 1.0 0.6703125
0 0.80625 0.2015625 0.6921875 0.2015625 0.6921875 0.371875 0.80625 0.371875 0.80625 0.2015625
0 1.0 0.0015625 0.8046875 0.0015625 0.8046875 0.1578125 1.0 0.1578125 1.0 0.0015625
0 0.171875 0.9125 0.0015625 0.9125 0.0015625 1.0 0.171875 1.0 0.171875 0.9125
0 0.040625 0.671875 0.0015625 0.671875 0.0015625 0.78125 0.040625 0.78125 0.040625 0.671875
0 0.071875 0.4296875 0.0015625 0.4296875 0.0015625 0.59375 0.071875 0.59375 0.071875 0.4296875
0 0.0234375 0.0015625 0.0015625 0.0015625 0.0015625 0.028125 0.0234375 0.028125 0.0234375 0.0015625
0 0.5359375 0.9890625 0.4609375 0.9890625 0.4609375 1.0 0.5359375 1.0 0.5359375 0.9890625
0 0.3265625 0.896875 0.153125 0.896875 0.153125 1.0 0.3265625 1.0 0.3265625 0.896875
0 0.4484375 0.878125 0.35 0.878125 0.35 1.0 0.4484375 1.0 0.4484375 0.878125
0 0.3609375 0.2390625 0.0484375 0.2390625 0.0484375 0.7953125 0.3609375 0.7953125 0.3609375 0.2390625
0 0.540625 0.4890625 0.440625 0.4890625 0.440625 0.7046875 0.540625 0.7046875 0.540625 0.4890625
0 0.6421875 0.6140625 0.5453125 0.6140625 0.5453125 0.7015625 0.6421875 0.7015625 0.6421875 0.6140625
0 0.6875 0.159375 0.4578125 0.159375 0.4578125 0.471875 0.6875 0.471875 0.6875 0.159375
0 0.4515625 0.115625 0.33125 0.115625 0.33125 0.475 0.4515625 0.475 0.4515625 0.115625
0 0.2359375 0.0015625 0.0046875 0.0015625 0.0046875 0.440625 0.2359375 0.440625 0.2359375 0.0015625
0 0.96875 0.15 0.6703125 0.15 0.6703125 0.45 0.96875 0.45 0.96875 0.15
0 0.7828125 0.0015625 0.5328125 0.0015625 0.5328125 0.165625 0.7828125 0.165625 0.7828125 0.0015625
0 0.3703125 0.0015625 0.290625 0.0015625 0.290625 0.1265625 0.3703125 0.1265625 0.3703125 0.0015625
0 0.4953125 0.0015625 0.3953125 0.0015625 0.3953125 0.1 0.4953125 0.1 0.4953125 0.0015625
0 0.2765625 0.0015625 0.2140625 0.0015625 0.2140625 0.18125 0.2765625 0.18125 0.2765625 0.0015625
0 0.99375 0.6953125 0.8546875 0.6953125 0.8546875 1.0 0.99375 1.0 0.99375 0.6953125
0 1.0 0.0015625 0.7765625 0.0015625 0.7765625 0.0703125 1.0 0.0703125 1.0 0.0015625
0 0.43125 0.909375 0.3125 0.909375 0.3125 1.0 0.43125 1.0 0.43125 0.909375
0 0.178125 0.975 0.09375 0.975 0.09375 1.0 0.178125 1.0 0.178125 0.975
0 0.046875 0.5984375 0.0015625 0.5984375 0.0015625 0.6765625 0.046875 0.6765625 0.046875 0.5984375
0 0.9171875 0.7453125 0.7296875 0.7453125 0.7296875 1.0 0.9171875 1.0 0.9171875 0.7453125
0 0.7359375 0.6234375 0.5125 0.6234375 0.5125 0.9609375 0.7359375 0.9609375 0.7359375 0.6234375
0 1.0 0.728125 0.9484375 0.728125 0.9484375 0.853125 1.0 0.853125 1.0 0.728125
0 0.7890625 0.0796875 0.5265625 0.0796875 0.5265625 0.18125 0.7890625 0.18125 0.7890625 0.0796875
0 0.096875 0.0015625 0.0015625 0.0015625 0.0015625 0.45625 0.096875 0.45625 0.096875 0.0015625
0 0.915625 0.0015625 0.0015625 0.0015625 0.0015625 0.8484375 0.915625 0.8484375 0.915625 0.0015625
0 0.34375 0.5859375 0.0015625 0.5859375 0.0015625 0.9546875 0.34375 0.9546875 0.34375 0.5859375
0 0.10625 0.1828125 0.0125 0.1828125 0.0125 0.4015625 0.10625 0.4015625 0.10625 0.1828125
0 0.15 0.0015625 0.0875 0.0015625 0.0875 0.11875 0.15 0.11875 0.15 0.0015625
0 0.7078125 0.740625 0.3484375 0.740625 0.3484375 1.0 0.7078125 1.0 0.7078125 0.740625
0 1.0 0.4125 0.940625 0.4125 0.940625 1.0 1.0 1.0 1.0 0.4125
0 1.0 0.0703125 0.9359375 0.0703125 0.9359375 0.3265625 1.0 0.3265625 1.0 0.0703125
