0 0.4125 0.2609375 0.0015625 0.2609375 0.0015625 1.0 0.4125 1.0 0.4125 0.2609375
0 0.23125 0.0015625 0.021875 0.0015625 0.021875 0.1640625 0.23125 0.1640625 0.23125 0.0015625
0 0.5171875 0.4671875 0.328125 0.4671875 0.328125 0.7265625 0.5171875 0.7265625 0.5171875 0.4671875
0 0.3234375 0.2484375 0.0953125 0.2484375 0.0953125 0.546875 0.3234375 0.546875 0.3234375 0.2484375
0 0.3328125 0.0015625 0.2359375 0.0015625 0.2359375 0.271875 0.3328125 0.271875 0.3328125 0.0015625
0 0.821875 0.475 0.6 0.475 0.6 0.753125 0.821875 0.753125 0.821875 0.475
0 0.803125 0.13125 0.7015625 0.13125 0.7015625 0.315625 0.803125 0.315625 0.803125 0.13125
0 1.0 0.9125 0.9703125 0.9125 0.9703125 1.0 1.0 1.0 1.0 0.9125
0 1.0 0.653125 0.9 0.653125 0.9 0.7390625 1.0 0.7390625 1.0 0.653125
0 1.0 0.390625 0.89375 0.390625 0.89375 0.5515625 1.0 0.5515625 1.0 0.390625
