0 0.690625 0.0015625 0.5921875 0.0015625 0.5921875 0.1953125 0.690625 0.1953125 0.690625 0.0015625
0 0.2234375 0.9 0.1484375 0.9 0.1484375 1.0 0.2234375 1.0 0.2234375 0.9
0 0.4921875 0.6203125 0.403125 0.6203125 0.403125 0.8265625 0.4921875 0.8265625 0.4921875 0.6203125
0 0.4296875 0.0015625 0.4171875 0.0015625 0.4171875 0.015625 0.4296875 0.015625 0.4296875 0.0015625
0 0.8390625 0.725 0.709375 0.725 0.709375 1.0 0.8390625 1.0 0.8390625 0.725
0 1.0 0.615625 0.928125 0.615625 0.928125 0.6703125 1.0 0.6703125 1.0 0.615625
0 0.89375 0.6796875 0.80625 0.6796875 0.80625 0.8265625 0.89375 0.8265625 0.89375 0.6796875
0 0.890625 0.29375 0.7515625 0.29375 0.7515625 0.490625 0.890625 0.490625 0.890625 0.29375
0 0.61875 0.0671875 0.5328125 0.0671875 0.5328125 0.234375 0.61875 0.234375 0.61875 0.0671875
0 0.259375 0.65625 0.146875 0.65625 0.146875 0.978125 0.259375 0.978125 0.259375 0.65625
0 0.0328125 0.2046875 0.0015625 0.2046875 0.0015625 0.3125 0.0328125 0.3125 0.0328125 0.2046875
0 0.25625 0.0640625 0.1890625 0.0640625 0.1890625 0.2640625 0.25625 0.2640625 0.25625 0.0640625
0 1.0 0.8359375 0.8828125 0.8359375 0.8828125 1.0 1.0 1.0 1.0 0.8359375
0 0.8125 0.9 0.7859375 0.9 0.7859375 1.0 0.8125 1.0 0.8125 0.9
0 1.0 0.034375 0.4421875 0.034375 0.4421875 0.7328125 1.0 0.7328125 1.0 0.034375
0 1.0 0.0015625 0.953125 0.0015625 0.953125 0.159375 1.0 0.159375 1.0 0.0015625
0 0.8953125 0.0796875 0.7765625 0.0796875 0.7765625 0.246875 0.8953125 0.246875 0.8953125 0.0796875
0 0.5734375 0.0015625 0.3171875 0.0015625 0.3171875 0.1234375 0.5734375 0.1234375 0.5734375 0.0015625
0 1.0 0.5953125 0.734375 0.5953125 0.734375 1.0 1.0 1.0 1.0 0.5953125
0 0.0296875 0.8734375 0.0015625 0.8734375 0.0015625 1.0 0.0296875 1.0 0.0296875 0.8734375
0 0.209375 0.3484375 0.0015625 0.3484375 0.0015625 0.4765625 0.209375 0.4765625 0.209375 0.3484375
0 1.0 0.0015625 0.071875 0.0015625 0.071875 1.0 1.0 1.0 1.0 0.0015625
0 0.3046875 0.5046875 0.146875 0.5046875 0.146875 0.8765625 0.3046875 0.8765625 0.3046875 0.5046875
0 0.590625 0.5375 0.38125 0.5375 0.38125 1.0 0.590625 1.0 0.590625 0.5375
0 0.790625 0.3703125 0.5015625 0.3703125 0.5015625 1.0 0.790625 1.0 0.790625 0.3703125
0 0.6421875 0.25 0.5546875 0.25 0.5546875 0.45625 0.6421875 0.45625 0.6421875 0.25
0 0.5421875 0.078125 0.4796875 0.078125 0.4796875 0.2265625 0.5421875 0.2265625 0.5421875 0.078125
0 0.8375 0.3359375 0.6953125 0.3359375 0.6953125 0.528125 0.8375 0.528125 0.8375 0.3359375
0 0.909375 0.1875 0.7375 0.1875 0.7375 0.3671875 0.909375 0.3671875 0.909375 0.1875
0 1.0 0.546875 0.9265625 0.546875 0.9265625 0.63125 1.0 0.63125 1.0 0.546875
