0 0.365625 0.5828125 0.2671875 0.5828125 0.2671875 0.7703125 0.365625 0.7703125 0.365625 0.5828125
0 0.5078125 0.3890625 0.3953125 0.3890625 0.3953125 0.6234375 0.5078125 0.6234375 0.5078125 0.3890625
0 0.2359375 0.0015625 0.0015625 0.0015625 0.0015625 0.1125 0.2359375 0.1125 0.2359375 0.0015625
0 0.059375 0.909375 0.0015625 0.909375 0.0015625 1.0 0.059375 1.0 0.059375 0.909375
0 0.0734375 0.196875 0.0015625 0.196875 0.0015625 0.5796875 0.0734375 0.5796875 0.0734375 0.196875
0 0.2734375 0.1953125 0.103125 0.1953125 0.103125 0.3734375 0.2734375 0.3734375 0.2734375 0.1953125
0 0.3140625 0.00625 0.1859375 0.00625 0.1859375 0.1078125 0.3140625 0.1078125 0.3140625 0.00625
0 1.0 0.93125 0.828125 0.93125 0.828125 1.0 1.0 1.0 1.0 0.93125
0 0.609375 0.8046875 0.5296875 0.8046875 0.5296875 0.9390625 0.609375 0.9390625 0.609375 0.8046875
0 0.76875 0.753125 0.646875 0.753125 0.646875 0.8859375 0.76875 0.8859375 0.76875 0.753125
0 0.984375 0.0015625 0.9296875 0.0015625 0.9296875 0.0046875 0.984375 0.0046875 0.984375 0.0015625
0 0.56875 0.184375 0.50625 0.184375 0.50625 0.33125 0.56875 0.33125 0.56875 0.184375
0 0.865625 0.7921875 0.778125 0.7921875 0.778125 0.940625 0.865625 0.940625 0.865625 0.7921875
0 1.0 0.453125 0.96875 0.453125 0.96875 0.5609375 1.0 0.5609375 1.0 0.453125
0 0.9203125 0.240625 0.76875 0.240625 0.76875 0.4875 0.9203125 0.4875 0.9203125 0.240625
0 0.803125 0.9578125 0.690625 0.9578125 0.690625 1.0 0.803125 1.0 0.803125 0.9578125
0 0.9859375 0.0015625 0.7859375 0.0015625 0.7859375 0.0796875 0.9859375 0.0796875 0.9859375 0.0015625
0 0.68125 0.4265625 0.5953125 0.4265625 0.5953125 0.5765625 0.68125 0.5765625 0.68125 0.4265625
0 0.996875 0.840625 0.84375 0.840625 0.84375 0.9546875 0.996875 0.9546875 0.996875 0.840625
0 0.1109375 0.2734375 0.0296875 0.2734375 0.0296875 0.4109375 0.1109375 0.4109375 0.1109375 0.2734375
0 0.86875 0.1921875 0.75625 0.1921875 0.75625 0.3140625 0.86875 0.3140625 0.86875 0.1921875
0 0.01875 0.95 0.0015625 0.95 0.0015625 1.0 0.01875 1.0 0.01875 0.95
0 0.50625 0.575 0.4484375 0.575 0.4484375 0.721875 0.50625 0.721875 0.50625 0.575
0 0.78125 0.3515625 0.6234375 0.3515625 0.6234375 0.49375 0.78125 0.49375 0.78125 0.3515625
0 0.534375 0.2734375 0.4421875 0.2734375 0.4421875 0.4640625 0.534375 0.4640625 0.534375 0.2734375
0 0.403125 0.125 0.309375 0.125 0.309375 0.2828125 0.403125 0.2828125 0.403125 0.125
0 1.0 0.0015625 0.0015625 0.0015625 0.0015625 1.0 1.0 1.0 1.0 0.0015625
0 1.0 0.98125 0.915625 0.98125 0.915625 1.0 1.0 1.0 1.0 0.98125
0 0.809375 0.296875 0.7328125 0.296875 0.7328125 0.425 0.809375 0.425 0.809375 0.296875
0 0.1390625 0.15625 0.0015625 0.15625 0.0015625 0.3828125 0.1390625 0.3828125 0.1390625 0.15625
