0 0.08125 0.2 0.0015625 0.2 0.0015625 0.875 0.08125 0.875 0.08125 0.2
0 1.0 0.928125 0.9 0.928125 0.9 1.0 1.0 1.0 1.0 0.928125
0 0.9546875 0.3609375 0.74375 0.3609375 0.74375 0.678125 0.9546875 0.678125 0.9546875 0.3609375
0 1.0 0.43125 0.990625 0.43125 0.990625 0.4609375 1.0 0.4609375 1.0 0.43125
0 0.7578125 0.2546875 0.0015625 0.2546875 0.0015625 1.0 0.7578125 1.0 0.7578125 0.2546875
0 1.0 0.071875 0.4484375 0.071875 0.4484375 1.0 1.0 1.0 1.0 0.071875
0 0.7359375 0.1125 0.4984375 0.1125 0.4984375 0.2578125 0.7359375 0.2578125 0.7359375 0.1125
0 0.2078125 0.0015625 0.103125 0.0015625 0.103125 0.0953125 0.2078125 0.0953125 0.2078125 0.0015625
0 1.0 0.71875 0.834375 0.71875 0.834375 1.0 1.0 1.0 1.0 0.71875
0 1.0 0.6078125 0.984375 0.6078125 0.984375 0.6609375 1.0 0.6609375 1.0 0.6078125
0 0.8453125 0.41875 0.7234375 0.41875 0.7234375 0.528125 0.8453125 0.528125 0.8453125 0.41875
0 1.0 0.01875 0.98125 0.01875 0.98125 0.04375 1.0 0.04375 1.0 0.01875
0 0.115625 0.2828125 0.0015625 0.2828125 0.0015625 0.478125 0.115625 0.478125 0.115625 0.2828125
0 0.453125 0.053125 0.3078125 0.053125 0.3078125 0.271875 0.453125 0.271875 0.453125 0.053125
0 0.7171875 0.0421875 0.5265625 0.0421875 0.5265625 0.1828125 0.7171875 0.1828125 0.7171875 0.0421875
0 0.3546875 0.040625 0.246875 0.040625 0.246875 0.1703125 0.3546875 0.1703125 0.3546875 0.040625
