0 0.68125 0.33125 0.584375 0.33125 0.584375 0.440625 0.68125 0.440625 0.68125 0.33125
0 0.190625 0.0015625 0.146875 0.0015625 0.146875 0.0328125 0.190625 0.0328125 0.190625 0.0015625
0 0.45 0.075 0.309375 0.075 0.309375 0.20625 0.45 0.20625 0.45 0.075
0 0.7421875 0.0015625 0.6140625 0.0015625 0.6140625 0.159375 0.7421875 0.159375 0.7421875 0.0015625
0 0.0390625 0.3875 0.0015625 0.3875 0.0015625 0.5015625 0.0390625 0.5015625 0.0390625 0.3875
0 1.0 0.3875 0.9734375 0.3875 0.9734375 0.465625 1.0 0.465625 1.0 0.3875
0 0.6734375 0.1640625 0.46875 0.1640625 0.46875 0.34375 0.6734375 0.34375 0.6734375 0.1640625
0 0.6984375 0.0015625 0.5265625 0.0015625 0.5265625 0.1078125 0.6984375 0.1078125 0.6984375 0.0015625
0 0.559375 0.0015625 0.5140625 0.0015625 0.5140625 0.0203125 0.559375 0.0203125 0.559375 0.0015625
0 0.6578125 0.940625 0.5140625 0.940625 0.5140625 1.0 0.6578125 1.0 0.6578125 0.940625
0 0.509375 0.421875 0.378125 0.421875 0.378125 0.6484375 0.509375 0.6484375 0.509375 0.421875
0 0.4671875 0.1953125 0.2625 0.1953125 0.2625 0.403125 0.4671875 0.403125 0.4671875 0.1953125
0 0.8390625 0.7875 0.7359375 0.7875 0.7359375 0.91875 0.8390625 0.91875 0.8390625 0.7875
0 0.7140625 0.69375 0.6265625 0.69375 0.6265625 0.8453125 0.7140625 0.8453125 0.7140625 0.69375
0 0.609375 0.603125 0.4984375 0.603125 0.4984375 0.6953125 0.609375 0.6953125 0.609375 0.603125
0 1.0 0.4640625 0.9921875 0.4640625 0.9921875 0.4703125 1.0 0.4703125 1.0 0.4640625
0 0.4 0.1609375 0.175 0.1609375 0.175 0.2875 0.4 0.2875 0.4 0.1609375
0 0.909375 0.0015625 0.7640625 0.0015625 0.7640625 0.259375 0.909375 0.259375 0.909375 0.0015625
0 0.7921875 0.5375 0.565625 0.5375 0.565625 0.6765625 0.7921875 0.6765625 0.7921875 0.5375
0 0.5421875 0.29375 0.3921875 0.29375 0.3921875 0.43125 0.5421875 0.43125 0.5421875 0.29375
0 0.346875 0.2234375 0.2109375 0.2234375 0.2109375 0.453125 0.346875 0.453125 0.346875 0.2234375
0 0.8640625 0.1875 0.640625 0.1875 0.640625 0.4875 0.8640625 0.4875 0.8640625 0.1875
0 0.2484375 0.0609375 0.0953125 0.0609375 0.0953125 0.259375 0.2484375 0.259375 0.2484375 0.0609375
0 0.6359375 0.0625 0.4078125 0.0625 0.4078125 0.2140625 0.6359375 0.2140625 0.6359375 0.0625
0 0.4703125 0.0015625 0.3171875 0.0015625 0.3171875 0.159375 0.4703125 0.159375 0.4703125 0.0015625
0 0.95625 0.6765625 0.8875 0.6765625 0.8875 0.8375 0.95625 0.8375 0.95625 0.6765625
0 1.0 0.2609375 0.9640625 0.2609375 0.9640625 0.33125 1.0 0.33125 1.0 0.2609375
0 0.990625 0.28125 0.8453125 0.28125 0.8453125 0.45 0.990625 0.45 0.990625 0.28125
0 1.0 0.0125 0.871875 0.0125 0.871875 0.1484375 1.0 0.1484375 1.0 0.0125
0 0.721875 0.2421875 0.56875 0.2421875 0.56875 0.3734375 0.721875 0.3734375 0.721875 0.2421875
0 0.184375 0.0875 0.0578125 0.0875 0.0578125 0.190625 0.184375 0.190625 0.184375 0.0875
0 0.33125 0.0015625 0.1859375 0.0015625 0.1859375 0.0875 0.33125 0.0875 0.33125 0.0015625
0 0.9953125 0.0765625 0.8828125 0.0765625 0.8828125 0.2140625 0.9953125 0.2140625 0.9953125 0.0765625
0 0.975 0.0015625 0.9171875 0.0015625 0.9171875 0.065625 0.975 0.065625 0.975 0.0015625
0 0.159375 0.5046875 0.0015625 0.5046875 0.0015625 0.8015625 0.159375 0.8015625 0.159375 0.5046875
0 0.4796875 0.1578125 0.0015625 0.1578125 0.0015625 0.553125 0.4796875 0.553125 0.4796875 0.1578125
0 0.025 0.4671875 0.0015625 0.4671875 0.0015625 0.5171875 0.025 0.5171875 0.025 0.4671875
0 0.1078125 0.0015625 0.0015625 0.0015625 0.0015625 0.1 0.1078125 0.1 0.1078125 0.0015625
0 0.865625 0.475 0.2546875 0.475 0.2546875 1.0 0.865625 1.0 0.865625 0.475
0 1.0 0.5296875 0.884375 0.5296875 0.884375 0.7765625 1.0 0.7765625 1.0 0.5296875
0 0.8234375 0.465625 0.6390625 0.465625 0.6390625 0.6078125 0.8234375 0.6078125 0.8234375 0.465625
0 0.253125 0.0015625 0.0671875 0.0015625 0.0671875 0.0921875 0.253125 0.0921875 0.253125 0.0015625
0 0.8046875 0.0015625 0.73125 0.0015625 0.73125 0.125 0.8046875 0.125 0.8046875 0.0015625
0 0.140625 0.1859375 0.0171875 0.1859375 0.0171875 0.259375 0.140625 0.259375 0.140625 0.1859375
0 0.675 0.1171875 0.534375 0.1171875 0.534375 0.215625 0.675 0.215625 0.675 0.1171875
0 0.9203125 0.0015625 0.8265625 0.0015625 0.8265625 0.03125 0.9203125 0.03125 0.9203125 0.0015625
0 0.503125 0.16875 0.4234375 0.16875 0.4234375 0.340625 0.503125 0.340625 0.503125 0.16875
0 0.0171875 0.06875 0.0015625 0.06875 0.0015625 0.096875 0.0171875 0.096875 0.0171875 0.06875
0 0.7234375 0.3828125 0.4796875 0.3828125 0.4796875 0.578125 0.7234375 0.578125 0.7234375 0.3828125
0 0.771875 0.3765625 0.675 0.3765625 0.675 0.4859375 0.771875 0.4859375 0.771875 0.3765625
0 0.965625 0.1609375 0.84375 0.1609375 0.84375 0.39375 0.965625 0.39375 0.965625 0.1609375
