0 0.16875 0.5140625 0.034375 0.5140625 0.034375 0.640625 0.16875 0.640625 0.16875 0.5140625
0 0.00625 0.54375 0.0015625 0.54375 0.0015625 0.590625 0.00625 0.590625 0.00625 0.54375
0 0.11875 0.3765625 0.0015625 0.3765625 0.0015625 0.553125 0.11875 0.553125 0.11875 0.3765625
0 0.0953125 0.0015625 0.0015625 0.0015625 0.0015625 0.096875 0.0953125 0.096875 0.0953125 0.0015625
0 0.2015625 0.5953125 0.053125 0.5953125 0.053125 0.7 0.2015625 0.7 0.2015625 0.5953125
0 1.0 0.0015625 0.9046875 0.0015625 0.9046875 0.1421875 1.0 0.1421875 1.0 0.0015625
0 0.5453125 0.9125 0.4640625 0.9125 0.4640625 1.0 0.5453125 1.0 0.5453125 0.9125
0 0.9578125 0.8078125 0.8 0.8078125 0.8 0.990625 0.9578125 0.990625 0.9578125 0.8078125
0 0.703125 0.0015625 0.5625 0.0015625 0.5625 0.2125 0.703125 0.2125 0.703125 0.0015625
0 0.1 0.771875 0.0015625 0.771875 0.0015625 0.9203125 0.1 0.9203125 0.1 0.771875
0 0.0359375 0.640625 0.0015625 0.640625 0.0015625 0.753125 0.0359375 0.753125 0.0359375 0.640625
0 0.3125 0.5046875 0.2015625 0.5046875 0.2015625 0.6265625 0.3125 0.6265625 0.3125 0.5046875
0 0.871875 0.0015625 0.6890625 0.0015625 0.6890625 0.1703125 0.871875 0.1703125 0.871875 0.0015625
0 0.034375 0.2390625 0.0015625 0.2390625 0.0015625 0.3328125 0.034375 0.3328125 0.034375 0.2390625
0 0.234375 0.0015625 0.0015625 0.0015625 0.0015625 0.14375 0.234375 0.14375 0.234375 0.0015625
0 0.609375 0.7171875 0.3640625 0.7171875 0.3640625 1.0 0.609375 1.0 0.609375 0.7171875
0 1.0 0.7765625 0.728125 0.7765625 0.728125 1.0 1.0 1.0 1.0 0.7765625
0 0.95 0.70625 0.8734375 0.70625 0.8734375 0.8140625 0.95 0.8140625 0.95 0.70625
0 0.871875 0.6140625 0.7703125 0.6140625 0.7703125 0.7953125 0.871875 0.7953125 0.871875 0.6140625
0 0.678125 0.5703125 0.621875 0.5703125 0.621875 0.7296875 0.678125 0.7296875 0.678125 0.5703125
0 0.759375 0.18125 0.5890625 0.18125 0.5890625 0.396875 0.759375 0.396875 0.759375 0.18125
0 0.01875 0.915625 0.0015625 0.915625 0.0015625 1.0 0.01875 1.0 0.01875 0.915625
0 0.13125 0.828125 0.021875 0.828125 0.021875 1.0 0.13125 1.0 0.13125 0.828125
0 0.3859375 0.7859375 0.20625 0.7859375 0.20625 1.0 0.3859375 1.0 0.3859375 0.7859375
0 0.0265625 0.7640625 0.0015625 0.7640625 0.0015625 0.7953125 0.0265625 0.7953125 0.0265625 0.7640625
0 0.3921875 0.6078125 0.08125 0.6078125 0.08125 0.84375 0.3921875 0.84375 0.3921875 0.6078125
0 0.2875 0.4625 0.15625 0.4625 0.15625 0.5671875 0.2875 0.5671875 0.2875 0.4625
0 0.1640625 0.309375 0.028125 0.309375 0.028125 0.4765625 0.1640625 0.4765625 0.1640625 0.309375
0 0.953125 0.1953125 0.0765625 0.1953125 0.0765625 0.6359375 0.953125 0.6359375 0.953125 0.1953125
0 0.0984375 0.1453125 0.0015625 0.1453125 0.0015625 0.2390625 0.0984375 0.2390625 0.0984375 0.1453125
0 0.0046875 0.01875 0.0015625 0.01875 0.0015625 0.0453125 0.0046875 0.0453125 0.0046875 0.01875
0 0.425 0.0015625 0.15625 0.0015625 0.15625 0.2046875 0.425 0.2046875 0.425 0.0015625
0 0.6375 0.0015625 0.4109375 0.0015625 0.4109375 0.38125 0.6375 0.38125 0.6375 0.0015625
0 1.0 0.0015625 0.7515625 0.0015625 0.7515625 0.3890625 1.0 0.3890625 1.0 0.0015625
0 0.8046875 0.0015625 0.6546875 0.0015625 0.6546875 0.253125 0.8046875 0.253125 0.8046875 0.0015625
0 1.0 0.4796875 0.9625 0.4796875 0.9625 0.6671875 1.0 0.6671875 1.0 0.4796875
0 0.1109375 0.1796875 0.0015625 0.1796875 0.0015625 0.40625 0.1109375 0.40625 0.1109375 0.1796875
0 1.0 0.159375 0.9765625 0.159375 0.9765625 0.2171875 1.0 0.2171875 1.0 0.159375
0 0.3921875 0.25625 0.2921875 0.25625 0.2921875 0.3921875 0.3921875 0.3921875 0.3921875 0.25625
0 0.203125 0.2546875 0.115625 0.2546875 0.115625 0.39375 0.203125 0.39375 0.203125 0.2546875
0 0.546875 0.128125 0.45625 0.128125 0.45625 0.253125 0.546875 0.253125 0.546875 0.128125
0 0.2375 0.028125 0.078125 0.028125 0.078125 0.2 0.2375 0.2 0.2375 0.028125
0 0.3078125 0.0015625 0.2625 0.0015625 0.2625 0.015625 0.3078125 0.015625 0.3078125 0.0015625
0 1.0 0.4484375 0.0015625 0.4484375 0.0015625 1.0 1.0 1.0 1.0 0.4484375
0 0.465625 0.8578125 0.3203125 0.8578125 0.3203125 1.0 0.465625 1.0 0.465625 0.8578125
0 0.325 0.40625 0.2046875 0.40625 0.2046875 0.5109375 0.325 0.5109375 0.325 0.40625
0 1.0 0.1328125 0.6203125 0.1328125 0.6203125 0.5234375 1.0 0.5234375 1.0 0.1328125
0 0.928125 0.5375 0.846875 0.5375 0.846875 0.653125 0.928125 0.653125 0.928125 0.5375
0 1.0 0.5328125 0.975 0.5328125 0.975 0.5984375 1.0 0.5984375 1.0 0.5328125
0 0.2328125 0.9375 0.19375 0.9375 0.19375 1.0 0.2328125 1.0 0.2328125 0.9375
