0 0.009375 0.096875 0.0015625 0.096875 0.0015625 0.1109375 0.009375 0.1109375 0.009375 0.096875
0 0.2328125 0.2640625 0.1796875 0.2640625 0.1796875 0.5375 0.2328125 0.5375 0.2328125 0.2640625
0 0.090625 0.0046875 0.0015625 0.0046875 0.0015625 0.1421875 0.090625 0.1421875 0.090625 0.0046875
0 0.0953125 0.9890625 0.0546875 0.9890625 0.0546875 1.0 0.0953125 1.0 0.0953125 0.9890625
0 0.1453125 0.709375 0.0328125 0.709375 0.0328125 0.8515625 0.1453125 0.8515625 0.1453125 0.709375
0 0.5734375 0.0015625 0.3609375 0.0015625 0.3609375 0.1671875 0.5734375 0.1671875 0.5734375 0.0015625
0 0.334375 0.0015625 0.2390625 0.0015625 0.2390625 0.134375 0.334375 0.134375 0.334375 0.0015625
0 0.15625 0.8546875 0.1140625 0.8546875 0.1140625 1.0 0.15625 1.0 0.15625 0.8546875
0 0.165625 0.484375 0.04375 0.484375 0.04375 0.78125 0.165625 0.78125 0.165625 0.484375
0 1.0 0.5125 0.8671875 0.5125 0.8671875 0.815625 1.0 0.815625 1.0 0.5125
0 0.103125 0.534375 0.0015625 0.534375 0.0015625 0.9140625 0.103125 0.9140625 0.103125 0.534375
0 0.05625 0.2390625 0.0015625 0.2390625 0.0015625 0.3609375 0.05625 0.3609375 0.05625 0.2390625
0 0.0078125 0.6328125 0.0015625 0.6328125 0.0015625 0.65 0.0078125 0.65 0.0078125 0.6328125
0 0.565625 0.5640625 0.4609375 0.5640625 0.4609375 0.7265625 0.565625 0.7265625 0.565625 0.5640625
0 1.0 0.5859375 0.8296875 0.5859375 0.8296875 0.7828125 1.0 0.7828125 1.0 0.5859375
0 1.0 0.3640625 0.9015625 0.3640625 0.9015625 0.53125 1.0 0.53125 1.0 0.3640625
0 0.709375 0.115625 0.628125 0.115625 0.628125 0.271875 0.709375 0.271875 0.709375 0.115625
0 0.9 0.0015625 0.8078125 0.0015625 0.8078125 0.25 0.9 0.25 0.9 0.0015625
0 0.084375 0.0015625 0.0078125 0.0015625 0.0078125 0.065625 0.084375 0.065625 0.084375 0.0015625
0 0.175 0.8046875 0.1328125 0.8046875 0.1328125 1.0 0.175 1.0 0.175 0.8046875
0 0.146875 0.11875 0.0015625 0.11875 0.0015625 0.2046875 0.146875 0.2046875 0.146875 0.11875
0 0.796875 0.0015625 0.740625 0.0015625 0.740625 0.08125 0.796875 0.08125 0.796875 0.0015625
0 0.18125 0.540625 0.11875 0.540625 0.11875 0.6609375 0.18125 0.6609375 0.18125 0.540625
0 0.1703125 0.221875 0.09375 0.221875 0.09375 0.3578125 0.1703125 0.3578125 0.1703125 0.221875
0 0.98125 0.165625 0.840625 0.165625 0.840625 0.3453125 0.98125 0.3453125 0.98125 0.165625
0 0.0828125 0.4171875 0.015625 0.4171875 0.015625 0.6 0.0828125 0.6 0.0828125 0.4171875
0 0.1515625 0.1328125 0.0015625 0.1328125 0.0015625 0.475 0.1515625 0.475 0.1515625 0.1328125
0 0.975 0.5171875 0.8375 0.5171875 0.8375 0.603125 0.975 0.603125 0.975 0.5171875
0 0.8 0.2328125 0.68125 0.2328125 0.68125 0.4515625 0.8 0.4515625 0.8 0.2328125
0 0.646875 0.0015625 0.5234375 0.0015625 0.5234375 0.1265625 0.646875 0.1265625 0.646875 0.0015625
0 0.903125 0.0875 0.7296875 0.0875 0.7296875 0.3765625 0.903125 0.3765625 0.903125 0.0875
0 1.0 0.0015625 0.8609375 0.0015625 0.8609375 0.04375 1.0 0.04375 1.0 0.0015625
0 0.1015625 0.0015625 0.015625 0.0015625 0.015625 0.1390625 0.1015625 0.1390625 0.1015625 0.0015625
0 0.0609375 0.9046875 0.0015625 0.9046875 0.0015625 1.0 0.0609375 1.0 0.0609375 0.9046875
0 0.053125 0.64375 0.0015625 0.64375 0.0015625 0.846875 0.053125 0.846875 0.053125 0.64375
0 1.0 0.0015625 0.875 0.0015625 0.875 0.3671875 1.0 0.3671875 1.0 0.0015625
0 0.0296875 0.7453125 0.0015625 0.7453125 0.0015625 0.8859375 0.0296875 0.8859375 0.0296875 0.7453125
0 0.159375 0.8359375 0.028125 0.8359375 0.028125 0.9171875 0.159375 0.9171875 0.159375 0.8359375
0 0.240625 0.0015625 0.0015625 0.0015625 0.0015625 0.809375 0.240625 0.809375 0.240625 0.0015625
0 0.7328125 0.040625 0.640625 0.040625 0.640625 0.2640625 0.7328125 0.2640625 0.7328125 0.040625
0 1.0 0.478125 0.703125 0.478125 0.703125 1.0 1.0 1.0 1.0 0.478125
0 0.94375 0.0015625 0.78125 0.0015625 0.78125 0.3265625 0.94375 0.3265625 0.94375 0.0015625
0 0.1328125 0.875 0.0546875 0.875 0.0546875 1.0 0.1328125 1.0 0.1328125 0.875
