0 0.6 0.5515625 0.5328125 0.5515625 0.5328125 0.71875 0.6 0.71875 0.6 0.5515625
0 0.390625 0.0015625 0.278125 0.0015625 0.278125 0.0578125 0.390625 0.0578125 0.390625 0.0015625
0 0.61875 0.6203125 0.5171875 0.6203125 0.5171875 0.8125 0.61875 0.8125 0.61875 0.6203125
0 0.715625 0.346875 0.6234375 0.346875 0.6234375 0.509375 0.715625 0.509375 0.715625 0.346875
0 1.0 0.30625 0.9828125 0.30625 0.9828125 0.3953125 1.0 0.3953125 1.0 0.30625
0 0.6046875 0.35625 0.4734375 0.35625 0.4734375 0.5515625 0.6046875 0.5515625 0.6046875 0.35625
0 0.05 0.3046875 0.0015625 0.3046875 0.0015625 0.428125 0.05 0.428125 0.05 0.3046875
0 0.36875 0.0015625 0.2703125 0.0015625 0.2703125 0.0953125 0.36875 0.0953125 0.36875 0.0015625
0 0.8203125 0.3546875 0.6859375 0.3546875 0.6859375 0.453125 0.8203125 0.453125 0.8203125 0.3546875
0 0.7078125 0.425 0.5890625 0.425 0.5890625 0.6234375 0.7078125 0.6234375 0.7078125 0.425
0 0.878125 0.25625 0.66875 0.25625 0.66875 0.3859375 0.878125 0.3859375 0.878125 0.25625
0 1.0 0.271875 0.9484375 0.271875 0.9484375 0.3140625 1.0 0.3140625 1.0 0.271875
0 0.7609375 0.803125 0.5890625 0.803125 0.5890625 0.9671875 0.7609375 0.9671875 0.7609375 0.803125
0 0.971875 0.459375 0.8609375 0.459375 0.8609375 0.6046875 0.971875 0.6046875 0.971875 0.459375
0 0.5375 0.4796875 0.3359375 0.4796875 0.3359375 0.7671875 0.5375 0.7671875 0.5375 0.4796875
0 1.0 0.6484375 0.9515625 0.6484375 0.9515625 0.6734375 1.0 0.6734375 1.0 0.6484375
0 1.0 0.259375 0.8515625 0.259375 0.8515625 0.4796875 1.0 0.4796875 1.0 0.259375
0 0.6734375 0.2234375 0.4796875 0.2234375 0.4796875 0.3828125 0.6734375 0.3828125 0.6734375 0.2234375
0 0.2375 0.109375 0.1546875 0.109375 0.1546875 0.3171875 0.2375 0.3171875 0.2375 0.109375
0 0.953125 0.0015625 0.946875 0.0015625 0.946875 0.003125 0.953125 0.003125 0.953125 0.0015625
0 0.5171875 0.1453125 0.4234375 0.1453125 0.4234375 0.3125 0.5171875 0.3125 0.5171875 0.1453125
0 0.00625 0.634375 0.0015625 0.634375 0.0015625 0.6546875 0.00625 0.6546875 0.00625 0.634375
0 0.7875 0.9671875 0.6734375 0.9671875 0.6734375 1.0 0.7875 1.0 0.7875 0.9671875
0 1.0 0.6609375 0.8515625 0.6609375 0.8515625 0.8890625 1.0 0.8890625 1.0 0.6609375
0 0.4640625 0.7515625 0.3265625 0.7515625 0.3265625 0.921875 0.4640625 0.921875 0.4640625 0.7515625
0 0.73125 0.515625 0.615625 0.515625 0.615625 0.646875 0.73125 0.646875 0.73125 0.515625
0 1.0 0.3390625 0.7109375 0.3390625 0.7109375 0.553125 1.0 0.553125 1.0 0.3390625
0 0.21875 0.0015625 0.0015625 0.0015625 0.0015625 0.315625 0.21875 0.315625 0.21875 0.0015625
0 0.6671875 0.6390625 0.5671875 0.6390625 0.5671875 0.7671875 0.6671875 0.7671875 0.6671875 0.6390625
0 0.7703125 0.1359375 0.503125 0.1359375 0.503125 0.296875 0.7703125 0.296875 0.7703125 0.1359375
0 0.121875 0.0015625 0.03125 0.0015625 0.03125 0.1578125 0.121875 0.1578125 0.121875 0.0015625
0 0.3171875 0.875 0.1703125 0.875 0.1703125 1.0 0.3171875 1.0 0.3171875 0.875
0 0.571875 0.940625 0.4859375 0.940625 0.4859375 1.0 0.571875 1.0 0.571875 0.940625
0 1.0 0.49375 0.415625 0.49375 0.415625 1.0 1.0 1.0 1.0 0.49375
0 0.6671875 0.321875 0.5359375 0.321875 0.5359375 0.571875 0.6671875 0.571875 0.6671875 0.321875
0 0.56875 0.09375 0.3484375 0.09375 0.3484375 0.4078125 0.56875 0.4078125 0.56875 0.09375
0 0.63125 0.1546875 0.5046875 0.1546875 0.5046875 0.2390625 0.63125 0.2390625 0.63125 0.1546875
0 0.221875 0.0015625 0.16875 0.0015625 0.16875 0.1421875 0.221875 0.1421875 0.221875 0.0015625
0 0.2765625 0.0015625 0.2328125 0.0015625 0.2328125 0.1125 0.2765625 0.1125 0.2765625 0.0015625
0 0.95 0.0015625 0.6921875 0.0015625 0.6921875 0.0984375 0.95 0.0984375 0.95 0.0015625
