0 1.0 0.3734375 0.8953125 0.3734375 0.8953125 0.6328125 1.0 0.6328125 1.0 0.3734375
0 0.321875 0.0015625 0.0015625 0.0015625 0.0015625 0.334375 0.321875 0.334375 0.321875 0.0015625
0 0.296875 0.915625 0.0453125 0.915625 0.0453125 1.0 0.296875 1.0 0.296875 0.915625
0 0.04375 0.8828125 0.0015625 0.8828125 0.0015625 0.96875 0.04375 0.96875 0.04375 0.8828125
0 1.0 0.359375 0.5984375 0.359375 0.5984375 0.846875 1.0 0.846875 1.0 0.359375
0 0.603125 0.478125 0.4765625 0.478125 0.4765625 0.7453125 0.603125 0.7453125 0.603125 0.478125
0 0.6703125 0.2765625 0.5515625 0.2765625 0.5515625 0.4578125 0.6703125 0.4578125 0.6703125 0.2765625
0 1.0 0.0015625 0.9203125 0.0015625 0.9203125 0.3765625 1.0 0.3765625 1.0 0.0015625
0 0.759375 0.0015625 0.659375 0.0015625 0.659375 0.38125 0.759375 0.38125 0.759375 0.0015625
0 1.0 0.8859375 0.9109375 0.8859375 0.9109375 0.9875 1.0 0.9875 1.0 0.8859375
0 0.9359375 0.028125 0.8375 0.028125 0.8375 0.20625 0.9359375 0.20625 0.9359375 0.028125
0 0.9140625 0.8140625 0.7859375 0.8140625 0.7859375 1.0 0.9140625 1.0 0.9140625 0.8140625
0 0.965625 0.7265625 0.753125 0.7265625 0.753125 1.0 0.965625 1.0 0.965625 0.7265625
0 0.425 0.6546875 0.334375 0.6546875 0.334375 0.915625 0.425 0.915625 0.425 0.6546875
0 0.6875 0.0015625 0.446875 0.0015625 0.446875 0.4765625 0.6875 0.4765625 0.6875 0.0015625
0 0.5828125 0.5421875 0.371875 0.5421875 0.371875 1.0 0.5828125 1.0 0.5828125 0.5421875
0 0.7390625 0.815625 0.578125 0.815625 0.578125 1.0 0.7390625 1.0 0.7390625 0.815625
0 0.0265625 0.9640625 0.0015625 0.9640625 0.0015625 1.0 0.0265625 1.0 0.0265625 0.9640625
0 0.9703125 0.290625 0.540625 0.290625 0.540625 0.875 0.9703125 0.875 0.9703125 0.290625
0 0.35625 0.3546875 0.2453125 0.3546875 0.2453125 0.953125 0.35625 0.953125 0.35625 0.3546875
0 0.8671875 0.2921875 0.746875 0.2921875 0.746875 0.58125 0.8671875 0.58125 0.8671875 0.2921875
0 0.05 0.28125 0.0015625 0.28125 0.0015625 0.3578125 0.05 0.3578125 0.05 0.28125
0 0.653125 0.08125 0.534375 0.08125 0.534375 0.278125 0.653125 0.278125 0.653125 0.08125
0 0.003125 0.6046875 0.0015625 0.6046875 0.0015625 0.615625 0.003125 0.615625 0.003125 0.6046875
0 0.5734375 0.734375 0.5015625 0.734375 0.5015625 0.9421875 0.5734375 0.9421875 0.5734375 0.734375
0 0.709375 0.3546875 0.6328125 0.3546875 0.6328125 0.559375 0.709375 0.559375 0.709375 0.3546875
0 0.871875 0.1015625 0.7703125 0.1015625 0.7703125 0.3 0.871875 0.3 0.871875 0.1015625
0 0.584375 0.6015625 0.4546875 0.6015625 0.4546875 0.8484375 0.584375 0.8484375 0.584375 0.6015625
0 0.965625 0.0015625 0.690625 0.0015625 0.690625 0.4890625 0.965625 0.4890625 0.965625 0.0015625
0 0.946875 0.7953125 0.8390625 0.7953125 0.8390625 0.9890625 0.946875 0.9890625 0.946875 0.7953125
0 1.0 0.73125 0.95625 0.73125 0.95625 0.884375 1.0 0.884375 1.0 0.73125
0 1.0 0.98125 0.840625 0.98125 0.840625 1.0 1.0 1.0 1.0 0.98125
0 0.3015625 0.9890625 0.29375 0.9890625 0.29375 1.0 0.3015625 1.0 0.3015625 0.9890625
0 0.25625 0.834375 0.0015625 0.834375 0.0015625 1.0 0.25625 1.0 0.25625 0.834375
0 0.1796875 0.0015625 0.0390625 0.0015625 0.0390625 0.134375 0.1796875 0.134375 0.1796875 0.0015625
0 0.5234375 0.7640625 0.3625 0.7640625 0.3625 1.0 0.5234375 1.0 0.5234375 0.7640625
0 0.3140625 0.496875 0.2421875 0.496875 0.2421875 0.871875 0.3140625 0.871875 0.3140625 0.496875
0 0.3859375 0.515625 0.3359375 0.515625 0.3359375 0.659375 0.3859375 0.659375 0.3859375 0.515625
0 0.3953125 0.0015625 0.23125 0.0015625 0.23125 0.4390625 0.3953125 0.4390625 0.3953125 0.0015625
0 0.7390625 0.053125 0.6390625 0.053125 0.6390625 0.5203125 0.7390625 0.5203125 0.7390625 0.053125
0 0.60625 0.2125 0.4609375 0.2125 0.4609375 0.48125 0.60625 0.48125 0.60625 0.2125
0 1.0 0.190625 0.8515625 0.190625 0.8515625 0.41875 1.0 0.41875 1.0 0.190625
0 0.89375 0.0015625 0.85 0.0015625 0.85 0.0234375 0.89375 0.0234375 0.89375 0.0015625
0 0.9578125 0.0015625 0.9421875 0.0015625 0.9421875 0.0328125 0.9578125 0.0328125 0.9578125 0.0015625
0 1.0 0.91875 0.9328125 0.91875 0.9328125 0.9859375 1.0 0.9859375 1.0 0.91875
0 0.403125 0.6796875 0.2515625 0.6796875 0.2515625 1.0 0.403125 1.0 0.403125 0.6796875
0 0.225 0.5359375 0.0015625 0.5359375 0.0015625 0.8796875 0.225 0.8796875 0.225 0.5359375
