0 0.884375 0.1765625 0.7671875 0.1765625 0.7671875 0.3 0.884375 0.3 0.884375 0.1765625
0 0.0984375 0.8796875 0.0015625 0.8796875 0.0015625 1.0 0.0984375 1.0 0.0984375 0.8796875
0 0.959375 0.7546875 0.8640625 0.7546875 0.8640625 0.9296875 0.959375 0.9296875 0.959375 0.7546875
0 0.20625 0.5859375 0.084375 0.5859375 0.084375 0.8421875 0.20625 0.8421875 0.20625 0.5859375
0 0.10625 0.540625 0.021875 0.540625 0.021875 0.690625 0.10625 0.690625 0.10625 0.540625
0 0.1984375 0.4546875 0.0984375 0.4546875 0.0984375 0.6390625 0.1984375 0.6390625 0.1984375 0.4546875
0 0.840625 0.0015625 0.7796875 0.0015625 0.7796875 0.04375 0.840625 0.04375 0.840625 0.0015625
0 0.5890625 0.8921875 0.54375 0.8921875 0.54375 1.0 0.5890625 1.0 0.5890625 0.8921875
0 0.98125 0.2921875 0.625 0.2921875 0.625 1.0 0.98125 1.0 0.98125 0.2921875
0 0.784375 0.0015625 0.690625 0.0015625 0.690625 0.18125 0.784375 0.18125 0.784375 0.0015625
0 0.075 0.3859375 0.0078125 0.3859375 0.0078125 0.5921875 0.075 0.5921875 0.075 0.3859375
0 1.0 0.0015625 0.0015625 0.0015625 0.0015625 1.0 1.0 1.0 1.0 0.0015625
0 0.1453125 0.8359375 0.0015625 0.8359375 0.0015625 0.940625 0.1453125 0.940625 0.1453125 0.8359375
0 0.1828125 0.671875 0.0015625 0.671875 0.0015625 0.8390625 0.1828125 0.8390625 0.1828125 0.671875
0 0.49375 0.6296875 0.371875 0.6296875 0.371875 0.765625 0.49375 0.765625 0.49375 0.6296875
0 0.0796875 0.615625 0.0015625 0.615625 0.0015625 0.8609375 0.0796875 0.8609375 0.0796875 0.615625
0 0.615625 0.0015625 0.5296875 0.0015625 0.5296875 0.265625 0.615625 0.265625 0.615625 0.0015625
0 0.484375 0.0015625 0.4390625 0.0015625 0.4390625 0.2015625 0.484375 0.2015625 0.484375 0.0015625
