0 1.0 0.7359375 0.9796875 0.7359375 0.9796875 0.8984375 1.0 0.8984375 1.0 0.7359375
0 0.3890625 0.9046875 0.3171875 0.9046875 0.3171875 1.0 0.3890625 1.0 0.3890625 0.9046875
0 0.03125 0.8046875 0.0015625 0.8046875 0.0015625 0.9953125 0.03125 0.9953125 0.03125 0.8046875
0 0.234375 0.23125 0.11875 0.23125 0.11875 0.409375 0.234375 0.409375 0.234375 0.23125
0 0.4140625 0.053125 0.2734375 0.053125 0.2734375 0.1640625 0.4140625 0.1640625 0.4140625 0.053125
0 0.6171875 0.3359375 0.475 0.3359375 0.475 0.50625 0.6171875 0.50625 0.6171875 0.3359375
0 0.1609375 0.7234375 0.0015625 0.7234375 0.0015625 1.0 0.1609375 1.0 0.1609375 0.7234375
0 0.2859375 0.84375 0.1765625 0.84375 0.1765625 1.0 0.2859375 1.0 0.2859375 0.84375
0 0.3109375 0.659375 0.2125 0.659375 0.2125 0.778125 0.3109375 0.778125 0.3109375 0.659375
0 0.55625 0.1703125 0.25 0.1703125 0.25 0.615625 0.55625 0.615625 0.55625 0.1703125
0 0.2125 0.315625 0.0015625 0.315625 0.0015625 0.5484375 0.2125 0.5484375 0.2125 0.315625
0 0.3265625 0.1375 0.175 0.1375 0.175 0.3421875 0.3265625 0.3421875 0.3265625 0.1375
0 0.8421875 0.7859375 0.7484375 0.7859375 0.7484375 1.0 0.8421875 1.0 0.8421875 0.7859375
0 0.55 0.759375 0.378125 0.759375 0.378125 0.8578125 0.55 0.8578125 0.55 0.759375
0 1.0 0.5890625 0.946875 0.5890625 0.946875 0.8640625 1.0 0.8640625 1.0 0.5890625
0 0.6890625 0.5375 0.5671875 0.5375 0.5671875 0.7734375 0.6890625 0.7734375 0.6890625 0.5375
0 0.478125 0.3953125 0.371875 0.3953125 0.371875 0.6625 0.478125 0.6625 0.478125 0.3953125
0 0.9984375 0.471875 0.8515625 0.471875 0.8515625 0.659375 0.9984375 0.659375 0.9984375 0.471875
0 1.0 0.134375 0.690625 0.134375 0.690625 0.5296875 1.0 0.5296875 1.0 0.134375
0 1.0 0.4453125 0.9984375 0.4453125 0.9984375 0.465625 1.0 0.465625 1.0 0.4453125
0 1.0 0.0953125 0.0015625 0.0953125 0.0015625 1.0 1.0 1.0 1.0 0.0953125
0 0.540625 0.0015625 0.31875 0.0015625 0.31875 0.21875 0.540625 0.21875 0.540625 0.0015625
0 0.0828125 0.940625 0.05 0.940625 0.05 1.0 0.0828125 1.0 0.0828125 0.940625
0 0.15 0.2953125 0.06875 0.2953125 0.06875 0.409375 0.15 0.409375 0.15 0.2953125
0 0.025 0.0015625 0.0015625 0.0015625 0.0015625 0.0390625 0.025 0.0390625 0.025 0.0015625
0 0.775 0.9078125 0.6109375 0.9078125 0.6109375 1.0 0.775 1.0 0.775 0.9078125
0 1.0 0.8109375 0.9109375 0.8109375 0.9109375 1.0 1.0 1.0 1.0 0.8109375
0 0.909375 0.259375 0.7921875 0.259375 0.7921875 0.403125 0.909375 0.403125 0.909375 0.259375
0 1.0 0.1453125 0.965625 0.1453125 0.965625 0.2953125 1.0 0.2953125 1.0 0.1453125
