0 0.584375 0.0015625 0.5265625 0.0015625 0.5265625 0.10625 0.584375 0.10625 0.584375 0.0015625
0 0.9953125 0.7703125 0.91875 0.7703125 0.91875 1.0 0.9953125 1.0 0.9953125 0.7703125
0 1.0 0.7078125 0.9828125 0.7078125 0.9828125 0.83125 1.0 0.83125 1.0 0.7078125
0 0.4578125 0.2171875 0.325 0.2171875 0.325 0.5265625 0.4578125 0.5265625 0.4578125 0.2171875
0 0.2765625 0.0015625 0.2625 0.0015625 0.2625 0.00625 0.2765625 0.00625 0.2765625 0.0015625
0 0.51875 0.9828125 0.4 0.9828125 0.4 1.0 0.51875 1.0 0.51875 0.9828125
0 0.390625 0.309375 0.31875 0.309375 0.31875 0.3953125 0.390625 0.3953125 0.390625 0.309375
0 1.0 0.521875 0.975 0.521875 0.975 0.5515625 1.0 0.5515625 1.0 0.521875
0 1.0 0.321875 0.9953125 0.321875 0.9953125 0.39375 1.0 0.39375 1.0 0.321875
0 0.603125 0.0015625 0.5765625 0.0015625 0.5765625 0.0375 0.603125 0.0375 0.603125 0.0015625
0 0.090625 0.45625 0.0015625 0.45625 0.0015625 0.7625 0.090625 0.7625 0.090625 0.45625
0 0.0078125 0.028125 0.0015625 0.028125 0.0015625 0.06875 0.0078125 0.06875 0.0078125 0.028125
0 0.2640625 0.0015625 0.08125 0.0015625 0.08125 0.0328125 0.2640625 0.0328125 0.2640625 0.0015625
0 0.5203125 1.0 0.45 1.0 0.45 1.0 0.5203125 1.0 0.5203125 1.0
0 1.0 0.49375 0.8859375 0.49375 0.8859375 0.9125 1.0 0.9125 1.0 0.49375
0 0.54375 0.3890625 0.4234375 0.3890625 0.4234375 0.4734375 0.54375 0.4734375 0.54375 0.3890625
0 0.5328125 0.1484375 0.4046875 0.1484375 0.4046875 0.365625 0.5328125 0.365625 0.5328125 0.1484375
0 1.0 0.0234375 0.9421875 0.0234375 0.9421875 0.2296875 1.0 0.2296875 1.0 0.0234375
0 0.43125 0.0015625 0.3515625 0.0015625 0.3515625 0.0359375 0.43125 0.0359375 0.43125 0.0015625
0 0.1625 0.6109375 0.0015625 0.6109375 0.0015625 1.0 0.1625 1.0 0.1625 0.6109375
0 0.1 0.221875 0.0015625 0.221875 0.0015625 0.465625 0.1 0.465625 0.1 0.221875
0 0.5328125 0.86875 0.3609375 0.86875 0.3609375 1.0 0.5328125 1.0 0.5328125 0.86875
0 0.3484375 0.81875 0.2625 0.81875 0.2625 1.0 0.3484375 1.0 0.3484375 0.81875
0 0.2515625 0.640625 0.171875 0.640625 0.171875 0.878125 0.2515625 0.878125 0.2515625 0.640625
0 1.0 0.2109375 0.8859375 0.2109375 0.8859375 0.5078125 1.0 0.5078125 1.0 0.2109375
0 1.0 0.0765625 0.9875 0.0765625 0.9875 0.15625 1.0 0.15625 1.0 0.0765625
0 0.021875 0.8921875 0.0015625 0.8921875 0.0015625 1.0 0.021875 1.0 0.021875 0.8921875
0 0.24375 0.08125 0.146875 0.08125 0.146875 0.4203125 0.24375 0.4203125 0.24375 0.08125
0 0.340625 0.0640625 0.2828125 0.0640625 0.2828125 0.1828125 0.340625 0.1828125 0.340625 0.0640625
0 1.0 0.8359375 0.9578125 0.8359375 0.9578125 1.0 1.0 1.0 1.0 0.8359375
0 1.0 0.2109375 0.9734375 0.2109375 0.9734375 0.328125 1.0 0.328125 1.0 0.2109375
0 0.5640625 0.0015625 0.4 0.0015625 0.4 0.0671875 0.5640625 0.0671875 0.5640625 0.0015625
0 0.053125 0.7125 0.0015625 0.7125 0.0015625 0.8140625 0.053125 0.8140625 0.053125 0.7125
0 0.0421875 0.4609375 0.0015625 0.4609375 0.0015625 0.6421875 0.0421875 0.6421875 0.0421875 0.4609375
0 0.021875 0.275 0.0015625 0.275 0.0015625 0.359375 0.021875 0.359375 0.021875 0.275
0 0.7390625 0.053125 0.0015625 0.053125 0.0015625 0.909375 0.7390625 0.909375 0.7390625 0.053125
0 0.16875 0.0015625 0.0015625 0.0015625 0.0015625 0.09375 0.16875 0.09375 0.16875 0.0015625
0 0.1625 0.9890625 0.128125 0.9890625 0.128125 1.0 0.1625 1.0 0.1625 0.9890625
0 0.4890625 0.1125 0.403125 0.1125 0.403125 0.278125 0.4890625 0.278125 0.4890625 0.1125
0 0.546875 0.0015625 0.19375 0.0015625 0.19375 0.0953125 0.546875 0.0953125 0.546875 0.0015625
0 0.4578125 0.0015625 0.4265625 0.0015625 0.4265625 0.015625 0.4578125 0.015625 0.4578125 0.0015625
0 0.8171875 0.0015625 0.4359375 0.0015625 0.4359375 1.0 0.8171875 1.0 0.8171875 0.0015625
0 0.50625 0.4625 0.4125 0.4625 0.4125 0.5375 0.50625 0.5375 0.50625 0.4625
0 1.0 0.0015625 0.8578125 0.0015625 0.8578125 0.2609375 1.0 0.2609375 1.0 0.0015625
0 1.0 0.3703125 0.8578125 0.3703125 0.8578125 0.703125 1.0 0.703125 1.0 0.3703125
