0 0.2328125 0.634375 0.05 0.634375 0.05 0.7390625 0.2328125 0.7390625 0.2328125 0.634375
0 0.1796875 0.534375 0.0015625 0.534375 0.0015625 0.659375 0.1796875 0.659375 0.1796875 0.534375
0 0.0828125 0.4875 0.0015625 0.4875 0.0015625 0.590625 0.0828125 0.590625 0.0828125 0.4875
0 0.3859375 0.2140625 0.246875 0.2140625 0.246875 0.3484375 0.3859375 0.3484375 0.3859375 0.2140625
0 0.221875 0.7703125 0.0015625 0.7703125 0.0015625 1.0 0.221875 1.0 0.221875 0.7703125
0 0.3421875 0.30625 0.0234375 0.30625 0.0234375 0.559375 0.3421875 0.559375 0.3421875 0.30625
0 0.521875 0.2734375 0.359375 0.2734375 0.359375 0.4765625 0.521875 0.4765625 0.521875 0.2734375
0 0.2 0.0015625 0.0015625 0.0015625 0.0015625 0.328125 0.2 0.328125 0.2 0.0015625
0 0.240625 0.540625 0.0734375 0.540625 0.0734375 0.68125 0.240625 0.68125 0.240625 0.540625
0 0.5296875 0.0328125 0.415625 0.0328125 0.415625 0.3046875 0.5296875 0.3046875 0.5296875 0.0328125
0 0.4296875 0.0015625 0.18125 0.0015625 0.18125 0.2109375 0.4296875 0.2109375 0.4296875 0.0015625
0 0.559375 0.259375 0.44375 0.259375 0.44375 0.3859375 0.559375 0.3859375 0.559375 0.259375
0 0.46875 0.0015625 0.340625 0.0015625 0.340625 0.1125 0.46875 0.1125 0.46875 0.0015625
0 0.2625 0.0015625 0.115625 0.0015625 0.115625 0.1859375 0.2625 0.1859375 0.2625 0.0015625
0 0.078125 0.5921875 0.0015625 0.5921875 0.0015625 0.7875 0.078125 0.7875 0.078125 0.5921875
0 0.0046875 0.9921875 0.0015625 0.9921875 0.0015625 1.0 0.0046875 1.0 0.0046875 0.9921875
0 0.328125 0.084375 0.0015625 0.084375 0.0015625 0.5 0.328125 0.5 0.328125 0.084375
0 0.3546875 0.0015625 0.2390625 0.0015625 0.2390625 0.1828125 0.3546875 0.1828125 0.3546875 0.0015625
0 0.4515625 0.246875 0.3546875 0.246875 0.3546875 0.4171875 0.4515625 0.4171875 0.4515625 0.246875
