0 0.396875 0.5734375 0.2890625 0.5734375 0.2890625 0.834375 0.396875 0.834375 0.396875 0.5734375
0 1.0 0.53125 0.846875 0.53125 0.846875 0.6109375 1.0 0.6109375 1.0 0.53125
0 0.4234375 0.846875 0.38125 0.846875 0.38125 1.0 0.4234375 1.0 0.4234375 0.846875
0 0.528125 0.2734375 0.3953125 0.2734375 0.3953125 0.5625 0.528125 0.5625 0.528125 0.2734375
0 0.021875 0.071875 0.0015625 0.071875 0.0015625 0.15 0.021875 0.15 0.021875 0.071875
0 0.028125 0.403125 0.0015625 0.403125 0.0015625 0.5234375 0.028125 0.5234375 0.028125 0.403125
0 0.39375 0.0609375 0.246875 0.0609375 0.246875 0.1828125 0.39375 0.1828125 0.39375 0.0609375
0 0.5046875 0.2546875 0.33125 0.2546875 0.33125 0.3703125 0.5046875 0.3703125 0.5046875 0.2546875
0 0.3703125 0.7109375 0.2734375 0.7109375 0.2734375 0.8375 0.3703125 0.8375 0.3703125 0.7109375
0 0.09375 0.0015625 0.0015625 0.0015625 0.0015625 0.1203125 0.09375 0.1203125 0.09375 0.0015625
0 0.11875 0.2015625 0.0015625 0.2015625 0.0015625 0.3890625 0.11875 0.3890625 0.11875 0.2015625
0 0.9828125 0.8828125 0.86875 0.8828125 0.86875 1.0 0.9828125 1.0 0.9828125 0.8828125
0 0.0890625 0.8046875 0.0015625 0.8046875 0.0015625 1.0 0.0890625 1.0 0.0890625 0.8046875
0 0.01875 0.7796875 0.0015625 0.7796875 0.0015625 0.8109375 0.01875 0.8109375 0.01875 0.7796875
0 0.409375 0.8546875 0.2640625 0.8546875 0.2640625 1.0 0.409375 1.0 0.409375 0.8546875
0 0.25625 0.809375 0.1046875 0.809375 0.1046875 0.9828125 0.25625 0.9828125 0.25625 0.809375
0 0.3328125 0.690625 0.221875 0.690625 0.221875 0.8625 0.3328125 0.8625 0.3328125 0.690625
0 0.5453125 0.5703125 0.2953125 0.5703125 0.2953125 0.828125 0.5453125 0.828125 0.5453125 0.5703125
0 0.2109375 0.628125 0.0015625 0.628125 0.0015625 0.8734375 0.2109375 0.8734375 0.2109375 0.628125
0 0.06875 0.6765625 0.0015625 0.6765625 0.0015625 0.7765625 0.06875 0.7765625 0.06875 0.6765625
0 0.190625 0.4734375 0.0015625 0.4734375 0.0015625 0.6609375 0.190625 0.6609375 0.190625 0.4734375
0 0.21875 0.353125 0.090625 0.353125 0.090625 0.4921875 0.21875 0.4921875 0.21875 0.353125
0 0.33125 0.2890625 0.1859375 0.2890625 0.1859375 0.421875 0.33125 0.421875 0.33125 0.2890625
0 0.409375 0.115625 0.209375 0.115625 0.209375 0.275 0.409375 0.275 0.409375 0.115625
0 0.8859375 0.715625 0.5453125 0.715625 0.5453125 0.9859375 0.8859375 0.9859375 0.8859375 0.715625
0 0.60625 0.5171875 0.509375 0.5171875 0.509375 0.7625 0.60625 0.7625 0.60625 0.5171875
0 0.1171875 0.6484375 0.0015625 0.6484375 0.0015625 0.815625 0.1171875 0.815625 0.1171875 0.6484375
0 0.484375 0.153125 0.34375 0.153125 0.34375 0.2671875 0.484375 0.2671875 0.484375 0.153125
0 1.0 0.0015625 0.0015625 0.0015625 0.0015625 1.0 1.0 1.0 1.0 0.0015625
