0 0.0609375 0.2640625 0.0015625 0.2640625 0.0015625 0.403125 0.0609375 0.403125 0.0609375 0.2640625
0 0.4953125 0.2359375 0.3859375 0.2359375 0.3859375 0.35625 0.4953125 0.35625 0.4953125 0.2359375
0 0.4359375 0.7796875 0.30625 0.7796875 0.30625 0.909375 0.4359375 0.909375 0.4359375 0.7796875
0 0.9140625 0.634375 0.4421875 0.634375 0.4421875 0.90625 0.9140625 0.90625 0.9140625 0.634375
0 0.40625 0.378125 0.31875 0.378125 0.31875 0.4953125 0.40625 0.4953125 0.40625 0.378125
0 0.1640625 0.2609375 0.0015625 0.2609375 0.0015625 0.45625 0.1640625 0.45625 0.1640625 0.2609375
0 0.7578125 0.8828125 0.6375 0.8828125 0.6375 0.9734375 0.7578125 0.9734375 0.7578125 0.8828125
0 1.0 0.546875 0.89375 0.546875 0.89375 0.765625 1.0 0.765625 1.0 0.546875
0 0.725 0.5359375 0.6171875 0.5359375 0.6171875 0.60625 0.725 0.60625 0.725 0.5359375
0 0.903125 0.3671875 0.7015625 0.3671875 0.7015625 0.4859375 0.903125 0.4859375 0.903125 0.3671875
0 0.8875 0.0015625 0.5328125 0.0015625 0.5328125 0.075 0.8875 0.075 0.8875 0.0015625
0 0.965625 0.9890625 0.9203125 0.9890625 0.9203125 1.0 0.965625 1.0 0.965625 0.9890625
0 0.3390625 0.0046875 0.24375 0.0046875 0.24375 0.146875 0.3390625 0.146875 0.3390625 0.0046875
0 0.1484375 0.0015625 0.0078125 0.0015625 0.0078125 0.05625 0.1484375 0.05625 0.1484375 0.0015625
0 0.5203125 0.7859375 0.4171875 0.7859375 0.4171875 0.9515625 0.5203125 0.9515625 0.5203125 0.7859375
0 0.384375 0.7640625 0.16875 0.7640625 0.16875 0.8546875 0.384375 0.8546875 0.384375 0.7640625
0 0.8109375 0.4625 0.54375 0.4625 0.54375 0.56875 0.8109375 0.56875 0.8109375 0.4625
0 0.3203125 0.81875 0.178125 0.81875 0.178125 0.9109375 0.3203125 0.9109375 0.3203125 0.81875
0 1.0 0.7078125 0.9578125 0.7078125 0.9578125 0.8609375 1.0 0.8609375 1.0 0.7078125
0 0.7203125 0.6 0.5953125 0.6 0.5953125 0.790625 0.7203125 0.790625 0.7203125 0.6
0 0.0875 0.171875 0.0015625 0.171875 0.0015625 0.23125 0.0875 0.23125 0.0875 0.171875
0 0.00625 0.0015625 0.0015625 0.0015625 0.0015625 0.0171875 0.00625 0.0171875 0.00625 0.0015625
0 0.3703125 0.284375 0.2359375 0.284375 0.2359375 0.5375 0.3703125 0.5375 0.3703125 0.284375
0 0.9875 0.909375 0.834375 0.909375 0.834375 1.0 0.9875 1.0 0.9875 0.909375
0 0.4921875 0.85 0.2 0.85 0.2 1.0 0.4921875 1.0 0.4921875 0.85
0 0.8046875 0.8453125 0.4953125 0.8453125 0.4953125 1.0 0.8046875 1.0 0.8046875 0.8453125
0 1.0 0.8296875 0.84375 0.8296875 0.84375 0.8984375 1.0 0.8984375 1.0 0.8296875
0 0.8203125 0.75 0.6921875 0.75 0.6921875 0.85625 0.8203125 0.85625 0.8203125 0.75
0 0.7015625 0.509375 0.4703125 0.509375 0.4703125 0.7890625 0.7015625 0.7890625 0.7015625 0.509375
0 1.0 0.4234375 0.7109375 0.4234375 0.7109375 0.653125 1.0 0.653125 1.0 0.4234375
0 0.49375 0.090625 0.2671875 0.090625 0.2671875 0.4515625 0.49375 0.4515625 0.49375 0.090625
0 0.78125 0.0921875 0.5359375 0.0921875 0.5359375 0.33125 0.78125 0.33125 0.78125 0.0921875
0 0.93125 0.0015625 0.7265625 0.0015625 0.7265625 0.1109375 0.93125 0.1109375 0.93125 0.0015625
0 0.7078125 0.0015625 0.5453125 0.0015625 0.5453125 0.0921875 0.7078125 0.0921875 0.7078125 0.0015625
0 1.0 0.9265625 0.99375 0.9265625 0.99375 0.9546875 1.0 0.9546875 1.0 0.9265625
0 0.5046875 0.5609375 0.3078125 0.5609375 0.3078125 0.79375 0.5046875 0.79375 0.5046875 0.5609375
0 0.8265625 0.8625 0.6890625 0.8625 0.6890625 1.0 0.8265625 1.0 0.8265625 0.8625
0 0.775 0.4890625 0.5984375 0.4890625 0.5984375 0.5609375 0.775 0.5609375 0.775 0.4890625
0 0.96875 0.0015625 0.90625 0.0015625 0.90625 0.0375 0.96875 0.0375 0.96875 0.0015625
0 0.0046875 0.05 0.0015625 0.05 0.0015625 0.0953125 0.0046875 0.0953125 0.0046875 0.05
0 0.4859375 0.4984375 0.165625 0.4984375 0.165625 0.7859375 0.4859375 0.7859375 0.4859375 0.4984375
0 0.646875 0.4234375 0.4953125 0.4234375 0.4953125 0.5359375 0.646875 0.5359375 0.646875 0.4234375
0 0.1125 0.2078125 0.0015625 0.2078125 0.0015625 0.284375 0.1125 0.284375 0.1125 0.2078125
0 0.5796875 0.1046875 0.4796875 0.1046875 0.4796875 0.2359375 0.5796875 0.2359375 0.5796875 0.1046875
0 0.4625 0.0484375 0.3046875 0.0484375 0.3046875 0.153125 0.4625 0.153125 0.4625 0.0484375
0 1.0 0.8515625 0.88125 0.8515625 0.88125 1.0 1.0 1.0 1.0 0.8515625
0 1.0 0.334375 0.8140625 0.334375 0.8140625 0.471875 1.0 0.471875 1.0 0.334375
0 0.159375 0.1484375 0.059375 0.1484375 0.059375 0.2359375 0.159375 0.2359375 0.159375 0.1484375
0 0.3515625 0.925 0.259375 0.925 0.259375 1.0 0.3515625 1.0 0.3515625 0.925
0 0.690625 0.63125 0.6125 0.63125 0.6125 0.7390625 0.690625 0.7390625 0.690625 0.63125
0 0.5453125 0.2171875 0.49375 0.2171875 0.49375 0.396875 0.5453125 0.396875 0.5453125 0.2171875
0 0.353125 0.14375 0.2703125 0.14375 0.2703125 0.2953125 0.353125 0.2953125 0.353125 0.14375
0 0.3875 0.0015625 0.234375 0.0015625 0.234375 0.0703125 0.3875 0.0703125 0.3875 0.0015625
0 0.1421875 0.4140625 0.0015625 0.4140625 0.0015625 0.5015625 0.1421875 0.5015625 0.1421875 0.4140625
0 0.16875 0.2953125 0.0453125 0.2953125 0.0453125 0.3921875 0.16875 0.3921875 0.16875 0.2953125
0 0.153125 0.0015625 0.1 0.0015625 0.1 0.0125 0.153125 0.0125 0.153125 0.0015625
0 1.0 0.6359375 0.8328125 0.6359375 0.8328125 0.8578125 1.0 0.8578125 1.0 0.6359375
0 0.928125 0.0234375 0.665625 0.0234375 0.665625 0.1625 0.928125 0.1625 0.928125 0.0234375
0 0.7515625 0.0671875 0.5734375 0.0671875 0.5734375 0.134375 0.7515625 0.134375 0.7515625 0.0671875
0 1.0 0.3859375 1.0 0.3859375 1.0 0.3875 1.0 0.3875 1.0 0.3859375
0 0.1734375 0.6140625 0.0015625 0.6140625 0.0015625 0.946875 0.1734375 0.946875 0.1734375 0.6140625
0 0.1390625 0.4765625 0.0015625 0.4765625 0.0015625 0.5921875 0.1390625 0.5921875 0.1390625 0.4765625
0 0.303125 0.9359375 0.1984375 0.9359375 0.1984375 1.0 0.303125 1.0 0.303125 0.9359375
0 0.0015625 0.81875 0.0015625 0.81875 0.0015625 0.8265625 0.0015625 0.8265625 0.0015625 0.81875
0 0.1296875 0.4578125 0.0015625 0.4578125 0.0015625 0.54375 0.1296875 0.54375 0.1296875 0.4578125
0 0.20625 0.828125 0.09375 0.828125 0.09375 1.0 0.20625 1.0 0.20625 0.828125
0 0.2640625 0.315625 0.0171875 0.315625 0.0171875 0.68125 0.2640625 0.68125 0.2640625 0.315625
0 0.1015625 0.015625 0.0015625 0.015625 0.0015625 0.1546875 0.1015625 0.1546875 0.1015625 0.015625
0 0.1828125 0.7859375 0.0578125 0.7859375 0.0578125 0.990625 0.1828125 0.990625 0.1828125 0.7859375
0 0.0421875 0.721875 0.0015625 0.721875 0.0015625 0.88125 0.0421875 0.88125 0.0421875 0.721875
0 0.0859375 0.0671875 0.0015625 0.0671875 0.0015625 0.18125 0.0859375 0.18125 0.0859375 0.0671875
0 0.103125 0.96875 0.0734375 0.96875 0.0734375 1.0 0.103125 1.0 0.103125 0.96875
0 0.059375 0.9859375 0.0015625 0.9859375 0.0015625 1.0 0.059375 1.0 0.059375 0.9859375
0 0.4703125 0.403125 0.3609375 0.403125 0.3609375 0.528125 0.4703125 0.528125 0.4703125 0.403125
0 0.29375 0.05625 0.2109375 0.05625 0.2109375 0.3171875 0.29375 0.3171875 0.29375 0.05625
0 0.9 0.8140625 0.8078125 0.8140625 0.8078125 0.9984375 0.9 0.9984375 0.9 0.8140625
0 0.7734375 0.384375 0.6296875 0.384375 0.6296875 0.4953125 0.7734375 0.4953125 0.7734375 0.384375
0 1.0 0.9984375 0.996875 0.9984375 0.996875 1.0 1.0 1.0 1.0 0.9984375
0 0.271875 0.5296875 0.1265625 0.5296875 0.1265625 0.6875 0.271875 0.6875 0.271875 0.5296875
0 0.071875 0.909375 0.0015625 0.909375 0.0015625 0.990625 0.071875 0.990625 0.071875 0.909375
0 0.01875 0.171875 0.0015625 0.171875 0.0015625 0.203125 0.01875 0.203125 0.01875 0.171875
0 0.5796875 0.0015625 0.0421875 0.0015625 0.0421875 0.390625 0.5796875 0.390625 0.5796875 0.0015625
0 0.5234375 0.9171875 0.4515625 0.9171875 0.4515625 1.0 0.5234375 1.0 0.5234375 0.9171875
0 1.0 0.0015625 0.1765625 0.0015625 0.1765625 0.721875 1.0 0.721875 1.0 0.0015625
0 1.0 0.1203125 0.9140625 0.1203125 0.9140625 0.25 1.0 0.25 1.0 0.1203125
