0 0.0859375 0.015625 0.0015625 0.015625 0.0015625 0.134375 0.0859375 0.134375 0.0859375 0.015625
0 0.2140625 0.14375 0.0859375 0.14375 0.0859375 0.296875 0.2140625 0.296875 0.2140625 0.14375
0 0.8421875 0.01875 0.721875 0.01875 0.721875 0.215625 0.8421875 0.215625 0.8421875 0.01875
0 0.2875 0.203125 0.184375 0.203125 0.184375 0.378125 0.2875 0.378125 0.2875 0.203125
0 0.025 0.7859375 0.0015625 0.7859375 0.0015625 0.8359375 0.025 0.8359375 0.025 0.7859375
0 0.9390625 0.434375 0.865625 0.434375 0.865625 0.6609375 0.9390625 0.6609375 0.9390625 0.434375
0 0.115625 0.2671875 0.0140625 0.2671875 0.0140625 0.4671875 0.115625 0.4671875 0.115625 0.2671875
0 0.025 0.03125 0.0015625 0.03125 0.0015625 0.0921875 0.025 0.0921875 0.025 0.03125
0 0.39375 0.465625 0.3515625 0.465625 0.3515625 0.7453125 0.39375 0.7453125 0.39375 0.465625
0 0.490625 0.4328125 0.3703125 0.4328125 0.3703125 0.6203125 0.490625 0.6203125 0.490625 0.4328125
0 1.0 0.0015625 0.984375 0.0015625 0.984375 0.0703125 1.0 0.0703125 1.0 0.0015625
0 0.5609375 0.05625 0.265625 0.05625 0.265625 0.2171875 0.5609375 0.2171875 0.5609375 0.05625
0 0.4859375 0.0671875 0.3125 0.0671875 0.3125 0.1234375 0.4859375 0.1234375 0.4859375 0.0671875
0 0.415625 0.0015625 0.2046875 0.0015625 0.2046875 0.078125 0.415625 0.078125 0.415625 0.0015625
0 0.7578125 0.4328125 0.5890625 0.4328125 0.5890625 0.7296875 0.7578125 0.7296875 0.7578125 0.4328125
0 1.0 0.4578125 0.9140625 0.4578125 0.9140625 0.603125 1.0 0.603125 1.0 0.4578125
0 0.928125 0.3484375 0.76875 0.3484375 0.76875 0.5046875 0.928125 0.5046875 0.928125 0.3484375
0 0.3578125 0.0015625 0.2515625 0.0015625 0.2515625 0.040625 0.3578125 0.040625 0.3578125 0.0015625
0 0.2859375 0.1921875 0.165625 0.1921875 0.165625 0.490625 0.2859375 0.490625 0.2859375 0.1921875
0 1.0 0.6875 0.9421875 0.6875 0.9421875 0.75625 1.0 0.75625 1.0 0.6875
0 0.6375 0.5390625 0.5140625 0.5390625 0.5140625 0.734375 0.6375 0.734375 0.6375 0.5390625
0 1.0 0.0015625 0.0015625 0.0015625 0.0015625 1.0 1.0 1.0 1.0 0.0015625
0 0.996875 0.3484375 0.8984375 0.3484375 0.8984375 0.540625 0.996875 0.540625 0.996875 0.3484375
0 1.0 0.0015625 0.4640625 0.0015625 0.4640625 0.2671875 1.0 0.2671875 1.0 0.0015625
0 0.2421875 0.0015625 0.0875 0.0015625 0.0875 0.1234375 0.2421875 0.1234375 0.2421875 0.0015625
0 0.959375 0.9640625 0.9265625 0.9640625 0.9265625 1.0 0.959375 1.0 0.959375 0.9640625
