0 0.2 0.290625 0.0015625 0.290625 0.0015625 0.809375 0.2 0.809375 0.2 0.290625
0 0.8734375 0.753125 0.521875 0.753125 0.521875 1.0 0.8734375 1.0 0.8734375 0.753125
0 0.5921875 0.746875 0.3265625 0.746875 0.3265625 1.0 0.5921875 1.0 0.5921875 0.746875
0 0.440625 0.6625 0.2671875 0.6625 0.2671875 0.778125 0.440625 0.778125 0.440625 0.6625
0 1.0 0.0015625 0.421875 0.0015625 0.421875 0.546875 1.0 0.546875 1.0 0.0015625
0 1.0 0.753125 0.7453125 0.753125 0.7453125 1.0 1.0 1.0 1.0 0.753125
0 0.70625 0.953125 0.5921875 0.953125 0.5921875 1.0 0.70625 1.0 0.70625 0.953125
0 0.4328125 0.0015625 0.0015625 0.0015625 0.0015625 0.6734375 0.4328125 0.6734375 0.4328125 0.0015625
0 0.803125 0.0015625 0.134375 0.0015625 0.134375 1.0 0.803125 1.0 0.803125 0.0015625
0 0.1203125 0.634375 0.0015625 0.634375 0.0015625 0.9671875 0.1203125 0.9671875 0.1203125 0.634375
0 1.0 0.2078125 0.7 0.2078125 0.7 0.79375 1.0 0.79375 1.0 0.2078125
0 0.953125 0.0015625 0.825 0.0015625 0.825 0.0453125 0.953125 0.0453125 0.953125 0.0015625
0 0.9765625 0.7171875 0.7828125 0.7171875 0.7828125 0.903125 0.9765625 0.903125 0.9765625 0.7171875
