0 0.725 0.046875 0.5828125 0.046875 0.5828125 0.2109375 0.725 0.2109375 0.725 0.046875
0 0.3984375 0.1140625 0.2859375 0.1140625 0.2859375 0.2921875 0.3984375 0.2921875 0.3984375 0.1140625
0 1.0 0.83125 0.9 0.83125 0.9 1.0 1.0 1.0 1.0 0.83125
0 0.44375 0.1546875 0.35625 0.1546875 0.35625 0.2765625 0.44375 0.2765625 0.44375 0.1546875
0 0.5921875 0.8 0.3671875 0.8 0.3671875 1.0 0.5921875 1.0 0.5921875 0.8
0 0.3859375 0.7125 0.11875 0.7125 0.11875 0.8265625 0.3859375 0.8265625 0.3859375 0.7125
0 0.5859375 0.0265625 0.378125 0.0265625 0.378125 0.421875 0.5859375 0.421875 0.5859375 0.0265625
0 0.8828125 0.9875 0.8078125 0.9875 0.8078125 1.0 0.8828125 1.0 0.8828125 0.9875
0 0.45 0.7140625 0.3546875 0.7140625 0.3546875 0.828125 0.45 0.828125 0.45 0.7140625
0 0.3984375 0.3046875 0.2953125 0.3046875 0.2953125 0.45625 0.3984375 0.45625 0.3984375 0.3046875
0 0.4109375 0.5046875 0.3234375 0.5046875 0.3234375 0.646875 0.4109375 0.646875 0.4109375 0.5046875
0 0.2390625 0.234375 0.0546875 0.234375 0.0546875 0.3078125 0.2390625 0.3078125 0.2390625 0.234375
0 0.215625 0.25625 0.05625 0.25625 0.05625 0.4109375 0.215625 0.4109375 0.215625 0.25625
0 0.825 0.0015625 0.771875 0.0015625 0.771875 0.0578125 0.825 0.0578125 0.825 0.0015625
0 0.6828125 0.4359375 0.4875 0.4359375 0.4875 0.646875 0.6828125 0.646875 0.6828125 0.4359375
0 0.2140625 0.7359375 0.090625 0.7359375 0.090625 0.9890625 0.2140625 0.9890625 0.2140625 0.7359375
0 0.846875 0.5046875 0.61875 0.5046875 0.61875 0.721875 0.846875 0.721875 0.846875 0.5046875
0 0.659375 0.2640625 0.490625 0.2640625 0.490625 0.459375 0.659375 0.459375 0.659375 0.2640625
0 0.471875 0.0765625 0.3203125 0.0765625 0.3203125 0.2484375 0.471875 0.2484375 0.471875 0.0765625
0 0.60625 0.0015625 0.478125 0.0015625 0.478125 0.165625 0.60625 0.165625 0.60625 0.0015625
0 0.7828125 0.0015625 0.5984375 0.0015625 0.5984375 0.140625 0.7828125 0.140625 0.7828125 0.0015625
0 0.09375 0.24375 0.0015625 0.24375 0.0015625 0.4140625 0.09375 0.4140625 0.09375 0.24375
0 0.3203125 0.1109375 0.13125 0.1109375 0.13125 0.184375 0.3203125 0.184375 0.3203125 0.1109375
0 0.3984375 0.0015625 0.26875 0.0015625 0.26875 0.0875 0.3984375 0.0875 0.3984375 0.0015625
0 0.4640625 0.584375 0.3515625 0.584375 0.3515625 0.7234375 0.4640625 0.7234375 0.4640625 0.584375
0 0.5328125 0.0015625 0.425 0.0015625 0.425 0.1546875 0.5328125 0.1546875 0.5328125 0.0015625
0 1.0 0.975 0.9640625 0.975 0.9640625 1.0 1.0 1.0 1.0 0.975
0 1.0 0.771875 0.975 0.771875 0.975 0.8203125 1.0 0.8203125 1.0 0.771875
0 0.93125 0.6421875 0.7546875 0.6421875 0.7546875 0.775 0.93125 0.775 0.93125 0.6421875
0 0.5828125 0.98125 0.5171875 0.98125 0.5171875 1.0 0.5828125 1.0 0.5828125 0.98125
0 0.43125 0.8203125 0.3234375 0.8203125 0.3234375 0.971875 0.43125 0.971875 0.43125 0.8203125
0 0.425 0.0015625 0.3828125 0.0015625 0.3828125 0.053125 0.425 0.053125 0.425 0.0015625
0 0.903125 0.9953125 0.884375 0.9953125 0.884375 1.0 0.903125 1.0 0.903125 0.9953125
0 0.875 0.7125 0.778125 0.7125 0.778125 0.89375 0.875 0.89375 0.875 0.7125
0 1.0 0.6515625 0.8875 0.6515625 0.8875 0.871875 1.0 0.871875 1.0 0.6515625
0 0.4953125 0.50625 0.390625 0.50625 0.390625 0.759375 0.4953125 0.759375 0.4953125 0.50625
0 1.0 0.8171875 0.9078125 0.8171875 0.9078125 0.934375 1.0 0.934375 1.0 0.8171875
0 1.0 0.25625 0.7546875 0.25625 0.7546875 0.6609375 1.0 0.6609375 1.0 0.25625
0 0.878125 0.0375 0.76875 0.0375 0.76875 0.1984375 0.878125 0.1984375 0.878125 0.0375
0 1.0 0.0015625 0.825 0.0015625 0.825 0.246875 1.0 0.246875 1.0 0.0015625
0 0.2953125 0.178125 0.190625 0.178125 0.190625 0.353125 0.2953125 0.353125 0.2953125 0.178125
0 1.0 0.4609375 0.9359375 0.4609375 0.9359375 0.5328125 1.0 0.5328125 1.0 0.4609375
0 0.3828125 0.4484375 0.2796875 0.4484375 0.2796875 0.54375 0.3828125 0.54375 0.3828125 0.4484375
0 1.0 0.23125 0.89375 0.23125 0.89375 0.3171875 1.0 0.3171875 1.0 0.23125
0 1.0 0.65 0.9265625 0.65 0.9265625 0.8421875 1.0 0.8421875 1.0 0.65
0 0.1375 0.675 0.0015625 0.675 0.0015625 0.965625 0.1375 0.965625 0.1375 0.675
0 0.3 0.246875 0.1421875 0.246875 0.1421875 0.4703125 0.3 0.4703125 0.3 0.246875
0 0.1375 0.859375 0.0015625 0.859375 0.0015625 1.0 0.1375 1.0 0.1375 0.859375
0 0.2984375 0.7875 0.165625 0.7875 0.165625 0.9265625 0.2984375 0.9265625 0.2984375 0.7875
0 0.6953125 0.14375 0.4375 0.14375 0.4375 0.3359375 0.6953125 0.3359375 0.6953125 0.14375
0 0.5125 0.0015625 0.3421875 0.0015625 0.3421875 0.15625 0.5125 0.15625 0.5125 0.0015625
0 1.0 0.0015625 0.9921875 0.0015625 0.9921875 0.0125 1.0 0.0125 1.0 0.0015625
0 0.2859375 0.14375 0.0546875 0.14375 0.0546875 0.2796875 0.2859375 0.2796875 0.2859375 0.14375
0 0.23125 0.996875 0.2203125 0.996875 0.2203125 1.0 0.23125 1.0 0.23125 0.996875
0 0.7703125 0.3984375 0.6625 0.3984375 0.6625 0.4828125 0.7703125 0.4828125 0.7703125 0.3984375
0 0.8140625 0.2484375 0.68125 0.2484375 0.68125 0.384375 0.8140625 0.384375 0.8140625 0.2484375
0 0.746875 0.909375 0.6046875 0.909375 0.6046875 1.0 0.746875 1.0 0.746875 0.909375
0 0.8859375 0.403125 0.7671875 0.403125 0.7671875 0.4953125 0.8859375 0.4953125 0.8859375 0.403125
0 0.8765625 0.271875 0.7875 0.271875 0.7875 0.3875 0.8765625 0.3875 0.8765625 0.271875
0 0.8484375 0.13125 0.7296875 0.13125 0.7296875 0.2921875 0.8484375 0.2921875 0.8484375 0.13125
0 0.2640625 0.4609375 0.121875 0.4609375 0.121875 0.6875 0.2640625 0.6875 0.2640625 0.4609375
0 0.8140625 0.9859375 0.7859375 0.9859375 0.7859375 1.0 0.8140625 1.0 0.8140625 0.9859375
0 0.775 0.7125 0.6921875 0.7125 0.6921875 1.0 0.775 1.0 0.775 0.7125
0 0.9625 0.7671875 0.728125 0.7671875 0.728125 1.0 0.9625 1.0 0.9625 0.7671875
0 1.0 0.80625 0.9984375 0.80625 0.9984375 0.815625 1.0 0.815625 1.0 0.80625
0 0.00625 0.9828125 0.0015625 0.9828125 0.0015625 1.0 0.00625 1.0 0.00625 0.9828125
0 0.3671875 0.8109375 0.140625 0.8109375 0.140625 1.0 0.3671875 1.0 0.3671875 0.8109375
0 0.465625 0.975 0.3953125 0.975 0.3953125 1.0 0.465625 1.0 0.465625 0.975
0 0.375 0.6359375 0.146875 0.6359375 0.146875 0.80625 0.375 0.80625 0.375 0.6359375
0 0.40625 0.271875 0.1578125 0.271875 0.1578125 0.7203125 0.40625 0.7203125 0.40625 0.271875
0 0.5921875 0.3296875 0.378125 0.3296875 0.378125 0.59375 0.5921875 0.59375 0.5921875 0.3296875
0 0.61875 0.9140625 0.484375 0.9140625 0.484375 1.0 0.61875 1.0 0.61875 0.9140625
0 0.609375 0.7015625 0.4265625 0.7015625 0.4265625 0.8953125 0.609375 0.8953125 0.609375 0.7015625
0 0.7421875 0.7171875 0.621875 0.7171875 0.621875 0.9203125 0.7421875 0.9203125 0.7421875 0.7171875
0 0.5609375 0.5953125 0.4765625 0.5953125 0.4765625 0.6921875 0.5609375 0.6921875 0.5609375 0.5953125
0 0.6890625 0.5375 0.553125 0.5375 0.553125 0.696875 0.6890625 0.696875 0.6890625 0.5375
0 0.9 0.4046875 0.63125 0.4046875 0.63125 0.6078125 0.9 0.6078125 0.9 0.4046875
0 0.71875 0.1171875 0.515625 0.1171875 0.515625 0.30625 0.71875 0.30625 0.71875 0.1171875
