0 0.4375 0.4953125 0.2890625 0.4953125 0.2890625 0.7453125 0.4375 0.7453125 0.4375 0.4953125
0 1.0 0.0015625 0.903125 0.0015625 0.903125 0.19375 1.0 0.19375 1.0 0.0015625
0 0.0203125 0.11875 0.0015625 0.11875 0.0015625 0.2203125 0.0203125 0.2203125 0.0203125 0.11875
0 0.31875 0.2203125 0.084375 0.2203125 0.084375 0.4953125 0.31875 0.4953125 0.31875 0.2203125
0 0.15625 0.153125 0.0015625 0.153125 0.0015625 0.3796875 0.15625 0.3796875 0.15625 0.153125
0 0.346875 0.5765625 0.234375 0.5765625 0.234375 0.684375 0.346875 0.684375 0.346875 0.5765625
0 0.490625 0.95 0.434375 0.95 0.434375 1.0 0.490625 1.0 0.490625 0.95
0 0.2546875 0.8484375 0.1234375 0.8484375 0.1234375 0.9296875 0.2546875 0.9296875 0.2546875 0.8484375
0 0.24375 0.1640625 0.140625 0.1640625 0.140625 0.3578125 0.24375 0.3578125 0.24375 0.1640625
0 0.346875 0.971875 0.2453125 0.971875 0.2453125 1.0 0.346875 1.0 0.346875 0.971875
0 0.3359375 0.3078125 0.209375 0.3078125 0.209375 0.3921875 0.3359375 0.3921875 0.3359375 0.3078125
0 0.1859375 0.0390625 0.078125 0.0390625 0.078125 0.1921875 0.1859375 0.1921875 0.1859375 0.0390625
0 0.3609375 0.46875 0.2078125 0.46875 0.2078125 0.6203125 0.3609375 0.6203125 0.3609375 0.46875
0 0.25 0.7359375 0.1546875 0.7359375 0.1546875 0.8578125 0.25 0.8578125 0.25 0.7359375
0 0.4765625 0.590625 0.3296875 0.590625 0.3296875 0.8015625 0.4765625 0.8015625 0.4765625 0.590625
0 0.6328125 0.4671875 0.4109375 0.4671875 0.4109375 0.7234375 0.6328125 0.7234375 0.6328125 0.4671875
0 0.3015625 0.0015625 0.196875 0.0015625 0.196875 0.275 0.3015625 0.275 0.3015625 0.0015625
0 0.103125 0.8515625 0.0015625 0.8515625 0.0015625 1.0 0.103125 1.0 0.103125 0.8515625
0 0.403125 0.89375 0.3046875 0.89375 0.3046875 1.0 0.403125 1.0 0.403125 0.89375
0 0.0171875 0.7359375 0.0015625 0.7359375 0.0015625 0.7625 0.0171875 0.7625 0.0171875 0.7359375
0 1.0 0.0015625 0.971875 0.0015625 0.971875 0.021875 1.0 0.021875 1.0 0.0015625
0 0.55625 0.671875 0.3921875 0.671875 0.3921875 0.84375 0.55625 0.84375 0.55625 0.671875
0 0.584375 0.9 0.4 0.9 0.4 1.0 0.584375 1.0 0.584375 0.9
0 0.565625 0.2703125 0.378125 0.2703125 0.378125 0.5390625 0.565625 0.5390625 0.565625 0.2703125
0 0.1296875 0.0734375 0.0015625 0.0734375 0.0015625 0.1828125 0.1296875 0.1828125 0.1296875 0.0734375
0 0.44375 0.8609375 0.3484375 0.8609375 0.3484375 0.978125 0.44375 0.978125 0.44375 0.8609375
0 0.346875 0.3515625 0.246875 0.3515625 0.246875 0.490625 0.346875 0.490625 0.346875 0.3515625
0 0.5015625 0.3125 0.3609375 0.3125 0.3609375 0.475 0.5015625 0.475 0.5015625 0.3125
0 0.7578125 0.0015625 0.5578125 0.0015625 0.5578125 0.15 0.7578125 0.15 0.7578125 0.0015625
0 0.365625 0.8015625 0.08125 0.8015625 0.08125 1.0 0.365625 1.0 0.365625 0.8015625
0 0.3953125 0.621875 0.2171875 0.621875 0.2171875 0.8375 0.3953125 0.8375 0.3953125 0.621875
0 0.3703125 0.7796875 0.209375 0.7796875 0.209375 0.884375 0.3703125 0.884375 0.3703125 0.7796875
0 0.221875 0.5546875 0.0328125 0.5546875 0.0328125 0.8015625 0.221875 0.8015625 0.221875 0.5546875
0 0.1328125 0.35 0.0015625 0.35 0.0015625 0.540625 0.1328125 0.540625 0.1328125 0.35
0 0.4078125 0.0046875 0.2765625 0.0046875 0.2765625 0.125 0.4078125 0.125 0.4078125 0.0046875
0 1.0 0.0015625 0.74375 0.0015625 0.74375 0.2265625 1.0 0.2265625 1.0 0.0015625
0 1.0 0.0015625 0.9953125 0.0015625 0.9953125 0.065625 1.0 0.065625 1.0 0.0015625
0 0.9796875 0.1671875 0.85625 0.1671875 0.85625 0.2359375 0.9796875 0.2359375 0.9796875 0.1671875
0 0.7171875 0.075 0.60625 0.075 0.60625 0.1984375 0.7171875 0.1984375 0.7171875 0.075
0 0.5671875 0.0015625 0.434375 0.0015625 0.434375 0.115625 0.5671875 0.115625 0.5671875 0.0015625
0 0.1296875 0.971875 0.06875 0.971875 0.06875 1.0 0.1296875 1.0 0.1296875 0.971875
0 0.2859375 0.303125 0.0390625 0.303125 0.0390625 0.5859375 0.2859375 0.5859375 0.2859375 0.303125
0 0.1296875 0.0015625 0.0046875 0.0015625 0.0046875 0.1609375 0.1296875 0.1609375 0.1296875 0.0015625
0 0.3234375 0.9140625 0.2046875 0.9140625 0.2046875 1.0 0.3234375 1.0 0.3234375 0.9140625
0 0.48125 0.81875 0.321875 0.81875 0.321875 0.9390625 0.48125 0.9390625 0.48125 0.81875
0 0.5890625 0.06875 0.284375 0.06875 0.284375 0.6765625 0.5890625 0.6765625 0.5890625 0.06875
0 0.43125 0.0015625 0.26875 0.0015625 0.26875 0.028125 0.43125 0.028125 0.43125 0.0015625
0 0.7671875 0.734375 0.4796875 0.734375 0.4796875 0.9609375 0.7671875 0.9609375 0.7671875 0.734375
0 0.6109375 0.0546875 0.4015625 0.0546875 0.4015625 0.2140625 0.6109375 0.2140625 0.6109375 0.0546875
0 0.4984375 0.0015625 0.459375 0.0015625 0.459375 0.0390625 0.4984375 0.0390625 0.4984375 0.0015625
0 0.9296875 0.0015625 0.696875 0.0015625 0.696875 0.184375 0.9296875 0.184375 0.9296875 0.0015625
