0 0.6109375 0.80625 0.48125 0.80625 0.48125 0.94375 0.6109375 0.94375 0.6109375 0.80625
0 0.759375 0.45625 0.571875 0.45625 0.571875 0.7 0.759375 0.7 0.759375 0.45625
0 0.921875 0.1203125 0.8671875 0.1203125 0.8671875 0.35 0.921875 0.35 0.921875 0.1203125
0 0.6546875 0.6484375 0.5703125 0.6484375 0.5703125 0.825 0.6546875 0.825 0.6546875 0.6484375
0 0.9203125 0.25 0.7453125 0.25 0.7453125 0.540625 0.9203125 0.540625 0.9203125 0.25
0 0.93125 0.0015625 0.8328125 0.0015625 0.8328125 0.01875 0.93125 0.01875 0.93125 0.0015625
0 0.5609375 0.9140625 0.46875 0.9140625 0.46875 1.0 0.5609375 1.0 0.5609375 0.9140625
0 0.55 0.6765625 0.4734375 0.6765625 0.4734375 0.8203125 0.55 0.8203125 0.55 0.6765625
0 0.6015625 0.309375 0.35 0.309375 0.35 0.4890625 0.6015625 0.4890625 0.6015625 0.309375
0 1.0 0.0015625 0.8890625 0.0015625 0.8890625 0.1390625 1.0 0.1390625 1.0 0.0015625
0 0.7828125 0.175 0.5890625 0.175 0.5890625 0.484375 0.7828125 0.484375 0.7828125 0.175
0 0.7421875 0.7 0.6140625 0.7 0.6140625 1.0 0.7421875 1.0 0.7421875 0.7
0 0.84375 0.5375 0.6796875 0.5375 0.6796875 0.7109375 0.84375 0.7109375 0.84375 0.5375
0 0.4265625 0.653125 0.23125 0.653125 0.23125 0.7359375 0.4265625 0.7359375 0.4265625 0.653125
0 0.3421875 0.7828125 0.2125 0.7828125 0.2125 0.8671875 0.3421875 0.8671875 0.3421875 0.7828125
0 0.6671875 0.8265625 0.5890625 0.8265625 0.5890625 1.0 0.6671875 1.0 0.6671875 0.8265625
0 0.3125 0.5375 0.0015625 0.5375 0.0015625 0.80625 0.3125 0.80625 0.3125 0.5375
0 0.309375 0.4109375 0.0515625 0.4109375 0.0515625 0.5421875 0.309375 0.5421875 0.309375 0.4109375
0 0.39375 0.0015625 0.3515625 0.0015625 0.3515625 0.0171875 0.39375 0.0171875 0.39375 0.0015625
0 0.6234375 0.015625 0.45 0.015625 0.45 0.265625 0.6234375 0.265625 0.6234375 0.015625
0 0.1921875 0.0015625 0.025 0.0015625 0.025 0.13125 0.1921875 0.13125 0.1921875 0.0015625
0 0.20625 0.934375 0.084375 0.934375 0.084375 1.0 0.20625 1.0 0.20625 0.934375
0 0.096875 0.7578125 0.0015625 0.7578125 0.0015625 0.9421875 0.096875 0.9421875 0.096875 0.7578125
0 0.3421875 0.69375 0.1796875 0.69375 0.1796875 0.79375 0.3421875 0.79375 0.3421875 0.69375
0 0.1390625 0.075 0.0171875 0.075 0.0171875 0.1984375 0.1390625 0.1984375 0.1390625 0.075
0 0.55625 0.0015625 0.4359375 0.0015625 0.4359375 0.128125 0.55625 0.128125 0.55625 0.0015625
0 0.003125 0.8671875 0.0015625 0.8671875 0.0015625 0.8796875 0.003125 0.8796875 0.003125 0.8671875
0 0.046875 0.428125 0.0015625 0.428125 0.0015625 0.4765625 0.046875 0.4765625 0.046875 0.428125
0 0.51875 0.6515625 0.346875 0.6515625 0.346875 1.0 0.51875 1.0 0.51875 0.6515625
0 0.4078125 0.7421875 0.0015625 0.7421875 0.0015625 1.0 0.4078125 1.0 0.4078125 0.7421875
0 0.4765625 0.55 0.096875 0.55 0.096875 0.6921875 0.4765625 0.6921875 0.4765625 0.55
0 0.5546875 0.4546875 0.4296875 0.4546875 0.4296875 0.575 0.5546875 0.575 0.5546875 0.4546875
0 0.6046875 0.265625 0.409375 0.265625 0.409375 0.421875 0.6046875 0.421875 0.6046875 0.265625
0 0.2953125 0.1734375 0.1484375 0.1734375 0.1484375 0.334375 0.2953125 0.334375 0.2953125 0.1734375
0 0.646875 0.0015625 0.33125 0.0015625 0.33125 0.2859375 0.646875 0.2859375 0.646875 0.0015625
0 0.3671875 0.0015625 0.2171875 0.0015625 0.2171875 0.025 0.3671875 0.025 0.3671875 0.0015625
0 0.221875 0.6578125 0.0171875 0.6578125 0.0171875 0.85625 0.221875 0.85625 0.221875 0.6578125
0 0.2453125 0.4859375 0.003125 0.4859375 0.003125 0.5578125 0.2453125 0.5578125 0.2453125 0.4859375
0 0.2828125 0.3453125 0.1375 0.3453125 0.1375 0.4609375 0.2828125 0.4609375 0.2828125 0.3453125
0 0.05 0.8765625 0.0015625 0.8765625 0.0015625 1.0 0.05 1.0 0.05 0.8765625
0 0.6625 0.0015625 0.640625 0.0015625 0.640625 0.0203125 0.6625 0.0203125 0.6625 0.0015625
0 0.6453125 0.8921875 0.55625 0.8921875 0.55625 1.0 0.6453125 1.0 0.6453125 0.8921875
0 0.9515625 0.0015625 0.7125 0.0015625 0.7125 0.403125 0.9515625 0.403125 0.9515625 0.0015625
0 0.1421875 0.184375 0.0328125 0.184375 0.0328125 0.3296875 0.1421875 0.3296875 0.1421875 0.184375
0 0.428125 0.0515625 0.196875 0.0515625 0.196875 0.353125 0.428125 0.353125 0.428125 0.0515625
0 0.2625 0.0015625 0.121875 0.0015625 0.121875 0.08125 0.2625 0.08125 0.2625 0.0015625
0 0.0046875 0.8015625 0.0015625 0.8015625 0.0015625 0.81875 0.0046875 0.81875 0.0046875 0.8015625
0 0.2515625 0.653125 0.1234375 0.653125 0.1234375 0.7671875 0.2515625 0.7671875 0.2515625 0.653125
0 0.353125 0.165625 0.065625 0.165625 0.065625 0.4359375 0.353125 0.4359375 0.353125 0.165625
0 0.5484375 0.2546875 0.453125 0.2546875 0.453125 0.3421875 0.5484375 0.3421875 0.5484375 0.2546875
0 0.6609375 0.0125 0.540625 0.0125 0.540625 0.2546875 0.6609375 0.2546875 0.6609375 0.0125
0 0.4546875 0.00625 0.3578125 0.00625 0.3578125 0.1734375 0.4546875 0.1734375 0.4546875 0.00625
0 0.1125 0.334375 0.0015625 0.334375 0.0015625 0.409375 0.1125 0.409375 0.1125 0.334375
0 0.365625 0.0015625 0.2671875 0.0015625 0.2671875 0.084375 0.365625 0.084375 0.365625 0.0015625
0 0.5953125 0.259375 0.2390625 0.259375 0.2390625 0.909375 0.5953125 0.909375 0.5953125 0.259375
0 0.8125 0.371875 0.7109375 0.371875 0.7109375 0.48125 0.8125 0.48125 0.8125 0.371875
0 0.8390625 0.0015625 0.61875 0.0015625 0.61875 0.3328125 0.8390625 0.3328125 0.8390625 0.0015625
0 0.6578125 0.05625 0.5734375 0.05625 0.5734375 0.3046875 0.6578125 0.3046875 0.6578125 0.05625
0 0.4375 0.853125 0.290625 0.853125 0.290625 1.0 0.4375 1.0 0.4375 0.853125
0 0.3375 0.078125 0.0171875 0.078125 0.0171875 0.3515625 0.3375 0.3515625 0.3375 0.078125
0 0.25 0.0140625 0.1046875 0.0140625 0.1046875 0.1640625 0.25 0.1640625 0.25 0.0140625
0 0.465625 0.0015625 0.39375 0.0015625 0.39375 0.0125 0.465625 0.0125 0.465625 0.0015625
0 0.1125 0.9625 0.0015625 0.9625 0.0015625 1.0 0.1125 1.0 0.1125 0.9625
0 0.7515625 0.0015625 0.6296875 0.0015625 0.6296875 0.1765625 0.7515625 0.1765625 0.7515625 0.0015625
0 0.121875 0.0015625 0.0015625 0.0015625 0.0015625 0.384375 0.121875 0.384375 0.121875 0.0015625
0 0.021875 0.0984375 0.0015625 0.0984375 0.0015625 0.1421875 0.021875 0.1421875 0.021875 0.0984375
