0 0.9359375 0.7796875 0.81875 0.7796875 0.81875 0.95625 0.9359375 0.95625 0.9359375 0.7796875
0 0.565625 0.7640625 0.49375 0.7640625 0.49375 0.896875 0.565625 0.896875 0.565625 0.7640625
0 0.2328125 0.7828125 0.1203125 0.7828125 0.1203125 0.925 0.2328125 0.925 0.2328125 0.7828125
0 0.378125 0.7109375 0.2453125 0.7109375 0.2453125 0.790625 0.378125 0.790625 0.378125 0.7109375
0 0.334375 0.7109375 0.1625 0.7109375 0.1625 0.8515625 0.334375 0.8515625 0.334375 0.7109375
0 0.5109375 0.6703125 0.38125 0.6703125 0.38125 0.9328125 0.5109375 0.9328125 0.5109375 0.6703125
0 0.253125 0.5296875 0.0640625 0.5296875 0.0640625 0.7171875 0.253125 0.7171875 0.253125 0.5296875
0 0.0125 0.6640625 0.0015625 0.6640625 0.0015625 0.696875 0.0125 0.696875 0.0125 0.6640625
0 0.79375 0.0546875 0.6875 0.0546875 0.6875 0.209375 0.79375 0.209375 0.79375 0.0546875
0 0.1640625 0.7484375 0.071875 0.7484375 0.071875 0.9046875 0.1640625 0.9046875 0.1640625 0.7484375
0 0.3859375 0.0015625 0.2328125 0.0015625 0.2328125 0.059375 0.3859375 0.059375 0.3859375 0.0015625
0 1.0 0.01875 0.7984375 0.01875 0.7984375 0.2046875 1.0 0.2046875 1.0 0.01875
0 0.61875 0.896875 0.5203125 0.896875 0.5203125 1.0 0.61875 1.0 0.61875 0.896875
0 1.0 0.7875 0.9046875 0.7875 0.9046875 0.94375 1.0 0.94375 1.0 0.7875
0 0.6328125 0.6234375 0.5296875 0.6234375 0.5296875 0.796875 0.6328125 0.796875 0.6328125 0.6234375
0 0.8015625 0.1609375 0.69375 0.1609375 0.69375 0.2765625 0.8015625 0.2765625 0.8015625 0.1609375
0 0.759375 0.0015625 0.646875 0.0015625 0.646875 0.14375 0.759375 0.14375 0.759375 0.0015625
0 0.1625 0.878125 0.053125 0.878125 0.053125 0.9453125 0.1625 0.9453125 0.1625 0.878125
0 0.4140625 0.3890625 0.2390625 0.3890625 0.2390625 0.7046875 0.4140625 0.7046875 0.4140625 0.3890625
0 0.3328125 0.5453125 0.2046875 0.5453125 0.2046875 0.675 0.3328125 0.675 0.3328125 0.5453125
0 1.0 0.8953125 0.928125 0.8953125 0.928125 1.0 1.0 1.0 1.0 0.8953125
0 0.5453125 0.78125 0.4015625 0.78125 0.4015625 0.925 0.5453125 0.925 0.5453125 0.78125
0 0.30625 0.6484375 0.175 0.6484375 0.175 0.721875 0.30625 0.721875 0.30625 0.6484375
0 1.0 0.4046875 0.871875 0.4046875 0.871875 0.66875 1.0 0.66875 1.0 0.4046875
0 0.0484375 0.3796875 0.0015625 0.3796875 0.0015625 0.4640625 0.0484375 0.4640625 0.0484375 0.3796875
0 1.0 0.23125 0.9421875 0.23125 0.9421875 0.3390625 1.0 0.3390625 1.0 0.23125
0 0.021875 0.2078125 0.0015625 0.2078125 0.0015625 0.315625 0.021875 0.315625 0.021875 0.2078125
0 0.903125 0.0015625 0.7390625 0.0015625 0.7390625 0.234375 0.903125 0.234375 0.903125 0.0015625
0 1.0 0.0015625 0.9921875 0.0015625 0.9921875 0.0328125 1.0 0.0328125 1.0 0.0015625
0 0.2421875 0.0015625 0.175 0.0015625 0.175 0.078125 0.2421875 0.078125 0.2421875 0.0015625
0 0.371875 0.828125 0.2234375 0.828125 0.2234375 0.8984375 0.371875 0.8984375 0.371875 0.828125
0 0.109375 0.1734375 0.0015625 0.1734375 0.0015625 0.3578125 0.109375 0.3578125 0.109375 0.1734375
0 0.5421875 0.0015625 0.3828125 0.0015625 0.3828125 0.46875 0.5421875 0.46875 0.5421875 0.0015625
0 0.0109375 0.859375 0.0015625 0.859375 0.0015625 0.9125 0.0109375 0.9125 0.0109375 0.859375
0 1.0 0.7765625 0.9515625 0.7765625 0.9515625 0.8796875 1.0 0.8796875 1.0 0.7765625
0 1.0 0.528125 0.9703125 0.528125 0.9703125 0.7109375 1.0 0.7109375 1.0 0.528125
0 0.5609375 0.540625 0.4578125 0.540625 0.4578125 0.7265625 0.5609375 0.7265625 0.5609375 0.540625
0 0.9234375 0.4953125 0.7703125 0.4953125 0.7703125 0.75625 0.9234375 0.75625 0.9234375 0.4953125
0 0.946875 0.4875 0.8515625 0.4875 0.8515625 0.7140625 0.946875 0.7140625 0.946875 0.4875
0 0.4546875 0.4734375 0.3296875 0.4734375 0.3296875 0.7140625 0.4546875 0.7140625 0.4546875 0.4734375
0 1.0 0.378125 0.9359375 0.378125 0.9359375 0.4859375 1.0 0.4859375 1.0 0.378125
0 0.8421875 0.2953125 0.740625 0.2953125 0.740625 0.41875 0.8421875 0.41875 0.8421875 0.2953125
0 0.4328125 0.015625 0.2078125 0.015625 0.2078125 0.40625 0.4328125 0.40625 0.4328125 0.015625
0 1.0 0.075 0.928125 0.075 0.928125 0.1953125 1.0 0.1953125 1.0 0.075
0 0.0265625 0.89375 0.0015625 0.89375 0.0015625 0.978125 0.0265625 0.978125 0.0265625 0.89375
0 0.3109375 0.003125 0.065625 0.003125 0.065625 0.1984375 0.3109375 0.1984375 0.3109375 0.003125
0 0.646875 0.8875 0.5578125 0.8875 0.5578125 1.0 0.646875 1.0 0.646875 0.8875
0 0.3296875 0.909375 0.153125 0.909375 0.153125 0.971875 0.3296875 0.971875 0.3296875 0.909375
0 0.18125 0.01875 0.084375 0.01875 0.084375 0.1625 0.18125 0.1625 0.18125 0.01875
0 0.4875 0.4765625 0.3765625 0.4765625 0.3765625 0.6765625 0.4875 0.6765625 0.4875 0.4765625
0 1.0 0.31875 0.91875 0.31875 0.91875 0.4953125 1.0 0.4953125 1.0 0.31875
0 0.4890625 0.0203125 0.353125 0.0203125 0.353125 0.3375 0.4890625 0.3375 0.4890625 0.0203125
0 0.4609375 0.425 0.3125 0.425 0.3125 0.5453125 0.4609375 0.5453125 0.4609375 0.425
0 0.0609375 0.225 0.0015625 0.225 0.0015625 0.309375 0.0609375 0.309375 0.0609375 0.225
0 0.9578125 0.0015625 0.7265625 0.0015625 0.7265625 0.0703125 0.9578125 0.0703125 0.9578125 0.0015625
0 0.40625 0.9953125 0.3765625 0.9953125 0.3765625 1.0 0.40625 1.0 0.40625 0.9953125
0 0.7796875 0.1296875 0.628125 0.1296875 0.628125 0.30625 0.7796875 0.30625 0.7796875 0.1296875
0 0.6703125 0.0015625 0.4296875 0.0015625 0.4296875 0.26875 0.6703125 0.26875 0.6703125 0.0015625
0 0.6890625 0.0015625 0.546875 0.0015625 0.546875 0.0828125 0.6890625 0.0828125 0.6890625 0.0015625
0 0.2453125 0.290625 0.1734375 0.290625 0.1734375 0.4171875 0.2453125 0.4171875 0.2453125 0.290625
0 0.2578125 0.1375 0.0015625 0.1375 0.0015625 0.28125 0.2578125 0.28125 0.2578125 0.1375
0 0.428125 0.0015625 0.375 0.0015625 0.375 0.0171875 0.428125 0.0171875 0.428125 0.0015625
0 0.871875 0.6234375 0.784375 0.6234375 0.784375 0.9 0.871875 0.9 0.871875 0.6234375
0 0.19375 0.2453125 0.075 0.2453125 0.075 0.4234375 0.19375 0.4234375 0.19375 0.2453125
0 0.4859375 0.2515625 0.396875 0.2515625 0.396875 0.3890625 0.4859375 0.3890625 0.4859375 0.2515625
0 0.8921875 0.403125 0.7453125 0.403125 0.7453125 0.5234375 0.8921875 0.5234375 0.8921875 0.403125
0 1.0 0.140625 0.8765625 0.140625 0.8765625 0.2828125 1.0 0.2828125 1.0 0.140625
0 0.996875 0.2125 0.76875 0.2125 0.76875 0.3703125 0.996875 0.3703125 0.996875 0.2125
0 0.1734375 0.0015625 0.128125 0.0015625 0.128125 0.03125 0.1734375 0.03125 0.1734375 0.0015625
0 1.0 0.275 1.0 0.275 1.0 0.275 1.0 0.275 1.0 0.275
0 0.003125 0.1734375 0.0015625 0.1734375 0.0015625 0.1765625 0.003125 0.1765625 0.003125 0.1734375
0 0.66875 0.871875 0.6046875 0.871875 0.6046875 1.0 0.66875 1.0 0.66875 0.871875
0 0.4484375 0.959375 0.421875 0.959375 0.421875 1.0 0.4484375 1.0 0.4484375 0.959375
0 0.4109375 0.9375 0.2765625 0.9375 0.2765625 1.0 0.4109375 1.0 0.4109375 0.9375
0 0.0890625 0.58125 0.0015625 0.58125 0.0015625 0.8546875 0.0890625 0.8546875 0.0890625 0.58125
0 0.2140625 0.4140625 0.1140625 0.4140625 0.1140625 0.5046875 0.2140625 0.5046875 0.2140625 0.4140625
0 0.384375 0.2484375 0.128125 0.2484375 0.128125 0.4421875 0.384375 0.4421875 0.384375 0.2484375
0 0.128125 0.0015625 0.0359375 0.0015625 0.0359375 0.153125 0.128125 0.153125 0.128125 0.0015625
0 0.9 0.859375 0.7953125 0.859375 0.7953125 1.0 0.9 1.0 0.9 0.859375
0 0.9734375 0.4328125 0.7671875 0.4328125 0.7671875 0.7859375 0.9734375 0.7859375 0.9734375 0.4328125
0 0.41875 0.6546875 0.2703125 0.6546875 0.2703125 0.953125 0.41875 0.953125 0.41875 0.6546875
0 0.9390625 0.29375 0.815625 0.29375 0.815625 0.4796875 0.9390625 0.4796875 0.9390625 0.29375
0 0.009375 0.621875 0.0015625 0.621875 0.0015625 0.6421875 0.009375 0.6421875 0.009375 0.621875
0 0.0703125 0.0015625 0.0015625 0.0015625 0.0015625 0.14375 0.0703125 0.14375 0.0703125 0.0015625
0 0.5171875 0.8375 0.371875 0.8375 0.371875 0.9703125 0.5171875 0.9703125 0.5171875 0.8375
0 0.290625 0.409375 0.13125 0.409375 0.13125 0.6328125 0.290625 0.6328125 0.290625 0.409375
0 0.5484375 0.4109375 0.4421875 0.4109375 0.4421875 0.5875 0.5484375 0.5875 0.5484375 0.4109375
0 0.6640625 0.03125 0.5609375 0.03125 0.5609375 0.14375 0.6640625 0.14375 0.6640625 0.03125
0 1.0 0.0015625 0.9375 0.0015625 0.9375 0.0546875 1.0 0.0546875 1.0 0.0015625
