0 0.3984375 0.5953125 0.16875 0.5953125 0.16875 1.0 0.3984375 1.0 0.3984375 0.5953125
0 0.10625 0.7390625 0.0015625 0.7390625 0.0015625 0.88125 0.10625 0.88125 0.10625 0.7390625
0 0.471875 0.4640625 0.36875 0.4640625 0.36875 0.7390625 0.471875 0.7390625 0.471875 0.4640625
0 0.3734375 0.4984375 0.234375 0.4984375 0.234375 0.6921875 0.3734375 0.6921875 0.3734375 0.4984375
0 0.121875 0.3890625 0.0015625 0.3890625 0.0015625 0.478125 0.121875 0.478125 0.121875 0.3890625
0 0.25625 0.284375 0.0828125 0.284375 0.0828125 0.4609375 0.25625 0.4609375 0.25625 0.284375
0 0.475 0.303125 0.409375 0.303125 0.409375 0.4140625 0.475 0.4140625 0.475 0.303125
0 0.3515625 0.1859375 0.259375 0.1859375 0.259375 0.30625 0.3515625 0.30625 0.3515625 0.1859375
0 0.8921875 0.9578125 0.8640625 0.9578125 0.8640625 1.0 0.8921875 1.0 0.8921875 0.9578125
0 1.0 0.4484375 0.784375 0.4484375 0.784375 1.0 1.0 1.0 1.0 0.4484375
0 0.7671875 0.7640625 0.6921875 0.7640625 0.6921875 0.8890625 0.7671875 0.8890625 0.7671875 0.7640625
0 0.653125 0.7375 0.54375 0.7375 0.54375 0.85 0.653125 0.85 0.653125 0.7375
0 1.0 0.284375 0.8921875 0.284375 0.8921875 0.6703125 1.0 0.6703125 1.0 0.284375
0 1.0 0.0015625 0.96875 0.0015625 0.96875 0.109375 1.0 0.109375 1.0 0.0015625
0 0.928125 0.0015625 0.8359375 0.0015625 0.8359375 0.0390625 0.928125 0.0390625 0.928125 0.0015625
0 0.1796875 0.5421875 0.0015625 0.5421875 0.0015625 0.8859375 0.1796875 0.8859375 0.1796875 0.5421875
0 0.0109375 0.55625 0.0015625 0.55625 0.0015625 0.603125 0.0109375 0.603125 0.0109375 0.55625
0 0.3375 0.675 0.15625 0.675 0.15625 1.0 0.3375 1.0 0.3375 0.675
0 1.0 0.0015625 0.0015625 0.0015625 0.0015625 1.0 1.0 1.0 1.0 0.0015625
0 1.0 0.5109375 0.8515625 0.5109375 0.8515625 1.0 1.0 1.0 1.0 0.5109375
0 0.01875 0.0015625 0.0015625 0.0015625 0.0015625 0.0359375 0.01875 0.0359375 0.01875 0.0015625
0 0.8625 0.2484375 0.0015625 0.2484375 0.0015625 1.0 0.8625 1.0 0.8625 0.2484375
0 0.0484375 0.5859375 0.0015625 0.5859375 0.0015625 0.7125 0.0484375 0.7125 0.0484375 0.5859375
0 0.346875 0.0671875 0.0140625 0.0671875 0.0140625 0.2421875 0.346875 0.2421875 0.346875 0.0671875
0 0.2375 0.0015625 0.0421875 0.0015625 0.0421875 0.065625 0.2375 0.065625 0.2375 0.0015625
0 0.63125 0.5921875 0.4640625 0.5921875 0.4640625 0.7859375 0.63125 0.7859375 0.63125 0.5921875
0 0.728125 0.5765625 0.6109375 0.5765625 0.6109375 0.7375 0.728125 0.7375 0.728125 0.5765625
0 0.6296875 0.284375 0.5171875 0.284375 0.5171875 0.4625 0.6296875 0.4625 0.6296875 0.284375
0 0.7375 0.1796875 0.6125 0.1796875 0.6125 0.2796875 0.7375 0.2796875 0.7375 0.1796875
0 0.575 0.1046875 0.4921875 0.1046875 0.4921875 0.2546875 0.575 0.2546875 0.575 0.1046875
0 0.5515625 0.009375 0.2734375 0.009375 0.2734375 0.1796875 0.5515625 0.1796875 0.5515625 0.009375
0 0.80625 0.0015625 0.640625 0.0015625 0.640625 0.1234375 0.80625 0.1234375 0.80625 0.0015625
0 1.0 0.1765625 0.8171875 0.1765625 0.8171875 0.6109375 1.0 0.6109375 1.0 0.1765625
