0 0.2390625 0.8625 0.078125 0.8625 0.078125 0.9703125 0.2390625 0.9703125 0.2390625 0.8625
0 0.3734375 0.6609375 0.303125 0.6609375 0.303125 0.8296875 0.3734375 0.8296875 0.3734375 0.6609375
0 0.5984375 0.1125 0.521875 0.1125 0.521875 0.4125 0.5984375 0.4125 0.5984375 0.1125
0 0.4875 0.0015625 0.4578125 0.0015625 0.4578125 0.0578125 0.4875 0.0578125 0.4875 0.0015625
0 0.7515625 0.828125 0.6703125 0.828125 0.6703125 0.9984375 0.7515625 0.9984375 0.7515625 0.828125
0 0.35625 0.7703125 0.259375 0.7703125 0.259375 0.8828125 0.35625 0.8828125 0.35625 0.7703125
0 0.4296875 0.35 0.0265625 0.35 0.0265625 1.0 0.4296875 1.0 0.4296875 0.35
0 0.2171875 0.0015625 0.021875 0.0015625 0.021875 0.2921875 0.2171875 0.2921875 0.2171875 0.0015625
0 0.94375 0.1390625 0.615625 0.1390625 0.615625 1.0 0.94375 1.0 0.94375 0.1390625
0 0.990625 0.621875 0.8796875 0.621875 0.8796875 0.8 0.990625 0.8 0.990625 0.621875
0 0.95625 0.35 0.878125 0.35 0.878125 0.5765625 0.95625 0.5765625 0.95625 0.35
0 0.7453125 0.31875 0.6640625 0.31875 0.6640625 0.5765625 0.7453125 0.5765625 0.7453125 0.31875
0 0.54375 0.0984375 0.478125 0.0984375 0.478125 0.265625 0.54375 0.265625 0.54375 0.0984375
0 1.0 0.0015625 0.0015625 0.0015625 0.0015625 1.0 1.0 1.0 1.0 0.0015625
0 0.2046875 0.803125 0.096875 0.803125 0.096875 0.921875 0.2046875 0.921875 0.2046875 0.803125
0 0.325 0.575 0.2390625 0.575 0.2390625 0.7359375 0.325 0.7359375 0.325 0.575
0 0.6296875 0.0015625 0.459375 0.0015625 0.459375 0.125 0.6296875 0.125 0.6296875 0.0015625
0 0.7921875 0.790625 0.6796875 0.790625 0.6796875 0.9265625 0.7921875 0.9265625 0.7921875 0.790625
