0 0.4796875 0.14375 0.3 0.14375 0.3 0.259375 0.4796875 0.259375 0.4796875 0.14375
0 0.834375 0.884375 0.5765625 0.884375 0.5765625 0.9453125 0.834375 0.9453125 0.834375 0.884375
0 0.9234375 0.6109375 0.6328125 0.6109375 0.6328125 0.91875 0.9234375 0.91875 0.9234375 0.6109375
0 0.6921875 0.69375 0.4984375 0.69375 0.4984375 0.81875 0.6921875 0.81875 0.6921875 0.69375
0 0.9640625 0.465625 0.671875 0.465625 0.671875 0.54375 0.9640625 0.54375 0.9640625 0.465625
0 0.8390625 0.0015625 0.740625 0.0015625 0.740625 0.084375 0.8390625 0.084375 0.8390625 0.0015625
0 0.771875 0.028125 0.6328125 0.028125 0.6328125 0.1453125 0.771875 0.1453125 0.771875 0.028125
0 0.9984375 0.6265625 0.8828125 0.6265625 0.8828125 0.715625 0.9984375 0.715625 0.9984375 0.6265625
0 0.646875 0.93125 0.471875 0.93125 0.471875 1.0 0.646875 1.0 0.646875 0.93125
0 0.15 0.565625 0.0015625 0.565625 0.0015625 0.690625 0.15 0.690625 0.15 0.565625
0 0.86875 0.425 0.7109375 0.425 0.7109375 0.484375 0.86875 0.484375 0.86875 0.425
0 0.0703125 0.0015625 0.0015625 0.0015625 0.0015625 0.14375 0.0703125 0.14375 0.0703125 0.0015625
0 0.7109375 0.4625 0.4625 0.4625 0.4625 0.5796875 0.7109375 0.5796875 0.7109375 0.4625
0 1.0 0.36875 0.7546875 0.36875 0.7546875 0.490625 1.0 0.490625 1.0 0.36875
0 0.625 0.3171875 0.4890625 0.3171875 0.4890625 0.3875 0.625 0.3875 0.625 0.3171875
0 0.6859375 0.08125 0.590625 0.08125 0.590625 0.2390625 0.6859375 0.2390625 0.6859375 0.08125
0 0.1359375 0.0515625 0.0015625 0.0515625 0.0015625 0.1546875 0.1359375 0.1546875 0.1359375 0.0515625
0 1.0 0.6359375 0.8328125 0.6359375 0.8328125 0.9453125 1.0 0.9453125 1.0 0.6359375
0 0.73125 0.7859375 0.5890625 0.7859375 0.5890625 0.8765625 0.73125 0.8765625 0.73125 0.7859375
0 0.8703125 0.6046875 0.66875 0.6046875 0.66875 0.7328125 0.8703125 0.7328125 0.8703125 0.6046875
0 0.896875 0.225 0.7515625 0.225 0.7515625 0.359375 0.896875 0.359375 0.896875 0.225
0 0.5359375 0.05625 0.4171875 0.05625 0.4171875 0.175 0.5359375 0.175 0.5359375 0.05625
0 0.990625 0.0015625 0.9625 0.0015625 0.9625 0.0078125 0.990625 0.0078125 0.990625 0.0015625
0 0.2546875 0.684375 0.1046875 0.684375 0.1046875 0.803125 0.2546875 0.803125 0.2546875 0.684375
0 0.0328125 0.628125 0.0015625 0.628125 0.0015625 0.7609375 0.0328125 0.7609375 0.0328125 0.628125
0 0.4046875 0.4078125 0.0171875 0.4078125 0.0171875 0.621875 0.4046875 0.621875 0.4046875 0.4078125
0 0.84375 0.8625 0.321875 0.8625 0.321875 1.0 0.84375 1.0 0.84375 0.8625
0 0.60625 0.6671875 0.2984375 0.6671875 0.2984375 0.8671875 0.60625 0.8671875 0.60625 0.6671875
0 0.78125 0.5890625 0.6203125 0.5890625 0.6203125 0.709375 0.78125 0.709375 0.78125 0.5890625
0 1.0 0.5265625 0.8953125 0.5265625 0.8953125 0.5890625 1.0 0.5890625 1.0 0.5265625
0 0.0875 0.359375 0.0015625 0.359375 0.0015625 0.4921875 0.0875 0.4921875 0.0875 0.359375
0 0.2875 0.975 0.2109375 0.975 0.2109375 1.0 0.2875 1.0 0.2875 0.975
0 0.2859375 0.8203125 0.1375 0.8203125 0.1375 0.9015625 0.2859375 0.9015625 0.2859375 0.8203125
0 0.3125 0.4921875 0.171875 0.4921875 0.171875 0.6421875 0.3125 0.6421875 0.3125 0.4921875
0 0.378125 0.51875 0.2140625 0.51875 0.2140625 0.6046875 0.378125 0.6046875 0.378125 0.51875
0 0.65625 0.4796875 0.3890625 0.4796875 0.3890625 0.58125 0.65625 0.58125 0.65625 0.4796875
0 0.825 0.3890625 0.653125 0.3890625 0.653125 0.4578125 0.825 0.4578125 0.825 0.3890625
0 0.4515625 0.3265625 0.228125 0.3265625 0.228125 0.4171875 0.4515625 0.4171875 0.4515625 0.3265625
0 0.2640625 0.2421875 0.0921875 0.2421875 0.0921875 0.3421875 0.2640625 0.3421875 0.2640625 0.2421875
0 0.3296875 0.0015625 0.0015625 0.0015625 0.0015625 0.265625 0.3296875 0.265625 0.3296875 0.0015625
0 1.0 0.0015625 0.075 0.0015625 0.075 0.5296875 1.0 0.5296875 1.0 0.0015625
0 0.7171875 0.728125 0.51875 0.728125 0.51875 0.896875 0.7171875 0.896875 0.7171875 0.728125
0 0.953125 0.809375 0.8265625 0.809375 0.8265625 0.9203125 0.953125 0.9203125 0.953125 0.809375
0 1.0 0.8046875 0.9953125 0.8046875 0.9953125 0.8203125 1.0 0.8203125 1.0 0.8046875
