0 0.0765625 0.30625 0.0015625 0.30625 0.0015625 0.690625 0.0765625 0.690625 0.0765625 0.30625
0 0.3703125 0.715625 0.3046875 0.715625 0.3046875 1.0 0.3703125 1.0 0.3703125 0.715625
0 0.265625 0.696875 0.1125 0.696875 0.1125 0.93125 0.265625 0.93125 0.265625 0.696875
0 0.53125 0.459375 0.4421875 0.459375 0.4421875 0.76875 0.53125 0.76875 0.53125 0.459375
0 0.140625 0.0015625 0.04375 0.0015625 0.04375 0.0796875 0.140625 0.0796875 0.140625 0.0015625
0 0.6609375 0.340625 0.4609375 0.340625 0.4609375 0.5296875 0.6609375 0.5296875 0.6609375 0.340625
0 0.7265625 0.246875 0.621875 0.246875 0.621875 0.45625 0.7265625 0.45625 0.7265625 0.246875
0 0.1984375 0.425 0.1359375 0.425 0.1359375 0.6984375 0.1984375 0.6984375 0.1984375 0.425
0 0.00625 0.753125 0.0015625 0.753125 0.0015625 0.771875 0.00625 0.771875 0.00625 0.753125
0 0.93125 0.44375 0.7953125 0.44375 0.7953125 0.534375 0.93125 0.534375 0.93125 0.44375
0 0.93125 0.0015625 0.8171875 0.0015625 0.8171875 0.1734375 0.93125 0.1734375 0.93125 0.0015625
0 0.3171875 0.9453125 0.20625 0.9453125 0.20625 1.0 0.3171875 1.0 0.3171875 0.9453125
0 0.2984375 0.5875 0.1578125 0.5875 0.1578125 0.753125 0.2984375 0.753125 0.2984375 0.5875
0 0.7171875 0.471875 0.6046875 0.471875 0.6046875 0.7234375 0.7171875 0.7234375 0.7171875 0.471875
0 0.40625 0.41875 0.29375 0.41875 0.29375 0.578125 0.40625 0.578125 0.40625 0.41875
0 0.13125 0.3078125 0.0328125 0.3078125 0.0328125 0.4265625 0.13125 0.4265625 0.13125 0.3078125
0 0.5578125 0.2453125 0.3359375 0.2453125 0.3359375 0.446875 0.5578125 0.446875 0.5578125 0.2453125
0 0.0921875 0.10625 0.0015625 0.10625 0.0015625 0.259375 0.0921875 0.259375 0.0921875 0.10625
0 0.7421875 0.853125 0.63125 0.853125 0.63125 0.99375 0.7421875 0.99375 0.7421875 0.853125
0 0.4296875 0.34375 0.2625 0.34375 0.2625 1.0 0.4296875 1.0 0.4296875 0.34375
0 0.159375 0.71875 0.0015625 0.71875 0.0015625 0.884375 0.159375 0.884375 0.159375 0.71875
0 0.709375 0.6953125 0.6328125 0.6953125 0.6328125 0.865625 0.709375 0.865625 0.709375 0.6953125
0 0.978125 0.509375 0.8890625 0.509375 0.8890625 0.7921875 0.978125 0.7921875 0.978125 0.509375
0 0.1546875 0.0203125 0.0015625 0.0203125 0.0015625 0.2859375 0.1546875 0.2859375 0.1546875 0.0203125
0 1.0 0.0015625 0.0015625 0.0015625 0.0015625 1.0 1.0 1.0 1.0 0.0015625
0 0.26875 0.7515625 0.015625 0.7515625 0.015625 1.0 0.26875 1.0 0.26875 0.7515625
0 0.30625 0.1546875 0.1890625 0.1546875 0.1890625 0.6015625 0.30625 0.6015625 0.30625 0.1546875
0 0.665625 0.48125 0.5421875 0.48125 0.5421875 0.61875 0.665625 0.61875 0.665625 0.48125
0 0.7515625 0.4296875 0.65 0.4296875 0.65 0.5359375 0.7515625 0.5359375 0.7515625 0.4296875
