0 0.3578125 0.36875 0.23125 0.36875 0.23125 0.49375 0.3578125 0.49375 0.3578125 0.36875
0 0.0625 0.8296875 0.0015625 0.8296875 0.0015625 1.0 0.0625 1.0 0.0625 0.8296875
0 0.1796875 0.3625 0.0671875 0.3625 0.0671875 0.4828125 0.1796875 0.4828125 0.1796875 0.3625
0 0.1421875 0.2375 0.0234375 0.2375 0.0234375 0.365625 0.1421875 0.365625 0.1421875 0.2375
0 1.0 0.284375 0.9796875 0.284375 0.9796875 0.3859375 1.0 0.3859375 1.0 0.284375
0 0.9625 0.171875 0.79375 0.171875 0.79375 0.3109375 0.9625 0.3109375 0.9625 0.171875
0 0.7203125 0.2125 0.5796875 0.2125 0.5796875 0.378125 0.7203125 0.378125 0.7203125 0.2125
0 0.7171875 0.115625 0.59375 0.115625 0.59375 0.1828125 0.7171875 0.1828125 0.7171875 0.115625
0 0.1890625 0.0421875 0.0671875 0.0421875 0.0671875 0.1375 0.1890625 0.1375 0.1890625 0.0421875
0 0.58125 0.0015625 0.534375 0.0015625 0.534375 0.0796875 0.58125 0.0796875 0.58125 0.0015625
0 0.471875 0.328125 0.365625 0.328125 0.365625 0.48125 0.471875 0.48125 0.471875 0.328125
0 0.625 0.509375 0.4890625 0.509375 0.4890625 0.634375 0.625 0.634375 0.625 0.509375
0 0.2609375 0.0671875 0.003125 0.0671875 0.003125 0.384375 0.2609375 0.384375 0.2609375 0.0671875
0 0.9515625 0.590625 0.840625 0.590625 0.840625 0.7046875 0.9515625 0.7046875 0.9515625 0.590625
0 0.490625 0.3765625 0.421875 0.3765625 0.421875 0.5078125 0.490625 0.5078125 0.490625 0.3765625
0 0.815625 0.1625 0.696875 0.1625 0.696875 0.2765625 0.815625 0.2765625 0.815625 0.1625
0 0.2265625 0.18125 0.1390625 0.18125 0.1390625 0.425 0.2265625 0.425 0.2265625 0.18125
0 0.1859375 0.1 0.0359375 0.1 0.0359375 0.24375 0.1859375 0.24375 0.1859375 0.1
0 0.840625 0.084375 0.6609375 0.084375 0.6609375 0.190625 0.840625 0.190625 0.840625 0.084375
0 0.9671875 0.5359375 0.803125 0.5359375 0.803125 0.6953125 0.9671875 0.6953125 0.9671875 0.5359375
0 0.1265625 0.534375 0.0015625 0.534375 0.0015625 0.6328125 0.1265625 0.6328125 0.1265625 0.534375
0 0.765625 0.409375 0.7140625 0.409375 0.7140625 0.5625 0.765625 0.5625 0.765625 0.409375
0 0.259375 0.41875 0.1515625 0.41875 0.1515625 0.515625 0.259375 0.515625 0.259375 0.41875
0 0.3890625 0.2140625 0.23125 0.2140625 0.23125 0.340625 0.3890625 0.340625 0.3890625 0.2140625
0 0.23125 0.5171875 0.1078125 0.5171875 0.1078125 0.6296875 0.23125 0.6296875 0.23125 0.5171875
0 1.0 0.6890625 0.8921875 0.6890625 0.8921875 0.875 1.0 0.875 1.0 0.6890625
0 0.1953125 0.94375 0.0765625 0.94375 0.0765625 1.0 0.1953125 1.0 0.1953125 0.94375
0 0.215625 0.7078125 0.128125 0.7078125 0.128125 0.8375 0.215625 0.8375 0.215625 0.7078125
0 0.1375 0.4453125 0.0484375 0.4453125 0.0484375 0.596875 0.1375 0.596875 0.1375 0.4453125
0 0.45 0.7546875 0.328125 0.7546875 0.328125 0.86875 0.45 0.86875 0.45 0.7546875
0 0.6953125 0.675 0.5625 0.675 0.5625 0.79375 0.6953125 0.79375 0.6953125 0.675
0 0.4578125 0.4671875 0.240625 0.4671875 0.240625 0.6265625 0.4578125 0.6265625 0.4578125 0.4671875
0 0.990625 0.4609375 0.85 0.4609375 0.85 0.6171875 0.990625 0.6171875 0.990625 0.4609375
0 1.0 0.1359375 0.896875 0.1359375 0.896875 0.246875 1.0 0.246875 1.0 0.1359375
0 0.50625 0.09375 0.4296875 0.09375 0.4296875 0.21875 0.50625 0.21875 0.50625 0.09375
0 0.796875 0.0015625 0.69375 0.0015625 0.69375 0.1234375 0.796875 0.1234375 0.796875 0.0015625
0 1.0 0.115625 0.9609375 0.115625 0.9609375 0.1671875 1.0 0.1671875 1.0 0.115625
0 0.903125 0.0484375 0.6484375 0.0484375 0.6484375 0.1921875 0.903125 0.1921875 0.903125 0.0484375
0 0.4375 0.0015625 0.2890625 0.0015625 0.2890625 0.109375 0.4375 0.109375 0.4375 0.0015625
0 0.721875 0.884375 0.5734375 0.884375 0.5734375 1.0 0.721875 1.0 0.721875 0.884375
0 0.309375 0.0296875 0.2078125 0.0296875 0.2078125 0.1640625 0.309375 0.1640625 0.309375 0.0296875
0 0.575 0.0359375 0.4609375 0.0359375 0.4609375 0.2296875 0.575 0.2296875 0.575 0.0359375
0 0.0609375 0.0015625 0.0015625 0.0015625 0.0015625 0.0359375 0.0609375 0.0359375 0.0609375 0.0015625
0 0.4640625 0.0890625 0.3078125 0.0890625 0.3078125 0.18125 0.4640625 0.18125 0.4640625 0.0890625
0 0.2203125 0.95 0.0359375 0.95 0.0359375 1.0 0.2203125 1.0 0.2203125 0.95
0 0.4078125 0.975 0.3375 0.975 0.3375 1.0 0.4078125 1.0 0.4078125 0.975
0 0.4015625 0.428125 0.275 0.428125 0.275 0.55625 0.4015625 0.55625 0.4015625 0.428125
0 0.371875 0.303125 0.171875 0.303125 0.171875 0.4703125 0.371875 0.4703125 0.371875 0.303125
0 0.8671875 0.8296875 0.7578125 0.8296875 0.7578125 0.965625 0.8671875 0.965625 0.8671875 0.8296875
0 0.6109375 0.8546875 0.428125 0.8546875 0.428125 0.9734375 0.6109375 0.9734375 0.6109375 0.8546875
0 0.803125 0.7203125 0.66875 0.7203125 0.66875 0.978125 0.803125 0.978125 0.803125 0.7203125
0 0.721875 0.703125 0.49375 0.703125 0.49375 0.8625 0.721875 0.8625 0.721875 0.703125
0 0.7890625 0.475 0.6609375 0.475 0.6609375 0.5953125 0.7890625 0.5953125 0.7890625 0.475
0 0.95625 0.31875 0.7671875 0.31875 0.7671875 0.48125 0.95625 0.48125 0.95625 0.31875
0 0.71875 0.171875 0.53125 0.171875 0.53125 0.396875 0.71875 0.396875 0.71875 0.171875
0 0.95 0.0015625 0.778125 0.0015625 0.778125 0.1734375 0.95 0.1734375 0.95 0.0015625
0 1.0 0.0015625 0.8765625 0.0015625 0.8765625 0.084375 1.0 0.084375 1.0 0.0015625
0 0.6796875 0.2453125 0.528125 0.2453125 0.528125 0.515625 0.6796875 0.515625 0.6796875 0.2453125
0 0.44375 0.1703125 0.3203125 0.1703125 0.3203125 0.25625 0.44375 0.25625 0.44375 0.1703125
0 0.66875 0.009375 0.5234375 0.009375 0.5234375 0.184375 0.66875 0.184375 0.66875 0.009375
0 0.51875 0.0078125 0.334375 0.0078125 0.334375 0.159375 0.51875 0.159375 0.51875 0.0078125
0 0.79375 0.4734375 0.071875 0.4734375 0.071875 0.996875 0.79375 0.996875 0.79375 0.4734375
0 0.175 0.2609375 0.028125 0.2609375 0.028125 0.4609375 0.175 0.4609375 0.175 0.2609375
0 0.3375 0.0015625 0.0015625 0.0015625 0.0015625 0.321875 0.3375 0.321875 0.3375 0.0015625
0 0.253125 0.2140625 0.184375 0.2140625 0.184375 0.428125 0.253125 0.428125 0.253125 0.2140625
0 0.6125 0.1046875 0.403125 0.1046875 0.403125 0.378125 0.6125 0.378125 0.6125 0.1046875
0 1.0 0.0015625 0.921875 0.0015625 0.921875 0.1640625 1.0 0.1640625 1.0 0.0015625
0 0.9578125 0.3984375 0.73125 0.3984375 0.73125 0.6359375 0.9578125 0.6359375 0.9578125 0.3984375
0 0.8984375 0.0015625 0.8296875 0.0015625 0.8296875 0.1015625 0.8984375 0.1015625 0.8984375 0.0015625
0 1.0 0.8578125 0.9734375 0.8578125 0.9734375 0.89375 1.0 0.89375 1.0 0.8578125
