0 0.1125 0.5890625 0.0015625 0.5890625 0.0015625 0.9859375 0.1125 0.9859375 0.1125 0.5890625
0 0.1640625 0.0015625 0.0375 0.0015625 0.0375 0.1359375 0.1640625 0.1359375 0.1640625 0.0015625
0 0.46875 0.6328125 0.3875 0.6328125 0.3875 0.8328125 0.46875 0.8328125 0.46875 0.6328125
0 0.3625 0.3640625 0.1859375 0.3640625 0.1859375 0.621875 0.3625 0.621875 0.3625 0.3640625
0 1.0 0.4625 0.8296875 0.4625 0.8296875 0.5421875 1.0 0.5421875 1.0 0.4625
0 0.6796875 0.115625 0.5265625 0.115625 0.5265625 0.3640625 0.6796875 0.3640625 0.6796875 0.115625
0 0.03125 0.015625 0.0015625 0.015625 0.0015625 0.1421875 0.03125 0.1421875 0.03125 0.015625
0 0.3515625 0.0015625 0.171875 0.0015625 0.171875 0.2140625 0.3515625 0.2140625 0.3515625 0.0015625
0 0.35 0.921875 0.159375 0.921875 0.159375 1.0 0.35 1.0 0.35 0.921875
0 0.059375 0.821875 0.0015625 0.821875 0.0015625 1.0 0.059375 1.0 0.059375 0.821875
0 0.3375 0.5015625 0.128125 0.5015625 0.128125 0.965625 0.3375 0.965625 0.3375 0.5015625
0 0.06875 0.6171875 0.0015625 0.6171875 0.0015625 0.8046875 0.06875 0.8046875 0.06875 0.6171875
0 0.065625 0.4484375 0.0015625 0.4484375 0.0015625 0.603125 0.065625 0.603125 0.065625 0.4484375
0 1.0 0.40625 0.9234375 0.40625 0.9234375 0.5234375 1.0 0.5234375 1.0 0.40625
0 0.5734375 0.14375 0.39375 0.14375 0.39375 0.4859375 0.5734375 0.4859375 0.5734375 0.14375
0 0.634375 0.071875 0.5078125 0.071875 0.5078125 0.3484375 0.634375 0.3484375 0.634375 0.071875
0 0.13125 0.0875 0.025 0.0875 0.025 0.2453125 0.13125 0.2453125 0.13125 0.0875
0 0.1484375 0.64375 0.0703125 0.64375 0.0703125 0.840625 0.1484375 0.840625 0.1484375 0.64375
0 1.0 0.2671875 0.9109375 0.2671875 0.9109375 0.415625 1.0 0.415625 1.0 0.2671875
0 0.046875 0.0015625 0.0015625 0.0015625 0.0015625 0.0484375 0.046875 0.0484375 0.046875 0.0015625
0 0.2625 0.196875 0.1375 0.196875 0.1375 0.3390625 0.2625 0.3390625 0.2625 0.196875
0 0.31875 0.0015625 0.2015625 0.0015625 0.2015625 0.159375 0.31875 0.159375 0.31875 0.0015625
0 0.878125 0.0015625 0.815625 0.0015625 0.815625 0.0390625 0.878125 0.0390625 0.878125 0.0015625
0 0.853125 0.0015625 0.0015625 0.0015625 0.0015625 1.0 0.853125 1.0 0.853125 0.0015625
0 1.0 0.534375 0.5953125 0.534375 0.5953125 1.0 1.0 1.0 1.0 0.534375
0 0.5171875 0.0015625 0.334375 0.0015625 0.334375 0.0328125 0.5171875 0.0328125 0.5171875 0.0015625
0 1.0 0.346875 0.7109375 0.346875 0.7109375 0.4828125 1.0 0.4828125 1.0 0.346875
0 1.0 0.0015625 0.934375 0.0015625 0.934375 0.1078125 1.0 0.1078125 1.0 0.0015625
