0 0.5 0.121875 0.3953125 0.121875 0.3953125 0.246875 0.5 0.246875 0.5 0.121875
0 0.7515625 0.071875 0.60625 0.071875 0.60625 0.20625 0.7515625 0.20625 0.7515625 0.071875
0 0.446875 0.0015625 0.3578125 0.0015625 0.3578125 0.2171875 0.446875 0.2171875 0.446875 0.0015625
0 0.2203125 0.6203125 0.1078125 0.6203125 0.1078125 0.75 0.2203125 0.75 0.2203125 0.6203125
0 0.4171875 0.915625 0.203125 0.915625 0.203125 1.0 0.4171875 1.0 0.4171875 0.915625
0 0.2046875 0.775 0.0703125 0.775 0.0703125 0.9515625 0.2046875 0.9515625 0.2046875 0.775
0 0.059375 0.75 0.0015625 0.75 0.0015625 0.85 0.059375 0.85 0.059375 0.75
0 0.828125 0.4390625 0.190625 0.4390625 0.190625 1.0 0.828125 1.0 0.828125 0.4390625
0 0.2453125 0.5921875 0.175 0.5921875 0.175 0.7609375 0.2453125 0.7609375 0.2453125 0.5921875
0 0.225 0.29375 0.0359375 0.29375 0.0359375 0.365625 0.225 0.365625 0.225 0.29375
0 0.98125 0.9484375 0.9203125 0.9484375 0.9203125 1.0 0.98125 1.0 0.98125 0.9484375
0 0.746875 0.8671875 0.64375 0.8671875 0.64375 1.0 0.746875 1.0 0.746875 0.8671875
0 0.88125 0.7265625 0.771875 0.7265625 0.771875 0.8875 0.88125 0.8875 0.88125 0.7265625
0 1.0 0.253125 0.8234375 0.253125 0.8234375 0.73125 1.0 0.73125 1.0 0.253125
0 0.7859375 0.3515625 0.7 0.3515625 0.7 0.49375 0.7859375 0.49375 0.7859375 0.3515625
0 1.0 0.928125 0.9453125 0.928125 0.9453125 1.0 1.0 1.0 1.0 0.928125
0 0.7828125 0.959375 0.74375 0.959375 0.74375 1.0 0.7828125 1.0 0.7828125 0.959375
0 0.375 0.8515625 0.259375 0.8515625 0.259375 1.0 0.375 1.0 0.375 0.8515625
0 1.0 0.6984375 0.921875 0.6984375 0.921875 0.8046875 1.0 0.8046875 1.0 0.6984375
0 0.4515625 0.4421875 0.3015625 0.4421875 0.3015625 0.5765625 0.4515625 0.5765625 0.4515625 0.4421875
0 0.9875 0.409375 0.8875 0.409375 0.8875 0.521875 0.9875 0.521875 0.9875 0.409375
0 0.521875 0.2 0.3515625 0.2 0.3515625 0.3609375 0.521875 0.3609375 0.521875 0.2
0 1.0 0.0015625 0.9828125 0.0015625 0.9828125 0.0328125 1.0 0.0328125 1.0 0.0015625
0 0.653125 0.0015625 0.534375 0.0015625 0.534375 0.0609375 0.653125 0.0609375 0.653125 0.0015625
0 0.8890625 0.0015625 0.79375 0.0015625 0.79375 0.01875 0.8890625 0.01875 0.8890625 0.0015625
0 0.521875 0.0015625 0.4828125 0.0015625 0.4828125 0.0390625 0.521875 0.0390625 0.521875 0.0015625
0 0.2390625 0.04375 0.0109375 0.04375 0.0109375 0.109375 0.2390625 0.109375 0.2390625 0.04375
0 0.33125 0.6546875 0.0015625 0.6546875 0.0015625 0.8078125 0.33125 0.8078125 0.33125 0.6546875
0 0.265625 0.3984375 0.0015625 0.3984375 0.0015625 0.6265625 0.265625 0.6265625 0.265625 0.3984375
0 0.3359375 0.0453125 0.2296875 0.0453125 0.2296875 0.4984375 0.3359375 0.4984375 0.3359375 0.0453125
0 0.2765625 0.1015625 0.071875 0.1015625 0.071875 0.31875 0.2765625 0.31875 0.2765625 0.1015625
0 0.125 0.0765625 0.0015625 0.0765625 0.0015625 0.1484375 0.125 0.1484375 0.125 0.0765625
0 0.7203125 0.9515625 0.6640625 0.9515625 0.6640625 1.0 0.7203125 1.0 0.7203125 0.9515625
0 1.0 0.8421875 0.76875 0.8421875 0.76875 1.0 1.0 1.0 1.0 0.8421875
0 0.946875 0.446875 0.628125 0.446875 0.628125 0.7578125 0.946875 0.7578125 0.946875 0.446875
0 0.578125 0.13125 0.44375 0.13125 0.44375 0.428125 0.578125 0.428125 0.578125 0.13125
0 1.0 0.06875 0.8234375 0.06875 0.8234375 0.178125 1.0 0.178125 1.0 0.06875
0 0.03125 0.6609375 0.0015625 0.6609375 0.0015625 0.684375 0.03125 0.684375 0.03125 0.6609375
0 0.0203125 0.3109375 0.0015625 0.3109375 0.0015625 0.50625 0.0203125 0.50625 0.0203125 0.3109375
0 0.0140625 0.10625 0.0015625 0.10625 0.0015625 0.128125 0.0140625 0.128125 0.0140625 0.10625
0 1.0 0.934375 0.9296875 0.934375 0.9296875 1.0 1.0 1.0 1.0 0.934375
0 0.884375 0.9640625 0.765625 0.9640625 0.765625 1.0 0.884375 1.0 0.884375 0.9640625
0 0.303125 0.9625 0.1046875 0.9625 0.1046875 1.0 0.303125 1.0 0.303125 0.9625
0 0.2578125 0.8578125 0.1296875 0.8578125 0.1296875 0.978125 0.2578125 0.978125 0.2578125 0.8578125
0 0.715625 0.80625 0.6015625 0.80625 0.6015625 1.0 0.715625 1.0 0.715625 0.80625
0 0.4015625 0.8234375 0.25625 0.8234375 0.25625 0.9296875 0.4015625 0.9296875 0.4015625 0.8234375
0 1.0 0.65625 0.728125 0.65625 0.728125 0.9515625 1.0 0.9515625 1.0 0.65625
0 0.128125 0.7578125 0.0109375 0.7578125 0.0109375 0.9203125 0.128125 0.9203125 0.128125 0.7578125
0 0.66875 0.48125 0.478125 0.48125 0.478125 0.7015625 0.66875 0.7015625 0.66875 0.48125
0 0.3109375 0.0390625 0.0375 0.0390625 0.0375 0.559375 0.3109375 0.559375 0.3109375 0.0390625
0 0.965625 0.40625 0.753125 0.40625 0.753125 0.5625 0.965625 0.5625 0.965625 0.40625
0 0.5375 0.365625 0.303125 0.365625 0.303125 0.5390625 0.5375 0.5390625 0.5375 0.365625
0 0.7125 0.353125 0.5375 0.353125 0.5375 0.5375 0.7125 0.5375 0.7125 0.353125
0 1.0 0.3390625 0.9265625 0.3390625 0.9265625 0.55 1.0 0.55 1.0 0.3390625
0 1.0 0.153125 0.7703125 0.153125 0.7703125 0.3984375 1.0 0.3984375 1.0 0.153125
0 0.3765625 0.0015625 0.275 0.0015625 0.275 0.3609375 0.3765625 0.3609375 0.3765625 0.0015625
0 0.6484375 0.13125 0.5453125 0.13125 0.5453125 0.3609375 0.6484375 0.3609375 0.6484375 0.13125
0 0.0984375 0.1171875 0.0015625 0.1171875 0.0015625 0.3109375 0.0984375 0.3109375 0.0984375 0.1171875
0 0.453125 0.053125 0.3765625 0.053125 0.3765625 0.340625 0.453125 0.340625 0.453125 0.053125
0 0.7921875 0.021875 0.6328125 0.021875 0.6328125 0.1171875 0.7921875 0.1171875 0.7921875 0.021875
0 1.0 0.0015625 0.9140625 0.0015625 0.9140625 0.10625 1.0 0.10625 1.0 0.0015625
0 0.690625 0.0015625 0.5359375 0.0015625 0.5359375 0.05 0.690625 0.05 0.690625 0.0015625
0 0.8890625 0.0015625 0.721875 0.0015625 0.721875 0.040625 0.8890625 0.040625 0.8890625 0.0015625
0 0.08125 0.009375 0.0015625 0.009375 0.0015625 0.05625 0.08125 0.05625 0.08125 0.009375
0 0.159375 0.7859375 0.0375 0.7859375 0.0375 1.0 0.159375 1.0 0.159375 0.7859375
0 0.00625 0.7046875 0.0015625 0.7046875 0.0015625 0.7171875 0.00625 0.7171875 0.00625 0.7046875
0 0.390625 0.4671875 0.040625 0.4671875 0.040625 0.7421875 0.390625 0.7421875 0.390625 0.4671875
0 0.5046875 0.6640625 0.3140625 0.6640625 0.3140625 0.796875 0.5046875 0.796875 0.5046875 0.6640625
0 0.759375 0.784375 0.6890625 0.784375 0.6890625 0.9640625 0.759375 0.9640625 0.759375 0.784375
0 0.921875 0.0015625 0.371875 0.0015625 0.371875 0.3921875 0.921875 0.3921875 0.921875 0.0015625
0 0.05625 0.8921875 0.0015625 0.8921875 0.0015625 1.0 0.05625 1.0 0.05625 0.8921875
0 0.046875 0.828125 0.0015625 0.828125 0.0015625 0.884375 0.046875 0.884375 0.046875 0.828125
0 0.096875 0.5734375 0.0015625 0.5734375 0.0015625 0.69375 0.096875 0.69375 0.096875 0.5734375
0 0.2265625 0.875 0.0765625 0.875 0.0765625 0.9890625 0.2265625 0.9890625 0.2265625 0.875
0 0.3 0.821875 0.20625 0.821875 0.20625 0.9484375 0.3 0.9484375 0.3 0.821875
0 0.9046875 0.8203125 0.7546875 0.8203125 0.7546875 0.9421875 0.9046875 0.9421875 0.9046875 0.8203125
0 0.9 0.3484375 0.5046875 0.3484375 0.5046875 0.6390625 0.9 0.6390625 0.9 0.3484375
