0 1.0 0.4015625 0.89375 0.4015625 0.89375 0.4875 1.0 0.4875 1.0 0.4015625
0 1.0 0.540625 0.9703125 0.540625 0.9703125 0.575 1.0 0.575 1.0 0.540625
0 1.0 0.4703125 0.9375 0.4703125 0.9375 0.584375 1.0 0.584375 1.0 0.4703125
0 0.546875 0.2828125 0.3765625 0.2828125 0.3765625 0.44375 0.546875 0.44375 0.546875 0.2828125
0 1.0 0.0109375 0.9625 0.0109375 0.9625 0.053125 1.0 0.053125 1.0 0.0109375
0 0.7515625 0.4359375 0.6828125 0.4359375 0.6828125 0.609375 0.7515625 0.609375 0.7515625 0.4359375
0 0.8796875 0.2609375 0.721875 0.2609375 0.721875 0.4296875 0.8796875 0.4296875 0.8796875 0.2609375
0 0.7921875 0.671875 0.6921875 0.671875 0.6921875 0.8421875 0.7921875 0.8421875 0.7921875 0.671875
0 0.096875 0.378125 0.0015625 0.378125 0.0015625 0.515625 0.096875 0.515625 0.096875 0.378125
0 0.575 0.8234375 0.4453125 0.8234375 0.4453125 1.0 0.575 1.0 0.575 0.8234375
0 0.3859375 0.5078125 0.3125 0.5078125 0.3125 0.7328125 0.3859375 0.7328125 0.3859375 0.5078125
0 0.746875 0.0015625 0.6890625 0.0015625 0.6890625 0.1078125 0.746875 0.1078125 0.746875 0.0015625
0 1.0 0.0015625 0.8421875 0.0015625 0.8421875 0.0796875 1.0 0.0796875 1.0 0.0015625
0 0.684375 0.0015625 0.640625 0.0015625 0.640625 0.0078125 0.684375 0.0078125 0.684375 0.0015625
0 0.6734375 0.875 0.559375 0.875 0.559375 1.0 0.6734375 1.0 0.6734375 0.875
0 0.2609375 0.9984375 0.25 0.9984375 0.25 1.0 0.2609375 1.0 0.2609375 0.9984375
0 0.3484375 0.9 0.271875 0.9 0.271875 1.0 0.3484375 1.0 0.3484375 0.9
0 0.4453125 0.6625 0.390625 0.6625 0.390625 0.875 0.4453125 0.875 0.4453125 0.6625
0 0.6265625 0.4546875 0.4453125 0.4546875 0.4453125 0.7875 0.6265625 0.7875 0.6265625 0.4546875
0 0.434375 0.509375 0.34375 0.509375 0.34375 0.684375 0.434375 0.684375 0.434375 0.509375
0 0.425 0.3328125 0.228125 0.3328125 0.228125 0.6296875 0.425 0.6296875 0.425 0.3328125
0 0.1703125 0.409375 0.09375 0.409375 0.09375 0.503125 0.1703125 0.503125 0.1703125 0.409375
0 0.921875 0.91875 0.8234375 0.91875 0.8234375 1.0 0.921875 1.0 0.921875 0.91875
0 0.940625 0.8046875 0.8265625 0.8046875 0.8265625 0.89375 0.940625 0.89375 0.940625 0.8046875
0 1.0 0.4328125 0.8546875 0.4328125 0.8546875 0.6765625 1.0 0.6765625 1.0 0.4328125
0 0.8359375 0.396875 0.784375 0.396875 0.784375 0.5875 0.8359375 0.5875 0.8359375 0.396875
0 0.621875 0.50625 0.53125 0.50625 0.53125 0.63125 0.621875 0.63125 0.621875 0.50625
0 1.0 0.034375 0.9109375 0.034375 0.9109375 0.146875 1.0 0.146875 1.0 0.034375
0 0.9828125 0.928125 0.9171875 0.928125 0.9171875 1.0 0.9828125 1.0 0.9828125 0.928125
0 0.4984375 0.8484375 0.428125 0.8484375 0.428125 1.0 0.4984375 1.0 0.4984375 0.8484375
0 0.9 0.9125 0.7640625 0.9125 0.7640625 1.0 0.9 1.0 0.9 0.9125
0 0.6828125 0.621875 0.465625 0.621875 0.465625 0.9015625 0.6828125 0.9015625 0.6828125 0.621875
0 0.821875 0.7109375 0.74375 0.7109375 0.74375 0.9015625 0.821875 0.9015625 0.821875 0.7109375
0 1.0 0.79375 0.9640625 0.79375 0.9640625 0.9046875 1.0 0.9046875 1.0 0.79375
0 0.321875 0.5796875 0.2296875 0.5796875 0.2296875 0.8828125 0.321875 0.8828125 0.321875 0.5796875
0 0.925 0.6875 0.8546875 0.6875 0.8546875 0.8109375 0.925 0.8109375 0.925 0.6875
0 0.7703125 0.5359375 0.7140625 0.5359375 0.7140625 0.703125 0.7703125 0.703125 0.7703125 0.5359375
0 0.809375 0.340625 0.7203125 0.340625 0.7203125 0.6171875 0.809375 0.6171875 0.809375 0.340625
0 1.0 0.0015625 0.0015625 0.0015625 0.0015625 1.0 1.0 1.0 1.0 0.0015625
0 0.5328125 0.33125 0.3859375 0.33125 0.3859375 0.5609375 0.5328125 0.5609375 0.5328125 0.33125
0 0.9609375 0.378125 0.78125 0.378125 0.78125 0.7796875 0.9609375 0.7796875 0.9609375 0.378125
0 1.0 0.0015625 0.85625 0.0015625 0.85625 0.709375 1.0 0.709375 1.0 0.0015625
