0 0.215625 0.809375 0.1296875 0.809375 0.1296875 1.0 0.215625 1.0 0.215625 0.809375
0 0.2546875 0.4078125 0.196875 0.4078125 0.196875 0.7234375 0.2546875 0.7234375 0.2546875 0.4078125
0 0.2046875 0.9359375 0.1765625 0.9359375 0.1765625 1.0 0.2046875 1.0 0.2046875 0.9359375
0 0.78125 0.5984375 0.7125 0.5984375 0.7125 0.75 0.78125 0.75 0.78125 0.5984375
0 0.4734375 0.4109375 0.30625 0.4109375 0.30625 0.6671875 0.4734375 0.6671875 0.4734375 0.4109375
0 0.1890625 0.7125 0.01875 0.7125 0.01875 0.8734375 0.1890625 0.8734375 0.1890625 0.7125
0 0.33125 0.3328125 0.196875 0.3328125 0.196875 0.6640625 0.33125 0.6640625 0.33125 0.3328125
0 0.846875 0.8734375 0.7203125 0.8734375 0.7203125 1.0 0.846875 1.0 0.846875 0.8734375
0 0.7859375 0.6875 0.70625 0.6875 0.70625 0.8171875 0.7859375 0.8171875 0.7859375 0.6875
0 0.4765625 0.3609375 0.3640625 0.3609375 0.3640625 0.5125 0.4765625 0.5125 0.4765625 0.3609375
0 0.5625 0.125 0.440625 0.125 0.440625 0.259375 0.5625 0.259375 0.5625 0.125
0 0.2109375 0.709375 0.0125 0.709375 0.0125 1.0 0.2109375 1.0 0.2109375 0.709375
0 0.5421875 0.6828125 0.4875 0.6828125 0.4875 0.975 0.5421875 0.975 0.5421875 0.6828125
0 0.8546875 0.7671875 0.76875 0.7671875 0.76875 0.94375 0.8546875 0.94375 0.8546875 0.7671875
0 0.9359375 0.5640625 0.8046875 0.5640625 0.8046875 0.7421875 0.9359375 0.7421875 0.9359375 0.5640625
0 0.825 0.4921875 0.7234375 0.4921875 0.7234375 0.6296875 0.825 0.6296875 0.825 0.4921875
0 1.0 0.14375 0.9609375 0.14375 0.9609375 0.2453125 1.0 0.2453125 1.0 0.14375
0 0.61875 0.1453125 0.4328125 0.1453125 0.4328125 0.5328125 0.61875 0.5328125 0.61875 0.1453125
0 0.2796875 0.0125 0.1046875 0.0125 0.1046875 0.2421875 0.2796875 0.2421875 0.2796875 0.0125
0 0.2171875 0.5484375 0.0015625 0.5484375 0.0015625 0.7484375 0.2171875 0.7484375 0.2171875 0.5484375
0 1.0 0.8921875 0.8640625 0.8921875 0.8640625 1.0 1.0 1.0 1.0 0.8921875
0 0.3609375 0.6578125 0.296875 0.6578125 0.296875 0.7875 0.3609375 0.7875 0.3609375 0.6578125
0 1.0 0.128125 0.953125 0.128125 0.953125 0.1953125 1.0 0.1953125 1.0 0.128125
0 0.3984375 0.8125 0.20625 0.8125 0.20625 1.0 0.3984375 1.0 0.3984375 0.8125
0 0.0640625 0.8 0.0015625 0.8 0.0015625 0.9640625 0.0640625 0.9640625 0.0640625 0.8
0 0.10625 0.5875 0.0015625 0.5875 0.0015625 0.721875 0.10625 0.721875 0.10625 0.5875
0 0.84375 0.5703125 0.75625 0.5703125 0.75625 0.690625 0.84375 0.690625 0.84375 0.5703125
0 0.9578125 0.10625 0.75 0.10625 0.75 0.50625 0.9578125 0.50625 0.9578125 0.10625
0 0.9671875 0.0015625 0.925 0.0015625 0.925 0.021875 0.9671875 0.021875 0.9671875 0.0015625
0 0.925 0.9765625 0.8359375 0.9765625 0.8359375 1.0 0.925 1.0 0.925 0.9765625
0 0.51875 0.53125 0.434375 0.53125 0.434375 0.684375 0.51875 0.684375 0.51875 0.53125
0 0.2234375 0.2859375 0.0671875 0.2859375 0.0671875 0.6390625 0.2234375 0.6390625 0.2234375 0.2859375
0 0.4375 0.315625 0.3484375 0.315625 0.3484375 0.509375 0.4375 0.509375 0.4375 0.315625
0 0.6046875 0.0046875 0.396875 0.0046875 0.396875 0.1734375 0.6046875 0.1734375 0.6046875 0.0046875
0 0.978125 0.9375 0.7484375 0.9375 0.7484375 1.0 0.978125 1.0 0.978125 0.9375
0 0.9171875 0.38125 0.8 0.38125 0.8 0.5140625 0.9171875 0.5140625 0.9171875 0.38125
0 0.5 0.0453125 0.3546875 0.0453125 0.3546875 0.2203125 0.5 0.2203125 0.5 0.0453125
0 0.6234375 0.0015625 0.5171875 0.0015625 0.5171875 0.046875 0.6234375 0.046875 0.6234375 0.0015625
0 1.0 0.3 0.85 0.3 0.85 0.4546875 1.0 0.4546875 1.0 0.3
0 0.1109375 0.3609375 0.0015625 0.3609375 0.0015625 0.53125 0.1109375 0.53125 0.1109375 0.3609375
0 0.31875 0.2890625 0.134375 0.2890625 0.134375 0.54375 0.31875 0.54375 0.31875 0.2890625
0 0.3234375 0.940625 0.190625 0.940625 0.190625 1.0 0.3234375 1.0 0.3234375 0.940625
0 0.0921875 0.6828125 0.0015625 0.6828125 0.0015625 0.73125 0.0921875 0.73125 0.0921875 0.6828125
0 0.4953125 0.4203125 0.4015625 0.4203125 0.4015625 0.609375 0.4953125 0.609375 0.4953125 0.4203125
0 0.88125 0.1421875 0.76875 0.1421875 0.76875 0.43125 0.88125 0.43125 0.88125 0.1421875
0 1.0 0.3875 0.94375 0.3875 0.94375 0.565625 1.0 0.565625 1.0 0.3875
0 0.3484375 0.571875 0.0828125 0.571875 0.0828125 0.9515625 0.3484375 0.9515625 0.3484375 0.571875
0 0.4421875 0.5359375 0.365625 0.5359375 0.365625 0.7078125 0.4421875 0.7078125 0.4421875 0.5359375
0 0.3109375 0.0015625 0.2546875 0.0015625 0.2546875 0.090625 0.3109375 0.090625 0.3109375 0.0015625
0 0.965625 0.0015625 0.86875 0.0015625 0.86875 0.06875 0.965625 0.06875 0.965625 0.0015625
0 1.0 0.9484375 0.978125 0.9484375 0.978125 1.0 1.0 1.0 1.0 0.9484375
0 1.0 0.5953125 0.909375 0.5953125 0.909375 0.8921875 1.0 0.8921875 1.0 0.5953125
0 1.0 0.4125 0.9140625 0.4125 0.9140625 0.4859375 1.0 0.4859375 1.0 0.4125
0 0.0078125 0.05625 0.0015625 0.05625 0.0015625 0.1328125 0.0078125 0.1328125 0.0078125 0.05625
0 0.265625 0.0015625 0.1984375 0.0015625 0.1984375 0.165625 0.265625 0.165625 0.265625 0.0015625
0 0.096875 0.7078125 0.0015625 0.7078125 0.0015625 1.0 0.096875 1.0 0.096875 0.7078125
0 0.6046875 0.0015625 0.0015625 0.0015625 0.0015625 0.4890625 0.6046875 0.4890625 0.6046875 0.0015625
0 0.4828125 0.640625 0.31875 0.640625 0.31875 1.0 0.4828125 1.0 0.4828125 0.640625
0 0.5890625 0.4875 0.459375 0.4875 0.459375 0.6203125 0.5890625 0.6203125 0.5890625 0.4875
0 0.94375 0.6203125 0.81875 0.6203125 0.81875 0.9515625 0.94375 0.9515625 0.94375 0.6203125
0 0.6734375 0.096875 0.503125 0.096875 0.503125 0.4640625 0.6734375 0.4640625 0.6734375 0.096875
0 1.0 0.0015625 0.9515625 0.0015625 0.9515625 0.134375 1.0 0.134375 1.0 0.0015625
0 1.0 0.26875 0.9890625 0.26875 0.9890625 0.315625 1.0 0.315625 1.0 0.26875
0 0.9984375 0.5234375 0.8046875 0.5234375 0.8046875 0.665625 0.9984375 0.665625 0.9984375 0.5234375
0 0.990625 0.121875 0.8296875 0.121875 0.8296875 0.2921875 0.990625 0.2921875 0.990625 0.121875
0 1.0 0.0015625 0.7984375 0.0015625 0.7984375 0.1359375 1.0 0.1359375 1.0 0.0015625
