0 1.0 0.5546875 0.8875 0.5546875 0.8875 0.6125 1.0 0.6125 1.0 0.5546875
0 0.0625 0.5171875 0.0015625 0.5171875 0.0015625 0.6640625 0.0625 0.6640625 0.0625 0.5171875
0 0.665625 0.6625 0.5515625 0.6625 0.5515625 0.878125 0.665625 0.878125 0.665625 0.6625
0 0.271875 0.378125 0.159375 0.378125 0.159375 0.503125 0.271875 0.503125 0.271875 0.378125
0 0.5109375 0.3484375 0.2890625 0.3484375 0.2890625 0.4609375 0.5109375 0.4609375 0.5109375 0.3484375
0 0.2140625 0.0015625 0.1609375 0.0015625 0.1609375 0.1046875 0.2140625 0.1046875 0.2140625 0.0015625
0 0.071875 0.0015625 0.040625 0.0015625 0.040625 0.0265625 0.071875 0.0265625 0.071875 0.0015625
0 0.8484375 0.7734375 0.725 0.7734375 0.725 1.0 0.8484375 1.0 0.8484375 0.7734375
0 1.0 0.584375 0.7859375 0.584375 0.7859375 0.903125 1.0 0.903125 1.0 0.584375
0 1.0 0.3453125 0.8734375 0.3453125 0.8734375 0.4890625 1.0 0.4890625 1.0 0.3453125
0 0.953125 0.903125 0.89375 0.903125 0.89375 1.0 0.953125 1.0 0.953125 0.903125
0 1.0 0.0015625 0.0015625 0.0015625 0.0015625 1.0 1.0 1.0 1.0 0.0015625
0 1.0 0.6171875 0.5609375 0.6171875 0.5609375 1.0 1.0 1.0 1.0 0.6171875
0 1.0 0.8546875 0.978125 0.8546875 0.978125 0.8828125 1.0 0.8828125 1.0 0.8546875
0 0.290625 0.0015625 0.0015625 0.0015625 0.0015625 0.490625 0.290625 0.490625 0.290625 0.0015625
0 0.0234375 0.9359375 0.0015625 0.9359375 0.0015625 1.0 0.0234375 1.0 0.0234375 0.9359375
0 0.0125 0.4703125 0.0015625 0.4703125 0.0015625 0.56875 0.0125 0.56875 0.0125 0.4703125
0 0.303125 0.8484375 0.1984375 0.8484375 0.1984375 0.98125 0.303125 0.98125 0.303125 0.8484375
0 0.4921875 0.45 0.1734375 0.45 0.1734375 0.940625 0.4921875 0.940625 0.4921875 0.45
0 0.2015625 0.453125 0.1203125 0.453125 0.1203125 0.678125 0.2015625 0.678125 0.2015625 0.453125
0 0.8125 0.95625 0.6 0.95625 0.6 1.0 0.8125 1.0 0.8125 0.95625
0 0.8640625 0.4984375 0.4296875 0.4984375 0.4296875 0.984375 0.8640625 0.984375 0.8640625 0.4984375
0 0.6265625 0.5875 0.5015625 0.5875 0.5015625 0.815625 0.6265625 0.815625 0.6265625 0.5875
0 0.4515625 0.0015625 0.3546875 0.0015625 0.3546875 0.2859375 0.4515625 0.2859375 0.4515625 0.0015625
0 1.0 0.0015625 0.6265625 0.0015625 0.6265625 0.4390625 1.0 0.4390625 1.0 0.0015625
0 1.0 0.878125 0.9640625 0.878125 0.9640625 0.9171875 1.0 0.9171875 1.0 0.878125
0 1.0 0.6640625 1.0 0.6640625 1.0 0.671875 1.0 0.671875 1.0 0.6640625
