0 0.9578125 0.984375 0.9046875 0.984375 0.9046875 1.0 0.9578125 1.0 0.9578125 0.984375
0 0.8578125 0.9828125 0.8109375 0.9828125 0.8109375 1.0 0.8578125 1.0 0.8578125 0.9828125
0 0.9828125 0.4328125 0.8078125 0.4328125 0.8078125 0.7296875 0.9828125 0.7296875 0.9828125 0.4328125
0 0.8453125 0.8625 0.7734375 0.8625 0.7734375 1.0 0.8453125 1.0 0.8453125 0.8625
0 0.9890625 0.7375 0.85 0.7375 0.85 0.9859375 0.9890625 0.9859375 0.9890625 0.7375
0 0.915625 0.578125 0.8015625 0.578125 0.8015625 0.796875 0.915625 0.796875 0.915625 0.578125
0 1.0 0.3765625 0.9890625 0.3765625 0.9890625 0.4015625 1.0 0.4015625 1.0 0.3765625
0 0.8578125 0.1140625 0.78125 0.1140625 0.78125 0.3046875 0.8578125 0.3046875 0.8578125 0.1140625
0 0.8609375 0.7015625 0.7109375 0.7015625 0.7109375 0.95 0.8609375 0.95 0.8609375 0.7015625
0 0.9796875 0.146875 0.8765625 0.146875 0.8765625 0.3015625 0.9796875 0.3015625 0.9796875 0.146875
0 1.0 0.53125 0.940625 0.53125 0.940625 0.8375 1.0 0.8375 1.0 0.53125
0 1.0 0.34375 0.8265625 0.34375 0.8265625 0.528125 1.0 0.528125 1.0 0.34375
0 1.0 0.1171875 0.7828125 0.1171875 0.7828125 0.6078125 1.0 0.6078125 1.0 0.1171875
0 1.0 0.6484375 0.809375 0.6484375 0.809375 1.0 1.0 1.0 1.0 0.6484375
