0 0.2765625 0.0015625 0.0015625 0.0015625 0.0015625 0.3578125 0.2765625 0.3578125 0.2765625 0.0015625
0 1.0 0.0015625 0.34375 0.0015625 0.34375 1.0 1.0 1.0 1.0 0.0015625
0 0.0859375 0.734375 0.0015625 0.734375 0.0015625 0.8265625 0.0859375 0.8265625 0.0859375 0.734375
0 0.2546875 0.3984375 0.0015625 0.3984375 0.0015625 0.65625 0.2546875 0.65625 0.2546875 0.3984375
0 0.553125 0.0015625 0.478125 0.0015625 0.478125 0.1390625 0.553125 0.1390625 0.553125 0.0015625
0 0.325 0.0015625 0.1734375 0.0015625 0.1734375 0.0390625 0.325 0.0390625 0.325 0.0015625
0 0.490625 0.0015625 0.0015625 0.0015625 0.0015625 0.525 0.490625 0.525 0.490625 0.0015625
0 0.7140625 0.9421875 0.5578125 0.9421875 0.5578125 1.0 0.7140625 1.0 0.7140625 0.9421875
0 0.8671875 0.4875 0.740625 0.4875 0.740625 0.6078125 0.8671875 0.6078125 0.8671875 0.4875
0 0.090625 0.0953125 0.0015625 0.0953125 0.0015625 0.19375 0.090625 0.19375 0.090625 0.0953125
0 0.934375 0.0015625 0.728125 0.0015625 0.728125 0.096875 0.934375 0.096875 0.934375 0.0015625
0 0.6203125 0.39375 0.0421875 0.39375 0.0421875 1.0 0.6203125 1.0 0.6203125 0.39375
0 0.51875 0.1296875 0.0015625 0.1296875 0.0015625 1.0 0.51875 1.0 0.51875 0.1296875
0 1.0 0.55 0.8 0.55 0.8 1.0 1.0 1.0 1.0 0.55
0 0.8546875 0.4109375 0.6 0.4109375 0.6 0.7078125 0.8546875 0.7078125 0.8546875 0.4109375
0 0.596875 0.1171875 0.4453125 0.1171875 0.4453125 0.3671875 0.596875 0.3671875 0.596875 0.1171875
0 0.378125 0.0015625 0.3140625 0.0015625 0.3140625 0.0296875 0.378125 0.0296875 0.378125 0.0015625
0 0.6859375 0.1609375 0.58125 0.1609375 0.58125 0.2796875 0.6859375 0.2796875 0.6859375 0.1609375
0 0.6484375 0.2546875 0.425 0.2546875 0.425 0.5515625 0.6484375 0.5515625 0.6484375 0.2546875
0 0.7921875 0.0109375 0.665625 0.0109375 0.665625 0.221875 0.7921875 0.221875 0.7921875 0.0109375
0 0.6453125 0.5828125 0.4421875 0.5828125 0.4421875 0.7234375 0.6453125 0.7234375 0.6453125 0.5828125
