0 0.54375 0.6046875 0.428125 0.6046875 0.428125 0.753125 0.54375 0.753125 0.54375 0.6046875
0 0.2234375 0.921875 0.0015625 0.921875 0.0015625 1.0 0.2234375 1.0 0.2234375 0.921875
0 0.1578125 0.728125 0.046875 0.728125 0.046875 0.953125 0.1578125 0.953125 0.1578125 0.728125
0 0.3046875 0.6546875 0.1296875 0.6546875 0.1296875 0.8234375 0.3046875 0.8234375 0.3046875 0.6546875
0 0.628125 0.6734375 0.465625 0.6734375 0.465625 0.78125 0.628125 0.78125 0.628125 0.6734375
0 0.4265625 0.7328125 0.31875 0.7328125 0.31875 0.98125 0.4265625 0.98125 0.4265625 0.7328125
0 0.309375 0.6359375 0.215625 0.6359375 0.215625 0.7953125 0.309375 0.7953125 0.309375 0.6359375
0 0.4609375 0.575 0.38125 0.575 0.38125 0.709375 0.4609375 0.709375 0.4609375 0.575
0 0.7703125 0.74375 0.6515625 0.74375 0.6515625 0.871875 0.7703125 0.871875 0.7703125 0.74375
0 0.5359375 0.43125 0.3796875 0.43125 0.3796875 0.5765625 0.5359375 0.5765625 0.5359375 0.43125
0 0.4234375 0.2640625 0.3390625 0.2640625 0.3390625 0.4078125 0.4234375 0.4078125 0.4234375 0.2640625
0 0.809375 0.934375 0.728125 0.934375 0.728125 1.0 0.809375 1.0 0.809375 0.934375
0 0.990625 0.4640625 0.7828125 0.4640625 0.7828125 0.70625 0.990625 0.70625 0.990625 0.4640625
0 0.6578125 0.296875 0.5484375 0.296875 0.5484375 0.4546875 0.6578125 0.4546875 0.6578125 0.296875
0 0.8796875 0.1703125 0.6921875 0.1703125 0.6921875 0.3734375 0.8796875 0.3734375 0.8796875 0.1703125
0 0.6140625 0.109375 0.4265625 0.109375 0.4265625 0.3578125 0.6140625 0.3578125 0.6140625 0.109375
0 0.840625 0.0015625 0.7 0.0015625 0.7 0.11875 0.840625 0.11875 0.840625 0.0015625
0 0.3 0.8140625 0.2125 0.8140625 0.2125 0.996875 0.3 0.996875 0.3 0.8140625
0 0.8015625 0.215625 0.615625 0.215625 0.615625 0.5125 0.8015625 0.5125 0.8015625 0.215625
0 1.0 0.4625 0.9203125 0.4625 0.9203125 0.609375 1.0 0.609375 1.0 0.4625
0 0.94375 0.3875 0.796875 0.3875 0.796875 0.4796875 0.94375 0.4796875 0.94375 0.3875
0 1.0 0.046875 0.9859375 0.046875 0.9859375 0.1640625 1.0 0.1640625 1.0 0.046875
0 0.9046875 0.915625 0.771875 0.915625 0.771875 1.0 0.9046875 1.0 0.9046875 0.915625
0 0.278125 0.290625 0.184375 0.290625 0.184375 0.509375 0.278125 0.509375 0.278125 0.290625
0 0.0921875 0.2390625 0.0015625 0.2390625 0.0015625 0.478125 0.0921875 0.478125 0.0921875 0.2390625
0 0.58125 0.3109375 0.39375 0.3109375 0.39375 0.440625 0.58125 0.440625 0.58125 0.3109375
0 0.3234375 0.1875 0.2375 0.1875 0.2375 0.325 0.3234375 0.325 0.3234375 0.1875
0 0.525 0.0015625 0.278125 0.0015625 0.278125 0.215625 0.525 0.215625 0.525 0.0015625
0 0.9359375 0.8125 0.8359375 0.8125 0.8359375 0.98125 0.9359375 0.98125 0.9359375 0.8125
0 1.0 0.6828125 0.95625 0.6828125 0.95625 0.8515625 1.0 0.8515625 1.0 0.6828125
0 1.0 0.3484375 0.984375 0.3484375 0.984375 0.4640625 1.0 0.4640625 1.0 0.3484375
0 0.890625 0.35625 0.715625 0.35625 0.715625 0.621875 0.890625 0.621875 0.890625 0.35625
0 0.9609375 0.4234375 0.8734375 0.4234375 0.8734375 0.55625 0.9609375 0.55625 0.9609375 0.4234375
0 0.7078125 0.3921875 0.6046875 0.3921875 0.6046875 0.49375 0.7078125 0.49375 0.7078125 0.3921875
0 0.7765625 0.0984375 0.5859375 0.0984375 0.5859375 0.1921875 0.7765625 0.1921875 0.7765625 0.0984375
0 0.3453125 1.0 0.3390625 1.0 0.3390625 1.0 0.3453125 1.0 0.3453125 1.0
0 0.640625 0.45625 0.559375 0.45625 0.559375 0.59375 0.640625 0.59375 0.640625 0.45625
0 0.165625 0.390625 0.046875 0.390625 0.046875 0.4765625 0.165625 0.4765625 0.165625 0.390625
0 0.634375 0.0921875 0.5171875 0.0921875 0.5171875 0.215625 0.634375 0.215625 0.634375 0.0921875
0 0.084375 0.0015625 0.0625 0.0015625 0.0625 0.009375 0.084375 0.009375 0.084375 0.0015625
0 1.0 0.9578125 0.953125 0.9578125 0.953125 1.0 1.0 1.0 1.0 0.9578125
0 0.9640625 0.5875 0.7390625 0.5875 0.7390625 0.7421875 0.9640625 0.7421875 0.9640625 0.5875
0 0.115625 0.45625 0.0015625 0.45625 0.0015625 0.665625 0.115625 0.665625 0.115625 0.45625
0 0.1609375 0.25625 0.0015625 0.25625 0.0015625 0.4234375 0.1609375 0.4234375 0.1609375 0.25625
0 0.803125 0.584375 0.578125 0.584375 0.578125 0.740625 0.803125 0.740625 0.803125 0.584375
0 0.5921875 0.50625 0.465625 0.50625 0.465625 0.6171875 0.5921875 0.6171875 0.5921875 0.50625
0 0.25 0.2140625 0.121875 0.2140625 0.121875 0.5640625 0.25 0.5640625 0.25 0.2140625
0 0.1484375 0.1203125 0.04375 0.1203125 0.04375 0.2390625 0.1484375 0.2390625 0.1484375 0.1203125
0 1.0 0.0015625 0.0015625 0.0015625 0.0015625 1.0 1.0 1.0 1.0 0.0015625
0 0.2078125 0.5796875 0.0015625 0.5796875 0.0015625 0.91875 0.2078125 0.91875 0.2078125 0.5796875
0 0.2390625 0.4359375 0.0484375 0.4359375 0.0484375 0.65625 0.2390625 0.65625 0.2390625 0.4359375
0 0.84375 0.7296875 0.3421875 0.7296875 0.3421875 1.0 0.84375 1.0 0.84375 0.7296875
0 0.853125 0.9890625 0.8046875 0.9890625 0.8046875 1.0 0.853125 1.0 0.853125 0.9890625
0 0.6828125 0.496875 0.5140625 0.496875 0.5140625 0.721875 0.6828125 0.721875 0.6828125 0.496875
0 0.8453125 0.3265625 0.7 0.3265625 0.7 0.41875 0.8453125 0.41875 0.8453125 0.3265625
0 0.6375 0.1890625 0.503125 0.1890625 0.503125 0.3296875 0.6375 0.3296875 0.6375 0.1890625
0 1.0 0.828125 0.925 0.828125 0.925 0.9265625 1.0 0.9265625 1.0 0.828125
