0 0.6546875 0.7109375 0.5640625 0.7109375 0.5640625 0.878125 0.6546875 0.878125 0.6546875 0.7109375
0 1.0 0.2296875 0.784375 0.2296875 0.784375 0.3453125 1.0 0.3453125 1.0 0.2296875
0 0.6953125 0.7046875 0.5796875 0.7046875 0.5796875 0.878125 0.6953125 0.878125 0.6953125 0.7046875
0 0.8015625 0.7 0.7 0.7 0.7 0.90625 0.8015625 0.90625 0.8015625 0.7
0 1.0 0.5453125 0.8140625 0.5453125 0.8140625 0.7078125 1.0 0.7078125 1.0 0.5453125
0 1.0 0.3734375 0.86875 0.3734375 0.86875 0.5515625 1.0 0.5515625 1.0 0.3734375
0 1.0 0.2109375 0.990625 0.2109375 0.990625 0.2328125 1.0 0.2328125 1.0 0.2109375
0 1.0 0.0015625 0.975 0.0015625 0.975 0.0171875 1.0 0.0171875 1.0 0.0015625
0 0.778125 0.9484375 0.6796875 0.9484375 0.6796875 1.0 0.778125 1.0 0.778125 0.9484375
0 0.94375 0.7328125 0.8453125 0.7328125 0.8453125 1.0 0.94375 1.0 0.94375 0.7328125
0 1.0 0.5015625 0.896875 0.5015625 0.896875 0.5796875 1.0 0.5796875 1.0 0.5015625
0 0.2390625 0.109375 0.1125 0.109375 0.1125 0.2296875 0.2390625 0.2296875 0.2390625 0.109375
0 0.2109375 0.046875 0.1015625 0.046875 0.1015625 0.2078125 0.2109375 0.2078125 0.2109375 0.046875
0 0.3140625 0.0015625 0.2390625 0.0015625 0.2390625 0.10625 0.3140625 0.10625 0.3140625 0.0015625
0 1.0 0.7296875 0.99375 0.7296875 0.99375 0.74375 1.0 0.74375 1.0 0.7296875
0 0.346875 0.0015625 0.278125 0.0015625 0.278125 0.21875 0.346875 0.21875 0.346875 0.0015625
0 0.78125 0.66875 0.5359375 0.66875 0.5359375 0.9 0.78125 0.9 0.78125 0.66875
0 0.2578125 0.0015625 0.059375 0.0015625 0.059375 0.1140625 0.2578125 0.1140625 0.2578125 0.0015625
0 0.89375 0.0015625 0.884375 0.0015625 0.884375 0.0015625 0.89375 0.0015625 0.89375 0.0015625
0 0.8109375 0.603125 0.703125 0.603125 0.703125 0.7109375 0.8109375 0.7109375 0.8109375 0.603125
0 0.8609375 0.2640625 0.7109375 0.2640625 0.7109375 0.403125 0.8609375 0.403125 0.8609375 0.2640625
0 1.0 0.0015625 0.8875 0.0015625 0.8875 0.159375 1.0 0.159375 1.0 0.0015625
0 0.7859375 0.0015625 0.7015625 0.0015625 0.7015625 0.0203125 0.7859375 0.0203125 0.7859375 0.0015625
0 0.6703125 0.8625 0.55 0.8625 0.55 0.9984375 0.6703125 0.9984375 0.6703125 0.8625
0 0.103125 0.0015625 0.0015625 0.0015625 0.0015625 0.1859375 0.103125 0.1859375 0.103125 0.0015625
0 1.0 0.340625 0.74375 0.340625 0.74375 0.8734375 1.0 0.8734375 1.0 0.340625
0 0.9484375 0.8546875 0.8171875 0.8546875 0.8171875 1.0 0.9484375 1.0 0.9484375 0.8546875
0 0.8734375 0.715625 0.7796875 0.715625 0.7796875 0.934375 0.8734375 0.934375 0.8734375 0.715625
0 0.740625 0.525 0.6171875 0.525 0.6171875 0.6828125 0.740625 0.6828125 0.740625 0.525
0 0.89375 0.4625 0.8203125 0.4625 0.8203125 0.603125 0.89375 0.603125 0.89375 0.4625
0 1.0 0.3875 0.928125 0.3875 0.928125 0.5 1.0 0.5 1.0 0.3875
0 1.0 0.0515625 0.875 0.0515625 0.875 0.2296875 1.0 0.2296875 1.0 0.0515625
0 0.853125 0.0015625 0.784375 0.0015625 0.784375 0.0703125 0.853125 0.0703125 0.853125 0.0015625
0 0.875 0.115625 0.759375 0.115625 0.759375 0.253125 0.875 0.253125 0.875 0.115625
0 0.803125 0.4140625 0.6890625 0.4140625 0.6890625 0.603125 0.803125 0.603125 0.803125 0.4140625
0 0.69375 0.5359375 0.58125 0.5359375 0.58125 0.6703125 0.69375 0.6703125 0.69375 0.5359375
0 1.0 0.8453125 0.9234375 0.8453125 0.9234375 1.0 1.0 1.0 1.0 0.8453125
0 0.7171875 0.95625 0.6625 0.95625 0.6625 1.0 0.7171875 1.0 0.7171875 0.95625
0 0.88125 0.7640625 0.7828125 0.7640625 0.7828125 1.0 0.88125 1.0 0.88125 0.7640625
