0 0.8515625 0.309375 0.7265625 0.309375 0.7265625 0.4515625 0.8515625 0.4515625 0.8515625 0.309375
0 0.90625 0.2359375 0.815625 0.2359375 0.815625 0.334375 0.90625 0.334375 0.90625 0.2359375
0 0.9796875 0.8265625 0.8359375 0.8265625 0.8359375 0.953125 0.9796875 0.953125 0.9796875 0.8265625
0 0.971875 0.2296875 0.7546875 0.2296875 0.7546875 0.4828125 0.971875 0.4828125 0.971875 0.2296875
0 0.471875 0.8953125 0.3375 0.8953125 0.3375 1.0 0.471875 1.0 0.471875 0.8953125
0 0.925 0.828125 0.81875 0.828125 0.81875 1.0 0.925 1.0 0.925 0.828125
0 1.0 0.871875 0.975 0.871875 0.975 0.925 1.0 0.925 1.0 0.871875
0 0.925 0.540625 0.7734375 0.540625 0.7734375 0.646875 0.925 0.646875 0.925 0.540625
0 0.6546875 0.3921875 0.43125 0.3921875 0.43125 0.575 0.6546875 0.575 0.6546875 0.3921875
0 0.6890625 0.3453125 0.5546875 0.3453125 0.5546875 0.4546875 0.6890625 0.4546875 0.6890625 0.3453125
0 0.00625 0.9984375 0.00625 0.9984375 0.00625 1.0 0.00625 1.0 0.00625 0.9984375
0 0.49375 0.8984375 0.4140625 0.8984375 0.4140625 1.0 0.49375 1.0 0.49375 0.8984375
0 0.8640625 0.95 0.746875 0.95 0.746875 1.0 0.8640625 1.0 0.8640625 0.95
0 1.0 0.2625 0.828125 0.2625 0.828125 0.49375 1.0 0.49375 1.0 0.2625
0 0.8 0.175 0.659375 0.175 0.659375 0.3 0.8 0.3 0.8 0.175
0 0.9046875 0.934375 0.8578125 0.934375 0.8578125 1.0 0.9046875 1.0 0.9046875 0.934375
0 0.5796875 0.2734375 0.4046875 0.2734375 0.4046875 0.3953125 0.5796875 0.3953125 0.5796875 0.2734375
0 0.7015625 0.5078125 0.528125 0.5078125 0.528125 0.703125 0.7015625 0.703125 0.7015625 0.5078125
0 0.690625 0.184375 0.571875 0.184375 0.571875 0.3125 0.690625 0.3125 0.690625 0.184375
0 1.0 0.91875 0.921875 0.91875 0.921875 1.0 1.0 1.0 1.0 0.91875
0 0.8625 0.140625 0.6859375 0.140625 0.6859375 0.4875 0.8625 0.4875 0.8625 0.140625
0 0.71875 0.2890625 0.6359375 0.2890625 0.6359375 0.45 0.71875 0.45 0.71875 0.2890625
0 0.2875 0.8609375 0.1765625 0.8609375 0.1765625 0.9703125 0.2875 0.9703125 0.2875 0.8609375
0 0.621875 0.56875 0.4765625 0.56875 0.4765625 0.6625 0.621875 0.6625 0.621875 0.56875
0 0.14375 0.4140625 0.0015625 0.4140625 0.0015625 0.546875 0.14375 0.546875 0.14375 0.4140625
0 0.0125 0.240625 0.0015625 0.240625 0.0015625 0.25 0.0125 0.25 0.0125 0.240625
0 0.9640625 0.296875 0.8671875 0.296875 0.8671875 0.4234375 0.9640625 0.4234375 0.9640625 0.296875
0 1.0 0.109375 0.8109375 0.109375 0.8109375 0.2203125 1.0 0.2203125 1.0 0.109375
0 0.753125 0.0859375 0.6296875 0.0859375 0.6296875 0.1796875 0.753125 0.1796875 0.753125 0.0859375
0 0.1765625 0.959375 0.1234375 0.959375 0.1234375 1.0 0.1765625 1.0 0.1765625 0.959375
0 0.446875 0.9625 0.3921875 0.9625 0.3921875 1.0 0.446875 1.0 0.446875 0.9625
0 0.4296875 0.909375 0.3328125 0.909375 0.3328125 1.0 0.4296875 1.0 0.4296875 0.909375
0 0.140625 0.7375 0.0625 0.7375 0.0625 1.0 0.140625 1.0 0.140625 0.7375
0 0.978125 0.440625 0.8640625 0.440625 0.8640625 0.6328125 0.978125 0.6328125 0.978125 0.440625
0 0.8015625 0.0046875 0.6875 0.0046875 0.6875 0.1796875 0.8015625 0.1796875 0.8015625 0.0046875
