0 0.5296875 0.084375 0.2984375 0.084375 0.2984375 0.3515625 0.5296875 0.3515625 0.5296875 0.084375
0 0.6734375 0.496875 0.5515625 0.496875 0.5515625 0.75 0.6734375 0.75 0.6734375 0.496875
0 0.91875 0.0015625 0.7875 0.0015625 0.7875 0.0953125 0.91875 0.0953125 0.91875 0.0015625
0 0.3265625 0.940625 0.1671875 0.940625 0.1671875 1.0 0.3265625 1.0 0.3265625 0.940625
0 1.0 0.0671875 0.9953125 0.0671875 0.9953125 0.0765625 1.0 0.0765625 1.0 0.0671875
0 0.38125 0.8828125 0.1734375 0.8828125 0.1734375 1.0 0.38125 1.0 0.38125 0.8828125
0 0.6703125 0.446875 0.54375 0.446875 0.54375 0.5578125 0.6703125 0.5578125 0.6703125 0.446875
0 0.6 0.259375 0.4578125 0.259375 0.4578125 0.4046875 0.6 0.4046875 0.6 0.259375
0 0.7484375 0.0015625 0.496875 0.0015625 0.496875 0.165625 0.7484375 0.165625 0.7484375 0.0015625
0 0.9109375 0.28125 0.7859375 0.28125 0.7859375 0.453125 0.9109375 0.453125 0.9109375 0.28125
0 1.0 0.078125 0.8734375 0.078125 0.8734375 0.2203125 1.0 0.2203125 1.0 0.078125
0 0.940625 0.0015625 0.840625 0.0015625 0.840625 0.153125 0.940625 0.153125 0.940625 0.0015625
0 1.0 0.209375 0.9328125 0.209375 0.9328125 0.2921875 1.0 0.2921875 1.0 0.209375
0 0.084375 0.9515625 0.059375 0.9515625 0.059375 1.0 0.084375 1.0 0.084375 0.9515625
0 1.0 0.259375 0.853125 0.259375 0.853125 0.415625 1.0 0.415625 1.0 0.259375
0 0.85 0.0015625 0.7796875 0.0015625 0.7796875 0.0484375 0.85 0.0484375 0.85 0.0015625
0 1.0 0.075 0.9609375 0.075 0.9609375 0.1890625 1.0 0.1890625 1.0 0.075
0 0.70625 0.4421875 0.640625 0.4421875 0.640625 0.5796875 0.70625 0.5796875 0.70625 0.4421875
0 0.884375 0.1046875 0.7390625 0.1046875 0.7390625 0.334375 0.884375 0.334375 0.884375 0.1046875
0 1.0 0.2609375 0.990625 0.2609375 0.990625 0.3359375 1.0 0.3359375 1.0 0.2609375
0 0.971875 0.15 0.8671875 0.15 0.8671875 0.2890625 0.971875 0.2890625 0.971875 0.15
0 0.625 0.975 0.5984375 0.975 0.5984375 1.0 0.625 1.0 0.625 0.975
0 0.1765625 0.0015625 0.0234375 0.0015625 0.0234375 0.4578125 0.1765625 0.4578125 0.1765625 0.0015625
0 0.7796875 0.303125 0.640625 0.303125 0.640625 0.396875 0.7796875 0.396875 0.7796875 0.303125
0 1.0 0.0015625 0.940625 0.0015625 0.940625 0.1296875 1.0 0.1296875 1.0 0.0015625
0 0.965625 0.0015625 0.884375 0.0015625 0.884375 0.15 0.965625 0.15 0.965625 0.0015625
0 0.471875 0.4984375 0.3375 0.4984375 0.3375 0.6390625 0.471875 0.6390625 0.471875 0.4984375
0 0.8078125 0.3859375 0.671875 0.3859375 0.671875 0.5859375 0.8078125 0.5859375 0.8078125 0.3859375
0 0.321875 0.9421875 0.1828125 0.9421875 0.1828125 1.0 0.321875 1.0 0.321875 0.9421875
0 0.190625 0.88125 0.0984375 0.88125 0.0984375 1.0 0.190625 1.0 0.190625 0.88125
0 0.3078125 0.9671875 0.1921875 0.9671875 0.1921875 1.0 0.3078125 1.0 0.3078125 0.9671875
0 0.0453125 0.959375 0.0125 0.959375 0.0125 1.0 0.0453125 1.0 0.0453125 0.959375
0 0.1734375 0.3734375 0.0265625 0.3734375 0.0265625 0.6671875 0.1734375 0.6671875 0.1734375 0.3734375
0 0.3515625 0.471875 0.24375 0.471875 0.24375 0.6703125 0.3515625 0.6703125 0.3515625 0.471875
0 0.403125 0.2984375 0.2265625 0.2984375 0.2265625 0.4609375 0.403125 0.4609375 0.403125 0.2984375
0 0.1234375 0.0015625 0.0015625 0.0015625 0.0015625 0.21875 0.1234375 0.21875 0.1234375 0.0015625
0 0.4015625 0.028125 0.303125 0.028125 0.303125 0.1875 0.4015625 0.1875 0.4015625 0.028125
0 0.159375 0.0015625 0.134375 0.0015625 0.134375 0.0140625 0.159375 0.0140625 0.159375 0.0015625
0 0.415625 0.3703125 0.240625 0.3703125 0.240625 0.5984375 0.415625 0.5984375 0.415625 0.3703125
0 0.1484375 0.21875 0.0125 0.21875 0.0125 0.421875 0.1484375 0.421875 0.1484375 0.21875
0 0.303125 0.0078125 0.15 0.0078125 0.15 0.3953125 0.303125 0.3953125 0.303125 0.0078125
0 0.13125 0.0015625 0.0875 0.0015625 0.0875 0.065625 0.13125 0.065625 0.13125 0.0015625
0 0.1921875 0.0015625 0.1734375 0.0015625 0.1734375 0.025 0.1921875 0.025 0.1921875 0.0015625
0 0.9375 0.0015625 0.928125 0.0015625 0.928125 0.003125 0.9375 0.003125 0.9375 0.0015625
0 0.0109375 0.965625 0.0015625 0.965625 0.0015625 0.9796875 0.0109375 0.9796875 0.0109375 0.965625
0 0.415625 0.478125 0.0703125 0.478125 0.0703125 0.90625 0.415625 0.90625 0.415625 0.478125
0 0.6390625 0.6875 0.4546875 0.6875 0.4546875 1.0 0.6390625 1.0 0.6390625 0.6875
0 0.690625 0.353125 0.5046875 0.353125 0.5046875 0.475 0.690625 0.475 0.690625 0.353125
0 0.528125 0.2171875 0.38125 0.2171875 0.38125 0.45 0.528125 0.45 0.528125 0.2171875
0 0.79375 0.034375 0.534375 0.034375 0.534375 0.28125 0.79375 0.28125 0.79375 0.034375
0 0.50625 0.0015625 0.3734375 0.0015625 0.3734375 0.034375 0.50625 0.034375 0.50625 0.0015625
0 0.4203125 0.3953125 0.315625 0.3953125 0.315625 0.634375 0.4203125 0.634375 0.4203125 0.3953125
0 0.15 0.8890625 0.0359375 0.8890625 0.0359375 1.0 0.15 1.0 0.15 0.8890625
