0 0.6421875 0.6140625 0.5484375 0.6140625 0.5484375 0.7453125 0.6421875 0.7453125 0.6421875 0.6140625
0 1.0 0.5140625 0.9546875 0.5140625 0.9546875 0.6078125 1.0 0.6078125 1.0 0.5140625
0 0.98125 0.8375 0.79375 0.8375 0.79375 1.0 0.98125 1.0 0.98125 0.8375
0 1.0 0.215625 0.921875 0.215625 0.921875 0.31875 1.0 0.31875 1.0 0.215625
0 0.6171875 0.903125 0.4453125 0.903125 0.4453125 1.0 0.6171875 1.0 0.6171875 0.903125
0 0.728125 0.7375 0.540625 0.7375 0.540625 0.9484375 0.728125 0.9484375 0.728125 0.7375
0 0.821875 0.7609375 0.7359375 0.7609375 0.7359375 0.9109375 0.821875 0.9109375 0.821875 0.7609375
0 0.8875 0.446875 0.7578125 0.446875 0.7578125 0.5515625 0.8875 0.5515625 0.8875 0.446875
0 0.6625 0.334375 0.4984375 0.334375 0.4984375 0.634375 0.6625 0.634375 0.6625 0.334375
0 1.0 0.3609375 0.903125 0.3609375 0.903125 0.4546875 1.0 0.4546875 1.0 0.3609375
0 0.5109375 0.0015625 0.453125 0.0015625 0.453125 0.15 0.5109375 0.15 0.5109375 0.0015625
0 0.9421875 0.41875 0.80625 0.41875 0.80625 0.653125 0.9421875 0.653125 0.9421875 0.41875
0 1.0 0.0265625 0.9921875 0.0265625 0.9921875 0.0734375 1.0 0.0734375 1.0 0.0265625
0 0.5671875 0.0015625 0.478125 0.0015625 0.478125 0.1375 0.5671875 0.1375 0.5671875 0.0015625
0 0.8046875 0.8796875 0.5765625 0.8796875 0.5765625 1.0 0.8046875 1.0 0.8046875 0.8796875
0 0.54375 0.965625 0.4140625 0.965625 0.4140625 1.0 0.54375 1.0 0.54375 0.965625
0 0.909375 0.6875 0.775 0.6875 0.775 0.9 0.909375 0.9 0.909375 0.6875
0 1.0 0.4015625 0.7625 0.4015625 0.7625 0.709375 1.0 0.709375 1.0 0.4015625
0 0.675 0.28125 0.5234375 0.28125 0.5234375 0.4078125 0.675 0.4078125 0.675 0.28125
0 0.725 0.665625 0.5796875 0.665625 0.5796875 0.828125 0.725 0.828125 0.725 0.665625
0 0.590625 0.0015625 0.4890625 0.0015625 0.4890625 0.1828125 0.590625 0.1828125 0.590625 0.0015625
0 0.68125 0.9484375 0.609375 0.9484375 0.609375 1.0 0.68125 1.0 0.68125 0.9484375
0 0.8515625 0.0015625 0.834375 0.0015625 0.834375 0.0140625 0.8515625 0.0140625 0.8515625 0.0015625
0 0.7046875 0.578125 0.6296875 0.578125 0.6296875 0.690625 0.7046875 0.690625 0.7046875 0.578125
0 0.396875 0.546875 0.2296875 0.546875 0.2296875 0.684375 0.396875 0.684375 0.396875 0.546875
0 0.4921875 0.54375 0.3515625 0.54375 0.3515625 0.6890625 0.4921875 0.6890625 0.4921875 0.54375
0 0.26875 0.503125 0.1125 0.503125 0.1125 0.6484375 0.26875 0.6484375 0.26875 0.503125
0 0.0484375 0.4796875 0.0015625 0.4796875 0.0015625 0.6125 0.0484375 0.6125 0.0484375 0.4796875
0 0.8234375 0.0015625 0.671875 0.0015625 0.671875 0.103125 0.8234375 0.103125 0.8234375 0.0015625
0 0.996875 0.6859375 0.8171875 0.6859375 0.8171875 1.0 0.996875 1.0 0.996875 0.6859375
0 0.6828125 0.0015625 0.66875 0.0015625 0.66875 0.0078125 0.6828125 0.0078125 0.6828125 0.0015625
0 0.34375 0.4828125 0.2421875 0.4828125 0.2421875 0.5859375 0.34375 0.5859375 0.34375 0.4828125
0 0.825 0.9109375 0.7515625 0.9109375 0.7515625 1.0 0.825 1.0 0.825 0.9109375
0 1.0 0.65 0.8875 0.65 0.8875 0.7671875 1.0 0.7671875 1.0 0.65
0 0.44375 0.9953125 0.4203125 0.9953125 0.4203125 1.0 0.44375 1.0 0.44375 0.9953125
0 0.634375 0.2296875 0.5 0.2296875 0.5 0.3125 0.634375 0.3125 0.634375 0.2296875
0 0.1734375 0.9703125 0.0484375 0.9703125 0.0484375 1.0 0.1734375 1.0 0.1734375 0.9703125
0 0.1125 0.4578125 0.0015625 0.4578125 0.0015625 0.665625 0.1125 0.665625 0.1125 0.4578125
0 0.521875 0.4125 0.3953125 0.4125 0.3953125 0.50625 0.521875 0.50625 0.521875 0.4125
0 0.0390625 0.240625 0.0015625 0.240625 0.0015625 0.3375 0.0390625 0.3375 0.0390625 0.240625
0 1.0 0.2265625 0.89375 0.2265625 0.89375 0.378125 1.0 0.378125 1.0 0.2265625
0 0.1546875 0.0015625 0.0234375 0.0015625 0.0234375 0.0984375 0.1546875 0.0984375 0.1546875 0.0015625
0 0.365625 0.0015625 0.353125 0.0015625 0.353125 0.00625 0.365625 0.00625 0.365625 0.0015625
0 0.24375 0.871875 0.09375 0.871875 0.09375 1.0 0.24375 1.0 0.24375 0.871875
0 0.6046875 0.6359375 0.3125 0.6359375 0.3125 0.9765625 0.6046875 0.9765625 0.6046875 0.6359375
0 0.065625 0.696875 0.0015625 0.696875 0.0015625 0.8203125 0.065625 0.8203125 0.065625 0.696875
0 0.021875 0.628125 0.0015625 0.628125 0.0015625 0.6578125 0.021875 0.6578125 0.021875 0.628125
0 0.5765625 0.396875 0.3734375 0.396875 0.3734375 0.5828125 0.5765625 0.5828125 0.5765625 0.396875
0 0.2984375 0.1796875 0.0046875 0.1796875 0.0046875 0.49375 0.2984375 0.49375 0.2984375 0.1796875
0 0.5234375 0.2328125 0.2921875 0.2328125 0.2921875 0.425 0.5234375 0.425 0.5234375 0.2328125
0 0.8546875 0.4234375 0.7328125 0.4234375 0.7328125 0.64375 0.8546875 0.64375 0.8546875 0.4234375
0 0.9421875 0.075 0.8578125 0.075 0.8578125 0.1890625 0.9421875 0.1890625 0.9421875 0.075
0 1.0 0.071875 0.9875 0.071875 0.9875 0.1375 1.0 0.1375 1.0 0.071875
0 0.1234375 0.8671875 0.0109375 0.8671875 0.0109375 0.990625 0.1234375 0.990625 0.1234375 0.8671875
0 0.6421875 0.5328125 0.440625 0.5328125 0.440625 0.66875 0.6421875 0.66875 0.6421875 0.5328125
0 0.6453125 0.05625 0.5234375 0.05625 0.5234375 0.253125 0.6453125 0.253125 0.6453125 0.05625
0 1.0 0.7625 0.9078125 0.7625 0.9078125 0.90625 1.0 0.90625 1.0 0.7625
0 1.0 0.3328125 0.8625 0.3328125 0.8625 0.41875 1.0 0.41875 1.0 0.3328125
0 0.475 0.3890625 0.3265625 0.3890625 0.3265625 0.5828125 0.475 0.5828125 0.475 0.3890625
0 0.4859375 0.2 0.29375 0.2 0.29375 0.3375 0.4859375 0.3375 0.4859375 0.2
0 0.00625 0.1859375 0.0015625 0.1859375 0.0015625 0.24375 0.00625 0.24375 0.00625 0.1859375
0 0.65 0.0015625 0.5734375 0.0015625 0.5734375 0.05 0.65 0.05 0.65 0.0015625
0 0.2125 0.3890625 0.0390625 0.3890625 0.0390625 0.6765625 0.2125 0.6765625 0.2125 0.3890625
0 0.8703125 0.3625 0.6359375 0.3625 0.6359375 0.815625 0.8703125 0.815625 0.8703125 0.3625
0 1.0 0.1734375 0.86875 0.1734375 0.86875 0.284375 1.0 0.284375 1.0 0.1734375
0 0.753125 0.0015625 0.575 0.0015625 0.575 0.24375 0.753125 0.24375 0.753125 0.0015625
0 0.2109375 0.6375 0.0015625 0.6375 0.0015625 0.7515625 0.2109375 0.7515625 0.2109375 0.6375
0 0.871875 0.4234375 0.703125 0.4234375 0.703125 0.71875 0.871875 0.71875 0.871875 0.4234375
0 0.846875 0.1375 0.609375 0.1375 0.609375 0.4109375 0.846875 0.4109375 0.846875 0.1375
0 0.125 0.6859375 0.0015625 0.6859375 0.0015625 0.9578125 0.125 0.9578125 0.125 0.6859375
0 0.4203125 0.9234375 0.2390625 0.9234375 0.2390625 1.0 0.4203125 1.0 0.4203125 0.9234375
0 0.46875 0.721875 0.1640625 0.721875 0.1640625 0.9578125 0.46875 0.9578125 0.46875 0.721875
0 0.8921875 0.071875 0.690625 0.071875 0.690625 0.209375 0.8921875 0.209375 0.8921875 0.071875
0 1.0 0.6953125 0.940625 0.6953125 0.940625 0.815625 1.0 0.815625 1.0 0.6953125
