0 0.7421875 0.496875 0.634375 0.496875 0.634375 0.66875 0.7421875 0.66875 0.7421875 0.496875
0 1.0 0.05625 0.909375 0.05625 0.909375 0.2265625 1.0 0.2265625 1.0 0.05625
0 0.9875 0.2078125 0.840625 0.2078125 0.840625 0.290625 0.9875 0.290625 0.9875 0.2078125
0 1.0 0.165625 0.984375 0.165625 0.984375 0.2390625 1.0 0.2390625 1.0 0.165625
0 0.9453125 0.7046875 0.83125 0.7046875 0.83125 0.8265625 0.9453125 0.8265625 0.9453125 0.7046875
0 0.7515625 0.134375 0.6296875 0.134375 0.6296875 0.3140625 0.7515625 0.3140625 0.7515625 0.134375
0 1.0 0.83125 0.96875 0.83125 0.96875 0.8828125 1.0 0.8828125 1.0 0.83125
0 1.0 0.65625 0.853125 0.65625 0.853125 0.8203125 1.0 0.8203125 1.0 0.65625
0 0.7890625 0.0875 0.484375 0.0875 0.484375 0.4625 0.7890625 0.4625 0.7890625 0.0875
0 1.0 0.0984375 0.9921875 0.0984375 0.9921875 0.11875 1.0 0.11875 1.0 0.0984375
0 0.5234375 0.0015625 0.4578125 0.0015625 0.4578125 0.1859375 0.5234375 0.1859375 0.5234375 0.0015625
0 1.0 0.2828125 0.93125 0.2828125 0.93125 0.3640625 1.0 0.3640625 1.0 0.2828125
