0 0.3359375 0.4078125 0.184375 0.4078125 0.184375 0.8640625 0.3359375 0.8640625 0.3359375 0.4078125
0 0.6234375 0.9359375 0.4984375 0.9359375 0.4984375 1.0 0.6234375 1.0 0.6234375 0.9359375
0 0.13125 0.75625 0.0015625 0.75625 0.0015625 1.0 0.13125 1.0 0.13125 0.75625
0 0.01875 0.553125 0.0015625 0.553125 0.0015625 0.6390625 0.01875 0.6390625 0.01875 0.553125
0 0.759375 0.896875 0.6421875 0.896875 0.6421875 1.0 0.759375 1.0 0.759375 0.896875
0 1.0 0.4015625 0.8296875 0.4015625 0.8296875 0.525 1.0 0.525 1.0 0.4015625
0 0.5578125 0.0015625 0.4421875 0.0015625 0.4421875 0.1359375 0.5578125 0.1359375 0.5578125 0.0015625
0 0.3609375 0.8984375 0.2796875 0.8984375 0.2796875 1.0 0.3609375 1.0 0.3609375 0.8984375
0 0.7 0.671875 0.446875 0.671875 0.446875 0.975 0.7 0.975 0.7 0.671875
0 0.665625 0.346875 0.3953125 0.346875 0.3953125 0.871875 0.665625 0.871875 0.665625 0.346875
0 0.2515625 0.671875 0.1765625 0.671875 0.1765625 0.8828125 0.2515625 0.8828125 0.2515625 0.671875
0 0.403125 0.58125 0.2578125 0.58125 0.2578125 0.846875 0.403125 0.846875 0.403125 0.58125
0 0.696875 0.0015625 0.3671875 0.0015625 0.3671875 0.471875 0.696875 0.471875 0.696875 0.0015625
0 0.11875 0.340625 0.0015625 0.340625 0.0015625 0.4734375 0.11875 0.4734375 0.11875 0.340625
0 0.0546875 0.271875 0.0015625 0.271875 0.0015625 0.3546875 0.0546875 0.3546875 0.0546875 0.271875
0 0.2515625 0.159375 0.1828125 0.159375 0.1828125 0.290625 0.2515625 0.290625 0.2515625 0.159375
0 0.259375 0.0015625 0.134375 0.0015625 0.134375 0.1578125 0.259375 0.1578125 0.259375 0.0015625
0 0.3203125 0.0015625 0.2625 0.0015625 0.2625 0.16875 0.3203125 0.16875 0.3203125 0.0015625
0 1.0 0.684375 0.6078125 0.684375 0.6078125 1.0 1.0 1.0 1.0 0.684375
0 0.7359375 0.453125 0.603125 0.453125 0.603125 0.7203125 0.7359375 0.7203125 0.7359375 0.453125
0 1.0 0.4515625 0.771875 0.4515625 0.771875 0.6671875 1.0 0.6671875 1.0 0.4515625
0 1.0 0.1421875 0.73125 0.1421875 0.73125 0.515625 1.0 0.515625 1.0 0.1421875
0 0.7828125 0.0140625 0.690625 0.0140625 0.690625 0.4234375 0.7828125 0.4234375 0.7828125 0.0140625
0 0.6890625 0.0890625 0.5515625 0.0890625 0.5515625 0.3671875 0.6890625 0.3671875 0.6890625 0.0890625
0 1.0 0.071875 0.996875 0.071875 0.996875 0.153125 1.0 0.153125 1.0 0.071875
0 0.9296875 0.0015625 0.8203125 0.0015625 0.8203125 0.1484375 0.9296875 0.1484375 0.9296875 0.0015625
0 0.2484375 0.353125 0.14375 0.353125 0.14375 0.56875 0.2484375 0.56875 0.2484375 0.353125
0 0.9890625 0.0015625 0.9171875 0.0015625 0.9171875 0.1203125 0.9890625 0.1203125 0.9890625 0.0015625
0 0.4578125 0.0015625 0.39375 0.0015625 0.39375 0.134375 0.4578125 0.134375 0.4578125 0.0015625
0 0.8078125 0.0015625 0.796875 0.0015625 0.796875 0.0078125 0.8078125 0.0078125 0.8078125 0.0015625
0 1.0 0.0015625 0.0015625 0.0015625 0.0015625 1.0 1.0 1.0 1.0 0.0015625
0 0.6421875 0.978125 0.5640625 0.978125 0.5640625 1.0 0.6421875 1.0 0.6421875 0.978125
