0 0.06875 0.015625 0.0015625 0.015625 0.0015625 0.0703125 0.06875 0.0703125 0.06875 0.015625
0 0.7171875 0.021875 0.6359375 0.021875 0.6359375 0.3609375 0.7171875 0.3609375 0.7171875 0.021875
0 0.2515625 0.9515625 0.175 0.9515625 0.175 1.0 0.2515625 1.0 0.2515625 0.9515625
0 0.9734375 0.8609375 0.86875 0.8609375 0.86875 1.0 0.9734375 1.0 0.9734375 0.8609375
0 0.79375 0.5890625 0.4640625 0.5890625 0.4640625 0.9484375 0.79375 0.9484375 0.79375 0.5890625
0 0.1328125 0.7921875 0.0015625 0.7921875 0.0015625 0.890625 0.1328125 0.890625 0.1328125 0.7921875
0 0.7328125 0.21875 0.4640625 0.21875 0.4640625 0.428125 0.7328125 0.428125 0.7328125 0.21875
0 0.1671875 0.046875 0.046875 0.046875 0.046875 0.4265625 0.1671875 0.4265625 0.1671875 0.046875
0 0.515625 0.0375 0.3875 0.0375 0.3875 0.146875 0.515625 0.146875 0.515625 0.0375
0 0.2625 0.0046875 0.1015625 0.0046875 0.1015625 0.0890625 0.2625 0.0890625 0.2625 0.0046875
0 0.8296875 0.721875 0.6734375 0.721875 0.6734375 0.9484375 0.8296875 0.9484375 0.8296875 0.721875
0 0.9890625 0.4046875 0.7890625 0.4046875 0.7890625 0.64375 0.9890625 0.64375 0.9890625 0.4046875
0 0.7125 0.0015625 0.56875 0.0015625 0.56875 0.0421875 0.7125 0.0421875 0.7125 0.0015625
0 0.409375 0.8640625 0.134375 0.8640625 0.134375 0.9109375 0.409375 0.9109375 0.409375 0.8640625
0 0.5078125 0.7953125 0.4015625 0.7953125 0.4015625 1.0 0.5078125 1.0 0.5078125 0.7953125
0 0.19375 0.9375 0.115625 0.9375 0.115625 1.0 0.19375 1.0 0.19375 0.9375
0 0.9 0.696875 0.765625 0.696875 0.765625 0.7671875 0.9 0.7671875 0.9 0.696875
0 0.2359375 0.0015625 0.053125 0.0015625 0.053125 0.2421875 0.2359375 0.2421875 0.2359375 0.0015625
0 1.0 0.725 0.8671875 0.725 0.8671875 0.8953125 1.0 0.8953125 1.0 0.725
0 0.89375 0.6765625 0.4296875 0.6765625 0.4296875 1.0 0.89375 1.0 0.89375 0.6765625
0 0.0046875 0.365625 0.0015625 0.365625 0.0015625 0.3765625 0.0046875 0.3765625 0.0046875 0.365625
0 0.071875 0.0390625 0.0015625 0.0390625 0.0015625 0.125 0.071875 0.125 0.071875 0.0390625
0 0.428125 0.821875 0.0015625 0.821875 0.0015625 1.0 0.428125 1.0 0.428125 0.821875
0 0.409375 0.778125 0.08125 0.778125 0.08125 0.890625 0.409375 0.890625 0.409375 0.778125
0 0.29375 0.51875 0.0953125 0.51875 0.0953125 0.7671875 0.29375 0.7671875 0.29375 0.51875
0 0.5953125 0.41875 0.296875 0.41875 0.296875 0.725 0.5953125 0.725 0.5953125 0.41875
0 0.2078125 0.525 0.1 0.525 0.1 0.703125 0.2078125 0.703125 0.2078125 0.525
0 0.2015625 0.1640625 0.009375 0.1640625 0.009375 0.5828125 0.2015625 0.5828125 0.2015625 0.1640625
0 0.2875 0.1359375 0.11875 0.1359375 0.11875 0.4875 0.2875 0.4875 0.2875 0.1359375
0 0.41875 0.165625 0.2375 0.165625 0.2375 0.346875 0.41875 0.346875 0.41875 0.165625
0 0.0359375 0.121875 0.0015625 0.121875 0.0015625 0.1796875 0.0359375 0.1796875 0.0359375 0.121875
0 0.28125 0.0421875 0.1390625 0.0421875 0.1390625 0.2171875 0.28125 0.2171875 0.28125 0.0421875
0 0.06875 0.0015625 0.0015625 0.0015625 0.0015625 0.05625 0.06875 0.05625 0.06875 0.0015625
0 0.18125 0.0015625 0.1015625 0.0015625 0.1015625 0.0171875 0.18125 0.0171875 0.18125 0.0015625
0 1.0 0.5796875 0.75625 0.5796875 0.75625 0.8078125 1.0 0.8078125 1.0 0.5796875
0 1.0 0.2734375 0.8359375 0.2734375 0.8359375 0.69375 1.0 0.69375 1.0 0.2734375
0 0.8640625 0.440625 0.4890625 0.440625 0.4890625 0.7546875 0.8640625 0.7546875 0.8640625 0.440625
0 0.6125 0.271875 0.44375 0.271875 0.44375 0.4234375 0.6125 0.4234375 0.6125 0.271875
0 0.909375 0.0015625 0.7328125 0.0015625 0.7328125 0.45 0.909375 0.45 0.909375 0.0015625
0 0.7953125 0.1375 0.6515625 0.1375 0.6515625 0.371875 0.7953125 0.371875 0.7953125 0.1375
0 1.0 0.0015625 0.8890625 0.0015625 0.8890625 0.353125 1.0 0.353125 1.0 0.0015625
0 0.6484375 0.0578125 0.4234375 0.0578125 0.4234375 0.2984375 0.6484375 0.2984375 0.6484375 0.0578125
0 0.703125 0.0015625 0.4390625 0.0015625 0.4390625 0.0921875 0.703125 0.0921875 0.703125 0.0015625
0 0.54375 0.975 0.5140625 0.975 0.5140625 1.0 0.54375 1.0 0.54375 0.975
0 0.2125 0.6453125 0.0703125 0.6453125 0.0703125 0.7640625 0.2125 0.7640625 0.2125 0.6453125
0 1.0 0.4109375 0.840625 0.4109375 0.840625 0.528125 1.0 0.528125 1.0 0.4109375
0 0.0609375 0.1359375 0.0015625 0.1359375 0.0015625 0.334375 0.0609375 0.334375 0.0609375 0.1359375
0 0.940625 0.0015625 0.8671875 0.0015625 0.8671875 0.221875 0.940625 0.221875 0.940625 0.0015625
0 1.0 0.0015625 0.0015625 0.0015625 0.0015625 0.8109375 1.0 0.8109375 1.0 0.0015625
0 0.4828125 0.0015625 0.2484375 0.0015625 0.2484375 0.2859375 0.4828125 0.2859375 0.4828125 0.0015625
0 0.725 0.8453125 0.584375 0.8453125 0.584375 0.9875 0.725 0.9875 0.725 0.8453125
0 0.796875 0.6109375 0.6390625 0.6109375 0.6390625 0.75 0.796875 0.75 0.796875 0.6109375
0 1.0 0.8265625 0.915625 0.8265625 0.915625 1.0 1.0 1.0 1.0 0.8265625
0 1.0 0.496875 0.975 0.496875 0.975 0.5765625 1.0 0.5765625 1.0 0.496875
