0 0.0171875 0.146875 0.0015625 0.146875 0.0015625 0.203125 0.0171875 0.203125 0.0171875 0.146875
0 0.2515625 0.0015625 0.1109375 0.0015625 0.1109375 0.2484375 0.2515625 0.2484375 0.2515625 0.0015625
0 0.10625 0.0015625 0.0015625 0.0015625 0.0015625 0.04375 0.10625 0.04375 0.10625 0.0015625
0 0.190625 0.0015625 0.0796875 0.0015625 0.0796875 0.0484375 0.190625 0.0484375 0.190625 0.0015625
0 0.23125 0.825 0.109375 0.825 0.109375 0.925 0.23125 0.925 0.23125 0.825
0 0.31875 0.9578125 0.2046875 0.9578125 0.2046875 1.0 0.31875 1.0 0.31875 0.9578125
0 0.521875 0.86875 0.321875 0.86875 0.321875 1.0 0.521875 1.0 0.521875 0.86875
0 1.0 0.559375 0.928125 0.559375 0.928125 0.64375 1.0 0.64375 1.0 0.559375
0 1.0 0.0015625 0.9296875 0.0015625 0.9296875 0.1453125 1.0 0.1453125 1.0 0.0015625
0 0.615625 0.89375 0.503125 0.89375 0.503125 0.9921875 0.615625 0.9921875 0.615625 0.89375
0 1.0 0.09375 0.984375 0.09375 0.984375 0.1234375 1.0 0.1234375 1.0 0.09375
0 0.3703125 0.2953125 0.215625 0.2953125 0.215625 0.421875 0.3703125 0.421875 0.3703125 0.2953125
0 0.1953125 0.1609375 0.0953125 0.1609375 0.0953125 0.296875 0.1953125 0.296875 0.1953125 0.1609375
0 0.425 0.0015625 0.3296875 0.0015625 0.3296875 0.1078125 0.425 0.1078125 0.425 0.0015625
0 0.6953125 0.009375 0.4828125 0.009375 0.4828125 0.0890625 0.6953125 0.0890625 0.6953125 0.009375
0 0.10625 0.0015625 0.0328125 0.0015625 0.0328125 0.021875 0.10625 0.021875 0.10625 0.0015625
0 0.2984375 0.928125 0.115625 0.928125 0.115625 1.0 0.2984375 1.0 0.2984375 0.928125
0 0.4390625 0.725 0.28125 0.725 0.28125 0.821875 0.4390625 0.821875 0.4390625 0.725
0 0.1875 0.653125 0.021875 0.653125 0.021875 0.7875 0.1875 0.7875 0.1875 0.653125
0 0.325 0.540625 0.159375 0.540625 0.159375 0.7390625 0.325 0.7390625 0.325 0.540625
0 0.29375 0.4 0.06875 0.4 0.06875 0.5484375 0.29375 0.5484375 0.29375 0.4
0 0.7375 0.8578125 0.5875 0.8578125 0.5875 0.9953125 0.7375 0.9953125 0.7375 0.8578125
0 0.621875 0.68125 0.4984375 0.68125 0.4984375 0.890625 0.621875 0.890625 0.621875 0.68125
0 1.0 0.63125 0.921875 0.63125 0.921875 0.759375 1.0 0.759375 1.0 0.63125
0 0.8140625 0.3625 0.634375 0.3625 0.634375 0.5546875 0.8140625 0.5546875 0.8140625 0.3625
0 0.30625 0.8125 0.090625 0.8125 0.090625 0.9515625 0.30625 0.9515625 0.30625 0.8125
0 0.534375 0.7046875 0.43125 0.7046875 0.43125 0.8140625 0.534375 0.8140625 0.534375 0.7046875
0 0.4 0.8984375 0.2765625 0.8984375 0.2765625 1.0 0.4 1.0 0.4 0.8984375
0 0.9046875 0.8 0.746875 0.8 0.746875 0.9625 0.9046875 0.9625 0.9046875 0.8
0 0.5203125 0.803125 0.3046875 0.803125 0.3046875 0.8875 0.5203125 0.8875 0.5203125 0.803125
0 0.2125 0.5859375 0.04375 0.5859375 0.04375 0.6890625 0.2125 0.6890625 0.2125 0.5859375
0 0.7515625 0.4375 0.6046875 0.4375 0.6046875 0.6328125 0.7515625 0.6328125 0.7515625 0.4375
0 0.36875 0.509375 0.1046875 0.509375 0.1046875 0.56875 0.36875 0.56875 0.36875 0.509375
0 1.0 0.3953125 0.94375 0.3953125 0.94375 0.4921875 1.0 0.4921875 1.0 0.3953125
0 0.359375 0.534375 0.2421875 0.534375 0.2421875 0.6796875 0.359375 0.6796875 0.359375 0.534375
0 1.0 0.0015625 0.0015625 0.0015625 0.0015625 0.4515625 1.0 0.4515625 1.0 0.0015625
0 0.5796875 0.3609375 0.3515625 0.3609375 0.3515625 0.4484375 0.5796875 0.4484375 0.5796875 0.3609375
