0 0.0671875 0.43125 0.0015625 0.43125 0.0015625 0.5078125 0.0671875 0.5078125 0.0671875 0.43125
0 0.315625 0.6234375 0.0015625 0.6234375 0.0015625 0.9265625 0.315625 0.9265625 0.315625 0.6234375
0 0.7078125 0.128125 0.2765625 0.128125 0.2765625 0.7703125 0.7078125 0.7703125 0.7078125 0.128125
0 0.7625 0.0015625 0.0015625 0.0015625 0.0015625 0.4296875 0.7625 0.4296875 0.7625 0.0015625
0 0.4109375 0.4296875 0.0015625 0.4296875 0.0015625 0.734375 0.4109375 0.734375 0.4109375 0.4296875
0 0.01875 0.50625 0.0015625 0.50625 0.0015625 0.559375 0.01875 0.559375 0.01875 0.50625
0 0.7640625 0.959375 0.665625 0.959375 0.665625 1.0 0.7640625 1.0 0.7640625 0.959375
0 1.0 0.940625 0.9671875 0.940625 0.9671875 1.0 1.0 1.0 1.0 0.940625
0 0.8921875 0.0015625 0.821875 0.0015625 0.821875 0.0296875 0.8921875 0.0296875 0.8921875 0.0015625
0 0.496875 0.0015625 0.084375 0.0015625 0.084375 0.203125 0.496875 0.203125 0.496875 0.0015625
0 0.8625 0.0015625 0.7625 0.0015625 0.7625 0.0390625 0.8625 0.0390625 0.8625 0.0015625
0 0.6984375 0.99375 0.66875 0.99375 0.66875 1.0 0.6984375 1.0 0.6984375 0.99375
0 1.0 0.7640625 0.6859375 0.7640625 0.6859375 1.0 1.0 1.0 1.0 0.7640625
0 0.071875 0.5 0.0015625 0.5 0.0015625 0.828125 0.071875 0.828125 0.071875 0.5
0 0.34375 0.5453125 0.103125 0.5453125 0.103125 0.7703125 0.34375 0.7703125 0.34375 0.5453125
0 0.4890625 0.215625 0.3640625 0.215625 0.3640625 0.5 0.4890625 0.5 0.4890625 0.215625
0 1.0 0.1703125 0.8140625 0.1703125 0.8140625 0.459375 1.0 0.459375 1.0 0.1703125
0 1.0 0.328125 0.9796875 0.328125 0.9796875 0.3890625 1.0 0.3890625 1.0 0.328125
0 0.9546875 0.04375 0.684375 0.04375 0.684375 0.30625 0.9546875 0.30625 0.9546875 0.04375
0 0.6765625 0.0015625 0.434375 0.0015625 0.434375 0.3140625 0.6765625 0.3140625 0.6765625 0.0015625
0 0.046875 0.0890625 0.0015625 0.0890625 0.0015625 0.1953125 0.046875 0.1953125 0.046875 0.0890625
0 1.0 0.0015625 0.8515625 0.0015625 0.8515625 0.140625 1.0 0.140625 1.0 0.0015625
0 0.1796875 0.3640625 0.0046875 0.3640625 0.0046875 0.50625 0.1796875 0.50625 0.1796875 0.3640625
0 1.0 0.1296875 0.9859375 0.1296875 0.9859375 0.159375 1.0 0.159375 1.0 0.1296875
0 0.4046875 0.3390625 0.084375 0.3390625 0.084375 0.4546875 0.4046875 0.4546875 0.4046875 0.3390625
0 0.7734375 0.0015625 0.590625 0.0015625 0.590625 0.1328125 0.7734375 0.1328125 0.7734375 0.0015625
