0 0.365625 0.19375 0.090625 0.19375 0.090625 0.5390625 0.365625 0.5390625 0.365625 0.19375
0 1.0 0.1765625 0.8015625 0.1765625 0.8015625 0.36875 1.0 0.36875 1.0 0.1765625
0 0.96875 0.0015625 0.8390625 0.0015625 0.8390625 0.2109375 0.96875 0.2109375 0.96875 0.0015625
0 0.6328125 0.0015625 0.546875 0.0015625 0.546875 0.1140625 0.6328125 0.1140625 0.6328125 0.0015625
0 0.0328125 0.99375 0.0125 0.99375 0.0125 1.0 0.0328125 1.0 0.0328125 0.99375
0 0.10625 0.7984375 0.0015625 0.7984375 0.0015625 0.99375 0.10625 0.99375 0.10625 0.7984375
0 0.228125 0.70625 0.1359375 0.70625 0.1359375 0.9359375 0.228125 0.9359375 0.228125 0.70625
0 0.0296875 0.6546875 0.0015625 0.6546875 0.0015625 0.7015625 0.0296875 0.7015625 0.0296875 0.6546875
0 0.20625 0.4125 0.0015625 0.4125 0.0015625 0.6515625 0.20625 0.6515625 0.20625 0.4125
0 0.2734375 0.3671875 0.1125 0.3671875 0.1125 0.484375 0.2734375 0.484375 0.2734375 0.3671875
0 0.003125 0.2828125 0.0015625 0.2828125 0.0015625 0.3015625 0.003125 0.3015625 0.003125 0.2828125
0 0.328125 0.26875 0.221875 0.26875 0.221875 0.3734375 0.328125 0.3734375 0.328125 0.26875
0 0.1546875 0.1546875 0.009375 0.1546875 0.009375 0.375 0.1546875 0.375 0.1546875 0.1546875
0 1.0 0.615625 0.9796875 0.615625 0.9796875 0.81875 1.0 0.81875 1.0 0.615625
0 1.0 0.0625 0.9796875 0.0625 0.9796875 0.109375 1.0 0.109375 1.0 0.0625
0 0.565625 0.0015625 0.496875 0.0015625 0.496875 0.06875 0.565625 0.06875 0.565625 0.0015625
0 1.0 0.3890625 0.78125 0.3890625 0.78125 1.0 1.0 1.0 1.0 0.3890625
0 0.478125 0.821875 0.365625 0.821875 0.365625 0.9421875 0.478125 0.9421875 0.478125 0.821875
0 0.4125 0.0875 0.0546875 0.0875 0.0546875 0.2125 0.4125 0.2125 0.4125 0.0875
0 0.7875 0.6765625 0.6453125 0.6765625 0.6453125 0.8359375 0.7875 0.8359375 0.7875 0.6765625
0 0.7984375 0.3546875 0.50625 0.3546875 0.50625 0.7328125 0.7984375 0.7328125 0.7984375 0.3546875
0 0.95625 0.3296875 0.8140625 0.3296875 0.8140625 0.509375 0.95625 0.509375 0.95625 0.3296875
0 0.865625 0.178125 0.6953125 0.178125 0.6953125 0.2796875 0.865625 0.2796875 0.865625 0.178125
0 0.8140625 0.0015625 0.0015625 0.0015625 0.0015625 1.0 0.8140625 1.0 0.8140625 0.0015625
0 0.1390625 0.15625 0.0015625 0.15625 0.0015625 0.4875 0.1390625 0.4875 0.1390625 0.15625
0 0.440625 0.0015625 0.1796875 0.0015625 0.1796875 0.153125 0.440625 0.153125 0.440625 0.0015625
0 0.95625 0.296875 0.8203125 0.296875 0.8203125 0.4265625 0.95625 0.4265625 0.95625 0.296875
0 1.0 0.8375 0.890625 0.8375 0.890625 1.0 1.0 1.0 1.0 0.8375
0 1.0 0.028125 0.8703125 0.028125 0.8703125 0.2171875 1.0 0.2171875 1.0 0.028125
