0 0.5609375 0.94375 0.425 0.94375 0.425 1.0 0.5609375 1.0 0.5609375 0.94375
0 0.6421875 0.4125 0.5015625 0.4125 0.5015625 0.584375 0.6421875 0.584375 0.6421875 0.4125
0 0.4390625 0.4296875 0.3546875 0.4296875 0.3546875 0.546875 0.4390625 0.546875 0.4390625 0.4296875
0 0.2203125 0.3375 0.053125 0.3375 0.053125 0.4828125 0.2203125 0.4828125 0.2203125 0.3375
0 0.6421875 0.99375 0.6359375 0.99375 0.6359375 1.0 0.6421875 1.0 0.6421875 0.99375
0 1.0 0.9984375 0.99375 0.9984375 0.99375 1.0 1.0 1.0 1.0 0.9984375
0 0.9890625 0.915625 0.9140625 0.915625 0.9140625 1.0 0.9890625 1.0 0.9890625 0.915625
0 1.0 0.5046875 0.96875 0.5046875 0.96875 0.596875 1.0 0.596875 1.0 0.5046875
0 1.0 0.071875 0.7671875 0.071875 0.7671875 0.3578125 1.0 0.3578125 1.0 0.071875
0 0.9234375 0.0015625 0.7875 0.0015625 0.7875 0.203125 0.9234375 0.203125 0.9234375 0.0015625
0 0.2109375 0.4828125 0.0015625 0.4828125 0.0015625 0.746875 0.2109375 0.746875 0.2109375 0.4828125
0 0.1921875 0.3265625 0.028125 0.3265625 0.028125 0.39375 0.1921875 0.39375 0.1921875 0.3265625
0 0.4875 0.8953125 0.3140625 0.8953125 0.3140625 1.0 0.4875 1.0 0.4875 0.8953125
0 1.0 0.6984375 0.9296875 0.6984375 0.9296875 0.878125 1.0 0.878125 1.0 0.6984375
0 0.9890625 0.6375 0.8078125 0.6375 0.8078125 0.825 0.9890625 0.825 0.9890625 0.6375
0 0.4390625 0.51875 0.209375 0.51875 0.209375 0.81875 0.4390625 0.81875 0.4390625 0.51875
0 1.0 0.5296875 0.8890625 0.5296875 0.8890625 0.64375 1.0 0.64375 1.0 0.5296875
0 0.321875 0.1109375 0.2015625 0.1109375 0.2015625 0.3796875 0.321875 0.3796875 0.321875 0.1109375
0 0.4953125 0.2109375 0.3234375 0.2109375 0.3234375 0.3671875 0.4953125 0.3671875 0.4953125 0.2109375
0 1.0 0.2734375 0.95625 0.2734375 0.95625 0.3484375 1.0 0.3484375 1.0 0.2734375
0 0.971875 0.0125 0.709375 0.0125 0.709375 0.30625 0.971875 0.30625 0.971875 0.0125
0 0.465625 0.0015625 0.421875 0.0015625 0.421875 0.06875 0.465625 0.06875 0.465625 0.0015625
0 0.996875 0.0015625 0.9546875 0.0015625 0.9546875 0.0484375 0.996875 0.0484375 0.996875 0.0015625
0 0.109375 0.94375 0.0015625 0.94375 0.0015625 1.0 0.109375 1.0 0.109375 0.94375
0 0.325 0.790625 0.2734375 0.790625 0.2734375 0.975 0.325 0.975 0.325 0.790625
0 0.278125 0.78125 0.1765625 0.78125 0.1765625 0.9578125 0.278125 0.9578125 0.278125 0.78125
0 0.265625 0.7796875 0.0125 0.7796875 0.0125 1.0 0.265625 1.0 0.265625 0.7796875
0 0.9578125 0.0015625 0.0015625 0.0015625 0.0015625 1.0 0.9578125 1.0 0.9578125 0.0015625
0 0.409375 0.60625 0.246875 0.60625 0.246875 0.7171875 0.409375 0.7171875 0.409375 0.60625
0 1.0 0.190625 0.8125 0.190625 0.8125 1.0 1.0 1.0 1.0 0.190625
0 0.80625 0.928125 0.646875 0.928125 0.646875 1.0 0.80625 1.0 0.80625 0.928125
0 0.8953125 0.3390625 0.5828125 0.3390625 0.5828125 0.5421875 0.8953125 0.5421875 0.8953125 0.3390625
0 0.9078125 0.096875 0.8109375 0.096875 0.8109375 0.234375 0.9078125 0.234375 0.9078125 0.096875
0 1.0 0.0015625 0.921875 0.0015625 0.921875 0.1921875 1.0 0.1921875 1.0 0.0015625
