0 0.1453125 0.803125 0.028125 0.803125 0.028125 0.925 0.1453125 0.925 0.1453125 0.803125
0 0.0578125 0.0015625 0.0015625 0.0015625 0.0015625 0.0546875 0.0578125 0.0546875 0.0578125 0.0015625
0 0.6296875 0.0171875 0.4578125 0.0171875 0.4578125 0.171875 0.6296875 0.171875 0.6296875 0.0171875
0 0.246875 0.4828125 0.121875 0.4828125 0.121875 0.665625 0.246875 0.665625 0.246875 0.4828125
0 0.4359375 0.4140625 0.2828125 0.4140625 0.2828125 0.6453125 0.4359375 0.6453125 0.4359375 0.4140625
0 0.928125 0.2125 0.7359375 0.2125 0.7359375 0.3546875 0.928125 0.3546875 0.928125 0.2125
0 0.334375 0.0859375 0.1921875 0.0859375 0.1921875 0.259375 0.334375 0.259375 0.334375 0.0859375
0 0.0265625 0.0484375 0.0015625 0.0484375 0.0015625 0.059375 0.0265625 0.059375 0.0265625 0.0484375
0 0.790625 0.19375 0.628125 0.19375 0.628125 0.3015625 0.790625 0.3015625 0.790625 0.19375
0 0.203125 0.0015625 0.0859375 0.0015625 0.0859375 0.1390625 0.203125 0.1390625 0.203125 0.0015625
0 0.54375 0.0015625 0.4921875 0.0015625 0.4921875 0.025 0.54375 0.025 0.54375 0.0015625
0 0.728125 0.0015625 0.61875 0.0015625 0.61875 0.0828125 0.728125 0.0828125 0.728125 0.0015625
0 0.3328125 0.65 0.0015625 0.65 0.0015625 1.0 0.3328125 1.0 0.3328125 0.65
0 0.1 0.94375 0.0109375 0.94375 0.0109375 1.0 0.1 1.0 0.1 0.94375
0 0.1125 0.3265625 0.0140625 0.3265625 0.0140625 0.528125 0.1125 0.528125 0.1125 0.3265625
0 0.6015625 0.6484375 0.3859375 0.6484375 0.3859375 0.9953125 0.6015625 0.9953125 0.6015625 0.6484375
0 0.61875 0.4734375 0.3703125 0.4734375 0.3703125 0.7765625 0.61875 0.7765625 0.61875 0.4734375
0 0.5359375 0.328125 0.403125 0.328125 0.403125 0.5203125 0.5359375 0.5203125 0.5359375 0.328125
0 0.765625 0.2875 0.515625 0.2875 0.515625 0.465625 0.765625 0.465625 0.765625 0.2875
0 0.6625 0.084375 0.38125 0.084375 0.38125 0.30625 0.6625 0.30625 0.6625 0.084375
0 1.0 0.75 0.865625 0.75 0.865625 0.946875 1.0 0.946875 1.0 0.75
0 1.0 0.571875 0.9453125 0.571875 0.9453125 0.7078125 1.0 0.7078125 1.0 0.571875
0 0.46875 0.0015625 0.3796875 0.0015625 0.3796875 0.140625 0.46875 0.140625 0.46875 0.0015625
0 0.540625 0.146875 0.375 0.146875 0.375 0.2484375 0.540625 0.2484375 0.540625 0.146875
0 0.896875 0.0859375 0.553125 0.0859375 0.553125 0.2546875 0.896875 0.2546875 0.896875 0.0859375
0 1.0 0.125 0.834375 0.125 0.834375 0.2125 1.0 0.2125 1.0 0.125
0 0.4640625 0.0125 0.2859375 0.0125 0.2859375 0.178125 0.4640625 0.178125 0.4640625 0.0125
0 0.128125 0.0015625 0.0375 0.0015625 0.0375 0.14375 0.128125 0.14375 0.128125 0.0015625
0 0.790625 0.0015625 0.696875 0.0015625 0.696875 0.0671875 0.790625 0.0671875 0.790625 0.0015625
0 0.425 0.0015625 0.3859375 0.0015625 0.3859375 0.04375 0.425 0.04375 0.425 0.0015625
0 0.384375 0.7765625 0.2921875 0.7765625 0.2921875 1.0 0.384375 1.0 0.384375 0.7765625
0 0.9703125 0.05 0.8125 0.05 0.8125 0.159375 0.9703125 0.159375 0.9703125 0.05
0 0.278125 0.3109375 0.1953125 0.3109375 0.1953125 0.4421875 0.278125 0.4421875 0.278125 0.3109375
0 0.04375 0.3890625 0.0015625 0.3890625 0.0015625 0.5453125 0.04375 0.5453125 0.04375 0.3890625
0 0.715625 0.4453125 0.5765625 0.4453125 0.5765625 0.56875 0.715625 0.56875 0.715625 0.4453125
0 1.0 0.034375 0.9203125 0.034375 0.9203125 0.134375 1.0 0.134375 1.0 0.034375
0 0.8921875 0.0015625 0.7515625 0.0015625 0.7515625 0.1078125 0.8921875 0.1078125 0.8921875 0.0015625
0 0.5171875 0.0015625 0.434375 0.0015625 0.434375 0.1046875 0.5171875 0.1046875 0.5171875 0.0015625
0 0.734375 0.8578125 0.546875 0.8578125 0.546875 1.0 0.734375 1.0 0.734375 0.8578125
0 1.0 0.409375 0.7390625 0.409375 0.7390625 0.7796875 1.0 0.7796875 1.0 0.409375
0 0.828125 0.8078125 0.6796875 0.8078125 0.6796875 1.0 0.828125 1.0 0.828125 0.8078125
0 0.7734375 0.615625 0.50625 0.615625 0.50625 1.0 0.7734375 1.0 0.7734375 0.615625
0 1.0 0.053125 0.0015625 0.053125 0.0015625 1.0 1.0 1.0 1.0 0.053125
0 0.16875 0.746875 0.0015625 0.746875 0.0015625 1.0 0.16875 1.0 0.16875 0.746875
0 1.0 0.0015625 0.0015625 0.0015625 0.0015625 0.84375 1.0 0.84375 1.0 0.0015625
0 0.4109375 0.875 0.3296875 0.875 0.3296875 1.0 0.4109375 1.0 0.4109375 0.875
0 0.403125 0.6890625 0.153125 0.6890625 0.153125 1.0 0.403125 1.0 0.403125 0.6890625
0 0.7015625 0.496875 0.5640625 0.496875 0.5640625 0.6171875 0.7015625 0.6171875 0.7015625 0.496875
0 0.309375 0.0015625 0.2203125 0.0015625 0.2203125 0.0875 0.309375 0.0875 0.309375 0.0015625
