0 0.5953125 0.3625 0.5046875 0.3625 0.5046875 0.48125 0.5953125 0.48125 0.5953125 0.3625
0 0.68125 0.2984375 0.5546875 0.2984375 0.5546875 0.4390625 0.68125 0.4390625 0.68125 0.2984375
0 0.4265625 0.1203125 0.325 0.1203125 0.325 0.34375 0.4265625 0.34375 0.4265625 0.1203125
0 0.5046875 0.75 0.4515625 0.75 0.4515625 0.934375 0.5046875 0.934375 0.5046875 0.75
0 0.434375 0.421875 0.3453125 0.421875 0.3453125 0.55625 0.434375 0.55625 0.434375 0.421875
0 0.234375 0.3484375 0.1203125 0.3484375 0.1203125 0.5171875 0.234375 0.5171875 0.234375 0.3484375
0 0.8765625 0.359375 0.8125 0.359375 0.8125 0.4671875 0.8765625 0.4671875 0.8765625 0.359375
0 0.7390625 0.1390625 0.678125 0.1390625 0.678125 0.3734375 0.7390625 0.3734375 0.7390625 0.1390625
0 0.9515625 0.1828125 0.771875 0.1828125 0.771875 0.2734375 0.9515625 0.2734375 0.9515625 0.1828125
0 1.0 0.8640625 0.8953125 0.8640625 0.8953125 1.0 1.0 1.0 1.0 0.8640625
0 0.91875 0.7203125 0.6890625 0.7203125 0.6890625 0.9796875 0.91875 0.9796875 0.91875 0.7203125
0 0.975 0.0015625 0.8578125 0.0015625 0.8578125 0.096875 0.975 0.096875 0.975 0.0015625
0 1.0 0.5828125 0.76875 0.5828125 0.76875 0.8859375 1.0 0.8859375 1.0 0.5828125
0 0.0375 0.9625 0.0015625 0.9625 0.0015625 1.0 0.0375 1.0 0.0375 0.9625
0 0.6765625 0.8265625 0.540625 0.8265625 0.540625 1.0 0.6765625 1.0 0.6765625 0.8265625
0 0.521875 0.865625 0.44375 0.865625 0.44375 1.0 0.521875 1.0 0.521875 0.865625
0 0.8453125 0.6328125 0.6734375 0.6328125 0.6734375 0.771875 0.8453125 0.771875 0.8453125 0.6328125
0 0.6859375 0.4359375 0.46875 0.4359375 0.46875 0.6703125 0.6859375 0.6703125 0.6859375 0.4359375
0 0.1375 0.48125 0.01875 0.48125 0.01875 0.55625 0.1375 0.55625 0.1375 0.48125
0 0.5171875 0.1328125 0.4296875 0.1328125 0.4296875 0.2859375 0.5171875 0.2859375 0.5171875 0.1328125
0 0.734375 0.0015625 0.6375 0.0015625 0.6375 0.175 0.734375 0.175 0.734375 0.0015625
0 0.8515625 0.0015625 0.74375 0.0015625 0.74375 0.1171875 0.8515625 0.1171875 0.8515625 0.0015625
0 0.665625 0.9875 0.625 0.9875 0.625 1.0 0.665625 1.0 0.665625 0.9875
0 0.6421875 0.6765625 0.521875 0.6765625 0.521875 0.80625 0.6421875 0.80625 0.6421875 0.6765625
0 0.503125 0.359375 0.2921875 0.359375 0.2921875 0.6390625 0.503125 0.6390625 0.503125 0.359375
0 0.2234375 0.434375 0.0171875 0.434375 0.0171875 0.5875 0.2234375 0.5875 0.2234375 0.434375
0 0.578125 0.0015625 0.440625 0.0015625 0.440625 0.1703125 0.578125 0.1703125 0.578125 0.0015625
0 0.703125 0.0015625 0.61875 0.0015625 0.61875 0.1046875 0.703125 0.1046875 0.703125 0.0015625
0 0.765625 0.0015625 0.684375 0.0015625 0.684375 0.1765625 0.765625 0.1765625 0.765625 0.0015625
0 0.0984375 0.915625 0.0015625 0.915625 0.0015625 1.0 0.0984375 1.0 0.0984375 0.915625
0 0.28125 0.0984375 0.1765625 0.0984375 0.1765625 0.2046875 0.28125 0.2046875 0.28125 0.0984375
0 1.0 0.540625 0.9828125 0.540625 0.9828125 0.5828125 1.0 0.5828125 1.0 0.540625
0 0.56875 0.2015625 0.4765625 0.2015625 0.4765625 0.3828125 0.56875 0.3828125 0.56875 0.2015625
0 1.0 0.0015625 0.8328125 0.0015625 0.8328125 0.2234375 1.0 0.2234375 1.0 0.0015625
0 0.66875 0.2609375 0.503125 0.2609375 0.503125 0.365625 0.66875 0.365625 0.66875 0.2609375
0 0.4609375 0.0015625 0.0015625 0.0015625 0.0015625 0.5609375 0.4609375 0.5609375 0.4609375 0.0015625
0 1.0 0.0015625 0.43125 0.0015625 0.43125 1.0 1.0 1.0 1.0 0.0015625
0 0.4859375 0.5875 0.0015625 0.5875 0.0015625 1.0 0.4859375 1.0 0.4859375 0.5875
0 0.56875 0.44375 0.4453125 0.44375 0.4453125 0.6328125 0.56875 0.6328125 0.56875 0.44375
0 0.8125 0.0015625 0.7328125 0.0015625 0.7328125 0.084375 0.8125 0.084375 0.8125 0.0015625
