0 0.8515625 0.0015625 0.0015625 0.0015625 0.0015625 0.4453125 0.8515625 0.4453125 0.8515625 0.0015625
0 0.696875 0.6546875 0.1375 0.6546875 0.1375 1.0 0.696875 1.0 0.696875 0.6546875
0 1.0 0.2046875 0.625 0.2046875 0.625 1.0 1.0 1.0 1.0 0.2046875
0 0.659375 0.796875 0.5234375 0.796875 0.5234375 1.0 0.659375 1.0 0.659375 0.796875
0 0.0921875 0.796875 0.0015625 0.796875 0.0015625 1.0 0.0921875 1.0 0.0921875 0.796875
0 0.5203125 0.80625 0.296875 0.80625 0.296875 1.0 0.5203125 1.0 0.5203125 0.80625
0 1.0 0.5109375 0.7734375 0.5109375 0.7734375 0.9875 1.0 0.9875 1.0 0.5109375
0 1.0 0.0015625 0.0015625 0.0015625 0.0015625 0.9625 1.0 0.9625 1.0 0.0015625
0 0.2265625 0.0015625 0.025 0.0015625 0.025 0.1953125 0.2265625 0.1953125 0.2265625 0.0015625
0 0.3734375 0.0015625 0.221875 0.0015625 0.221875 0.121875 0.3734375 0.121875 0.3734375 0.0015625
