0 0.9796875 0.0015625 0.9625 0.0015625 0.9625 0.0078125 0.9796875 0.0078125 0.9796875 0.0015625
0 0.225 0.7890625 0.0375 0.7890625 0.0375 0.915625 0.225 0.915625 0.225 0.7890625
0 0.909375 0.36875 0.7359375 0.36875 0.7359375 0.540625 0.909375 0.540625 0.909375 0.36875
0 0.6609375 0.31875 0.5515625 0.31875 0.5515625 0.421875 0.6609375 0.421875 0.6609375 0.31875
0 0.74375 0.8875 0.5046875 0.8875 0.5046875 1.0 0.74375 1.0 0.74375 0.8875
0 0.64375 0.7953125 0.5234375 0.7953125 0.5234375 0.8796875 0.64375 0.8796875 0.64375 0.7953125
0 0.1203125 0.9046875 0.05625 0.9046875 0.05625 1.0 0.1203125 1.0 0.1203125 0.9046875
0 0.853125 0.5515625 0.7578125 0.5515625 0.7578125 0.68125 0.853125 0.68125 0.853125 0.5515625
0 0.5625 0.9265625 0.4796875 0.9265625 0.4796875 1.0 0.5625 1.0 0.5625 0.9265625
0 0.790625 0.371875 0.7203125 0.371875 0.7203125 0.459375 0.790625 0.459375 0.790625 0.371875
0 0.79375 0.18125 0.671875 0.18125 0.671875 0.3046875 0.79375 0.3046875 0.79375 0.18125
0 1.0 0.05 0.8828125 0.05 0.8828125 0.128125 1.0 0.128125 1.0 0.05
0 0.8421875 0.0015625 0.6375 0.0015625 0.6375 0.1984375 0.8421875 0.1984375 0.8421875 0.0015625
0 0.765625 0.834375 0.69375 0.834375 0.69375 0.9390625 0.765625 0.9390625 0.765625 0.834375
0 0.4484375 0.95 0.4125 0.95 0.4125 1.0 0.4484375 1.0 0.4484375 0.95
0 0.4578125 0.821875 0.359375 0.821875 0.359375 0.95625 0.4578125 0.95625 0.4578125 0.821875
0 0.71875 0.790625 0.640625 0.790625 0.640625 0.8984375 0.71875 0.8984375 0.71875 0.790625
0 0.9625 0.796875 0.83125 0.796875 0.83125 0.8703125 0.9625 0.8703125 0.9625 0.796875
0 0.740625 0.60625 0.6453125 0.60625 0.6453125 0.784375 0.740625 0.784375 0.740625 0.60625
0 0.759375 0.0015625 0.0015625 0.0015625 0.0015625 0.5859375 0.759375 0.5859375 0.759375 0.0015625
0 1.0 0.0015625 0.0015625 0.0015625 0.0015625 1.0 1.0 1.0 1.0 0.0015625
0 0.596875 0.109375 0.415625 0.109375 0.415625 0.290625 0.596875 0.290625 0.596875 0.109375
