0 0.640625 0.0015625 0.546875 0.0015625 0.546875 0.0890625 0.640625 0.0890625 0.640625 0.0015625
0 0.28125 0.9109375 0.1578125 0.9109375 0.1578125 0.990625 0.28125 0.990625 0.28125 0.9109375
0 0.834375 0.38125 0.6921875 0.38125 0.6921875 0.4546875 0.834375 0.4546875 0.834375 0.38125
0 0.6484375 0.0171875 0.575 0.0171875 0.575 0.178125 0.6484375 0.178125 0.6484375 0.0171875
0 0.5890625 0.0015625 0.5453125 0.0015625 0.5453125 0.0171875 0.5890625 0.0171875 0.5890625 0.0015625
0 0.565625 0.596875 0.4234375 0.596875 0.4234375 0.834375 0.565625 0.834375 0.565625 0.596875
0 0.7640625 0.5625 0.609375 0.5625 0.609375 0.7703125 0.7640625 0.7703125 0.7640625 0.5625
0 0.1046875 0.275 0.0015625 0.275 0.0015625 0.39375 0.1046875 0.39375 0.1046875 0.275
0 0.1046875 0.0015625 0.078125 0.0015625 0.078125 0.028125 0.1046875 0.028125 0.1046875 0.0015625
0 0.4578125 0.83125 0.396875 0.83125 0.396875 1.0 0.4578125 1.0 0.4578125 0.83125
0 0.7359375 0.228125 0.625 0.228125 0.625 0.3328125 0.7359375 0.3328125 0.7359375 0.228125
0 0.1671875 0.5125 0.0109375 0.5125 0.0109375 1.0 0.1671875 1.0 0.1671875 0.5125
0 0.571875 0.725 0.453125 0.725 0.453125 0.9046875 0.571875 0.9046875 0.571875 0.725
0 0.015625 0.471875 0.0015625 0.471875 0.0015625 0.671875 0.015625 0.671875 0.015625 0.471875
0 0.0953125 0.0171875 0.0328125 0.0171875 0.0328125 0.184375 0.0953125 0.184375 0.0953125 0.0171875
0 0.7 0.8171875 0.6328125 0.8171875 0.6328125 0.996875 0.7 0.996875 0.7 0.8171875
0 0.8 0.6984375 0.71875 0.6984375 0.71875 1.0 0.8 1.0 0.8 0.6984375
0 0.95 0.7515625 0.8640625 0.7515625 0.8640625 0.9375 0.95 0.9375 0.95 0.7515625
0 0.771875 0.4359375 0.6453125 0.4359375 0.6453125 0.6109375 0.771875 0.6109375 0.771875 0.4359375
0 0.7515625 0.3796875 0.625 0.3796875 0.625 0.4984375 0.7515625 0.4984375 0.7515625 0.3796875
0 0.9234375 0.00625 0.821875 0.00625 0.821875 0.2234375 0.9234375 0.2234375 0.9234375 0.00625
0 0.171875 0.2546875 0.0421875 0.2546875 0.0421875 0.440625 0.171875 0.440625 0.171875 0.2546875
0 0.0828125 0.171875 0.0015625 0.171875 0.0015625 0.3078125 0.0828125 0.3078125 0.0828125 0.171875
0 0.05625 0.0015625 0.0015625 0.0015625 0.0015625 0.16875 0.05625 0.16875 0.05625 0.0015625
0 1.0 0.053125 0.9203125 0.053125 0.9203125 0.221875 1.0 0.221875 1.0 0.053125
0 0.3703125 0.721875 0.253125 0.721875 0.253125 0.83125 0.3703125 0.83125 0.3703125 0.721875
0 0.5828125 0.271875 0.5109375 0.271875 0.5109375 0.421875 0.5828125 0.421875 0.5828125 0.271875
0 0.4984375 0.11875 0.4234375 0.11875 0.4234375 0.3515625 0.4984375 0.3515625 0.4984375 0.11875
0 0.4640625 0.0015625 0.409375 0.0015625 0.409375 0.0921875 0.4640625 0.0921875 0.4640625 0.0015625
0 0.7625 0.134375 0.634375 0.134375 0.634375 0.2578125 0.7625 0.2578125 0.7625 0.134375
0 0.7125 0.0015625 0.6375 0.0015625 0.6375 0.084375 0.7125 0.084375 0.7125 0.0015625
0 0.5390625 0.915625 0.48125 0.915625 0.48125 1.0 0.5390625 1.0 0.5390625 0.915625
0 0.8859375 0.6125 0.75625 0.6125 0.75625 0.8609375 0.8859375 0.8609375 0.8859375 0.6125
0 0.74375 0.309375 0.6265625 0.309375 0.6265625 0.4390625 0.74375 0.4390625 0.74375 0.309375
0 1.0 0.0015625 0.065625 0.0015625 0.065625 1.0 1.0 1.0 1.0 0.0015625
0 0.0578125 0.6703125 0.0015625 0.6703125 0.0015625 1.0 0.0578125 1.0 0.0578125 0.6703125
0 0.0609375 0.371875 0.0015625 0.371875 0.0015625 0.6296875 0.0609375 0.6296875 0.0609375 0.371875
