0 0.634375 0.0015625 0.56875 0.0015625 0.56875 0.05625 0.634375 0.05625 0.634375 0.0015625
0 0.9828125 0.0015625 0.765625 0.0015625 0.765625 0.1984375 0.9828125 0.1984375 0.9828125 0.0015625
0 0.821875 0.0484375 0.6890625 0.0484375 0.6890625 0.26875 0.821875 0.26875 0.821875 0.0484375
0 0.3671875 0.9515625 0.26875 0.9515625 0.26875 1.0 0.3671875 1.0 0.3671875 0.9515625
0 0.1890625 0.9015625 0.0640625 0.9015625 0.0640625 1.0 0.1890625 1.0 0.1890625 0.9015625
0 0.65625 0.9640625 0.540625 0.9640625 0.540625 1.0 0.65625 1.0 0.65625 0.9640625
0 1.0 0.46875 0.9234375 0.46875 0.9234375 0.6546875 1.0 0.6546875 1.0 0.46875
0 0.8890625 0.171875 0.809375 0.171875 0.809375 0.3078125 0.8890625 0.3078125 0.8890625 0.171875
0 0.51875 0.0015625 0.46875 0.0015625 0.46875 0.034375 0.51875 0.034375 0.51875 0.0015625
0 1.0 0.0015625 0.190625 0.0015625 0.190625 0.9875 1.0 0.9875 1.0 0.0015625
0 0.653125 0.078125 0.0015625 0.078125 0.0015625 1.0 0.653125 1.0 0.653125 0.078125
0 0.703125 0.971875 0.6640625 0.971875 0.6640625 1.0 0.703125 1.0 0.703125 0.971875
