0 0.0515625 0.0015625 0.0015625 0.0015625 0.0015625 0.1421875 0.0515625 0.1421875 0.0515625 0.0015625
0 0.153125 0.1703125 0.0265625 0.1703125 0.0265625 0.3640625 0.153125 0.3640625 0.153125 0.1703125
0 0.8875 0.80625 0.7296875 0.80625 0.7296875 0.88125 0.8875 0.88125 0.8875 0.80625
0 0.2234375 0.2859375 0.0015625 0.2859375 0.0015625 0.6671875 0.2234375 0.6671875 0.2234375 0.2859375
0 0.59375 0.221875 0.5140625 0.221875 0.5140625 0.378125 0.59375 0.378125 0.59375 0.221875
0 0.3171875 0.403125 0.134375 0.403125 0.134375 0.6625 0.3171875 0.6625 0.3171875 0.403125
0 0.125 0.15625 0.0015625 0.15625 0.0015625 0.3703125 0.125 0.3703125 0.125 0.15625
0 0.390625 0.0171875 0.2109375 0.0171875 0.2109375 0.221875 0.390625 0.221875 0.390625 0.0171875
0 0.6640625 0.3140625 0.4578125 0.3140625 0.4578125 0.546875 0.6640625 0.546875 0.6640625 0.3140625
0 0.646875 0.0921875 0.5203125 0.0921875 0.5203125 0.2734375 0.646875 0.2734375 0.646875 0.0921875
0 0.6234375 0.0015625 0.3953125 0.0015625 0.3953125 0.1359375 0.6234375 0.1359375 0.6234375 0.0015625
0 0.3625 0.3828125 0.275 0.3828125 0.275 0.6328125 0.3625 0.6328125 0.3625 0.3828125
0 1.0 0.0015625 0.0015625 0.0015625 0.0015625 1.0 1.0 1.0 1.0 0.0015625
