0 0.615625 0.7265625 0.5203125 0.7265625 0.5203125 0.8375 0.615625 0.8375 0.615625 0.7265625
0 0.3234375 0.803125 0.0328125 0.803125 0.0328125 1.0 0.3234375 1.0 0.3234375 0.803125
0 0.6890625 0.6140625 0.49375 0.6140625 0.49375 0.8109375 0.6890625 0.8109375 0.6890625 0.6140625
0 0.7546875 0.60625 0.6515625 0.60625 0.6515625 0.7359375 0.7546875 0.7359375 0.7546875 0.60625
0 0.734375 0.175 0.5875 0.175 0.5875 0.6140625 0.734375 0.6140625 0.734375 0.175
0 1.0 0.0015625 0.8859375 0.0015625 0.8859375 0.2046875 1.0 0.2046875 1.0 0.0015625
0 0.7078125 0.0015625 0.5859375 0.0015625 0.5859375 0.096875 0.7078125 0.096875 0.7078125 0.0015625
0 0.8703125 0.0015625 0.7921875 0.0015625 0.7921875 0.0375 0.8703125 0.0375 0.8703125 0.0015625
0 0.9796875 0.7609375 0.8109375 0.7609375 0.8109375 1.0 0.9796875 1.0 0.9796875 0.7609375
0 1.0 0.5234375 0.8953125 0.5234375 0.8953125 0.8296875 1.0 0.8296875 1.0 0.5234375
0 0.8609375 0.1234375 0.5921875 0.1234375 0.5921875 0.6046875 0.8609375 0.6046875 0.8609375 0.1234375
0 1.0 0.290625 0.865625 0.290625 0.865625 0.5375 1.0 0.5375 1.0 0.290625
0 1.0 0.0140625 0.971875 0.0140625 0.971875 0.0625 1.0 0.0625 1.0 0.0140625
0 0.83125 0.0015625 0.5828125 0.0015625 0.5828125 0.11875 0.83125 0.11875 0.83125 0.0015625
0 1.0 0.0234375 0.8125 0.0234375 0.8125 0.4515625 1.0 0.4515625 1.0 0.0234375
