0 0.68125 0.9796875 0.65 0.9796875 0.65 1.0 0.68125 1.0 0.68125 0.9796875
0 0.8578125 0.04375 0.7375 0.04375 0.7375 0.2984375 0.8578125 0.2984375 0.8578125 0.04375
0 0.353125 0.0015625 0.2140625 0.0015625 0.2140625 0.1203125 0.353125 0.1203125 0.353125 0.0015625
0 0.759375 0.39375 0.6609375 0.39375 0.6609375 0.5484375 0.759375 0.5484375 0.759375 0.39375
0 0.9703125 0.2453125 0.8421875 0.2453125 0.8421875 0.3484375 0.9703125 0.3484375 0.9703125 0.2453125
0 0.7734375 0.0015625 0.709375 0.0015625 0.709375 0.084375 0.7734375 0.084375 0.7734375 0.0015625
0 0.5078125 0.70625 0.4328125 0.70625 0.4328125 0.8390625 0.5078125 0.8390625 0.5078125 0.70625
0 0.41875 0.3671875 0.1796875 0.3671875 0.1796875 0.646875 0.41875 0.646875 0.41875 0.3671875
0 0.5546875 0.428125 0.440625 0.428125 0.440625 0.603125 0.5546875 0.603125 0.5546875 0.428125
0 0.934375 0.428125 0.7640625 0.428125 0.7640625 0.5296875 0.934375 0.5296875 0.934375 0.428125
0 0.778125 0.221875 0.6703125 0.221875 0.6703125 0.346875 0.778125 0.346875 0.778125 0.221875
0 1.0 0.209375 0.8828125 0.209375 0.8828125 0.3109375 1.0 0.3109375 1.0 0.209375
0 0.8546875 0.003125 0.74375 0.003125 0.74375 0.1125 0.8546875 0.1125 0.8546875 0.003125
0 0.7609375 0.0015625 0.5546875 0.0015625 0.5546875 0.1640625 0.7609375 0.1640625 0.7609375 0.0015625
0 0.2015625 0.0015625 0.103125 0.0015625 0.103125 0.0453125 0.2015625 0.0453125 0.2015625 0.0015625
0 1.0 0.0015625 0.9578125 0.0015625 0.9578125 0.1421875 1.0 0.1421875 1.0 0.0015625
0 0.115625 0.7453125 0.028125 0.7453125 0.028125 0.9359375 0.115625 0.9359375 0.115625 0.7453125
0 0.015625 0.684375 0.0015625 0.684375 0.0015625 0.865625 0.015625 0.865625 0.015625 0.684375
0 0.575 0.590625 0.4296875 0.590625 0.4296875 0.671875 0.575 0.671875 0.575 0.590625
0 0.759375 0.0015625 0.5 0.0015625 0.5 0.4109375 0.759375 0.4109375 0.759375 0.0015625
0 0.953125 0.1015625 0.8421875 0.1015625 0.8421875 0.2609375 0.953125 0.2609375 0.953125 0.1015625
0 1.0 0.14375 0.9921875 0.14375 0.9921875 0.153125 1.0 0.153125 1.0 0.14375
0 0.5296875 0.78125 0.39375 0.78125 0.39375 1.0 0.5296875 1.0 0.5296875 0.78125
0 0.6421875 0.7578125 0.5609375 0.7578125 0.5609375 0.9734375 0.6421875 0.9734375 0.6421875 0.7578125
0 0.4109375 0.396875 0.2484375 0.396875 0.2484375 0.553125 0.4109375 0.553125 0.4109375 0.396875
0 1.0 0.2859375 0.9640625 0.2859375 0.9640625 0.3875 1.0 0.3875 1.0 0.2859375
0 0.49375 0.04375 0.209375 0.04375 0.209375 0.4578125 0.49375 0.4578125 0.49375 0.04375
0 1.0 0.0859375 0.99375 0.0859375 0.99375 0.109375 1.0 0.109375 1.0 0.0859375
0 0.840625 0.0015625 0.7671875 0.0015625 0.7671875 0.05 0.840625 0.05 0.840625 0.0015625
0 0.046875 0.0015625 0.0046875 0.0015625 0.0046875 0.071875 0.046875 0.071875 0.046875 0.0015625
0 1.0 0.0015625 0.0015625 0.0015625 0.0015625 1.0 1.0 1.0 1.0 0.0015625
0 0.7109375 0.05625 0.590625 0.05625 0.590625 0.18125 0.7109375 0.18125 0.7109375 0.05625
0 0.7484375 0.0015625 0.671875 0.0015625 0.671875 0.10625 0.7484375 0.10625 0.7484375 0.0015625
0 1.0 0.06875 0.996875 0.06875 0.996875 0.0859375 1.0 0.0859375 1.0 0.06875
