0 0.465625 0.8125 0.315625 0.8125 0.315625 0.91875 0.465625 0.91875 0.465625 0.8125
0 0.625 0.6328125 0.3109375 0.6328125 0.3109375 0.8578125 0.625 0.8578125 0.625 0.6328125
0 0.7953125 0.6796875 0.6078125 0.6796875 0.6078125 0.75625 0.7953125 0.75625 0.7953125 0.6796875
0 0.225 0.103125 0.09375 0.103125 0.09375 0.2171875 0.225 0.2171875 0.225 0.103125
0 1.0 0.9796875 0.878125 0.9796875 0.878125 1.0 1.0 1.0 1.0 0.9796875
0 1.0 0.209375 0.9859375 0.209375 0.9859375 0.2453125 1.0 0.2453125 1.0 0.209375
0 0.35625 0.821875 0.24375 0.821875 0.24375 1.0 0.35625 1.0 0.35625 0.821875
0 0.5125 0.6671875 0.353125 0.6671875 0.353125 0.7578125 0.5125 0.7578125 0.5125 0.6671875
0 0.365625 0.9765625 0.275 0.9765625 0.275 1.0 0.365625 1.0 0.365625 0.9765625
0 0.45625 0.875 0.34375 0.875 0.34375 0.990625 0.45625 0.990625 0.45625 0.875
0 0.09375 0.453125 0.0015625 0.453125 0.0015625 0.6796875 0.09375 0.6796875 0.09375 0.453125
0 0.209375 0.103125 0.0015625 0.103125 0.0015625 0.24375 0.209375 0.24375 0.209375 0.103125
0 0.2734375 0.0015625 0.0015625 0.0015625 0.0015625 0.140625 0.2734375 0.140625 0.2734375 0.0015625
0 0.6703125 0.0015625 0.4734375 0.0015625 0.4734375 0.153125 0.6703125 0.153125 0.6703125 0.0015625
0 1.0 0.23125 0.884375 0.23125 0.884375 0.5671875 1.0 0.5671875 1.0 0.23125
0 0.0390625 0.5375 0.0015625 0.5375 0.0015625 0.621875 0.0390625 0.621875 0.0390625 0.5375
0 0.078125 0.3359375 0.0015625 0.3359375 0.0015625 0.4171875 0.078125 0.4171875 0.078125 0.3359375
0 0.1265625 0.21875 0.021875 0.21875 0.021875 0.3265625 0.1265625 0.3265625 0.1265625 0.21875
0 0.7921875 0.0015625 0.740625 0.0015625 0.740625 0.0484375 0.7921875 0.0484375 0.7921875 0.0015625
0 0.5546875 0.9484375 0.428125 0.9484375 0.428125 1.0 0.5546875 1.0 0.5546875 0.9484375
0 1.0 0.0015625 0.0015625 0.0015625 0.0015625 1.0 1.0 1.0 1.0 0.0015625
0 0.125 0.046875 0.0015625 0.046875 0.0015625 0.203125 0.125 0.203125 0.125 0.046875
0 0.115625 0.0015625 0.0015625 0.0015625 0.0015625 0.0421875 0.115625 0.0421875 0.115625 0.0015625
0 0.7140625 0.0015625 0.5421875 0.0015625 0.5421875 0.165625 0.7140625 0.165625 0.7140625 0.0015625
0 1.0 0.0015625 0.8265625 0.0015625 0.8265625 0.3734375 1.0 0.3734375 1.0 0.0015625
