0 0.771875 0.6828125 0.6984375 0.6828125 0.6984375 0.86875 0.771875 0.86875 0.771875 0.6828125
0 0.3765625 0.6 0.3125 0.6 0.3125 0.8375 0.3765625 0.8375 0.3765625 0.6
0 0.765625 0.3875 0.646875 0.3875 0.646875 0.5546875 0.765625 0.5546875 0.765625 0.3875
0 0.4984375 0.13125 0.440625 0.13125 0.440625 0.365625 0.4984375 0.365625 0.4984375 0.13125
0 0.1484375 0.29375 0.059375 0.29375 0.059375 0.4703125 0.1484375 0.4703125 0.1484375 0.29375
0 0.5953125 0.46875 0.4640625 0.46875 0.4640625 0.534375 0.5953125 0.534375 0.5953125 0.46875
0 0.6515625 0.0015625 0.54375 0.0015625 0.54375 0.0671875 0.6515625 0.0671875 0.6515625 0.0015625
0 0.359375 0.365625 0.25 0.365625 0.25 0.515625 0.359375 0.515625 0.359375 0.365625
0 0.23125 0.3203125 0.0984375 0.3203125 0.0984375 0.484375 0.23125 0.484375 0.23125 0.3203125
0 0.0484375 0.3140625 0.0015625 0.3140625 0.0015625 0.4234375 0.0484375 0.4234375 0.0484375 0.3140625
0 0.640625 0.1734375 0.5109375 0.1734375 0.5109375 0.375 0.640625 0.375 0.640625 0.1734375
0 0.6765625 0.0875 0.48125 0.0875 0.48125 0.3890625 0.6765625 0.3890625 0.6765625 0.0875
0 0.9171875 0.8859375 0.8875 0.8859375 0.8875 1.0 0.9171875 1.0 0.9171875 0.8859375
0 1.0 0.6828125 0.9640625 0.6828125 0.9640625 0.778125 1.0 0.778125 1.0 0.6828125
0 0.61875 0.6390625 0.528125 0.6390625 0.528125 0.8296875 0.61875 0.8296875 0.61875 0.6390625
0 0.3765625 0.5203125 0.271875 0.5203125 0.271875 0.7078125 0.3765625 0.7078125 0.3765625 0.5203125
0 0.56875 0.540625 0.471875 0.540625 0.471875 0.646875 0.56875 0.646875 0.56875 0.540625
0 0.4515625 0.4703125 0.396875 0.4703125 0.396875 0.646875 0.4515625 0.646875 0.4515625 0.4703125
0 0.4796875 0.109375 0.384375 0.109375 0.384375 0.359375 0.4796875 0.359375 0.4796875 0.109375
0 0.8109375 0.0015625 0.5296875 0.0015625 0.5296875 0.1859375 0.8109375 0.1859375 0.8109375 0.0015625
0 0.821875 0.209375 0.7234375 0.209375 0.7234375 0.353125 0.821875 0.353125 0.821875 0.209375
0 0.890625 0.0015625 0.7375 0.0015625 0.7375 0.1125 0.890625 0.1125 0.890625 0.0015625
0 0.775 0.8875 0.6765625 0.8875 0.6765625 1.0 0.775 1.0 0.775 0.8875
0 0.6578125 0.8890625 0.5765625 0.8890625 0.5765625 1.0 0.6578125 1.0 0.6578125 0.8890625
0 0.1515625 0.6484375 0.021875 0.6484375 0.021875 0.76875 0.1515625 0.76875 0.1515625 0.6484375
0 0.1609375 0.5453125 0.0640625 0.5453125 0.0640625 0.634375 0.1609375 0.634375 0.1609375 0.5453125
0 0.7890625 0.41875 0.675 0.41875 0.675 0.5265625 0.7890625 0.5265625 0.7890625 0.41875
0 0.4734375 0.3453125 0.3921875 0.3453125 0.3921875 0.46875 0.4734375 0.46875 0.4734375 0.3453125
0 0.31875 0.1140625 0.1984375 0.1140625 0.1984375 0.2375 0.31875 0.2375 0.31875 0.1140625
0 1.0 0.8 0.946875 0.8 0.946875 0.9828125 1.0 0.9828125 1.0 0.8
0 1.0 0.5890625 0.859375 0.5890625 0.859375 0.7875 1.0 0.7875 1.0 0.5890625
0 1.0 0.10625 0.9 0.10625 0.9 0.2078125 1.0 0.2078125 1.0 0.10625
0 0.49375 0.99375 0.4671875 0.99375 0.4671875 1.0 0.49375 1.0 0.49375 0.99375
0 0.1953125 0.9171875 0.10625 0.9171875 0.10625 1.0 0.1953125 1.0 0.1953125 0.9171875
0 0.534375 0.8390625 0.3859375 0.8390625 0.3859375 0.9796875 0.534375 0.9796875 0.534375 0.8390625
0 0.1875 0.7703125 0.0921875 0.7703125 0.0921875 0.8546875 0.1875 0.8546875 0.1875 0.7703125
0 0.340625 0.3125 0.2578125 0.3125 0.2578125 0.453125 0.340625 0.453125 0.340625 0.3125
0 0.4234375 0.0875 0.35625 0.0875 0.35625 0.3421875 0.4234375 0.3421875 0.4234375 0.0875
0 0.3359375 0.0421875 0.1421875 0.0421875 0.1421875 0.3359375 0.3359375 0.3359375 0.3359375 0.0421875
0 0.0609375 0.0015625 0.0015625 0.0015625 0.0015625 0.209375 0.0609375 0.209375 0.0609375 0.0015625
0 0.40625 0.0015625 0.2921875 0.0015625 0.2921875 0.1078125 0.40625 0.1078125 0.40625 0.0015625
0 0.24375 0.0015625 0.11875 0.0015625 0.11875 0.1984375 0.24375 0.1984375 0.24375 0.0015625
0 0.5609375 0.0015625 0.421875 0.0015625 0.421875 0.1203125 0.5609375 0.1203125 0.5609375 0.0015625
0 0.8984375 0.921875 0.828125 0.921875 0.828125 1.0 0.8984375 1.0 0.8984375 0.921875
0 0.94375 0.721875 0.771875 0.721875 0.771875 0.8859375 0.94375 0.8859375 0.94375 0.721875
0 0.659375 0.6703125 0.5515625 0.6703125 0.5515625 0.896875 0.659375 0.896875 0.659375 0.6703125
0 0.79375 0.4765625 0.6296875 0.4765625 0.6296875 0.696875 0.79375 0.696875 0.79375 0.4765625
0 1.0 0.3265625 0.8484375 0.3265625 0.8484375 0.59375 1.0 0.59375 1.0 0.3265625
0 0.88125 0.35 0.7609375 0.35 0.7609375 0.64375 0.88125 0.64375 0.88125 0.35
0 0.59375 0.2734375 0.4671875 0.2734375 0.4671875 0.4796875 0.59375 0.4796875 0.59375 0.2734375
0 0.9125 0.128125 0.653125 0.128125 0.653125 0.3625 0.9125 0.3625 0.9125 0.128125
0 1.0 0.0015625 0.8296875 0.0015625 0.8296875 0.159375 1.0 0.159375 1.0 0.0015625
0 1.0 0.0015625 0.0015625 0.0015625 0.0015625 1.0 1.0 1.0 1.0 0.0015625
0 0.5703125 0.9640625 0.5515625 0.9640625 0.5515625 1.0 0.5703125 1.0 0.5703125 0.9640625
0 0.578125 0.25625 0.4375 0.25625 0.4375 0.5890625 0.578125 0.5890625 0.578125 0.25625
0 0.659375 0.1125 0.4734375 0.1125 0.4734375 0.4390625 0.659375 0.4390625 0.659375 0.1125
0 0.8640625 0.3046875 0.6609375 0.3046875 0.6609375 0.471875 0.8640625 0.471875 0.8640625 0.3046875
