0 0.459375 0.6453125 0.371875 0.6453125 0.371875 0.7890625 0.459375 0.7890625 0.459375 0.6453125
0 0.3015625 0.49375 0.16875 0.49375 0.16875 0.59375 0.3015625 0.59375 0.3015625 0.49375
0 0.33125 0.95 0.303125 0.95 0.303125 1.0 0.33125 1.0 0.33125 0.95
0 0.046875 0.690625 0.0015625 0.690625 0.0015625 0.7703125 0.046875 0.7703125 0.046875 0.690625
0 0.0453125 0.9109375 0.0015625 0.9109375 0.0015625 0.9984375 0.0453125 0.9984375 0.0453125 0.9109375
0 0.2390625 0.7078125 0.05 0.7078125 0.05 0.971875 0.2390625 0.971875 0.2390625 0.7078125
0 1.0 0.0015625 0.834375 0.0015625 0.834375 0.275 1.0 0.275 1.0 0.0015625
0 0.44375 0.56875 0.3578125 0.56875 0.3578125 0.66875 0.44375 0.66875 0.44375 0.56875
0 0.403125 0.315625 0.103125 0.315625 0.103125 0.634375 0.403125 0.634375 0.403125 0.315625
0 0.046875 0.0015625 0.0328125 0.0015625 0.0328125 0.009375 0.046875 0.009375 0.046875 0.0015625
0 0.7625 0.0015625 0.6765625 0.0015625 0.6765625 0.1375 0.7625 0.1375 0.7625 0.0015625
0 0.9890625 0.0015625 0.0015625 0.0015625 0.0015625 1.0 0.9890625 1.0 0.9890625 0.0015625
0 0.4203125 0.0015625 0.3125 0.0015625 0.3125 0.084375 0.4203125 0.084375 0.4203125 0.0015625
