0 0.615625 0.4671875 0.5171875 0.4671875 0.5171875 0.571875 0.615625 0.571875 0.615625 0.4671875
0 0.4671875 0.6203125 0.325 0.6203125 0.325 0.7296875 0.4671875 0.7296875 0.4671875 0.6203125
0 0.5171875 0.7078125 0.375 0.7078125 0.375 0.9734375 0.5171875 0.9734375 0.5171875 0.7078125
0 0.75 0.85625 0.6046875 0.85625 0.6046875 0.9890625 0.75 0.9890625 0.75 0.85625
0 1.0 0.5671875 0.85625 0.5671875 0.85625 0.7015625 1.0 0.7015625 1.0 0.5671875
0 0.05625 0.69375 0.0015625 0.69375 0.0015625 0.7453125 0.05625 0.7453125 0.05625 0.69375
0 0.0046875 0.96875 0.0015625 0.96875 0.0015625 1.0 0.0046875 1.0 0.0046875 0.96875
0 0.7390625 0.659375 0.6328125 0.659375 0.6328125 0.81875 0.7390625 0.81875 0.7390625 0.659375
0 1.0 0.59375 0.825 0.59375 0.825 0.740625 1.0 0.740625 1.0 0.59375
0 1.0 0.3125 0.8828125 0.3125 0.8828125 0.475 1.0 0.475 1.0 0.3125
0 0.209375 0.9640625 0.0375 0.9640625 0.0375 1.0 0.209375 1.0 0.209375 0.9640625
0 0.2078125 0.5734375 0.053125 0.5734375 0.053125 0.9609375 0.2078125 0.9609375 0.2078125 0.5734375
0 0.05625 0.715625 0.0015625 0.715625 0.0015625 0.9328125 0.05625 0.9328125 0.05625 0.715625
0 0.5328125 0.45 0.390625 0.45 0.390625 0.5546875 0.5328125 0.5546875 0.5328125 0.45
0 0.7375 0.3984375 0.4421875 0.3984375 0.4421875 0.925 0.7375 0.925 0.7375 0.3984375
0 0.734375 0.5484375 0.6328125 0.5484375 0.6328125 0.728125 0.734375 0.728125 0.734375 0.5484375
0 0.0359375 0.8875 0.0015625 0.8875 0.0015625 1.0 0.0359375 1.0 0.0359375 0.8875
0 0.4046875 0.671875 0.2890625 0.671875 0.2890625 0.8859375 0.4046875 0.8859375 0.4046875 0.671875
0 0.3984375 0.41875 0.140625 0.41875 0.140625 0.6109375 0.3984375 0.6109375 0.3984375 0.41875
0 0.865625 0.7921875 0.690625 0.7921875 0.690625 1.0 0.865625 1.0 0.865625 0.7921875
0 1.0 0.975 0.915625 0.975 0.915625 1.0 1.0 1.0 1.0 0.975
0 1.0 0.71875 0.8921875 0.71875 0.8921875 0.9546875 1.0 0.9546875 1.0 0.71875
0 0.7453125 0.715625 0.6015625 0.715625 0.6015625 0.9546875 0.7453125 0.9546875 0.7453125 0.715625
