0 0.175 0.4046875 0.0015625 0.4046875 0.0015625 0.540625 0.175 0.540625 0.175 0.4046875
0 0.175 0.0015625 0.0015625 0.0015625 0.0015625 0.175 0.175 0.175 0.175 0.0015625
0 0.0453125 0.3921875 0.0015625 0.3921875 0.0015625 0.4234375 0.0453125 0.4234375 0.0453125 0.3921875
0 0.3078125 0.1828125 0.075 0.1828125 0.075 0.3796875 0.3078125 0.3796875 0.3078125 0.1828125
0 0.7015625 0.903125 0.5046875 0.903125 0.5046875 1.0 0.7015625 1.0 0.7015625 0.903125
0 0.5453125 0.0015625 0.3625 0.0015625 0.3625 0.2484375 0.5453125 0.2484375 0.5453125 0.0015625
0 0.3546875 0.6671875 0.0015625 0.6671875 0.0015625 1.0 0.3546875 1.0 0.3546875 0.6671875
0 0.553125 0.8984375 0.2375 0.8984375 0.2375 1.0 0.553125 1.0 0.553125 0.8984375
0 0.2625 0.8171875 0.1359375 0.8171875 0.1359375 1.0 0.2625 1.0 0.2625 0.8171875
0 0.2140625 0.3 0.0015625 0.3 0.0015625 0.8515625 0.2140625 0.8515625 0.2140625 0.3
0 0.340625 0.65625 0.25 0.65625 0.25 0.7875 0.340625 0.7875 0.340625 0.65625
0 0.4640625 0.2296875 0.2 0.2296875 0.2 0.5703125 0.4640625 0.5703125 0.4640625 0.2296875
0 0.2234375 0.15 0.0046875 0.15 0.0046875 0.2515625 0.2234375 0.2515625 0.2234375 0.15
0 0.3890625 0.0109375 0.2421875 0.0109375 0.2421875 0.1875 0.3890625 0.1875 0.3890625 0.0109375
0 0.15625 0.0015625 0.0015625 0.0015625 0.0015625 0.0515625 0.15625 0.0515625 0.15625 0.0015625
0 0.9515625 0.9890625 0.9328125 0.9890625 0.9328125 1.0 0.9515625 1.0 0.9515625 0.9890625
0 0.8484375 0.978125 0.690625 0.978125 0.690625 1.0 0.8484375 1.0 0.8484375 0.978125
0 0.6609375 0.9390625 0.534375 0.9390625 0.534375 1.0 0.6609375 1.0 0.6609375 0.9390625
0 0.940625 0.81875 0.6859375 0.81875 0.6859375 0.996875 0.940625 0.996875 0.940625 0.81875
0 1.0 0.7828125 0.9453125 0.7828125 0.9453125 1.0 1.0 1.0 1.0 0.7828125
0 1.0 0.28125 0.7296875 0.28125 0.7296875 0.784375 1.0 0.784375 1.0 0.28125
0 0.8171875 0.446875 0.5359375 0.446875 0.5359375 0.640625 0.8171875 0.640625 0.8171875 0.446875
0 1.0 0.0875 0.928125 0.0875 0.928125 0.278125 1.0 0.278125 1.0 0.0875
0 0.7 0.371875 0.43125 0.371875 0.43125 0.540625 0.7 0.540625 0.7 0.371875
0 0.6921875 0.2953125 0.584375 0.2953125 0.584375 0.4140625 0.6921875 0.4140625 0.6921875 0.2953125
0 0.6515625 0.0859375 0.4234375 0.0859375 0.4234375 0.3671875 0.6515625 0.3671875 0.6515625 0.0859375
0 0.9421875 0.0921875 0.6265625 0.0921875 0.6265625 0.3828125 0.9421875 0.3828125 0.9421875 0.0921875
0 0.85625 0.0015625 0.628125 0.0015625 0.628125 0.125 0.85625 0.125 0.85625 0.0015625
0 1.0 0.0015625 0.9921875 0.0015625 0.9921875 0.0046875 1.0 0.0046875 1.0 0.0015625
0 0.946875 0.0015625 0.946875 0.0015625 0.946875 0.0015625 0.946875 0.0015625 0.946875 0.0015625
0 0.1953125 0.7546875 0.0921875 0.7546875 0.0921875 1.0 0.1953125 1.0 0.1953125 0.7546875
0 0.075 0.6875 0.0015625 0.6875 0.0015625 0.93125 0.075 0.93125 0.075 0.6875
0 0.2453125 0.9796875 0.23125 0.9796875 0.23125 1.0 0.2453125 1.0 0.2453125 0.9796875
0 0.4234375 0.4921875 0.2546875 0.4921875 0.2546875 0.725 0.4234375 0.725 0.4234375 0.4921875
0 0.096875 0.490625 0.0015625 0.490625 0.0015625 0.58125 0.096875 0.58125 0.096875 0.490625
0 1.0 0.840625 0.9578125 0.840625 0.9578125 0.975 1.0 0.975 1.0 0.840625
0 0.946875 0.4484375 0.834375 0.4484375 0.834375 0.5484375 0.946875 0.5484375 0.946875 0.4484375
0 0.5890625 0.3875 0.4609375 0.3875 0.4609375 0.4671875 0.5890625 0.4671875 0.5890625 0.3875
0 0.509375 0.0828125 0.4109375 0.0828125 0.4109375 0.265625 0.509375 0.265625 0.509375 0.0828125
0 0.6703125 0.0015625 0.5359375 0.0015625 0.5359375 0.1390625 0.6703125 0.1390625 0.6703125 0.0015625
0 1.0 0.0015625 0.8359375 0.0015625 0.8359375 0.065625 1.0 0.065625 1.0 0.0015625
0 1.0 0.671875 0.68125 0.671875 0.68125 1.0 1.0 1.0 1.0 0.671875
0 0.00625 0.159375 0.0015625 0.159375 0.0015625 0.1671875 0.00625 0.1671875 0.00625 0.159375
0 0.465625 0.7578125 0.165625 0.7578125 0.165625 1.0 0.465625 1.0 0.465625 0.7578125
0 0.234375 0.5625 0.0015625 0.5625 0.0015625 0.86875 0.234375 0.86875 0.234375 0.5625
0 0.19375 0.25625 0.0015625 0.25625 0.0015625 0.403125 0.19375 0.403125 0.19375 0.25625
0 0.321875 0.0015625 0.0015625 0.0015625 0.0015625 0.184375 0.321875 0.184375 0.321875 0.0015625
