0 1.0 0.3359375 0.8140625 0.3359375 0.8140625 0.5296875 1.0 0.5296875 1.0 0.3359375
0 0.2140625 0.365625 0.003125 0.365625 0.003125 0.703125 0.2140625 0.703125 0.2140625 0.365625
0 0.825 0.934375 0.7328125 0.934375 0.7328125 1.0 0.825 1.0 0.825 0.934375
0 0.390625 0.39375 0.3 0.39375 0.3 0.5765625 0.390625 0.5765625 0.390625 0.39375
0 1.0 0.875 0.996875 0.875 0.996875 0.99375 1.0 0.99375 1.0 0.875
0 0.1390625 0.4875 0.0359375 0.4875 0.0359375 0.628125 0.1390625 0.628125 0.1390625 0.4875
0 0.009375 0.334375 0.0015625 0.334375 0.0015625 0.4078125 0.009375 0.4078125 0.009375 0.334375
0 1.0 0.6875 1.0 0.6875 1.0 0.6953125 1.0 0.6953125 1.0 0.6875
0 0.90625 0.6390625 0.6890625 0.6390625 0.6890625 0.921875 0.90625 0.921875 0.90625 0.6390625
0 0.2421875 0.41875 0.1453125 0.41875 0.1453125 0.60625 0.2421875 0.60625 0.2421875 0.41875
0 1.0 0.865625 0.9984375 0.865625 0.9984375 0.875 1.0 0.875 1.0 0.865625
0 0.746875 0.996875 0.7328125 0.996875 0.7328125 1.0 0.746875 1.0 0.746875 0.996875
0 0.940625 0.8875 0.85625 0.8875 0.85625 1.0 0.940625 1.0 0.940625 0.8875
0 0.865625 0.6328125 0.7140625 0.6328125 0.7140625 0.78125 0.865625 0.78125 0.865625 0.6328125
0 0.2171875 0.64375 0.0765625 0.64375 0.0765625 0.753125 0.2171875 0.753125 0.2171875 0.64375
0 0.0890625 0.225 0.0015625 0.225 0.0015625 0.63125 0.0890625 0.63125 0.0890625 0.225
0 0.725 0.4046875 0.5640625 0.4046875 0.5640625 0.5734375 0.725 0.5734375 0.725 0.4046875
0 0.775 0.3078125 0.646875 0.3078125 0.646875 0.540625 0.775 0.540625 0.775 0.3078125
0 0.528125 0.1375 0.39375 0.1375 0.39375 0.3828125 0.528125 0.3828125 0.528125 0.1375
0 0.996875 0.0015625 0.7609375 0.0015625 0.7609375 0.4265625 0.996875 0.4265625 0.996875 0.0015625
0 0.709375 0.1546875 0.575 0.1546875 0.575 0.31875 0.709375 0.31875 0.709375 0.1546875
0 0.3890625 0.0015625 0.225 0.0015625 0.225 0.146875 0.3890625 0.146875 0.3890625 0.0015625
0 0.578125 0.0015625 0.465625 0.0015625 0.465625 0.128125 0.578125 0.128125 0.578125 0.0015625
0 0.0921875 0.0015625 0.0015625 0.0015625 0.0015625 0.0515625 0.0921875 0.0515625 0.0921875 0.0015625
0 0.7703125 0.0015625 0.6734375 0.0015625 0.6734375 0.128125 0.7703125 0.128125 0.7703125 0.0015625
0 0.121875 0.9578125 0.0953125 0.9578125 0.0953125 1.0 0.121875 1.0 0.121875 0.9578125
0 0.45 0.7125 0.18125 0.7125 0.18125 1.0 0.45 1.0 0.45 0.7125
0 0.2453125 0.115625 0.0984375 0.115625 0.0984375 0.3 0.2453125 0.3 0.2453125 0.115625
0 0.40625 0.9390625 0.334375 0.9390625 0.334375 1.0 0.40625 1.0 0.40625 0.9390625
0 0.3796875 0.425 0.0390625 0.425 0.0390625 1.0 0.3796875 1.0 0.3796875 0.425
0 0.596875 0.4765625 0.35 0.4765625 0.35 0.9328125 0.596875 0.9328125 0.596875 0.4765625
0 0.378125 0.75 0.2671875 0.75 0.2671875 0.928125 0.378125 0.928125 0.378125 0.75
0 0.5046875 0.140625 0.3421875 0.140625 0.3421875 0.39375 0.5046875 0.39375 0.5046875 0.140625
0 0.565625 0.1046875 0.49375 0.1046875 0.49375 0.2890625 0.565625 0.2890625 0.565625 0.1046875
0 0.009375 0.0828125 0.0015625 0.0828125 0.0015625 0.10625 0.009375 0.10625 0.009375 0.0828125
0 0.2375 0.0015625 0.1625 0.0015625 0.1625 0.1359375 0.2375 0.1359375 0.2375 0.0015625
0 0.46875 0.0015625 0.378125 0.0015625 0.378125 0.109375 0.46875 0.109375 0.46875 0.0015625
0 0.615625 0.9359375 0.515625 0.9359375 0.515625 1.0 0.615625 1.0 0.615625 0.9359375
0 0.8734375 0.9765625 0.85625 0.9765625 0.85625 1.0 0.8734375 1.0 0.8734375 0.9765625
0 0.83125 0.69375 0.625 0.69375 0.625 0.8265625 0.83125 0.8265625 0.83125 0.69375
0 1.0 0.2296875 0.9390625 0.2296875 0.9390625 0.46875 1.0 0.46875 1.0 0.2296875
0 1.0 0.0265625 0.9328125 0.0265625 0.9328125 0.1875 1.0 0.1875 1.0 0.0265625
0 1.0 0.0015625 0.9390625 0.0015625 0.9390625 0.028125 1.0 0.028125 1.0 0.0015625
0 0.1515625 0.74375 0.0015625 0.74375 0.0015625 1.0 0.1515625 1.0 0.1515625 0.74375
0 1.0 0.0015625 0.0015625 0.0015625 0.0015625 1.0 1.0 1.0 1.0 0.0015625
0 0.2109375 0.61875 0.0015625 0.61875 0.0015625 0.9265625 0.2109375 0.9265625 0.2109375 0.61875
0 0.5703125 0.1359375 0.23125 0.1359375 0.23125 0.6390625 0.5703125 0.6390625 0.5703125 0.1359375
0 0.553125 0.8921875 0.4421875 0.8921875 0.4421875 1.0 0.553125 1.0 0.553125 0.8921875
0 1.0 0.15 0.9921875 0.15 0.9921875 0.1859375 1.0 0.1859375 1.0 0.15
0 0.6828125 0.0015625 0.6234375 0.0015625 0.6234375 0.096875 0.6828125 0.096875 0.6828125 0.0015625
