0 0.340625 0.9734375 0.2625 0.9734375 0.2625 1.0 0.340625 1.0 0.340625 0.9734375
0 0.54375 0.61875 0.3765625 0.61875 0.3765625 0.7640625 0.54375 0.7640625 0.54375 0.61875
0 0.5265625 0.4109375 0.4546875 0.4109375 0.4546875 0.6140625 0.5265625 0.6140625 0.5265625 0.4109375
0 0.8453125 0.934375 0.8 0.934375 0.8 1.0 0.8453125 1.0 0.8453125 0.934375
0 0.8140625 0.5828125 0.7203125 0.5828125 0.7203125 0.7015625 0.8140625 0.7015625 0.8140625 0.5828125
0 0.2453125 0.553125 0.0515625 0.553125 0.0515625 0.8234375 0.2453125 0.8234375 0.2453125 0.553125
0 0.8234375 0.65625 0.703125 0.65625 0.703125 0.8234375 0.8234375 0.8234375 0.8234375 0.65625
0 0.6203125 0.525 0.5515625 0.525 0.5515625 0.7234375 0.6203125 0.7234375 0.6203125 0.525
0 0.7515625 0.16875 0.6125 0.16875 0.6125 0.559375 0.7515625 0.559375 0.7515625 0.16875
0 0.41875 0.0015625 0.30625 0.0015625 0.30625 0.096875 0.41875 0.096875 0.41875 0.0015625
0 0.25625 0.9390625 0.1625 0.9390625 0.1625 1.0 0.25625 1.0 0.25625 0.9390625
0 0.0234375 0.4328125 0.0015625 0.4328125 0.0015625 0.49375 0.0234375 0.49375 0.0234375 0.4328125
0 0.2765625 0.3328125 0.1578125 0.3328125 0.1578125 0.465625 0.2765625 0.465625 0.2765625 0.3328125
0 0.0546875 0.253125 0.0015625 0.253125 0.0015625 0.340625 0.0546875 0.340625 0.0546875 0.253125
0 0.26875 0.0015625 0.084375 0.0015625 0.084375 0.059375 0.26875 0.059375 0.26875 0.0015625
0 0.05 0.0015625 0.0015625 0.0015625 0.0015625 0.0609375 0.05 0.0609375 0.05 0.0015625
0 0.3515625 0.8875 0.26875 0.8875 0.26875 1.0 0.3515625 1.0 0.3515625 0.8875
0 0.421875 0.2046875 0.246875 0.2046875 0.246875 0.375 0.421875 0.375 0.421875 0.2046875
0 0.3890625 0.8640625 0.34375 0.8640625 0.34375 1.0 0.3890625 1.0 0.3890625 0.8640625
0 0.3078125 0.8234375 0.1859375 0.8234375 0.1859375 1.0 0.3078125 1.0 0.3078125 0.8234375
0 0.0953125 0.75 0.0015625 0.75 0.0015625 0.875 0.0953125 0.875 0.0953125 0.75
0 0.7328125 0.0015625 0.015625 0.0015625 0.015625 0.859375 0.7328125 0.859375 0.7328125 0.0015625
0 0.14375 0.5375 0.0015625 0.5375 0.0015625 0.8 0.14375 0.8 0.14375 0.5375
0 0.8015625 0.65625 0.584375 0.65625 0.584375 1.0 0.8015625 1.0 0.8015625 0.65625
0 0.6015625 0.8703125 0.4203125 0.8703125 0.4203125 1.0 0.6015625 1.0 0.6015625 0.8703125
0 1.0 0.4859375 0.9578125 0.4859375 0.9578125 0.5796875 1.0 0.5796875 1.0 0.4859375
0 0.4265625 0.0359375 0.3203125 0.0359375 0.3203125 0.190625 0.4265625 0.190625 0.4265625 0.0359375
0 0.9671875 0.775 0.83125 0.775 0.83125 1.0 0.9671875 1.0 0.9671875 0.775
0 0.671875 0.978125 0.6390625 0.978125 0.6390625 1.0 0.671875 1.0 0.671875 0.978125
0 0.8375 0.7671875 0.746875 0.7671875 0.746875 0.98125 0.8375 0.98125 0.8375 0.7671875
0 0.7265625 0.8109375 0.6109375 0.8109375 0.6109375 0.9578125 0.7265625 0.9578125 0.7265625 0.8109375
0 0.3203125 0.7359375 0.0953125 0.7359375 0.0953125 0.9078125 0.3203125 0.9078125 0.3203125 0.7359375
0 0.953125 0.5390625 0.759375 0.5390625 0.759375 0.8296875 0.953125 0.8296875 0.953125 0.5390625
0 0.975 0.3109375 0.85 0.3109375 0.85 0.6671875 0.975 0.6671875 0.975 0.3109375
0 0.0734375 0.3640625 0.0015625 0.3640625 0.0015625 0.5296875 0.0734375 0.5296875 0.0734375 0.3640625
0 0.534375 0.1515625 0.375 0.1515625 0.375 0.45625 0.534375 0.45625 0.534375 0.1515625
0 0.4234375 0.0015625 0.0921875 0.0015625 0.0921875 0.246875 0.4234375 0.246875 0.4234375 0.0015625
0 0.1171875 0.0015625 0.009375 0.0015625 0.009375 0.159375 0.1171875 0.159375 0.1171875 0.0015625
0 1.0 0.0515625 0.9671875 0.0515625 0.9671875 0.2890625 1.0 0.2890625 1.0 0.0515625
0 0.496875 0.9234375 0.409375 0.9234375 0.409375 1.0 0.496875 1.0 0.496875 0.9234375
0 0.0671875 0.6609375 0.0015625 0.6609375 0.0015625 0.8015625 0.0671875 0.8015625 0.0671875 0.6609375
0 0.53125 0.0015625 0.40625 0.0015625 0.40625 0.30625 0.53125 0.30625 0.53125 0.0015625
0 1.0 0.2875 0.9375 0.2875 0.9375 0.534375 1.0 0.534375 1.0 0.2875
0 0.1015625 0.796875 0.0015625 0.796875 0.0015625 0.903125 0.1015625 0.903125 0.1015625 0.796875
0 0.60625 0.7796875 0.3703125 0.7796875 0.3703125 0.9 0.60625 0.9 0.60625 0.7796875
0 0.0984375 0.49375 0.0015625 0.49375 0.0015625 0.571875 0.0984375 0.571875 0.0984375 0.49375
0 0.0390625 0.3203125 0.0015625 0.3203125 0.0015625 0.4078125 0.0390625 0.4078125 0.0390625 0.3203125
0 0.0421875 0.040625 0.0015625 0.040625 0.0015625 0.259375 0.0421875 0.259375 0.0421875 0.040625
0 0.9546875 0.0015625 0.375 0.0015625 0.375 0.1703125 0.9546875 0.1703125 0.9546875 0.0015625
0 1.0 0.39375 0.7765625 0.39375 0.7765625 1.0 1.0 1.0 1.0 0.39375
0 0.928125 0.7515625 0.809375 0.7515625 0.809375 1.0 0.928125 1.0 0.928125 0.7515625
0 1.0 0.5234375 0.9546875 0.5234375 0.9546875 0.65625 1.0 0.65625 1.0 0.5234375
0 1.0 0.18125 0.8796875 0.18125 0.8796875 0.4640625 1.0 0.4640625 1.0 0.18125
