0 0.0546875 0.3953125 0.0015625 0.3953125 0.0015625 0.61875 0.0546875 0.61875 0.0546875 0.3953125
0 0.08125 0.0015625 0.0015625 0.0015625 0.0015625 0.084375 0.08125 0.084375 0.08125 0.0015625
0 0.025 0.1546875 0.0015625 0.1546875 0.0015625 0.2296875 0.025 0.2296875 0.025 0.1546875
0 0.2140625 0.8890625 0.0453125 0.8890625 0.0453125 1.0 0.2140625 1.0 0.2140625 0.8890625
0 0.0203125 0.375 0.0015625 0.375 0.0015625 0.603125 0.0203125 0.603125 0.0203125 0.375
0 0.9828125 0.0078125 0.86875 0.0078125 0.86875 0.146875 0.9828125 0.146875 0.9828125 0.0078125
0 0.20625 0.078125 0.0984375 0.078125 0.0984375 0.2 0.20625 0.2 0.20625 0.078125
0 0.23125 0.9265625 0.2 0.9265625 0.2 1.0 0.23125 1.0 0.23125 0.9265625
0 0.2796875 0.525 0.1578125 0.525 0.1578125 0.678125 0.2796875 0.678125 0.2796875 0.525
0 0.6859375 0.325 0.4484375 0.325 0.4484375 0.5796875 0.6859375 0.5796875 0.6859375 0.325
0 0.690625 0.240625 0.6046875 0.240625 0.6046875 0.359375 0.690625 0.359375 0.690625 0.240625
0 0.0515625 0.9625 0.0015625 0.9625 0.0015625 1.0 0.0515625 1.0 0.0515625 0.9625
0 0.7890625 0.95625 0.740625 0.95625 0.740625 1.0 0.7890625 1.0 0.7890625 0.95625
0 0.40625 0.6890625 0.303125 0.6890625 0.303125 0.85 0.40625 0.85 0.40625 0.6890625
0 1.0 0.0484375 0.9078125 0.0484375 0.9078125 0.13125 1.0 0.13125 1.0 0.0484375
0 0.409375 0.3390625 0.296875 0.3390625 0.296875 0.459375 0.409375 0.459375 0.409375 0.3390625
0 0.2765625 0.0015625 0.2046875 0.0015625 0.2046875 0.1421875 0.2765625 0.1421875 0.2765625 0.0015625
0 0.08125 0.303125 0.034375 0.303125 0.034375 0.534375 0.08125 0.534375 0.08125 0.303125
0 0.259375 0.1296875 0.1828125 0.1296875 0.1828125 0.303125 0.259375 0.303125 0.259375 0.1296875
0 0.453125 0.0015625 0.30625 0.0015625 0.30625 0.246875 0.453125 0.246875 0.453125 0.0015625
0 0.778125 0.9859375 0.759375 0.9859375 0.759375 1.0 0.778125 1.0 0.778125 0.9859375
0 0.8484375 0.765625 0.7140625 0.765625 0.7140625 1.0 0.8484375 1.0 0.8484375 0.765625
0 0.2609375 0.4 0.0515625 0.4 0.0515625 0.734375 0.2609375 0.734375 0.2609375 0.4
0 0.8203125 0.2765625 0.725 0.2765625 0.725 0.4171875 0.8203125 0.4171875 0.8203125 0.2765625
0 0.1640625 0.0828125 0.06875 0.0828125 0.06875 0.23125 0.1640625 0.23125 0.1640625 0.0828125
0 0.7671875 0.0015625 0.66875 0.0015625 0.66875 0.1203125 0.7671875 0.1203125 0.7671875 0.0015625
0 0.4578125 0.0015625 0.365625 0.0015625 0.365625 0.15 0.4578125 0.15 0.4578125 0.0015625
0 0.171875 0.7578125 0.0015625 0.7578125 0.0015625 1.0 0.171875 1.0 0.171875 0.7578125
0 0.9125 0.8421875 0.75 0.8421875 0.75 1.0 0.9125 1.0 0.9125 0.8421875
0 0.490625 0.6296875 0.3390625 0.6296875 0.3390625 0.7625 0.490625 0.7625 0.490625 0.6296875
0 0.5234375 0.5515625 0.4125 0.5515625 0.4125 0.7078125 0.5234375 0.7078125 0.5234375 0.5515625
0 0.621875 0.36875 0.209375 0.36875 0.209375 0.7171875 0.621875 0.7171875 0.621875 0.36875
0 0.8234375 0.325 0.6546875 0.325 0.6546875 0.609375 0.8234375 0.609375 0.8234375 0.325
0 1.0 0.784375 0.9609375 0.784375 0.9609375 0.9859375 1.0 0.9859375 1.0 0.784375
0 1.0 0.7203125 0.9984375 0.7203125 0.9984375 0.7375 1.0 0.7375 1.0 0.7203125
0 0.38125 0.4765625 0.0015625 0.4765625 0.0015625 1.0 0.38125 1.0 0.38125 0.4765625
0 0.2640625 0.21875 0.0828125 0.21875 0.0828125 0.4765625 0.2640625 0.4765625 0.2640625 0.21875
0 0.3875 0.1703125 0.2671875 0.1703125 0.2671875 0.35 0.3875 0.35 0.3875 0.1703125
0 0.1125 0.06875 0.0015625 0.06875 0.0015625 0.325 0.1125 0.325 0.1125 0.06875
0 0.2640625 0.0015625 0.1703125 0.0015625 0.1703125 0.1796875 0.2640625 0.1796875 0.2640625 0.0015625
0 0.4078125 0.0015625 0.35625 0.0015625 0.35625 0.0375 0.4078125 0.0375 0.4078125 0.0015625
0 0.0625 0.0015625 0.021875 0.0015625 0.021875 0.0140625 0.0625 0.0140625 0.0625 0.0015625
0 0.471875 0.909375 0.384375 0.909375 0.384375 1.0 0.471875 1.0 0.471875 0.909375
0 0.6515625 0.0125 0.5390625 0.0125 0.5390625 0.1671875 0.6515625 0.1671875 0.6515625 0.0125
0 0.5796875 0.0015625 0.4953125 0.0015625 0.4953125 0.0578125 0.5796875 0.0578125 0.5796875 0.0015625
0 0.075 0.971875 0.0390625 0.971875 0.0390625 1.0 0.075 1.0 0.075 0.971875
0 0.1484375 0.19375 0.0796875 0.19375 0.0796875 0.375 0.1484375 0.375 0.1484375 0.19375
