0 0.6265625 0.0015625 0.5828125 0.0015625 0.5828125 0.034375 0.6265625 0.034375 0.6265625 0.0015625
0 0.03125 0.8765625 0.0015625 0.8765625 0.0015625 0.9640625 0.03125 0.9640625 0.03125 0.8765625
0 1.0 0.0375 0.71875 0.0375 0.71875 0.19375 1.0 0.19375 1.0 0.0375
0 0.946875 0.0015625 0.6828125 0.0015625 0.6828125 0.1109375 0.946875 0.1109375 0.946875 0.0015625
0 0.70625 0.0015625 0.5984375 0.0015625 0.5984375 0.078125 0.70625 0.078125 0.70625 0.0015625
0 0.346875 0.0046875 0.115625 0.0046875 0.115625 0.2296875 0.346875 0.2296875 0.346875 0.0046875
0 0.640625 0.940625 0.5953125 0.940625 0.5953125 1.0 0.640625 1.0 0.640625 0.940625
0 0.3453125 0.5640625 0.15625 0.5640625 0.15625 0.796875 0.3453125 0.796875 0.3453125 0.5640625
0 0.30625 0.9296875 0.203125 0.9296875 0.203125 1.0 0.30625 1.0 0.30625 0.9296875
0 0.1546875 0.7703125 0.0546875 0.7703125 0.0546875 0.8625 0.1546875 0.8625 0.1546875 0.7703125
0 1.0 0.73125 0.653125 0.73125 0.653125 1.0 1.0 1.0 1.0 0.73125
0 1.0 0.0171875 0.9625 0.0171875 0.9625 0.08125 1.0 0.08125 1.0 0.0171875
0 0.7078125 0.759375 0.603125 0.759375 0.603125 1.0 0.7078125 1.0 0.7078125 0.759375
0 0.2203125 0.4703125 0.146875 0.4703125 0.146875 0.8171875 0.2203125 0.8171875 0.2203125 0.4703125
0 1.0 0.0859375 0.83125 0.0859375 0.83125 0.60625 1.0 0.60625 1.0 0.0859375
0 0.8484375 0.0296875 0.6828125 0.0296875 0.6828125 0.15625 0.8484375 0.15625 0.8484375 0.0296875
0 0.03125 0.94375 0.0015625 0.94375 0.0015625 1.0 0.03125 1.0 0.03125 0.94375
0 0.165625 0.2421875 0.0015625 0.2421875 0.0015625 0.6828125 0.165625 0.6828125 0.165625 0.2421875
0 0.978125 0.0015625 0.9421875 0.0015625 0.9421875 0.015625 0.978125 0.015625 0.978125 0.0015625
0 0.3625 0.6234375 0.2046875 0.6234375 0.2046875 0.746875 0.3625 0.746875 0.3625 0.6234375
0 0.203125 0.3453125 0.1015625 0.3453125 0.1015625 0.6203125 0.203125 0.6203125 0.203125 0.3453125
0 0.3671875 0.15 0.2625 0.15 0.2625 0.4515625 0.3671875 0.4515625 0.3671875 0.15
0 0.0546875 0.38125 0.0015625 0.38125 0.0015625 0.4984375 0.0546875 0.4984375 0.0546875 0.38125
0 0.921875 0.978125 0.8609375 0.978125 0.8609375 1.0 0.921875 1.0 0.921875 0.978125
0 0.340625 0.35625 0.2171875 0.35625 0.2171875 0.5671875 0.340625 0.5671875 0.340625 0.35625
0 0.5578125 0.16875 0.3484375 0.16875 0.3484375 0.5296875 0.5578125 0.5296875 0.5578125 0.16875
0 0.9703125 0.271875 0.840625 0.271875 0.840625 0.3875 0.9703125 0.3875 0.9703125 0.271875
0 0.05 0.2359375 0.0015625 0.2359375 0.0015625 0.3640625 0.05 0.3640625 0.05 0.2359375
0 0.021875 0.0015625 0.0015625 0.0015625 0.0015625 0.0296875 0.021875 0.0296875 0.021875 0.0015625
0 0.1859375 0.0015625 0.1609375 0.0015625 0.1609375 0.0484375 0.1859375 0.0484375 0.1859375 0.0015625
0 1.0 0.0015625 0.0421875 0.0015625 0.0421875 1.0 1.0 1.0 1.0 0.0015625
0 1.0 0.1390625 0.9890625 0.1390625 0.9890625 0.1453125 1.0 0.1453125 1.0 0.1390625
0 0.090625 0.490625 0.0015625 0.490625 0.0015625 0.5828125 0.090625 0.5828125 0.090625 0.490625
0 0.5828125 0.0015625 0.5484375 0.0015625 0.5484375 0.0359375 0.5828125 0.0359375 0.5828125 0.0015625
0 0.103125 0.3265625 0.0015625 0.3265625 0.0015625 0.4625 0.103125 0.4625 0.103125 0.3265625
0 0.1421875 0.84375 0.0015625 0.84375 0.0015625 0.94375 0.1421875 0.94375 0.1421875 0.84375
0 0.0875 0.6640625 0.0109375 0.6640625 0.0109375 0.8359375 0.0875 0.8359375 0.0875 0.6640625
0 0.1171875 0.03125 0.0015625 0.03125 0.0015625 0.2328125 0.1171875 0.2328125 0.1171875 0.03125
0 0.1828125 0.1859375 0.040625 0.1859375 0.040625 0.3140625 0.1828125 0.3140625 0.1828125 0.1859375
0 0.89375 0.946875 0.615625 0.946875 0.615625 1.0 0.89375 1.0 0.89375 0.946875
0 1.0 0.0015625 0.8546875 0.0015625 0.8546875 0.08125 1.0 0.08125 1.0 0.0015625
0 0.18125 0.6109375 0.0015625 0.6109375 0.0015625 0.815625 0.18125 0.815625 0.18125 0.6109375
0 0.1 0.234375 0.0015625 0.234375 0.0015625 0.3953125 0.1 0.3953125 0.1 0.234375
0 0.4015625 0.284375 0.171875 0.284375 0.171875 0.5875 0.4015625 0.5875 0.4015625 0.284375
