0 0.3375 0.953125 0.296875 0.953125 0.296875 1.0 0.3375 1.0 0.3375 0.953125
0 0.334375 0.70625 0.2640625 0.70625 0.2640625 0.8515625 0.334375 0.8515625 0.334375 0.70625
0 0.4625 0.596875 0.34375 0.596875 0.34375 0.75 0.4625 0.75 0.4625 0.596875
0 0.703125 0.4296875 0.6234375 0.4296875 0.6234375 0.5953125 0.703125 0.5953125 0.703125 0.4296875
0 1.0 0.2140625 0.9703125 0.2140625 0.9703125 0.3765625 1.0 0.3765625 1.0 0.2140625
0 0.0796875 0.0328125 0.0015625 0.0328125 0.0015625 0.1953125 0.0796875 0.1953125 0.0796875 0.0328125
0 0.4421875 0.95625 0.4015625 0.95625 0.4015625 1.0 0.4421875 1.0 0.4421875 0.95625
0 0.6796875 0.940625 0.5953125 0.940625 0.5953125 1.0 0.6796875 1.0 0.6796875 0.940625
0 0.459375 0.7078125 0.253125 0.7078125 0.253125 0.9984375 0.459375 0.9984375 0.459375 0.7078125
0 0.8390625 0.7265625 0.7453125 0.7265625 0.7453125 0.94375 0.8390625 0.94375 0.8390625 0.7265625
0 0.7328125 0.6234375 0.4765625 0.6234375 0.4765625 0.903125 0.7328125 0.903125 0.7328125 0.6234375
0 0.5703125 0.4109375 0.34375 0.4109375 0.34375 0.6796875 0.5703125 0.6796875 0.5703125 0.4109375
0 0.628125 0.4859375 0.515625 0.4859375 0.515625 0.61875 0.628125 0.61875 0.628125 0.4859375
0 0.6796875 0.3296875 0.3953125 0.3296875 0.3953125 0.553125 0.6796875 0.553125 0.6796875 0.3296875
0 0.7765625 0.28125 0.6453125 0.28125 0.6453125 0.5203125 0.7765625 0.5203125 0.7765625 0.28125
0 1.0 0.0015625 0.821875 0.0015625 0.821875 0.2875 1.0 0.2875 1.0 0.0015625
0 0.6296875 0.00625 0.328125 0.00625 0.328125 0.30625 0.6296875 0.30625 0.6296875 0.00625
0 0.640625 0.0015625 0.5703125 0.0015625 0.5703125 0.1046875 0.640625 0.1046875 0.640625 0.0015625
0 0.9546875 0.0015625 0.921875 0.0015625 0.921875 0.0171875 0.9546875 0.0171875 0.9546875 0.0015625
0 1.0 0.0015625 0.0015625 0.0015625 0.0015625 1.0 1.0 1.0 1.0 0.0015625
