0 0.0453125 0.771875 0.0015625 0.771875 0.0015625 1.0 0.0453125 1.0 0.0453125 0.771875
0 0.1921875 0.4328125 0.015625 0.4328125 0.015625 0.759375 0.1921875 0.759375 0.1921875 0.4328125
0 0.0203125 0.5390625 0.0015625 0.5390625 0.0015625 0.590625 0.0203125 0.590625 0.0203125 0.5390625
0 0.809375 0.9703125 0.75 0.9703125 0.75 1.0 0.809375 1.0 0.809375 0.9703125
0 0.8140625 0.525 0.609375 0.525 0.609375 0.7984375 0.8140625 0.7984375 0.8140625 0.525
0 0.4953125 0.265625 0.4375 0.265625 0.4375 0.5046875 0.4953125 0.5046875 0.4953125 0.265625
0 0.7765625 0.2359375 0.5671875 0.2359375 0.5671875 0.428125 0.7765625 0.428125 0.7765625 0.2359375
0 0.2734375 0.0015625 0.1109375 0.0015625 0.1109375 0.2125 0.2734375 0.2125 0.2734375 0.0015625
0 0.8796875 0.0015625 0.784375 0.0015625 0.784375 0.1109375 0.8796875 0.1109375 0.8796875 0.0015625
0 1.0 0.90625 0.9640625 0.90625 0.9640625 0.959375 1.0 0.959375 1.0 0.90625
0 1.0 0.5421875 0.8984375 0.5421875 0.8984375 0.7328125 1.0 0.7328125 1.0 0.5421875
0 1.0 0.225 0.8015625 0.225 0.8015625 0.5390625 1.0 0.5390625 1.0 0.225
0 1.0 0.0015625 0.9125 0.0015625 0.9125 0.215625 1.0 0.215625 1.0 0.0015625
0 0.2203125 0.090625 0.0609375 0.090625 0.0609375 0.34375 0.2203125 0.34375 0.2203125 0.090625
0 0.58125 0.0015625 0.3359375 0.0015625 0.3359375 0.1234375 0.58125 0.1234375 0.58125 0.0015625
0 0.025 0.2359375 0.0015625 0.2359375 0.0015625 0.290625 0.025 0.290625 0.025 0.2359375
0 0.1796875 0.0015625 0.0015625 0.0015625 0.0015625 0.165625 0.1796875 0.165625 0.1796875 0.0015625
0 0.5734375 0.7859375 0.3125 0.7859375 0.3125 1.0 0.5734375 1.0 0.5734375 0.7859375
0 0.9 0.70625 0.6765625 0.70625 0.6765625 0.946875 0.9 0.946875 0.9 0.70625
0 0.4109375 0.1984375 0.2609375 0.1984375 0.2609375 0.5015625 0.4109375 0.5015625 0.4109375 0.1984375
0 1.0 0.5328125 0.865625 0.5328125 0.865625 0.6078125 1.0 0.6078125 1.0 0.5328125
0 0.89375 0.10625 0.759375 0.10625 0.759375 0.225 0.89375 0.225 0.89375 0.10625
0 0.3578125 0.8203125 0.059375 0.8203125 0.059375 1.0 0.3578125 1.0 0.3578125 0.8203125
0 0.1859375 0.5671875 0.0015625 0.5671875 0.0015625 0.94375 0.1859375 0.94375 0.1859375 0.5671875
0 0.53125 0.6375 0.2140625 0.6375 0.2140625 0.9890625 0.53125 0.9890625 0.53125 0.6375
0 0.74375 0.609375 0.5453125 0.609375 0.5453125 0.94375 0.74375 0.94375 0.74375 0.609375
0 0.421875 0.553125 0.3140625 0.553125 0.3140625 0.6765625 0.421875 0.6765625 0.421875 0.553125
0 0.625 0.15625 0.475 0.15625 0.475 0.4390625 0.625 0.4390625 0.625 0.15625
0 0.4515625 0.26875 0.296875 0.26875 0.296875 0.4765625 0.4515625 0.4765625 0.4515625 0.26875
0 0.3375 0.0015625 0.19375 0.0015625 0.19375 0.44375 0.3375 0.44375 0.3375 0.0015625
0 0.6234375 0.0015625 0.31875 0.0015625 0.31875 0.159375 0.6234375 0.159375 0.6234375 0.0015625
0 1.0 0.953125 0.809375 0.953125 0.809375 1.0 1.0 1.0 1.0 0.953125
0 1.0 0.5875 0.8625 0.5875 0.8625 0.9203125 1.0 0.9203125 1.0 0.5875
0 0.8859375 0.29375 0.5828125 0.29375 0.5828125 0.525 0.8859375 0.525 0.8859375 0.29375
0 1.0 0.0875 0.803125 0.0875 0.803125 0.3265625 1.0 0.3265625 1.0 0.0875
0 0.9359375 0.0015625 0.8890625 0.0015625 0.8890625 0.0671875 0.9359375 0.0671875 0.9359375 0.0015625
0 0.7765625 0.9625 0.5671875 0.9625 0.5671875 1.0 0.7765625 1.0 0.7765625 0.9625
0 0.203125 0.0015625 0.0015625 0.0015625 0.0015625 0.1953125 0.203125 0.1953125 0.203125 0.0015625
0 1.0 0.0578125 0.89375 0.0578125 0.89375 0.1421875 1.0 0.1421875 1.0 0.0578125
0 0.3546875 0.0015625 0.0015625 0.0015625 0.0015625 0.0859375 0.3546875 0.0859375 0.3546875 0.0015625
0 0.578125 0.1125 0.0015625 0.1125 0.0015625 1.0 0.578125 1.0 0.578125 0.1125
0 1.0 0.3859375 0.259375 0.3859375 0.259375 1.0 1.0 1.0 1.0 0.3859375
0 0.734375 0.0015625 0.3671875 0.0015625 0.3671875 0.278125 0.734375 0.278125 0.734375 0.0015625
0 0.8703125 0.0015625 0.615625 0.0015625 0.615625 0.4234375 0.8703125 0.4234375 0.8703125 0.0015625
