0 0.5921875 0.9328125 0.4625 0.9328125 0.4625 1.0 0.5921875 1.0 0.5921875 0.9328125
0 0.1046875 0.925 0.0015625 0.925 0.0015625 1.0 0.1046875 1.0 0.1046875 0.925
0 0.0015625 0.9125 0.0015625 0.9125 0.0015625 0.928125 0.0015625 0.928125 0.0015625 0.9125
0 0.7921875 0.9078125 0.7296875 0.9078125 0.7296875 1.0 0.7921875 1.0 0.7921875 0.9078125
0 0.4875 0.071875 0.0015625 0.071875 0.0015625 1.0 0.4875 1.0 0.4875 0.071875
0 0.05625 0.20625 0.0015625 0.20625 0.0015625 0.3046875 0.05625 0.3046875 0.05625 0.20625
0 0.1640625 0.021875 0.071875 0.021875 0.071875 0.1578125 0.1640625 0.1578125 0.1640625 0.021875
0 0.240625 0.0015625 0.1453125 0.0015625 0.1453125 0.0359375 0.240625 0.0359375 0.240625 0.0015625
0 0.640625 0.7359375 0.515625 0.7359375 0.515625 0.9578125 0.640625 0.9578125 0.640625 0.7359375
0 0.8203125 0.0015625 0.6734375 0.0015625 0.6734375 0.103125 0.8203125 0.103125 0.8203125 0.0015625
0 1.0 0.8046875 0.8296875 0.8046875 0.8296875 1.0 1.0 1.0 1.0 0.8046875
0 1.0 0.2828125 0.75 0.2828125 0.75 0.71875 1.0 0.71875 1.0 0.2828125
