0 1.0 0.93125 0.9 0.93125 0.9 0.9984375 1.0 0.9984375 1.0 0.93125
0 1.0 0.3390625 0.9015625 0.3390625 0.9015625 0.503125 1.0 0.503125 1.0 0.3390625
0 0.86875 0.8890625 0.703125 0.8890625 0.703125 1.0 0.86875 1.0 0.86875 0.8890625
0 0.6984375 0.9359375 0.5890625 0.9359375 0.5890625 1.0 0.6984375 1.0 0.6984375 0.9359375
0 0.3765625 0.925 0.1859375 0.925 0.1859375 1.0 0.3765625 1.0 0.3765625 0.925
0 0.9765625 0.928125 0.85625 0.928125 0.85625 1.0 0.9765625 1.0 0.9765625 0.928125
0 1.0 0.996875 0.9703125 0.996875 0.9703125 1.0 1.0 1.0 1.0 0.996875
0 1.0 0.1359375 0.95 0.1359375 0.95 0.21875 1.0 0.21875 1.0 0.1359375
0 1.0 0.3078125 0.9578125 0.3078125 0.9578125 0.38125 1.0 0.38125 1.0 0.3078125
0 0.3203125 0.990625 0.303125 0.990625 0.303125 1.0 0.3203125 1.0 0.3203125 0.990625
0 0.8046875 0.8578125 0.5421875 0.8578125 0.5421875 1.0 0.8046875 1.0 0.8046875 0.8578125
0 1.0 0.0015625 0.0015625 0.0015625 0.0015625 1.0 1.0 1.0 1.0 0.0015625
0 0.0609375 0.6953125 0.021875 0.6953125 0.021875 1.0 0.0609375 1.0 0.0609375 0.6953125
0 0.0359375 0.103125 0.0015625 0.103125 0.0015625 0.3015625 0.0359375 0.3015625 0.0359375 0.103125
0 0.4296875 0.0015625 0.340625 0.0015625 0.340625 0.1515625 0.4296875 0.1515625 0.4296875 0.0015625
0 1.0 0.0015625 0.7234375 0.0015625 0.7234375 0.34375 1.0 0.34375 1.0 0.0015625
