0 0.440625 0.471875 0.234375 0.471875 0.234375 0.64375 0.440625 0.64375 0.440625 0.471875
0 0.8484375 0.0015625 0.790625 0.0015625 0.790625 0.025 0.8484375 0.025 0.8484375 0.0015625
0 0.54375 0.25 0.38125 0.25 0.38125 0.4828125 0.54375 0.4828125 0.54375 0.25
0 0.06875 0.0015625 0.0015625 0.0015625 0.0015625 0.2359375 0.06875 0.2359375 0.06875 0.0015625
0 0.2796875 0.884375 0.1625 0.884375 0.1625 1.0 0.2796875 1.0 0.2796875 0.884375
0 0.240625 0.5296875 0.0234375 0.5296875 0.0234375 0.68125 0.240625 0.68125 0.240625 0.5296875
0 0.084375 0.8 0.0015625 0.8 0.0015625 0.953125 0.084375 0.953125 0.084375 0.8
0 0.64375 0.375 0.409375 0.375 0.409375 0.5703125 0.64375 0.5703125 0.64375 0.375
0 0.74375 0.1640625 0.6171875 0.1640625 0.6171875 0.3375 0.74375 0.3375 0.74375 0.1640625
0 1.0 0.0015625 0.921875 0.0015625 0.921875 0.13125 1.0 0.13125 1.0 0.0015625
0 0.0171875 0.8234375 0.0015625 0.8234375 0.0015625 0.8359375 0.0171875 0.8359375 0.0171875 0.8234375
0 0.0984375 0.575 0.0015625 0.575 0.0015625 0.6578125 0.0984375 0.6578125 0.0984375 0.575
0 0.09375 0.3765625 0.0015625 0.3765625 0.0015625 0.4640625 0.09375 0.4640625 0.09375 0.3765625
0 0.4328125 0.1984375 0.325 0.1984375 0.325 0.378125 0.4328125 0.378125 0.4328125 0.1984375
0 0.8640625 0.1125 0.7125 0.1125 0.7125 0.321875 0.8640625 0.321875 0.8640625 0.1125
0 1.0 0.1296875 0.925 0.1296875 0.925 0.2640625 1.0 0.2640625 1.0 0.1296875
0 0.928125 0.1171875 0.8546875 0.1171875 0.8546875 0.2484375 0.928125 0.2484375 0.928125 0.1171875
0 0.5296875 0.0015625 0.4390625 0.0015625 0.4390625 0.1578125 0.5296875 0.1578125 0.5296875 0.0015625
0 0.21875 0.846875 0.1 0.846875 0.1 1.0 0.21875 1.0 0.21875 0.846875
0 0.3984375 0.5453125 0.2015625 0.5453125 0.2015625 0.73125 0.3984375 0.73125 0.3984375 0.5453125
0 0.1640625 0.2796875 0.0015625 0.2796875 0.0015625 0.6109375 0.1640625 0.6109375 0.1640625 0.2796875
0 0.58125 0.4375 0.5171875 0.4375 0.5171875 0.5421875 0.58125 0.5421875 0.58125 0.4375
0 0.3625 0.265625 0.128125 0.265625 0.128125 0.4625 0.3625 0.4625 0.3625 0.265625
0 0.76875 0.0015625 0.471875 0.0015625 0.471875 0.40625 0.76875 0.40625 0.76875 0.0015625
0 0.503125 0.0453125 0.3703125 0.0453125 0.3703125 0.33125 0.503125 0.33125 0.503125 0.0453125
0 0.7984375 0.1234375 0.6703125 0.1234375 0.6703125 0.3078125 0.7984375 0.3078125 0.7984375 0.1234375
0 0.284375 0.1015625 0.1625 0.1015625 0.1625 0.2546875 0.284375 0.2546875 0.284375 0.1015625
0 0.9109375 0.56875 0.8421875 0.56875 0.8421875 0.7015625 0.9109375 0.7015625 0.9109375 0.56875
0 0.8515625 0.3203125 0.6921875 0.3203125 0.6921875 0.3953125 0.8515625 0.3953125 0.8515625 0.3203125
0 0.903125 0.0140625 0.790625 0.0140625 0.790625 0.3265625 0.903125 0.3265625 0.903125 0.0140625
0 1.0 0.0140625 0.909375 0.0140625 0.909375 0.25 1.0 0.25 1.0 0.0140625
0 0.9796875 0.0015625 0.8484375 0.0015625 0.8484375 0.1203125 0.9796875 0.1203125 0.9796875 0.0015625
0 0.396875 0.0671875 0.2984375 0.0671875 0.2984375 0.284375 0.396875 0.284375 0.396875 0.0671875
0 0.359375 0.0015625 0.09375 0.0015625 0.09375 0.2296875 0.359375 0.2296875 0.359375 0.0015625
0 0.4984375 0.0015625 0.371875 0.0015625 0.371875 0.0734375 0.4984375 0.0734375 0.4984375 0.0015625
0 0.784375 0.034375 0.63125 0.034375 0.63125 0.16875 0.784375 0.16875 0.784375 0.034375
0 0.0375 0.646875 0.0015625 0.646875 0.0015625 0.6828125 0.0375 0.6828125 0.0375 0.646875
0 0.1375 0.0015625 0.0015625 0.0015625 0.0015625 0.178125 0.1375 0.178125 0.1375 0.0015625
0 1.0 0.4859375 0.9375 0.4859375 0.9375 0.66875 1.0 0.66875 1.0 0.4859375
0 0.1640625 0.8078125 0.009375 0.8078125 0.009375 1.0 0.1640625 1.0 0.1640625 0.8078125
0 1.0 0.4859375 0.7203125 0.4859375 0.7203125 0.7609375 1.0 0.7609375 1.0 0.4859375
0 0.1875 0.6421875 0.040625 0.6421875 0.040625 0.7859375 0.1875 0.7859375 0.1875 0.6421875
0 0.875 0.578125 0.7390625 0.578125 0.7390625 0.7265625 0.875 0.7265625 0.875 0.578125
0 0.4734375 0.5359375 0.3546875 0.5359375 0.3546875 0.75 0.4734375 0.75 0.4734375 0.5359375
0 0.24375 0.3859375 0.1234375 0.3859375 0.1234375 0.51875 0.24375 0.51875 0.24375 0.3859375
0 0.196875 0.19375 0.0015625 0.19375 0.0015625 0.4171875 0.196875 0.4171875 0.196875 0.19375
0 1.0 0.2375 0.828125 0.2375 0.828125 0.3734375 1.0 0.3734375 1.0 0.2375
0 0.3640625 0.0328125 0.2 0.0328125 0.2 0.3390625 0.3640625 0.3390625 0.3640625 0.0328125
0 0.465625 0.0015625 0.3125 0.0015625 0.3125 0.1421875 0.465625 0.1421875 0.465625 0.0015625
0 0.8125 0.0015625 0.74375 0.0015625 0.74375 0.115625 0.8125 0.115625 0.8125 0.0015625
0 0.7859375 0.878125 0.6671875 0.878125 0.6671875 0.9875 0.7859375 0.9875 0.7859375 0.878125
0 0.7625 0.7 0.6609375 0.7 0.6609375 0.8703125 0.7625 0.8703125 0.7625 0.7
0 0.6546875 0.534375 0.5078125 0.534375 0.5078125 0.753125 0.6546875 0.753125 0.6546875 0.534375
0 0.50625 0.5671875 0.4265625 0.5671875 0.4265625 0.6890625 0.50625 0.6890625 0.50625 0.5671875
0 0.91875 0.4921875 0.775 0.4921875 0.775 0.60625 0.91875 0.60625 0.91875 0.4921875
0 0.8640625 0.3109375 0.5921875 0.3109375 0.5921875 0.5078125 0.8640625 0.5078125 0.8640625 0.3109375
0 1.0 0.2984375 0.865625 0.2984375 0.865625 0.4859375 1.0 0.4859375 1.0 0.2984375
0 0.909375 0.40625 0.0015625 0.40625 0.0015625 1.0 0.909375 1.0 0.909375 0.40625
0 0.2484375 0.6765625 0.0015625 0.6765625 0.0015625 0.9515625 0.2484375 0.9515625 0.2484375 0.6765625
0 0.4140625 0.0015625 0.15625 0.0015625 0.15625 0.0265625 0.4140625 0.0265625 0.4140625 0.0015625
0 0.596875 0.040625 0.2 0.040625 0.2 0.5359375 0.596875 0.5359375 0.596875 0.040625
0 0.15625 0.340625 0.0609375 0.340625 0.0609375 0.48125 0.15625 0.48125 0.15625 0.340625
0 0.1234375 0.14375 0.0015625 0.14375 0.0015625 0.2203125 0.1234375 0.2203125 0.1234375 0.14375
0 0.44375 0.0375 0.375 0.0375 0.375 0.2109375 0.44375 0.2109375 0.44375 0.0375
0 0.2921875 0.003125 0.1640625 0.003125 0.1640625 0.140625 0.2921875 0.140625 0.2921875 0.003125
0 1.0 0.33125 0.778125 0.33125 0.778125 0.6390625 1.0 0.6390625 1.0 0.33125
0 0.5859375 0.0015625 0.5015625 0.0015625 0.5015625 0.18125 0.5859375 0.18125 0.5859375 0.0015625
0 1.0 0.6125 0.9234375 0.6125 0.9234375 0.9609375 1.0 0.9609375 1.0 0.6125
0 0.046875 0.7515625 0.0015625 0.7515625 0.0015625 0.796875 0.046875 0.796875 0.046875 0.7515625
0 0.3984375 0.45625 0.2890625 0.45625 0.2890625 0.5828125 0.3984375 0.5828125 0.3984375 0.45625
