0 1.0 0.0015625 0.9078125 0.0015625 0.9078125 0.1390625 1.0 0.1390625 1.0 0.0015625
0 0.053125 0.9484375 0.0015625 0.9484375 0.0015625 1.0 0.053125 1.0 0.053125 0.9484375
0 1.0 0.384375 0.8484375 0.384375 0.8484375 0.7390625 1.0 0.7390625 1.0 0.384375
0 1.0 0.2328125 0.96875 0.2328125 0.96875 0.3125 1.0 0.3125 1.0 0.2328125
0 0.4140625 0.853125 0.2296875 0.853125 0.2296875 1.0 0.4140625 1.0 0.4140625 0.853125
0 0.06875 0.834375 0.0015625 0.834375 0.0015625 0.9515625 0.06875 0.9515625 0.06875 0.834375
0 0.1515625 0.6203125 0.0375 0.6203125 0.0375 0.834375 0.1515625 0.834375 0.1515625 0.6203125
0 0.3546875 0.0015625 0.246875 0.0015625 0.246875 0.4234375 0.3546875 0.4234375 0.3546875 0.0015625
0 0.2609375 0.0015625 0.1578125 0.0015625 0.1578125 0.328125 0.2609375 0.328125 0.2609375 0.0015625
0 0.44375 0.7703125 0.29375 0.7703125 0.29375 0.95625 0.44375 0.95625 0.44375 0.7703125
0 0.603125 0.328125 0.4703125 0.328125 0.4703125 0.5 0.603125 0.5 0.603125 0.328125
0 0.2890625 0.3015625 0.1953125 0.3015625 0.1953125 0.3984375 0.2890625 0.3984375 0.2890625 0.3015625
0 0.134375 0.16875 0.0078125 0.16875 0.0078125 0.4046875 0.134375 0.4046875 0.134375 0.16875
0 0.1734375 0.1734375 0.065625 0.1734375 0.065625 0.384375 0.1734375 0.384375 0.1734375 0.1734375
0 0.0203125 0.0484375 0.0015625 0.0484375 0.0015625 0.134375 0.0203125 0.134375 0.0203125 0.0484375
0 0.2921875 0.0015625 0.2453125 0.0015625 0.2453125 0.040625 0.2921875 0.040625 0.2921875 0.0015625
0 1.0 0.2484375 0.9390625 0.2484375 0.9390625 0.440625 1.0 0.440625 1.0 0.2484375
0 1.0 0.48125 0.8640625 0.48125 0.8640625 0.6015625 1.0 0.6015625 1.0 0.48125
0 0.3703125 0.475 0.209375 0.475 0.209375 0.625 0.3703125 0.625 0.3703125 0.475
0 0.115625 0.434375 0.00625 0.434375 0.00625 0.5890625 0.115625 0.5890625 0.115625 0.434375
0 0.5296875 0.3359375 0.428125 0.3359375 0.428125 0.44375 0.5296875 0.44375 0.5296875 0.3359375
0 0.178125 0.0015625 0.0890625 0.0015625 0.0890625 0.0453125 0.178125 0.0453125 0.178125 0.0015625
0 1.0 0.0625 0.99375 0.0625 0.99375 0.0984375 1.0 0.0984375 1.0 0.0625
0 0.60625 0.1953125 0.4328125 0.1953125 0.4328125 0.3640625 0.60625 0.3640625 0.60625 0.1953125
0 0.2015625 0.0015625 0.11875 0.0015625 0.11875 0.1328125 0.2015625 0.1328125 0.2015625 0.0015625
0 0.4484375 0.996875 0.4328125 0.996875 0.4328125 1.0 0.4484375 1.0 0.4484375 0.996875
0 0.1890625 0.3265625 0.1015625 0.3265625 0.1015625 0.528125 0.1890625 0.528125 0.1890625 0.3265625
0 0.0953125 0.0015625 0.0234375 0.0015625 0.0234375 0.08125 0.0953125 0.08125 0.0953125 0.0015625
0 0.575 0.0015625 0.0015625 0.0015625 0.0015625 1.0 0.575 1.0 0.575 0.0015625
0 0.575 0.884375 0.515625 0.884375 0.515625 1.0 0.575 1.0 0.575 0.884375
0 1.0 0.0015625 0.403125 0.0015625 0.403125 0.4265625 1.0 0.4265625 1.0 0.0015625
0 0.3015625 0.0234375 0.2140625 0.0234375 0.2140625 0.30625 0.3015625 0.30625 0.3015625 0.0234375
0 1.0 0.6296875 0.859375 0.6296875 0.859375 0.7875 1.0 0.7875 1.0 0.6296875
