0 0.4921875 0.9546875 0.415625 0.9546875 0.415625 1.0 0.4921875 1.0 0.4921875 0.9546875
0 0.93125 0.70625 0.7984375 0.70625 0.7984375 0.85 0.93125 0.85 0.93125 0.70625
0 1.0 0.4796875 0.921875 0.4796875 0.921875 0.6359375 1.0 0.6359375 1.0 0.4796875
0 0.88125 0.6109375 0.7671875 0.6109375 0.7671875 0.740625 0.88125 0.740625 0.88125 0.6109375
0 1.0 0.0515625 0.86875 0.0515625 0.86875 0.1921875 1.0 0.1921875 1.0 0.0515625
0 0.5578125 0.921875 0.4640625 0.921875 0.4640625 1.0 0.5578125 1.0 0.5578125 0.921875
0 0.5921875 0.834375 0.478125 0.834375 0.478125 0.93125 0.5921875 0.93125 0.5921875 0.834375
0 0.8296875 0.6484375 0.725 0.6484375 0.725 0.81875 0.8296875 0.81875 0.8296875 0.6484375
0 0.8796875 0.6625 0.4578125 0.6625 0.4578125 1.0 0.8796875 1.0 0.8796875 0.6625
0 1.0 0.715625 0.9546875 0.715625 0.9546875 0.7796875 1.0 0.7796875 1.0 0.715625
0 1.0 0.203125 0.9171875 0.203125 0.9171875 0.3484375 1.0 0.3484375 1.0 0.203125
0 1.0 0.84375 0.8921875 0.84375 0.8921875 0.990625 1.0 0.990625 1.0 0.84375
0 0.83125 0.1 0.615625 0.1 0.615625 0.303125 0.83125 0.303125 0.83125 0.1
0 0.83125 0.0015625 0.746875 0.0015625 0.746875 0.115625 0.83125 0.115625 0.83125 0.0015625
0 0.096875 0.7796875 0.0015625 0.7796875 0.0015625 0.93125 0.096875 0.93125 0.096875 0.7796875
0 1.0 0.6265625 0.9484375 0.6265625 0.9484375 0.684375 1.0 0.684375 1.0 0.6265625
0 0.8 0.8390625 0.675 0.8390625 0.675 1.0 0.8 1.0 0.8 0.8390625
0 0.1046875 0.8078125 0.003125 0.8078125 0.003125 0.9171875 0.1046875 0.9171875 0.1046875 0.8078125
0 0.675 0.8921875 0.5796875 0.8921875 0.5796875 1.0 0.675 1.0 0.675 0.8921875
0 1.0 0.8734375 0.9328125 0.8734375 0.9328125 0.95625 1.0 0.95625 1.0 0.8734375
0 0.86875 0.028125 0.765625 0.028125 0.765625 0.259375 0.86875 0.259375 0.86875 0.028125
0 0.3953125 0.946875 0.31875 0.946875 0.31875 1.0 0.3953125 1.0 0.3953125 0.946875
0 0.0765625 0.725 0.0015625 0.725 0.0015625 0.8546875 0.0765625 0.8546875 0.0765625 0.725
0 0.4875 0.5203125 0.3828125 0.5203125 0.3828125 0.6609375 0.4875 0.6609375 0.4875 0.5203125
0 0.365625 0.109375 0.228125 0.109375 0.228125 0.3015625 0.365625 0.3015625 0.365625 0.109375
0 0.9109375 0.88125 0.790625 0.88125 0.790625 1.0 0.9109375 1.0 0.9109375 0.88125
0 0.7640625 0.6140625 0.6296875 0.6140625 0.6296875 0.7203125 0.7640625 0.7203125 0.7640625 0.6140625
0 1.0 0.24375 0.9671875 0.24375 0.9671875 0.3203125 1.0 0.3203125 1.0 0.24375
0 0.9453125 0.384375 0.715625 0.384375 0.715625 0.678125 0.9453125 0.678125 0.9453125 0.384375
0 0.90625 0.153125 0.68125 0.153125 0.68125 0.5765625 0.90625 0.5765625 0.90625 0.153125
0 0.1484375 0.1265625 0.08125 0.1265625 0.08125 0.2546875 0.1484375 0.2546875 0.1484375 0.1265625
0 0.821875 0.0015625 0.7 0.0015625 0.7 0.203125 0.821875 0.203125 0.821875 0.0015625
0 0.9796875 0.0015625 0.8625 0.0015625 0.8625 0.14375 0.9796875 0.14375 0.9796875 0.0015625
0 0.1234375 0.0015625 0.0015625 0.0015625 0.0015625 0.1234375 0.1234375 0.1234375 0.1234375 0.0015625
0 0.465625 0.0015625 0.21875 0.0015625 0.21875 0.0640625 0.465625 0.0640625 0.465625 0.0015625
0 0.1453125 0.053125 0.0015625 0.053125 0.0015625 0.31875 0.1453125 0.31875 0.1453125 0.053125
0 0.4828125 0.0015625 0.3625 0.0015625 0.3625 0.0828125 0.4828125 0.0828125 0.4828125 0.0015625
0 0.325 0.0015625 0.259375 0.0015625 0.259375 0.0453125 0.325 0.0453125 0.325 0.0015625
0 0.9328125 0.828125 0.7453125 0.828125 0.7453125 1.0 0.9328125 1.0 0.9328125 0.828125
0 0.9625 0.4296875 0.8171875 0.4296875 0.8171875 0.665625 0.9625 0.665625 0.9625 0.4296875
0 0.7203125 0.30625 0.578125 0.30625 0.578125 0.6015625 0.7203125 0.6015625 0.7203125 0.30625
0 0.75 0.0015625 0.5359375 0.0015625 0.5359375 0.259375 0.75 0.259375 0.75 0.0015625
0 0.9484375 0.0015625 0.8359375 0.0015625 0.8359375 0.20625 0.9484375 0.20625 0.9484375 0.0015625
0 0.809375 0.3359375 0.625 0.3359375 0.625 0.60625 0.809375 0.60625 0.809375 0.3359375
0 1.0 0.184375 0.890625 0.184375 0.890625 0.3703125 1.0 0.3703125 1.0 0.184375
0 0.1390625 0.7671875 0.0015625 0.7671875 0.0015625 1.0 0.1390625 1.0 0.1390625 0.7671875
0 0.0984375 0.0015625 0.0015625 0.0015625 0.0015625 0.1921875 0.0984375 0.1921875 0.0984375 0.0015625
0 0.975 0.0015625 0.8171875 0.0015625 0.8171875 0.15 0.975 0.15 0.975 0.0015625
0 0.4703125 0.7703125 0.1421875 0.7703125 0.1421875 1.0 0.4703125 1.0 0.4703125 0.7703125
0 0.29375 0.3 0.0015625 0.3 0.0015625 0.865625 0.29375 0.865625 0.29375 0.3
0 0.75625 0.1234375 0.23125 0.1234375 0.23125 0.771875 0.75625 0.771875 0.75625 0.1234375
0 0.1859375 0.103125 0.1125 0.103125 0.1125 0.31875 0.1859375 0.31875 0.1859375 0.103125
0 0.5421875 0.6421875 0.375 0.6421875 0.375 0.775 0.5421875 0.775 0.5421875 0.6421875
0 0.496875 0.0015625 0.4203125 0.0015625 0.4203125 0.0984375 0.496875 0.0984375 0.496875 0.0015625
0 1.0 0.940625 0.840625 0.940625 0.840625 1.0 1.0 1.0 1.0 0.940625
0 1.0 0.6625 0.7359375 0.6625 0.7359375 1.0 1.0 1.0 1.0 0.6625
0 1.0 0.3703125 0.9421875 0.3703125 0.9421875 0.503125 1.0 0.503125 1.0 0.3703125
0 0.3109375 0.4796875 0.1296875 0.4796875 0.1296875 0.7265625 0.3109375 0.7265625 0.3109375 0.4796875
0 0.528125 0.7625 0.35 0.7625 0.35 0.853125 0.528125 0.853125 0.528125 0.7625
