0 0.6515625 0.0015625 0.55 0.0015625 0.55 0.1125 0.6515625 0.1125 0.6515625 0.0015625
0 0.14375 0.9609375 0.096875 0.9609375 0.096875 1.0 0.14375 1.0 0.14375 0.9609375
0 0.3078125 0.2765625 0.1671875 0.2765625 0.1671875 0.428125 0.3078125 0.428125 0.3078125 0.2765625
0 0.2984375 0.0953125 0.1546875 0.0953125 0.1546875 0.1921875 0.2984375 0.1921875 0.2984375 0.0953125
0 0.3890625 0.0015625 0.3171875 0.0015625 0.3171875 0.0265625 0.3890625 0.0265625 0.3890625 0.0015625
0 0.0921875 0.0015625 0.0453125 0.0015625 0.0453125 0.10625 0.0921875 0.10625 0.0921875 0.0015625
0 0.7171875 0.884375 0.6125 0.884375 0.6125 1.0 0.7171875 1.0 0.7171875 0.884375
0 1.0 0.121875 0.95 0.121875 0.95 0.275 1.0 0.275 1.0 0.121875
0 0.4296875 0.2734375 0.28125 0.2734375 0.28125 0.46875 0.4296875 0.46875 0.4296875 0.2734375
0 0.434375 0.0609375 0.190625 0.0609375 0.190625 0.215625 0.434375 0.215625 0.434375 0.0609375
0 0.5515625 0.6109375 0.4296875 0.6109375 0.4296875 0.89375 0.5515625 0.89375 0.5515625 0.6109375
0 0.396875 0.5625 0.309375 0.5625 0.309375 0.8796875 0.396875 0.8796875 0.396875 0.5625
0 1.0 0.5984375 0.975 0.5984375 0.975 0.6703125 1.0 0.6703125 1.0 0.5984375
0 0.8609375 0.4109375 0.7109375 0.4109375 0.7109375 0.63125 0.8609375 0.63125 0.8609375 0.4109375
0 1.0 0.3703125 0.8828125 0.3703125 0.8828125 0.5609375 1.0 0.5609375 1.0 0.3703125
0 0.625 0.3453125 0.4203125 0.3453125 0.4203125 0.5125 0.625 0.5125 0.625 0.3453125
0 0.815625 0.009375 0.6328125 0.009375 0.6328125 0.065625 0.815625 0.065625 0.815625 0.009375
0 0.571875 0.0015625 0.48125 0.0015625 0.48125 0.0890625 0.571875 0.0890625 0.571875 0.0015625
0 0.1140625 0.953125 0.0015625 0.953125 0.0015625 1.0 0.1140625 1.0 0.1140625 0.953125
0 1.0 0.8421875 0.7546875 0.8421875 0.7546875 1.0 1.0 1.0 1.0 0.8421875
0 0.715625 0.8453125 0.571875 0.8453125 0.571875 0.94375 0.715625 0.94375 0.715625 0.8453125
0 0.325 0.35625 0.146875 0.35625 0.146875 0.53125 0.325 0.53125 0.325 0.35625
0 0.4328125 0.3171875 0.3421875 0.3171875 0.3421875 0.45625 0.4328125 0.45625 0.4328125 0.3171875
0 0.5234375 0.03125 0.19375 0.03125 0.19375 0.35 0.5234375 0.35 0.5234375 0.03125
0 0.4203125 0.1734375 0.315625 0.1734375 0.315625 0.303125 0.4203125 0.303125 0.4203125 0.1734375
0 0.796875 0.1 0.6046875 0.1 0.6046875 0.259375 0.796875 0.259375 0.796875 0.1
0 1.0 0.1703125 0.909375 0.1703125 0.909375 0.2859375 1.0 0.2859375 1.0 0.1703125
0 1.0 0.3140625 0.9578125 0.3140625 0.9578125 0.496875 1.0 0.496875 1.0 0.3140625
0 1.0 0.23125 0.9640625 0.23125 0.9640625 0.2734375 1.0 0.2734375 1.0 0.23125
0 0.3234375 0.59375 0.0984375 0.59375 0.0984375 0.8125 0.3234375 0.8125 0.3234375 0.59375
0 0.15 0.5734375 0.0671875 0.5734375 0.0671875 0.69375 0.15 0.69375 0.15 0.5734375
0 0.0953125 0.5 0.0078125 0.5 0.0078125 0.6125 0.0953125 0.6125 0.0953125 0.5
0 0.109375 0.3078125 0.0015625 0.3078125 0.0015625 0.446875 0.109375 0.446875 0.109375 0.3078125
0 0.0984375 0.06875 0.0015625 0.06875 0.0015625 0.2953125 0.0984375 0.2953125 0.0984375 0.06875
0 0.053125 0.0015625 0.0015625 0.0015625 0.0015625 0.0578125 0.053125 0.0578125 0.053125 0.0015625
0 0.48125 0.6453125 0.3421875 0.6453125 0.3421875 0.9234375 0.48125 0.9234375 0.48125 0.6453125
0 0.884375 0.2296875 0.45 0.2296875 0.45 0.890625 0.884375 0.890625 0.884375 0.2296875
0 0.36875 0.5828125 0.321875 0.5828125 0.321875 0.8609375 0.36875 0.8609375 0.36875 0.5828125
0 0.96875 0.528125 0.8703125 0.528125 0.8703125 0.728125 0.96875 0.728125 0.96875 0.528125
0 0.8609375 0.5515625 0.740625 0.5515625 0.740625 0.665625 0.8609375 0.665625 0.8609375 0.5515625
0 0.796875 0.0515625 0.6171875 0.0515625 0.6171875 0.18125 0.796875 0.18125 0.796875 0.0515625
0 0.971875 0.0015625 0.8328125 0.0015625 0.8328125 0.096875 0.971875 0.096875 0.971875 0.0015625
0 0.7625 0.0015625 0.6109375 0.0015625 0.6109375 0.0171875 0.7625 0.0171875 0.7625 0.0015625
0 1.0 0.5296875 0.9734375 0.5296875 0.9734375 0.63125 1.0 0.63125 1.0 0.5296875
0 0.6296875 0.2765625 0.3203125 0.2765625 0.3203125 0.7203125 0.6296875 0.7203125 0.6296875 0.2765625
0 0.265625 0.3984375 0.0703125 0.3984375 0.0703125 0.56875 0.265625 0.56875 0.265625 0.3984375
0 0.753125 0.0796875 0.46875 0.0796875 0.46875 0.25 0.753125 0.25 0.753125 0.0796875
0 1.0 0.0015625 0.9234375 0.0015625 0.9234375 0.1078125 1.0 0.1078125 1.0 0.0015625
0 0.8296875 0.0015625 0.75625 0.0015625 0.75625 0.0296875 0.8296875 0.0296875 0.8296875 0.0015625
0 1.0 0.009375 0.7125 0.009375 0.7125 0.7453125 1.0 0.7453125 1.0 0.009375
0 1.0 0.0015625 0.0015625 0.0015625 0.0015625 1.0 1.0 1.0 1.0 0.0015625
0 0.45 0.0015625 0.384375 0.0015625 0.384375 0.0546875 0.45 0.0546875 0.45 0.0015625
0 0.6171875 0.240625 0.490625 0.240625 0.490625 0.35 0.6171875 0.35 0.6171875 0.240625
