0 0.5171875 0.8734375 0.3390625 0.8734375 0.3390625 1.0 0.5171875 1.0 0.5171875 0.8734375
0 0.6640625 0.928125 0.53125 0.928125 0.53125 1.0 0.6640625 1.0 0.6640625 0.928125
0 0.2328125 0.71875 0.09375 0.71875 0.09375 1.0 0.2328125 1.0 0.2328125 0.71875
0 0.396875 0.66875 0.3140625 0.66875 0.3140625 0.7828125 0.396875 0.7828125 0.396875 0.66875
0 0.25 0.5578125 0.0625 0.5578125 0.0625 0.703125 0.25 0.703125 0.25 0.5578125
0 0.2640625 0.1296875 0.11875 0.1296875 0.11875 0.3359375 0.2640625 0.3359375 0.2640625 0.1296875
0 0.4375 0.0015625 0.1640625 0.0015625 0.1640625 0.103125 0.4375 0.103125 0.4375 0.0015625
0 0.7375 0.9765625 0.6921875 0.9765625 0.6921875 1.0 0.7375 1.0 0.7375 0.9765625
0 0.84375 0.5046875 0.7328125 0.5046875 0.7328125 0.7078125 0.84375 0.7078125 0.84375 0.5046875
0 1.0 0.065625 0.853125 0.065625 0.853125 0.2046875 1.0 0.2046875 1.0 0.065625
0 1.0 0.0015625 0.91875 0.0015625 0.91875 0.0578125 1.0 0.0578125 1.0 0.0015625
0 0.6609375 0.715625 0.5765625 0.715625 0.5765625 0.8796875 0.6609375 0.8796875 0.6609375 0.715625
0 0.125 0.959375 0.0015625 0.959375 0.0015625 1.0 0.125 1.0 0.125 0.959375
0 1.0 0.0015625 0.0015625 0.0015625 0.0015625 0.6984375 1.0 0.6984375 1.0 0.0015625
0 0.015625 0.203125 0.0015625 0.203125 0.0015625 0.225 0.015625 0.225 0.015625 0.203125
0 0.5296875 0.996875 0.5125 0.996875 0.5125 1.0 0.5296875 1.0 0.5296875 0.996875
0 0.309375 0.80625 0.146875 0.80625 0.146875 1.0 0.309375 1.0 0.309375 0.80625
0 0.4875 0.8390625 0.3078125 0.8390625 0.3078125 1.0 0.4875 1.0 0.4875 0.8390625
0 0.703125 0.56875 0.3765625 0.56875 0.3765625 1.0 0.703125 1.0 0.703125 0.56875
0 0.809375 0.515625 0.5921875 0.515625 0.5921875 0.703125 0.809375 0.703125 0.809375 0.515625
0 0.1265625 0.6671875 0.0015625 0.6671875 0.0015625 0.94375 0.1265625 0.94375 0.1265625 0.6671875
0 0.3484375 0.0015625 0.240625 0.0015625 0.240625 0.0546875 0.3484375 0.0546875 0.3484375 0.0015625
0 0.459375 0.0015625 0.4359375 0.0015625 0.4359375 0.0296875 0.459375 0.0296875 0.459375 0.0015625
0 0.7296875 0.0015625 0.6328125 0.0015625 0.6328125 0.0453125 0.7296875 0.0453125 0.7296875 0.0015625
0 0.8953125 0.028125 0.753125 0.028125 0.753125 0.1640625 0.8953125 0.1640625 0.8953125 0.028125
0 0.7765625 0.3671875 0.671875 0.3671875 0.671875 0.5390625 0.7765625 0.5390625 0.7765625 0.3671875
0 0.721875 0.05 0.6015625 0.05 0.6015625 0.1453125 0.721875 0.1453125 0.721875 0.05
0 0.5953125 0.278125 0.0015625 0.278125 0.0015625 1.0 0.5953125 1.0 0.5953125 0.278125
0 0.128125 0.115625 0.0015625 0.115625 0.0015625 0.3984375 0.128125 0.3984375 0.128125 0.115625
0 1.0 0.0015625 0.375 0.0015625 0.375 0.31875 1.0 0.31875 1.0 0.0015625
0 0.359375 0.2765625 0.2546875 0.2765625 0.2546875 0.4484375 0.359375 0.4484375 0.359375 0.2765625
0 0.725 0.3671875 0.4984375 0.3671875 0.4984375 0.6375 0.725 0.6375 0.725 0.3671875
0 0.8078125 0.334375 0.6875 0.334375 0.6875 0.5703125 0.8078125 0.5703125 0.8078125 0.334375
0 1.0 0.2234375 0.90625 0.2234375 0.90625 0.8046875 1.0 0.8046875 1.0 0.2234375
