0 0.296875 0.5546875 0.1953125 0.5546875 0.1953125 0.734375 0.296875 0.734375 0.296875 0.5546875
0 0.0484375 0.5015625 0.0015625 0.5015625 0.0015625 0.6421875 0.0484375 0.6421875 0.0484375 0.5015625
0 0.3671875 0.94375 0.3453125 0.94375 0.3453125 1.0 0.3671875 1.0 0.3671875 0.94375
0 0.8859375 0.6890625 0.840625 0.6890625 0.840625 0.8796875 0.8859375 0.8796875 0.8859375 0.6890625
0 0.425 0.0015625 0.346875 0.0015625 0.346875 0.16875 0.425 0.16875 0.425 0.0015625
0 0.2890625 0.8234375 0.209375 0.8234375 0.209375 1.0 0.2890625 1.0 0.2890625 0.8234375
0 0.2546875 0.6734375 0.1328125 0.6734375 0.1328125 0.7703125 0.2546875 0.7703125 0.2546875 0.6734375
0 0.40625 0.63125 0.24375 0.63125 0.24375 0.95 0.40625 0.95 0.40625 0.63125
0 0.2328125 0.6671875 0.0015625 0.6671875 0.0015625 0.9078125 0.2328125 0.9078125 0.2328125 0.6671875
0 0.684375 0.2140625 0.5 0.2140625 0.5 0.4109375 0.684375 0.4109375 0.684375 0.2140625
0 0.753125 0.096875 0.571875 0.096875 0.571875 0.2453125 0.753125 0.2453125 0.753125 0.096875
0 0.90625 0.7203125 0.859375 0.7203125 0.859375 1.0 0.90625 1.0 0.90625 0.7203125
0 0.8015625 0.909375 0.7265625 0.909375 0.7265625 1.0 0.8015625 1.0 0.8015625 0.909375
0 0.8765625 0.5125 0.7890625 0.5125 0.7890625 0.7046875 0.8765625 0.7046875 0.8765625 0.5125
0 0.403125 0.0015625 0.371875 0.0015625 0.371875 0.025 0.403125 0.025 0.403125 0.0015625
0 0.225 0.8375 0.0703125 0.8375 0.0703125 0.940625 0.225 0.940625 0.225 0.8375
0 0.1265625 0.8921875 0.0015625 0.8921875 0.0015625 0.9828125 0.1265625 0.9828125 0.1265625 0.8921875
0 0.271875 0.721875 0.1328125 0.721875 0.1328125 0.8484375 0.271875 0.8484375 0.271875 0.721875
0 0.11875 0.56875 0.021875 0.56875 0.021875 0.7140625 0.11875 0.7140625 0.11875 0.56875
0 0.3125 0.4625 0.11875 0.4625 0.11875 0.603125 0.3125 0.603125 0.3125 0.4625
0 1.0 0.4203125 0.86875 0.4203125 0.86875 0.4453125 1.0 0.4453125 1.0 0.4203125
0 1.0 0.075 0.8390625 0.075 0.8390625 0.2671875 1.0 0.2671875 1.0 0.075
0 0.228125 0.4953125 0.15625 0.4953125 0.15625 0.675 0.228125 0.675 0.228125 0.4953125
