0 0.8703125 0.9140625 0.765625 0.9140625 0.765625 1.0 0.8703125 1.0 0.8703125 0.9140625
0 0.7015625 0.2390625 0.55 0.2390625 0.55 0.3703125 0.7015625 0.3703125 0.7015625 0.2390625
0 0.2640625 0.3140625 0.1609375 0.3140625 0.1609375 0.3984375 0.2640625 0.3984375 0.2640625 0.3140625
0 0.2484375 0.234375 0.115625 0.234375 0.115625 0.3859375 0.2484375 0.3859375 0.2484375 0.234375
0 0.03125 0.196875 0.0015625 0.196875 0.0015625 0.2453125 0.03125 0.2453125 0.03125 0.196875
0 0.1421875 0.0671875 0.0015625 0.0671875 0.0015625 0.1875 0.1421875 0.1875 0.1421875 0.0671875
0 0.6921875 0.9046875 0.575 0.9046875 0.575 1.0 0.6921875 1.0 0.6921875 0.9046875
0 0.5578125 0.896875 0.475 0.896875 0.475 1.0 0.5578125 1.0 0.5578125 0.896875
0 1.0 0.875 0.95625 0.875 0.95625 1.0 1.0 1.0 1.0 0.875
0 1.0 0.7890625 0.9640625 0.7890625 0.9640625 0.878125 1.0 0.878125 1.0 0.7890625
0 0.640625 0.0015625 0.0015625 0.0015625 0.0015625 1.0 0.640625 1.0 0.640625 0.0015625
0 1.0 0.0015625 0.3703125 0.0015625 0.3703125 0.746875 1.0 0.746875 1.0 0.0015625
0 0.771875 0.7578125 0.4625 0.7578125 0.4625 1.0 0.771875 1.0 0.771875 0.7578125
0 0.8640625 0.69375 0.690625 0.69375 0.690625 0.928125 0.8640625 0.928125 0.8640625 0.69375
0 1.0 0.7421875 0.7921875 0.7421875 0.7921875 0.971875 1.0 0.971875 1.0 0.7421875
0 1.0 0.6046875 0.95625 0.6046875 0.95625 0.653125 1.0 0.653125 1.0 0.6046875
