0 0.66875 0.0015625 0.5 0.0015625 0.5 0.0328125 0.66875 0.0328125 0.66875 0.0015625
0 0.88125 0.0015625 0.771875 0.0015625 0.771875 0.0625 0.88125 0.0625 0.88125 0.0015625
0 1.0 0.0015625 0.6890625 0.0015625 0.6890625 0.1734375 1.0 0.1734375 1.0 0.0015625
0 0.8015625 0.0015625 0.6703125 0.0015625 0.6703125 0.0234375 0.8015625 0.0234375 0.8015625 0.0015625
0 1.0 0.234375 0.9859375 0.234375 0.9859375 0.3078125 1.0 0.3078125 1.0 0.234375
0 0.1140625 0.725 0.0203125 0.725 0.0203125 0.8328125 0.1140625 0.8328125 0.1140625 0.725
0 0.0765625 0.6921875 0.0015625 0.6921875 0.0015625 0.91875 0.0765625 0.91875 0.0765625 0.6921875
0 0.5890625 0.5796875 0.4171875 0.5796875 0.4171875 0.775 0.5890625 0.775 0.5890625 0.5796875
0 0.24375 0.0015625 0.08125 0.0015625 0.08125 0.1125 0.24375 0.1125 0.24375 0.0015625
0 0.2375 0.353125 0.0015625 0.353125 0.0015625 0.640625 0.2375 0.640625 0.2375 0.353125
0 0.0953125 0.0015625 0.0015625 0.0015625 0.0015625 0.2921875 0.0953125 0.2921875 0.0953125 0.0015625
0 0.3640625 0.9578125 0.1765625 0.9578125 0.1765625 1.0 0.3640625 1.0 0.3640625 0.9578125
0 0.40625 0.7875 0.2890625 0.7875 0.2890625 0.8890625 0.40625 0.8890625 0.40625 0.7875
0 0.2765625 0.48125 0.18125 0.48125 0.18125 0.571875 0.2765625 0.571875 0.2765625 0.48125
0 0.4765625 0.428125 0.3453125 0.428125 0.3453125 0.578125 0.4765625 0.578125 0.4765625 0.428125
0 0.684375 0.3171875 0.5546875 0.3171875 0.5546875 0.40625 0.684375 0.40625 0.684375 0.3171875
0 0.875 0.1984375 0.7609375 0.1984375 0.7609375 0.3109375 0.875 0.3109375 0.875 0.1984375
0 0.7109375 0.6265625 0.6125 0.6265625 0.6125 0.7921875 0.7109375 0.7921875 0.7109375 0.6265625
0 0.83125 0.5984375 0.6734375 0.5984375 0.6734375 0.7546875 0.83125 0.7546875 0.83125 0.5984375
0 0.26875 0.6203125 0.1734375 0.6203125 0.1734375 0.71875 0.26875 0.71875 0.26875 0.6203125
0 0.4625 0.4125 0.2515625 0.4125 0.2515625 0.615625 0.4625 0.615625 0.4625 0.4125
0 0.2328125 0.1203125 0.0609375 0.1203125 0.0609375 0.228125 0.2328125 0.228125 0.2328125 0.1203125
0 0.971875 0.2203125 0.8421875 0.2203125 0.8421875 0.371875 0.971875 0.371875 0.971875 0.2203125
0 1.0 0.0015625 0.7703125 0.0015625 0.7703125 0.1546875 1.0 0.1546875 1.0 0.0015625
0 1.0 0.3203125 0.859375 0.3203125 0.859375 0.4984375 1.0 0.4984375 1.0 0.3203125
0 0.3046875 0.76875 0.00625 0.76875 0.00625 1.0 0.3046875 1.0 0.3046875 0.76875
0 0.9 0.315625 0.4546875 0.315625 0.4546875 0.7890625 0.9 0.7890625 0.9 0.315625
0 0.2328125 0.5734375 0.0015625 0.5734375 0.0015625 0.6984375 0.2328125 0.6984375 0.2328125 0.5734375
0 0.2671875 0.3734375 0.0171875 0.3734375 0.0171875 0.5421875 0.2671875 0.5421875 0.2671875 0.3734375
0 0.29375 0.1359375 0.0203125 0.1359375 0.0203125 0.390625 0.29375 0.390625 0.29375 0.1359375
0 0.0640625 0.0015625 0.0015625 0.0015625 0.0015625 0.046875 0.0640625 0.046875 0.0640625 0.0015625
0 0.925 0.6171875 0.7859375 0.6171875 0.7859375 0.778125 0.925 0.778125 0.925 0.6171875
0 1.0 0.309375 0.9390625 0.309375 0.9390625 0.4546875 1.0 0.4546875 1.0 0.309375
0 0.9046875 0.8875 0.3640625 0.8875 0.3640625 1.0 0.9046875 1.0 0.9046875 0.8875
0 1.0 0.59375 0.40625 0.59375 0.40625 0.9984375 1.0 0.9984375 1.0 0.59375
0 0.803125 0.4890625 0.721875 0.4890625 0.721875 0.6953125 0.803125 0.6953125 0.803125 0.4890625
0 0.73125 0.0140625 0.578125 0.0140625 0.578125 0.11875 0.73125 0.11875 0.73125 0.0140625
0 0.4984375 0.0015625 0.4921875 0.0015625 0.4921875 0.0109375 0.4984375 0.0109375 0.4984375 0.0015625
0 0.83125 0.0015625 0.7984375 0.0015625 0.7984375 0.03125 0.83125 0.03125 0.83125 0.0015625
0 1.0 0.4796875 0.8765625 0.4796875 0.8765625 0.5890625 1.0 0.5890625 1.0 0.4796875
0 1.0 0.5078125 0.7546875 0.5078125 0.7546875 0.828125 1.0 0.828125 1.0 0.5078125
0 0.5 0.0015625 0.4515625 0.0015625 0.4515625 0.0796875 0.5 0.0796875 0.5 0.0015625
0 1.0 0.253125 0.96875 0.253125 0.96875 0.43125 1.0 0.43125 1.0 0.253125
0 0.20625 0.9171875 0.0015625 0.9171875 0.0015625 1.0 0.20625 1.0 0.20625 0.9171875
0 0.9484375 0.0015625 0.0765625 0.0015625 0.0765625 0.5953125 0.9484375 0.5953125 0.9484375 0.0015625
0 0.3328125 1.0 0.25 1.0 0.25 1.0 0.3328125 1.0 0.3328125 1.0
0 0.2453125 0.6125 0.0296875 0.6125 0.0296875 0.85 0.2453125 0.85 0.2453125 0.6125
0 0.084375 0.6171875 0.0015625 0.6171875 0.0015625 0.6625 0.084375 0.6625 0.084375 0.6171875
0 0.2296875 0.490625 0.0015625 0.490625 0.0015625 0.6203125 0.2296875 0.6203125 0.2296875 0.490625
0 0.1421875 0.153125 0.0015625 0.153125 0.0015625 0.3671875 0.1421875 0.3671875 0.1421875 0.153125
0 1.0 0.8609375 0.3078125 0.8609375 0.3078125 1.0 1.0 1.0 1.0 0.8609375
0 0.546875 0.7515625 0.3921875 0.7515625 0.3921875 0.8578125 0.546875 0.8578125 0.546875 0.7515625
0 0.4859375 0.546875 0.2421875 0.546875 0.2421875 0.8375 0.4859375 0.8375 0.4859375 0.546875
