0 0.1328125 0.3 0.0296875 0.3 0.0296875 0.4640625 0.1328125 0.4640625 0.1328125 0.3
0 0.075 0.259375 0.0015625 0.259375 0.0015625 0.371875 0.075 0.371875 0.075 0.259375
0 0.1484375 0.5125 0.0375 0.5125 0.0375 0.665625 0.1484375 0.665625 0.1484375 0.5125
0 0.0984375 0.5484375 0.0015625 0.5484375 0.0015625 0.6609375 0.0984375 0.6609375 0.0984375 0.5484375
0 0.409375 0.0015625 0.3890625 0.0015625 0.3890625 0.025 0.409375 0.025 0.409375 0.0015625
0 1.0 0.2265625 0.975 0.2265625 0.975 0.3234375 1.0 0.3234375 1.0 0.2265625
0 1.0 0.015625 0.909375 0.015625 0.909375 0.14375 1.0 0.14375 1.0 0.015625
0 0.1078125 0.9328125 0.0015625 0.9328125 0.0015625 1.0 0.1078125 1.0 0.1078125 0.9328125
0 0.1890625 0.3984375 0.0015625 0.3984375 0.0015625 0.546875 0.1890625 0.546875 0.1890625 0.3984375
0 0.228125 0.1484375 0.096875 0.1484375 0.096875 0.3875 0.228125 0.3875 0.228125 0.1484375
0 0.0890625 0.4671875 0.0015625 0.4671875 0.0015625 0.5734375 0.0890625 0.5734375 0.0890625 0.4671875
0 0.309375 0.0796875 0.21875 0.0796875 0.21875 0.228125 0.309375 0.228125 0.309375 0.0796875
0 0.26875 0.0015625 0.1953125 0.0015625 0.1953125 0.065625 0.26875 0.065625 0.26875 0.0015625
0 0.3203125 0.7609375 0.159375 0.7609375 0.159375 0.84375 0.3203125 0.84375 0.3203125 0.7609375
0 1.0 0.0875 0.95 0.0875 0.95 0.2375 1.0 0.2375 1.0 0.0875
0 0.5171875 0.3203125 0.4 0.3203125 0.4 0.4984375 0.5171875 0.4984375 0.5171875 0.3203125
0 0.321875 0.671875 0.2453125 0.671875 0.2453125 0.7984375 0.321875 0.7984375 0.321875 0.671875
0 0.165625 0.61875 0.0109375 0.61875 0.0109375 0.771875 0.165625 0.771875 0.165625 0.61875
0 0.4515625 0.4640625 0.296875 0.4640625 0.296875 0.6859375 0.4515625 0.6859375 0.4515625 0.4640625
0 0.234375 0.371875 0.0921875 0.371875 0.0921875 0.5609375 0.234375 0.5609375 0.234375 0.371875
0 0.3140625 0.428125 0.2046875 0.428125 0.2046875 0.6046875 0.3140625 0.6046875 0.3140625 0.428125
0 0.1421875 0.0015625 0.0546875 0.0015625 0.0546875 0.175 0.1421875 0.175 0.1421875 0.0015625
0 0.75625 0.1546875 0.6578125 0.1546875 0.6578125 0.321875 0.75625 0.321875 0.75625 0.1546875
0 0.0703125 0.3546875 0.0015625 0.3546875 0.0015625 0.4859375 0.0703125 0.4859375 0.0703125 0.3546875
0 0.234375 0.0015625 0.0828125 0.0015625 0.0828125 0.3203125 0.234375 0.3203125 0.234375 0.0015625
0 0.06875 0.9 0.0015625 0.9 0.0015625 1.0 0.06875 1.0 0.06875 0.9
0 0.1890625 0.9390625 0.0859375 0.9390625 0.0859375 1.0 0.1890625 1.0 0.1890625 0.9390625
0 0.3046875 0.8453125 0.215625 0.8453125 0.215625 0.984375 0.3046875 0.984375 0.3046875 0.8453125
0 0.1875 0.7421875 0.0953125 0.7421875 0.0953125 0.8671875 0.1875 0.8671875 0.1875 0.7421875
0 1.0 0.0015625 0.0015625 0.0015625 0.0015625 1.0 1.0 1.0 1.0 0.0015625
