0 0.70625 0.3859375 0.58125 0.3859375 0.58125 0.55 0.70625 0.55 0.70625 0.3859375
0 0.8359375 0.8078125 0.690625 0.8078125 0.690625 0.9359375 0.8359375 0.9359375 0.8359375 0.8078125
0 1.0 0.76875 0.98125 0.76875 0.98125 0.8328125 1.0 0.8328125 1.0 0.76875
0 0.840625 0.5546875 0.65 0.5546875 0.65 0.6453125 0.840625 0.6453125 0.840625 0.5546875
0 0.2796875 0.0015625 0.2296875 0.0015625 0.2296875 0.0265625 0.2796875 0.0265625 0.2796875 0.0015625
0 0.9609375 0.696875 0.6921875 0.696875 0.6921875 1.0 0.9609375 1.0 0.9609375 0.696875
0 1.0 0.31875 0.8640625 0.31875 0.8640625 0.6765625 1.0 0.6765625 1.0 0.31875
0 0.8390625 0.2859375 0.7671875 0.2859375 0.7671875 0.521875 0.8390625 0.521875 0.8390625 0.2859375
0 0.93125 0.0015625 0.7609375 0.0015625 0.7609375 0.125 0.93125 0.125 0.93125 0.0015625
0 1.0 0.234375 0.9359375 0.234375 0.9359375 0.375 1.0 0.375 1.0 0.234375
0 1.0 0.0015625 0.0015625 0.0015625 0.0015625 1.0 1.0 1.0 1.0 0.0015625
