0 0.9140625 0.6 0.809375 0.6 0.809375 0.765625 0.9140625 0.765625 0.9140625 0.6
0 0.83125 0.2171875 0.60625 0.2171875 0.60625 0.5 0.83125 0.5 0.83125 0.2171875
0 0.9203125 0.3 0.8421875 0.3 0.8421875 0.465625 0.9203125 0.465625 0.9203125 0.3
0 0.953125 0.834375 0.803125 0.834375 0.803125 1.0 0.953125 1.0 0.953125 0.834375
0 1.0 0.165625 0.9578125 0.165625 0.9578125 0.3046875 1.0 0.3046875 1.0 0.165625
0 0.83125 0.6046875 0.70625 0.6046875 0.70625 0.784375 0.83125 0.784375 0.83125 0.6046875
0 1.0 0.5984375 0.9390625 0.5984375 0.9390625 0.7265625 1.0 0.7265625 1.0 0.5984375
0 0.7484375 0.4453125 0.678125 0.4453125 0.678125 0.6328125 0.7484375 0.6328125 0.7484375 0.4453125
0 0.8671875 0.0921875 0.775 0.0921875 0.775 0.2828125 0.8671875 0.2828125 0.8671875 0.0921875
0 0.5984375 0.0671875 0.4703125 0.0671875 0.4703125 0.1828125 0.5984375 0.1828125 0.5984375 0.0671875
0 0.8359375 0.0015625 0.7109375 0.0015625 0.7109375 0.0421875 0.8359375 0.0421875 0.8359375 0.0015625
0 0.703125 0.0015625 0.65625 0.0015625 0.65625 0.034375 0.703125 0.034375 0.703125 0.0015625
0 1.0 0.2203125 0.9453125 0.2203125 0.9453125 0.428125 1.0 0.428125 1.0 0.2203125
0 1.0 0.08125 0.9859375 0.08125 0.9859375 0.16875 1.0 0.16875 1.0 0.08125
0 0.65625 0.0015625 0.359375 0.0015625 0.359375 0.209375 0.65625 0.209375 0.65625 0.0015625
0 0.9109375 0.75625 0.6890625 0.75625 0.6890625 1.0 0.9109375 1.0 0.9109375 0.75625
0 1.0 0.0015625 0.6453125 0.0015625 0.6453125 0.7828125 1.0 0.7828125 1.0 0.0015625
0 0.846875 0.671875 0.6953125 0.671875 0.6953125 0.7984375 0.846875 0.7984375 0.846875 0.671875
0 1.0 0.65 0.9984375 0.65 0.9984375 0.675 1.0 0.675 1.0 0.65
