0 0.065625 0.4109375 0.0015625 0.4109375 0.0015625 0.6875 0.065625 0.6875 0.065625 0.4109375
0 0.040625 0.9953125 0.025 0.9953125 0.025 1.0 0.040625 1.0 0.040625 0.9953125
0 0.571875 0.709375 0.403125 0.709375 0.403125 1.0 0.571875 1.0 0.571875 0.709375
0 0.4125 0.325 0.0015625 0.325 0.0015625 0.8421875 0.4125 0.8421875 0.4125 0.325
0 0.4359375 0.4578125 0.3453125 0.4578125 0.3453125 0.6453125 0.4359375 0.6453125 0.4359375 0.4578125
0 0.1671875 0.225 0.0015625 0.225 0.0015625 0.2890625 0.1671875 0.2890625 0.1671875 0.225
0 0.946875 0.9984375 0.9453125 0.9984375 0.9453125 1.0 0.946875 1.0 0.946875 0.9984375
0 0.94375 0.9546875 0.8203125 0.9546875 0.8203125 1.0 0.94375 1.0 0.94375 0.9546875
0 0.8609375 0.7671875 0.7671875 0.7671875 0.7671875 0.9734375 0.8609375 0.9734375 0.8609375 0.7671875
0 0.7328125 0.6265625 0.5796875 0.6265625 0.5796875 0.7625 0.7328125 0.7625 0.7328125 0.6265625
0 0.5734375 0.0015625 0.4 0.0015625 0.4 0.33125 0.5734375 0.33125 0.5734375 0.0015625
0 0.0703125 0.371875 0.0015625 0.371875 0.0015625 0.5109375 0.0703125 0.5109375 0.0703125 0.371875
0 0.2453125 0.2328125 0.0015625 0.2328125 0.0015625 0.3484375 0.2453125 0.3484375 0.2453125 0.2328125
0 0.3453125 0.2734375 0.10625 0.2734375 0.10625 0.534375 0.3453125 0.534375 0.3453125 0.2734375
0 0.0015625 0.8265625 0.0015625 0.8265625 0.0015625 0.8359375 0.0015625 0.8359375 0.0015625 0.8265625
0 0.0078125 0.6984375 0.0015625 0.6984375 0.0015625 0.73125 0.0078125 0.73125 0.0078125 0.6984375
0 0.00625 0.5578125 0.0015625 0.5578125 0.0015625 0.59375 0.00625 0.59375 0.00625 0.5578125
0 0.16875 0.1359375 0.0015625 0.1359375 0.0015625 0.2453125 0.16875 0.2453125 0.16875 0.1359375
0 0.3953125 0.8890625 0.3359375 0.8890625 0.3359375 1.0 0.3953125 1.0 0.3953125 0.8890625
0 0.5328125 0.753125 0.3734375 0.753125 0.3734375 1.0 0.5328125 1.0 0.5328125 0.753125
0 0.296875 0.7359375 0.184375 0.7359375 0.184375 0.9109375 0.296875 0.9109375 0.296875 0.7359375
0 0.484375 0.3015625 0.1984375 0.3015625 0.1984375 0.7203125 0.484375 0.7203125 0.484375 0.3015625
0 0.1171875 0.4640625 0.0390625 0.4640625 0.0390625 0.659375 0.1171875 0.659375 0.1171875 0.4640625
0 0.3 0.253125 0.08125 0.253125 0.08125 0.3765625 0.3 0.3765625 0.3 0.253125
0 0.684375 0.0265625 0.3546875 0.0265625 0.3546875 0.6453125 0.684375 0.6453125 0.684375 0.0265625
0 0.4203125 0.0015625 0.1609375 0.0015625 0.1609375 0.196875 0.4203125 0.196875 0.4203125 0.0015625
0 1.0 0.6140625 0.503125 0.6140625 0.503125 1.0 1.0 1.0 1.0 0.6140625
0 0.6296875 0.690625 0.478125 0.690625 0.478125 1.0 0.6296875 1.0 0.6296875 0.690625
0 0.8046875 0.0015625 0.6921875 0.0015625 0.6921875 0.1015625 0.8046875 0.1015625 0.8046875 0.0015625
0 0.5875 0.0015625 0.475 0.0015625 0.475 0.071875 0.5875 0.071875 0.5875 0.0015625
0 0.8703125 0.0015625 0.5890625 0.0015625 0.5890625 0.190625 0.8703125 0.190625 0.8703125 0.0015625
0 0.9140625 0.153125 0.0015625 0.153125 0.0015625 1.0 0.9140625 1.0 0.9140625 0.153125
0 0.0046875 0.5109375 0.0015625 0.5109375 0.0015625 0.5578125 0.0046875 0.5578125 0.0046875 0.5109375
0 0.2625 0.3171875 0.184375 0.3171875 0.184375 0.446875 0.2625 0.446875 0.2625 0.3171875
0 0.16875 0.0015625 0.0015625 0.0015625 0.0015625 0.1640625 0.16875 0.1640625 0.16875 0.0015625
0 0.659375 0.1984375 0.5234375 0.1984375 0.5234375 0.328125 0.659375 0.328125 0.659375 0.1984375
0 0.4484375 0.0390625 0.325 0.0390625 0.325 0.2953125 0.4484375 0.2953125 0.4484375 0.0390625
0 1.0 0.83125 0.9125 0.83125 0.9125 0.971875 1.0 0.971875 1.0 0.83125
