0 0.75625 0.9875 0.734375 0.9875 0.734375 1.0 0.75625 1.0 0.75625 0.9875
0 1.0 0.890625 0.9703125 0.890625 0.9703125 1.0 1.0 1.0 1.0 0.890625
0 1.0 0.8203125 0.9359375 0.8203125 0.9359375 0.8578125 1.0 0.8578125 1.0 0.8203125
0 0.834375 0.6859375 0.7359375 0.6859375 0.7359375 0.8171875 0.834375 0.8171875 0.834375 0.6859375
0 0.6875 0.653125 0.559375 0.653125 0.559375 0.759375 0.6875 0.759375 0.6875 0.653125
0 0.8734375 0.4828125 0.803125 0.4828125 0.803125 0.7140625 0.8734375 0.7140625 0.8734375 0.4828125
0 0.58125 0.0484375 0.38125 0.0484375 0.38125 0.175 0.58125 0.175 0.58125 0.0484375
0 0.81875 0.0015625 0.75625 0.0015625 0.75625 0.1640625 0.81875 0.1640625 0.81875 0.0015625
0 0.8046875 0.0546875 0.6328125 0.0546875 0.6328125 0.1953125 0.8046875 0.1953125 0.8046875 0.0546875
0 0.1078125 0.396875 0.0015625 0.396875 0.0015625 0.5734375 0.1078125 0.5734375 0.1078125 0.396875
0 0.740625 0.6609375 0.2546875 0.6609375 0.2546875 1.0 0.740625 1.0 0.740625 0.6609375
0 1.0 0.309375 0.8859375 0.309375 0.8859375 0.8328125 1.0 0.8328125 1.0 0.309375
0 0.6734375 0.6859375 0.471875 0.6859375 0.471875 0.853125 0.6734375 0.853125 0.6734375 0.6859375
0 0.6703125 0.4015625 0.409375 0.4015625 0.409375 0.68125 0.6703125 0.68125 0.6703125 0.4015625
0 0.30625 0.3125 0.125 0.3125 0.125 0.459375 0.30625 0.459375 0.30625 0.3125
0 0.528125 0.025 0.346875 0.025 0.346875 0.2140625 0.528125 0.2140625 0.528125 0.025
0 0.2109375 0.23125 0.0453125 0.23125 0.0453125 0.4515625 0.2109375 0.4515625 0.2109375 0.23125
0 0.30625 0.1234375 0.2484375 0.1234375 0.2484375 0.365625 0.30625 0.365625 0.30625 0.1234375
0 0.471875 0.0015625 0.365625 0.0015625 0.365625 0.0609375 0.471875 0.0609375 0.471875 0.0015625
0 0.7046875 0.9984375 0.6984375 0.9984375 0.6984375 1.0 0.7046875 1.0 0.7046875 0.9984375
0 1.0 0.85 0.9421875 0.85 0.9421875 1.0 1.0 1.0 1.0 0.85
0 1.0 0.0390625 0.84375 0.0390625 0.84375 0.8234375 1.0 0.8234375 1.0 0.0390625
0 0.6921875 0.5125 0.5859375 0.5125 0.5859375 0.671875 0.6921875 0.671875 0.6921875 0.5125
0 0.6765625 0.2765625 0.4328125 0.2765625 0.4328125 0.5296875 0.6765625 0.5296875 0.6765625 0.2765625
0 0.815625 0.2328125 0.690625 0.2328125 0.690625 0.4734375 0.815625 0.4734375 0.815625 0.2328125
0 0.6921875 0.0015625 0.5609375 0.0015625 0.5609375 0.209375 0.6921875 0.209375 0.6921875 0.0015625
0 0.546875 0.078125 0.375 0.078125 0.375 0.2328125 0.546875 0.2328125 0.546875 0.078125
0 1.0 0.0015625 0.0015625 0.0015625 0.0015625 1.0 1.0 1.0 1.0 0.0015625
0 0.4453125 0.7640625 0.3453125 0.7640625 0.3453125 0.8453125 0.4453125 0.8453125 0.4453125 0.7640625
0 0.64375 0.8953125 0.53125 0.8953125 0.53125 1.0 0.64375 1.0 0.64375 0.8953125
0 1.0 0.3203125 0.9 0.3203125 0.9 0.784375 1.0 0.784375 1.0 0.3203125
0 0.846875 0.5625 0.74375 0.5625 0.74375 0.721875 0.846875 0.721875 0.846875 0.5625
0 0.7578125 0.38125 0.640625 0.38125 0.640625 0.5703125 0.7578125 0.5703125 0.7578125 0.38125
0 0.828125 0.2140625 0.69375 0.2140625 0.69375 0.465625 0.828125 0.465625 0.828125 0.2140625
0 1.0 0.228125 0.95625 0.228125 0.95625 0.3078125 1.0 0.3078125 1.0 0.228125
