0 0.8515625 0.6859375 0.6703125 0.6859375 0.6703125 0.7859375 0.8515625 0.7859375 0.8515625 0.6859375
0 0.303125 0.8296875 0.20625 0.8296875 0.20625 0.94375 0.303125 0.94375 0.303125 0.8296875
0 0.1515625 0.8953125 0.05625 0.8953125 0.05625 1.0 0.1515625 1.0 0.1515625 0.8953125
0 0.725 0.1 0.56875 0.1 0.56875 0.2 0.725 0.2 0.725 0.1
0 1.0 0.009375 0.8953125 0.009375 0.8953125 0.2921875 1.0 0.2921875 1.0 0.009375
0 0.275 0.984375 0.2328125 0.984375 0.2328125 1.0 0.275 1.0 0.275 0.984375
0 1.0 0.09375 1.0 0.09375 1.0 0.096875 1.0 0.096875 1.0 0.09375
0 0.075 0.6125 0.0015625 0.6125 0.0015625 0.7421875 0.075 0.7421875 0.075 0.6125
0 0.14375 0.2109375 0.0015625 0.2109375 0.0015625 0.421875 0.14375 0.421875 0.14375 0.2109375
0 0.1109375 0.1125 0.0015625 0.1125 0.0015625 0.371875 0.1109375 0.371875 0.1109375 0.1125
0 1.0 0.0015625 0.9546875 0.0015625 0.9546875 0.0640625 1.0 0.0640625 1.0 0.0015625
0 0.2375 0.9625 0.1546875 0.9625 0.1546875 1.0 0.2375 1.0 0.2375 0.9625
0 0.3671875 0.9015625 0.2734375 0.9015625 0.2734375 1.0 0.3671875 1.0 0.3671875 0.9015625
0 0.075 0.496875 0.0015625 0.496875 0.0015625 0.565625 0.075 0.565625 0.075 0.496875
0 0.1875 0.728125 0.025 0.728125 0.025 0.85625 0.1875 0.85625 0.1875 0.728125
0 0.58125 0.4859375 0.35625 0.4859375 0.35625 0.765625 0.58125 0.765625 0.58125 0.4859375
0 0.521875 0.1203125 0.446875 0.1203125 0.446875 0.290625 0.521875 0.290625 0.521875 0.1203125
0 0.978125 0.778125 0.7828125 0.778125 0.7828125 0.934375 0.978125 0.934375 0.978125 0.778125
0 0.4859375 0.0890625 0.3828125 0.0890625 0.3828125 0.315625 0.4859375 0.315625 0.4859375 0.0890625
0 0.3375 0.7265625 0.2515625 0.7265625 0.2515625 0.9359375 0.3375 0.9359375 0.3375 0.7265625
0 0.0265625 0.259375 0.0015625 0.259375 0.0015625 0.3546875 0.0265625 0.3546875 0.0265625 0.259375
0 0.4046875 0.146875 0.3265625 0.146875 0.3265625 0.33125 0.4046875 0.33125 0.4046875 0.146875
0 0.1140625 0.7984375 0.0015625 0.7984375 0.0015625 0.94375 0.1140625 0.94375 0.1140625 0.7984375
0 0.56875 0.6609375 0.325 0.6609375 0.325 1.0 0.56875 1.0 0.56875 0.6609375
0 0.7703125 0.728125 0.5203125 0.728125 0.5203125 1.0 0.7703125 1.0 0.7703125 0.728125
0 0.2578125 0.4578125 0.021875 0.4578125 0.021875 0.8078125 0.2578125 0.8078125 0.2578125 0.4578125
0 0.859375 0.346875 0.54375 0.346875 0.54375 0.55 0.859375 0.55 0.859375 0.346875
0 1.0 0.7640625 0.928125 0.7640625 0.928125 1.0 1.0 1.0 1.0 0.7640625
0 0.8296875 0.7796875 0.6984375 0.7796875 0.6984375 0.9140625 0.8296875 0.9140625 0.8296875 0.7796875
0 0.8046875 0.603125 0.73125 0.603125 0.73125 0.7140625 0.8046875 0.7140625 0.8046875 0.603125
0 0.7375 0.5984375 0.6234375 0.5984375 0.6234375 0.6921875 0.7375 0.6921875 0.7375 0.5984375
0 1.0 0.475 0.84375 0.475 0.84375 0.703125 1.0 0.703125 1.0 0.475
0 1.0 0.221875 0.9234375 0.221875 0.9234375 0.4265625 1.0 0.4265625 1.0 0.221875
0 0.9890625 0.0015625 0.6328125 0.0015625 0.6328125 0.4 0.9890625 0.4 0.9890625 0.0015625
0 0.915625 0.3859375 0.7859375 0.3859375 0.7859375 0.525 0.915625 0.525 0.915625 0.3859375
0 0.8140625 0.709375 0.6046875 0.709375 0.6046875 1.0 0.8140625 1.0 0.8140625 0.709375
0 0.153125 0.971875 0.071875 0.971875 0.071875 1.0 0.153125 1.0 0.153125 0.971875
0 0.190625 0.8578125 0.1078125 0.8578125 0.1078125 0.971875 0.190625 0.971875 0.190625 0.8578125
0 0.71875 0.9453125 0.6140625 0.9453125 0.6140625 1.0 0.71875 1.0 0.71875 0.9453125
0 0.6578125 0.4671875 0.5140625 0.4671875 0.5140625 0.6625 0.6578125 0.6625 0.6578125 0.4671875
0 1.0 0.75 0.8390625 0.75 0.8390625 0.91875 1.0 0.91875 1.0 0.75
0 0.6484375 0.01875 0.503125 0.01875 0.503125 0.253125 0.6484375 0.253125 0.6484375 0.01875
0 0.45 0.0015625 0.3078125 0.0015625 0.3078125 0.15 0.45 0.15 0.45 0.0015625
0 0.134375 0.4390625 0.0015625 0.4390625 0.0015625 0.5078125 0.134375 0.5078125 0.134375 0.4390625
0 0.421875 0.80625 0.30625 0.80625 0.30625 1.0 0.421875 1.0 0.421875 0.80625
0 0.5765625 0.8375 0.175 0.8375 0.175 1.0 0.5765625 1.0 0.5765625 0.8375
0 0.85625 0.9984375 0.8453125 0.9984375 0.8453125 1.0 0.85625 1.0 0.85625 0.9984375
0 0.7734375 0.234375 0.44375 0.234375 0.44375 0.7421875 0.7734375 0.7421875 0.7734375 0.234375
0 1.0 0.096875 0.91875 0.096875 0.91875 0.275 1.0 0.275 1.0 0.096875
0 0.3953125 0.634375 0.2328125 0.634375 0.2328125 0.878125 0.3953125 0.878125 0.3953125 0.634375
0 0.3109375 0.434375 0.20625 0.434375 0.20625 0.571875 0.3109375 0.571875 0.3109375 0.434375
0 0.43125 0.0265625 0.309375 0.0265625 0.309375 0.26875 0.43125 0.26875 0.43125 0.0265625
0 0.29375 0.7 0.18125 0.7 0.18125 0.83125 0.29375 0.83125 0.29375 0.7
0 0.46875 0.3078125 0.3421875 0.3078125 0.3421875 0.4578125 0.46875 0.4578125 0.46875 0.3078125
0 0.5046875 0.0203125 0.421875 0.0203125 0.421875 0.1546875 0.5046875 0.1546875 0.5046875 0.0203125
0 0.865625 0.9765625 0.7953125 0.9765625 0.7953125 1.0 0.865625 1.0 0.865625 0.9765625
0 0.0796875 0.859375 0.0015625 0.859375 0.0015625 1.0 0.0796875 1.0 0.0796875 0.859375
0 0.340625 0.0015625 0.0015625 0.0015625 0.0015625 0.3984375 0.340625 0.3984375 0.340625 0.0015625
0 0.6078125 0.765625 0.5125 0.765625 0.5125 0.971875 0.6078125 0.971875 0.6078125 0.765625
0 0.103125 0.0015625 0.0546875 0.0015625 0.0546875 0.0953125 0.103125 0.0953125 0.103125 0.0015625
0 0.065625 0.0015625 0.0015625 0.0015625 0.0015625 0.16875 0.065625 0.16875 0.065625 0.0015625
0 0.3765625 0.51875 0.2953125 0.51875 0.2953125 0.678125 0.3765625 0.678125 0.3765625 0.51875
0 0.5609375 0.1484375 0.2 0.1484375 0.2 0.6875 0.5609375 0.6875 0.5609375 0.1484375
0 0.2390625 0.0015625 0.0828125 0.0015625 0.0828125 0.1140625 0.2390625 0.1140625 0.2390625 0.0015625
0 0.8203125 0.0015625 0.278125 0.0015625 0.278125 0.1125 0.8203125 0.1125 0.8203125 0.0015625
0 0.6765625 0.9609375 0.609375 0.9609375 0.609375 1.0 0.6765625 1.0 0.6765625 0.9609375
0 0.56875 0.665625 0.4015625 0.665625 0.4015625 0.8625 0.56875 0.8625 0.56875 0.665625
0 0.940625 0.896875 0.8 0.896875 0.8 0.9890625 0.940625 0.9890625 0.940625 0.896875
0 1.0 0.271875 0.79375 0.271875 0.79375 0.540625 1.0 0.540625 1.0 0.271875
0 0.0890625 0.7375 0.0015625 0.7375 0.0015625 0.88125 0.0890625 0.88125 0.0890625 0.7375
