0 0.0546875 0.5046875 0.0015625 0.5046875 0.0015625 0.646875 0.0546875 0.646875 0.0546875 0.5046875
0 0.1609375 0.78125 0.0875 0.78125 0.0875 1.0 0.1609375 1.0 0.1609375 0.78125
0 0.0515625 0.909375 0.0015625 0.909375 0.0015625 0.98125 0.0515625 0.98125 0.0515625 0.909375
0 0.084375 0.35 0.0015625 0.35 0.0015625 0.4859375 0.084375 0.4859375 0.084375 0.35
0 0.4828125 0.5859375 0.3953125 0.5859375 0.3953125 0.6984375 0.4828125 0.6984375 0.4828125 0.5859375
0 0.9359375 0.0015625 0.89375 0.0015625 0.89375 0.0578125 0.9359375 0.0578125 0.9359375 0.0015625
0 0.05625 0.971875 0.0015625 0.971875 0.0015625 1.0 0.05625 1.0 0.05625 0.971875
0 0.1296875 0.4375 0.0015625 0.4375 0.0015625 0.921875 0.1296875 0.921875 0.1296875 0.4375
0 0.571875 0.4796875 0.40625 0.4796875 0.40625 0.6171875 0.571875 0.6171875 0.571875 0.4796875
0 1.0 0.790625 0.9703125 0.790625 0.9703125 0.9203125 1.0 0.9203125 1.0 0.790625
0 0.984375 0.66875 0.8828125 0.66875 0.8828125 0.809375 0.984375 0.809375 0.984375 0.66875
0 0.0796875 0.965625 0.034375 0.965625 0.034375 1.0 0.0796875 1.0 0.0796875 0.965625
0 0.45625 0.0625 0.3203125 0.0625 0.3203125 0.321875 0.45625 0.321875 0.45625 0.0625
0 0.021875 0.0296875 0.0015625 0.0296875 0.0015625 0.1140625 0.021875 0.1140625 0.021875 0.0296875
0 0.4046875 0.0015625 0.2890625 0.0015625 0.2890625 0.2390625 0.4046875 0.2390625 0.4046875 0.0015625
0 0.3234375 0.0015625 0.290625 0.0015625 0.290625 0.0515625 0.3234375 0.0515625 0.3234375 0.0015625
0 0.4625 0.925 0.3453125 0.925 0.3453125 1.0 0.4625 1.0 0.4625 0.925
0 0.3203125 0.91875 0.2171875 0.91875 0.2171875 1.0 0.3203125 1.0 0.3203125 0.91875
0 0.115625 0.4515625 0.0015625 0.4515625 0.0015625 1.0 0.115625 1.0 0.115625 0.4515625
0 0.6640625 0.5890625 0.396875 0.5890625 0.396875 0.8296875 0.6640625 0.8296875 0.6640625 0.5890625
0 0.2140625 0.596875 0.1046875 0.596875 0.1046875 0.8296875 0.2140625 0.8296875 0.2140625 0.596875
0 0.115625 0.509375 0.009375 0.509375 0.009375 0.6921875 0.115625 0.6921875 0.115625 0.509375
0 0.23125 0.48125 0.1328125 0.48125 0.1328125 0.571875 0.23125 0.571875 0.23125 0.48125
0 0.903125 0.9 0.6921875 0.9 0.6921875 1.0 0.903125 1.0 0.903125 0.9
0 1.0 0.6328125 0.7453125 0.6328125 0.7453125 0.853125 1.0 0.853125 1.0 0.6328125
0 0.3265625 0.340625 0.1296875 0.340625 0.1296875 0.465625 0.3265625 0.465625 0.3265625 0.340625
0 0.4890625 0.0015625 0.2765625 0.0015625 0.2765625 0.425 0.4890625 0.425 0.4890625 0.0015625
0 0.2125 0.1171875 0.05 0.1171875 0.05 0.225 0.2125 0.225 0.2125 0.1171875
0 0.7875 0.0328125 0.5875 0.0328125 0.5875 0.1796875 0.7875 0.1796875 0.7875 0.0328125
0 0.2234375 0.0015625 0.125 0.0015625 0.125 0.09375 0.2234375 0.09375 0.2234375 0.0015625
0 0.0046875 0.05625 0.0015625 0.05625 0.0015625 0.08125 0.0046875 0.08125 0.0046875 0.05625
0 0.2359375 0.6203125 0.1546875 0.6203125 0.1546875 0.734375 0.2359375 0.734375 0.2359375 0.6203125
0 0.9609375 0.065625 0.8625 0.065625 0.8625 0.2375 0.9609375 0.2375 0.9609375 0.065625
0 1.0 0.1 0.984375 0.1 0.984375 0.1234375 1.0 0.1234375 1.0 0.1
0 0.3125 0.0890625 0.0015625 0.0890625 0.0015625 0.3796875 0.3125 0.3796875 0.3125 0.0890625
0 0.2140625 0.0015625 0.0015625 0.0015625 0.0015625 0.153125 0.2140625 0.153125 0.2140625 0.0015625
0 0.26875 0.4765625 0.215625 0.4765625 0.215625 0.6375 0.26875 0.6375 0.26875 0.4765625
0 0.425 0.4265625 0.2640625 0.4265625 0.2640625 0.5203125 0.425 0.5203125 0.425 0.4265625
0 0.203125 0.346875 0.1015625 0.346875 0.1015625 0.4796875 0.203125 0.4796875 0.203125 0.346875
0 0.6890625 0.06875 0.484375 0.06875 0.484375 0.275 0.6890625 0.275 0.6890625 0.06875
0 0.8375 0.0015625 0.7046875 0.0015625 0.7046875 0.1359375 0.8375 0.1359375 0.8375 0.0015625
0 0.9546875 0.1421875 0.8421875 0.1421875 0.8421875 0.33125 0.9546875 0.33125 0.9546875 0.1421875
0 1.0 0.11875 0.9828125 0.11875 0.9828125 0.2109375 1.0 0.2109375 1.0 0.11875
0 0.2484375 0.0015625 0.1921875 0.0015625 0.1921875 0.18125 0.2484375 0.18125 0.2484375 0.0015625
0 0.0140625 0.315625 0.0015625 0.315625 0.0015625 0.3578125 0.0140625 0.3578125 0.0140625 0.315625
0 0.6078125 0.4609375 0.046875 0.4609375 0.046875 1.0 0.6078125 1.0 0.6078125 0.4609375
0 0.553125 0.0015625 0.225 0.0015625 0.225 0.453125 0.553125 0.453125 0.553125 0.0015625
0 1.0 0.74375 0.728125 0.74375 0.728125 1.0 1.0 1.0 1.0 0.74375
0 0.703125 0.7109375 0.5265625 0.7109375 0.5265625 1.0 0.703125 1.0 0.703125 0.7109375
0 1.0 0.003125 0.521875 0.003125 0.521875 0.74375 1.0 0.74375 1.0 0.003125
0 0.8109375 0.18125 0.6890625 0.18125 0.6890625 0.3015625 0.8109375 0.3015625 0.8109375 0.18125
0 1.0 0.640625 0.9859375 0.640625 0.9859375 0.7046875 1.0 0.7046875 1.0 0.640625
0 0.9328125 0.39375 0.6875 0.39375 0.6875 0.546875 0.9328125 0.546875 0.9328125 0.39375
