0 0.0515625 0.928125 0.0015625 0.928125 0.0015625 1.0 0.0515625 1.0 0.0515625 0.928125
0 0.11875 0.8765625 0.059375 0.8765625 0.059375 1.0 0.11875 1.0 0.11875 0.8765625
0 0.3890625 0.715625 0.309375 0.715625 0.309375 0.9046875 0.3890625 0.9046875 0.3890625 0.715625
0 0.078125 0.659375 0.0015625 0.659375 0.0015625 0.8015625 0.078125 0.8015625 0.078125 0.659375
0 0.3921875 0.790625 0.1546875 0.790625 0.1546875 0.9609375 0.3921875 0.9609375 0.3921875 0.790625
0 0.3328125 0.6421875 0.0984375 0.6421875 0.0984375 0.8078125 0.3328125 0.8078125 0.3328125 0.6421875
0 0.2484375 0.434375 0.0671875 0.434375 0.0671875 0.7140625 0.2484375 0.7140625 0.2484375 0.434375
0 0.2625 0.0015625 0.078125 0.0015625 0.078125 0.225 0.2625 0.225 0.2625 0.0015625
0 0.1625 0.0015625 0.046875 0.0015625 0.046875 0.0328125 0.1625 0.0328125 0.1625 0.0015625
0 0.3921875 0.8734375 0.259375 0.8734375 0.259375 1.0 0.3921875 1.0 0.3921875 0.8734375
0 0.6734375 0.8890625 0.4140625 0.8890625 0.4140625 1.0 0.6734375 1.0 0.6734375 0.8890625
0 0.0984375 0.7734375 0.0015625 0.7734375 0.0015625 0.9234375 0.0984375 0.9234375 0.0984375 0.7734375
0 0.3203125 0.4953125 0.1359375 0.4953125 0.1359375 0.7203125 0.3203125 0.7203125 0.3203125 0.4953125
0 0.1390625 0.4046875 0.00625 0.4046875 0.00625 0.509375 0.1390625 0.509375 0.1390625 0.4046875
0 0.2484375 0.0625 0.115625 0.0625 0.115625 0.246875 0.2484375 0.246875 0.2484375 0.0625
0 0.05625 0.0015625 0.0015625 0.0015625 0.0015625 0.121875 0.05625 0.121875 0.05625 0.0015625
0 0.3 0.803125 0.090625 0.803125 0.090625 1.0 0.3 1.0 0.3 0.803125
0 0.3125 0.615625 0.2140625 0.615625 0.2140625 0.7046875 0.3125 0.7046875 0.3125 0.615625
0 0.0578125 0.603125 0.0015625 0.603125 0.0015625 0.66875 0.0578125 0.66875 0.0578125 0.603125
0 0.3296875 0.709375 0.1796875 0.709375 0.1796875 0.871875 0.3296875 0.871875 0.3296875 0.709375
0 0.26875 0.6546875 0.090625 0.6546875 0.090625 0.7859375 0.26875 0.7859375 0.26875 0.6546875
0 0.146875 0.4015625 0.0015625 0.4015625 0.0015625 0.8453125 0.146875 0.8453125 0.146875 0.4015625
0 0.13125 0.1328125 0.0296875 0.1328125 0.0296875 0.2359375 0.13125 0.2359375 0.13125 0.1328125
0 0.6234375 0.5984375 0.3140625 0.5984375 0.3140625 1.0 0.6234375 1.0 0.6234375 0.5984375
0 1.0 0.0015625 0.73125 0.0015625 0.73125 0.2234375 1.0 0.2234375 1.0 0.0015625
