0 0.14375 0.375 0.0015625 0.375 0.0015625 0.54375 0.14375 0.54375 0.14375 0.375
0 0.503125 0.7234375 0.171875 0.7234375 0.171875 1.0 0.503125 1.0 0.503125 0.7234375
0 0.0265625 0.4625 0.0015625 0.4625 0.0015625 0.5984375 0.0265625 0.5984375 0.0265625 0.4625
0 0.1046875 0.4375 0.0296875 0.4375 0.0296875 0.55625 0.1046875 0.55625 0.1046875 0.4375
0 0.7375 0.3578125 0.2578125 0.3578125 0.2578125 1.0 0.7375 1.0 0.7375 0.3578125
0 0.3484375 0.684375 0.121875 0.684375 0.121875 0.925 0.3484375 0.925 0.3484375 0.684375
0 0.5109375 0.3671875 0.321875 0.3671875 0.321875 0.5484375 0.5109375 0.5484375 0.5109375 0.3671875
0 1.0 0.0015625 0.74375 0.0015625 0.74375 0.24375 1.0 0.24375 1.0 0.0015625
0 0.178125 0.5359375 0.0296875 0.5359375 0.0296875 0.9203125 0.178125 0.9203125 0.178125 0.5359375
0 0.7859375 0.0015625 0.7140625 0.0015625 0.7140625 0.075 0.7859375 0.075 0.7859375 0.0015625
