0 0.0875 0.9703125 0.05625 0.9703125 0.05625 1.0 0.0875 1.0 0.0875 0.9703125
0 0.8015625 0.0015625 0.56875 0.0015625 0.56875 0.0890625 0.8015625 0.0890625 0.8015625 0.0015625
0 0.18125 0.8421875 0.0015625 0.8421875 0.0015625 1.0 0.18125 1.0 0.18125 0.8421875
0 0.159375 0.671875 0.0015625 0.671875 0.0015625 0.9375 0.159375 0.9375 0.159375 0.671875
0 0.184375 0.0015625 0.0015625 0.0015625 0.0015625 0.2078125 0.184375 0.2078125 0.184375 0.0015625
0 0.1875 0.7984375 0.1109375 0.7984375 0.1109375 0.996875 0.1875 0.996875 0.1875 0.7984375
0 0.6015625 0.0015625 0.5125 0.0015625 0.5125 0.0703125 0.6015625 0.0703125 0.6015625 0.0015625
0 0.9 0.0015625 0.803125 0.0015625 0.803125 0.028125 0.9 0.028125 0.9 0.0015625
0 0.2046875 0.0015625 0.075 0.0015625 0.075 0.1078125 0.2046875 0.1078125 0.2046875 0.0015625
0 0.01875 0.0015625 0.0015625 0.0015625 0.0015625 0.0234375 0.01875 0.0234375 0.01875 0.0015625
0 0.1875 0.74375 0.0015625 0.74375 0.0015625 0.978125 0.1875 0.978125 0.1875 0.74375
0 0.1171875 0.7 0.0109375 0.7 0.0109375 0.8359375 0.1171875 0.8359375 0.1171875 0.7
0 0.078125 0.0359375 0.0125 0.0359375 0.0125 0.1828125 0.078125 0.1828125 0.078125 0.0359375
0 0.7484375 0.0015625 0.6125 0.0015625 0.6125 0.0578125 0.7484375 0.0578125 0.7484375 0.0015625
