0 0.7109375 0.0015625 0.6328125 0.0015625 0.6328125 0.1109375 0.7109375 0.1109375 0.7109375 0.0015625
0 0.421875 0.3578125 0.2015625 0.3578125 0.2015625 0.7 0.421875 0.7 0.421875 0.3578125
0 0.196875 0.3203125 0.1390625 0.3203125 0.1390625 0.509375 0.196875 0.509375 0.196875 0.3203125
0 0.7609375 0.7765625 0.628125 0.7765625 0.628125 0.9375 0.7609375 0.9375 0.7609375 0.7765625
0 0.5609375 0.21875 0.45625 0.21875 0.45625 0.375 0.5609375 0.375 0.5609375 0.21875
0 0.6765625 0.1609375 0.5765625 0.1609375 0.5765625 0.3546875 0.6765625 0.3546875 0.6765625 0.1609375
0 0.675 0.7859375 0.51875 0.7859375 0.51875 1.0 0.675 1.0 0.675 0.7859375
0 0.5515625 0.7296875 0.490625 0.7296875 0.490625 0.9625 0.5515625 0.9625 0.5515625 0.7296875
0 0.4359375 0.46875 0.2890625 0.46875 0.2890625 0.8078125 0.4359375 0.8078125 0.4359375 0.46875
0 0.6859375 0.334375 0.45625 0.334375 0.45625 0.740625 0.6859375 0.740625 0.6859375 0.334375
0 0.5265625 0.5578125 0.4484375 0.5578125 0.4484375 0.678125 0.5265625 0.678125 0.5265625 0.5578125
0 0.45 0.2 0.365625 0.2 0.365625 0.4421875 0.45 0.4421875 0.45 0.2
0 0.1796875 0.15 0.01875 0.15 0.01875 0.3640625 0.1796875 0.3640625 0.1796875 0.15
0 0.4140625 0.0828125 0.2125 0.0828125 0.2125 0.3328125 0.4140625 0.3328125 0.4140625 0.0828125
0 0.753125 0.990625 0.7296875 0.990625 0.7296875 1.0 0.753125 1.0 0.753125 0.990625
0 0.6796875 0.9296875 0.6046875 0.9296875 0.6046875 1.0 0.6796875 1.0 0.6796875 0.9296875
0 1.0 0.8875 0.975 0.8875 0.975 1.0 1.0 1.0 1.0 0.8875
0 0.784375 0.6578125 0.6859375 0.6578125 0.6859375 0.7890625 0.784375 0.7890625 0.784375 0.6578125
0 0.5296875 0.0015625 0.45 0.0015625 0.45 0.05625 0.5296875 0.05625 0.5296875 0.0015625
0 1.0 0.0015625 0.0015625 0.0015625 0.0015625 1.0 1.0 1.0 1.0 0.0015625
0 0.5921875 0.5140625 0.415625 0.5140625 0.415625 0.884375 0.5921875 0.884375 0.5921875 0.5140625
0 0.3953125 0.1515625 0.2109375 0.1515625 0.2109375 0.453125 0.3953125 0.453125 0.3953125 0.1515625
