0 0.065625 0.253125 0.0015625 0.253125 0.0015625 0.38125 0.065625 0.38125 0.065625 0.253125
0 0.1203125 0.3859375 0.0015625 0.3859375 0.0015625 0.453125 0.1203125 0.453125 0.1203125 0.3859375
0 0.115625 0.5625 0.0078125 0.5625 0.0078125 0.775 0.115625 0.775 0.115625 0.5625
0 0.1640625 0.2265625 0.0015625 0.2265625 0.0015625 0.6578125 0.1640625 0.6578125 0.1640625 0.2265625
0 0.3765625 0.0015625 0.134375 0.0015625 0.134375 0.1109375 0.3765625 0.1109375 0.3765625 0.0015625
0 0.1890625 0.2578125 0.134375 0.2578125 0.134375 0.4125 0.1890625 0.4125 0.1890625 0.2578125
0 0.084375 0.584375 0.0015625 0.584375 0.0015625 0.7375 0.084375 0.7375 0.084375 0.584375
0 0.13125 0.4375 0.0015625 0.4375 0.0015625 0.5796875 0.13125 0.5796875 0.13125 0.4375
0 0.0140625 0.0015625 0.0015625 0.0015625 0.0015625 0.0109375 0.0140625 0.0109375 0.0140625 0.0015625
0 0.0734375 0.1625 0.0015625 0.1625 0.0015625 0.3109375 0.0734375 0.3109375 0.0734375 0.1625
0 0.1703125 0.0828125 0.096875 0.0828125 0.096875 0.25 0.1703125 0.25 0.1703125 0.0828125
0 0.2796875 0.0015625 0.15 0.0015625 0.15 0.05 0.2796875 0.05 0.2796875 0.0015625
0 0.1453125 0.0015625 0.09375 0.0015625 0.09375 0.0421875 0.1453125 0.0421875 0.1453125 0.0015625
0 0.05625 0.6984375 0.0015625 0.6984375 0.0015625 0.8625 0.05625 0.8625 0.05625 0.6984375
0 0.0921875 0.0015625 0.0015625 0.0015625 0.0015625 0.2953125 0.0921875 0.2953125 0.0921875 0.0015625
