0 0.125 0.596875 0.009375 0.596875 0.009375 0.728125 0.125 0.728125 0.125 0.596875
0 0.3 0.9171875 0.134375 0.9171875 0.134375 1.0 0.3 1.0 0.3 0.9171875
0 0.490625 0.84375 0.403125 0.84375 0.403125 1.0 0.490625 1.0 0.490625 0.84375
0 0.1140625 0.5453125 0.0015625 0.5453125 0.0015625 0.98125 0.1140625 0.98125 0.1140625 0.5453125
0 0.41875 0.5203125 0.3203125 0.5203125 0.3203125 0.76875 0.41875 0.76875 0.41875 0.5203125
0 0.015625 0.1796875 0.0015625 0.1796875 0.0015625 0.203125 0.015625 0.203125 0.015625 0.1796875
0 0.1203125 0.059375 0.0140625 0.059375 0.0140625 0.2703125 0.1203125 0.2703125 0.1203125 0.059375
0 0.5796875 0.965625 0.5390625 0.965625 0.5390625 1.0 0.5796875 1.0 0.5796875 0.965625
0 0.9234375 0.453125 0.625 0.453125 0.625 1.0 0.9234375 1.0 0.9234375 0.453125
0 0.721875 0.215625 0.58125 0.215625 0.58125 0.4234375 0.721875 0.4234375 0.721875 0.215625
0 0.840625 0.228125 0.7703125 0.228125 0.7703125 0.35625 0.840625 0.35625 0.840625 0.228125
0 0.1421875 0.740625 0.0015625 0.740625 0.0015625 0.821875 0.1421875 0.821875 0.1421875 0.740625
0 0.5015625 0.8203125 0.3921875 0.8203125 0.3921875 1.0 0.5015625 1.0 0.5015625 0.8203125
0 0.4421875 0.2953125 0.0015625 0.2953125 0.0015625 1.0 0.4421875 1.0 0.4421875 0.2953125
0 0.015625 0.4328125 0.0015625 0.4328125 0.0015625 0.4640625 0.015625 0.4640625 0.015625 0.4328125
0 0.0859375 0.09375 0.0015625 0.09375 0.0015625 0.3515625 0.0859375 0.3515625 0.0859375 0.09375
0 0.246875 0.978125 0.221875 0.978125 0.221875 1.0 0.246875 1.0 0.246875 0.978125
0 0.36875 0.8640625 0.2546875 0.8640625 0.2546875 1.0 0.36875 1.0 0.36875 0.8640625
0 0.66875 0.20625 0.4171875 0.20625 0.4171875 0.565625 0.66875 0.565625 0.66875 0.20625
0 0.465625 0.0015625 0.2140625 0.0015625 0.2140625 0.23125 0.465625 0.23125 0.465625 0.0015625
0 0.1515625 0.0015625 0.0890625 0.0015625 0.0890625 0.15625 0.1515625 0.15625 0.1515625 0.0015625
0 0.6015625 0.5453125 0.5109375 0.5453125 0.5109375 0.7828125 0.6015625 0.7828125 0.6015625 0.5453125
0 1.0 0.3015625 0.8296875 0.3015625 0.8296875 0.75625 1.0 0.75625 1.0 0.3015625
0 0.8125 0.3765625 0.65 0.3765625 0.65 0.4953125 0.8125 0.4953125 0.8125 0.3765625
0 0.5984375 0.1546875 0.509375 0.1546875 0.509375 0.2828125 0.5984375 0.2828125 0.5984375 0.1546875
0 0.0546875 0.4453125 0.0015625 0.4453125 0.0015625 0.578125 0.0546875 0.578125 0.0546875 0.4453125
0 1.0 0.0015625 0.0015625 0.0015625 0.0015625 1.0 1.0 1.0 1.0 0.0015625
0 0.365625 0.4328125 0.1671875 0.4328125 0.1671875 0.9046875 0.365625 0.9046875 0.365625 0.4328125
0 0.171875 0.6078125 0.053125 0.6078125 0.053125 0.7125 0.171875 0.7125 0.171875 0.6078125
0 0.2046875 0.453125 0.096875 0.453125 0.096875 0.5875 0.2046875 0.5875 0.2046875 0.453125
0 0.4359375 0.8953125 0.3859375 0.8953125 0.3859375 1.0 0.4359375 1.0 0.4359375 0.8953125
0 0.75625 0.334375 0.55 0.334375 0.55 0.5765625 0.75625 0.5765625 0.75625 0.334375
0 0.6015625 0.2046875 0.4953125 0.2046875 0.4953125 0.33125 0.6015625 0.33125 0.6015625 0.2046875
0 0.8890625 0.6203125 0.78125 0.6203125 0.78125 0.796875 0.8890625 0.796875 0.8890625 0.6203125
0 0.9296875 0.4640625 0.85 0.4640625 0.85 0.61875 0.9296875 0.61875 0.9296875 0.4640625
