0 0.39375 0.359375 0.2640625 0.359375 0.2640625 0.46875 0.39375 0.46875 0.39375 0.359375
0 1.0 0.7125 0.8984375 0.7125 0.8984375 0.803125 1.0 0.803125 1.0 0.7125
0 0.3390625 0.575 0.225 0.575 0.225 0.7109375 0.3390625 0.7109375 0.3390625 0.575
0 0.9421875 0.453125 0.81875 0.453125 0.81875 0.5953125 0.9421875 0.5953125 0.9421875 0.453125
0 0.2171875 0.0015625 0.153125 0.0015625 0.153125 0.0625 0.2171875 0.0625 0.2171875 0.0015625
0 0.0390625 0.015625 0.0015625 0.015625 0.0015625 0.0453125 0.0390625 0.0453125 0.0390625 0.015625
0 0.7546875 0.7734375 0.428125 0.7734375 0.428125 0.9265625 0.7546875 0.9265625 0.7546875 0.7734375
0 0.5046875 0.85 0.365625 0.85 0.365625 1.0 0.5046875 1.0 0.5046875 0.85
0 0.79375 0.55 0.665625 0.55 0.665625 0.6625 0.79375 0.6625 0.79375 0.55
0 0.7265625 0.4390625 0.5859375 0.4390625 0.5859375 0.571875 0.7265625 0.571875 0.7265625 0.4390625
0 0.4703125 0.2578125 0.25625 0.2578125 0.25625 0.3453125 0.4703125 0.3453125 0.4703125 0.2578125
0 0.521875 0.2 0.3859375 0.2 0.3859375 0.2765625 0.521875 0.2765625 0.521875 0.2
0 1.0 0.0015625 0.884375 0.0015625 0.884375 0.221875 1.0 0.221875 1.0 0.0015625
0 0.146875 0.0796875 0.0703125 0.0796875 0.0703125 0.2078125 0.146875 0.2078125 0.146875 0.0796875
0 0.3421875 0.7390625 0.1921875 0.7390625 0.1921875 0.9578125 0.3421875 0.9578125 0.3421875 0.7390625
0 0.29375 0.521875 0.0828125 0.521875 0.0828125 0.65625 0.29375 0.65625 0.29375 0.521875
0 0.2546875 0.325 0.0875 0.325 0.0875 0.453125 0.2546875 0.453125 0.2546875 0.325
0 0.6328125 0.8484375 0.51875 0.8484375 0.51875 1.0 0.6328125 1.0 0.6328125 0.8484375
0 1.0 0.7953125 0.896875 0.7953125 0.896875 0.9125 1.0 0.9125 1.0 0.7953125
0 0.3625 0.4765625 0.2671875 0.4765625 0.2671875 0.5921875 0.3625 0.5921875 0.3625 0.4765625
0 0.396875 0.425 0.3078125 0.425 0.3078125 0.7015625 0.396875 0.7015625 0.396875 0.425
0 0.3671875 0.0015625 0.28125 0.0015625 0.28125 0.0625 0.3671875 0.0625 0.3671875 0.0015625
0 0.7984375 0.4703125 0.59375 0.4703125 0.59375 0.74375 0.7984375 0.74375 0.7984375 0.4703125
0 1.0 0.1859375 0.6390625 0.1859375 0.6390625 0.5796875 1.0 0.5796875 1.0 0.1859375
0 0.91875 0.0015625 0.878125 0.0015625 0.878125 0.0203125 0.91875 0.0203125 0.91875 0.0015625
0 0.8796875 0.996875 0.8671875 0.996875 0.8671875 1.0 0.8796875 1.0 0.8796875 0.996875
0 0.521875 0.0015625 0.2296875 0.0015625 0.2296875 0.25 0.521875 0.25 0.521875 0.0015625
0 0.8921875 0.0015625 0.64375 0.0015625 0.64375 0.43125 0.8921875 0.43125 0.8921875 0.0015625
0 0.94375 0.0328125 0.840625 0.0328125 0.840625 0.2625 0.94375 0.2625 0.94375 0.0328125
0 0.2140625 0.4453125 0.0953125 0.4453125 0.0953125 0.571875 0.2140625 0.571875 0.2140625 0.4453125
0 0.3 0.9046875 0.2484375 0.9046875 0.2484375 1.0 0.3 1.0 0.3 0.9046875
0 0.3390625 0.71875 0.215625 0.71875 0.215625 0.7859375 0.3390625 0.7859375 0.3390625 0.71875
0 0.0375 0.7140625 0.0015625 0.7140625 0.0015625 0.871875 0.0375 0.871875 0.0375 0.7140625
0 0.0421875 0.5703125 0.0015625 0.5703125 0.0015625 0.6671875 0.0421875 0.6671875 0.0421875 0.5703125
0 0.240625 0.59375 0.096875 0.59375 0.096875 0.70625 0.240625 0.70625 0.240625 0.59375
0 0.2640625 0.1171875 0.0515625 0.1171875 0.0515625 0.240625 0.2640625 0.240625 0.2640625 0.1171875
0 1.0 0.4671875 0.9109375 0.4671875 0.9109375 0.603125 1.0 0.603125 1.0 0.4671875
0 0.84375 0.2828125 0.021875 0.2828125 0.021875 1.0 0.84375 1.0 0.84375 0.2828125
0 1.0 0.484375 0.7640625 0.484375 0.7640625 1.0 1.0 1.0 1.0 0.484375
0 0.2515625 0.653125 0.025 0.653125 0.025 0.8109375 0.2515625 0.8109375 0.2515625 0.653125
0 0.3921875 0.165625 0.0015625 0.165625 0.0015625 0.54375 0.3921875 0.54375 0.3921875 0.165625
0 0.75625 0.9453125 0.653125 0.9453125 0.653125 1.0 0.75625 1.0 0.75625 0.9453125
0 0.5609375 0.84375 0.465625 0.84375 0.465625 1.0 0.5609375 1.0 0.5609375 0.84375
0 0.7921875 0.0015625 0.54375 0.0015625 0.54375 0.4625 0.7921875 0.4625 0.7921875 0.0015625
0 0.3953125 0.0015625 0.275 0.0015625 0.275 0.15 0.3953125 0.15 0.3953125 0.0015625
0 0.7453125 0.8640625 0.6203125 0.8640625 0.6203125 0.9578125 0.7453125 0.9578125 0.7453125 0.8640625
0 1.0 0.0015625 0.7875 0.0015625 0.7875 0.6875 1.0 0.6875 1.0 0.0015625
