0 0.1265625 0.2703125 0.03125 0.2703125 0.03125 0.3984375 0.1265625 0.3984375 0.1265625 0.2703125
0 1.0 0.8921875 0.934375 0.8921875 0.934375 0.9609375 1.0 0.9609375 1.0 0.8921875
0 0.4640625 0.0015625 0.3484375 0.0015625 0.3484375 0.24375 0.4640625 0.24375 0.4640625 0.0015625
0 0.146875 0.93125 0.0125 0.93125 0.0125 1.0 0.146875 1.0 0.146875 0.93125
0 0.109375 0.303125 0.0015625 0.303125 0.0015625 0.4484375 0.109375 0.4484375 0.109375 0.303125
0 0.0625 0.0015625 0.0015625 0.0015625 0.0015625 0.19375 0.0625 0.19375 0.0625 0.0015625
0 0.409375 0.1609375 0.2859375 0.1609375 0.2859375 0.3 0.409375 0.3 0.409375 0.1609375
0 0.29375 0.0359375 0.159375 0.0359375 0.159375 0.2546875 0.29375 0.2546875 0.29375 0.0359375
0 1.0 0.0015625 0.0015625 0.0015625 0.0015625 1.0 1.0 1.0 1.0 0.0015625
0 0.1796875 0.603125 0.0015625 0.603125 0.0015625 1.0 0.1796875 1.0 0.1796875 0.603125
0 0.265625 0.6859375 0.103125 0.6859375 0.103125 0.9296875 0.265625 0.9296875 0.265625 0.6859375
