0 0.1296875 0.4671875 0.0015625 0.4671875 0.0015625 0.7078125 0.1296875 0.7078125 0.1296875 0.4671875
0 0.3390625 0.346875 0.2375 0.346875 0.2375 0.4578125 0.3390625 0.4578125 0.3390625 0.346875
0 0.3828125 0.4171875 0.2875 0.4171875 0.2875 0.55 0.3828125 0.55 0.3828125 0.4171875
0 0.046875 0.953125 0.0015625 0.953125 0.0015625 1.0 0.046875 1.0 0.046875 0.953125
0 0.040625 0.8515625 0.0015625 0.8515625 0.0015625 0.8890625 0.040625 0.8890625 0.040625 0.8515625
0 0.015625 0.7078125 0.0015625 0.7078125 0.0015625 0.7734375 0.015625 0.7734375 0.015625 0.7078125
0 0.853125 0.7109375 0.7890625 0.7109375 0.7890625 0.8265625 0.853125 0.8265625 0.853125 0.7109375
0 0.4484375 0.196875 0.328125 0.196875 0.328125 0.40625 0.4484375 0.40625 0.4484375 0.196875
0 0.275 0.2640625 0.175 0.2640625 0.175 0.4609375 0.275 0.4609375 0.275 0.2640625
0 0.2015625 0.8671875 0.0203125 0.8671875 0.0203125 1.0 0.2015625 1.0 0.2015625 0.8671875
0 0.009375 0.946875 0.0015625 0.946875 0.0015625 1.0 0.009375 1.0 0.009375 0.946875
0 0.06875 0.70625 0.0015625 0.70625 0.0015625 0.8828125 0.06875 0.8828125 0.06875 0.70625
0 0.0109375 0.4671875 0.0015625 0.4671875 0.0015625 0.553125 0.0109375 0.553125 0.0109375 0.4671875
0 0.278125 0.6046875 0.0546875 0.6046875 0.0546875 0.7796875 0.278125 0.7796875 0.278125 0.6046875
0 0.1328125 0.51875 0.0015625 0.51875 0.0015625 0.628125 0.1328125 0.628125 0.1328125 0.51875
0 0.065625 0.2046875 0.0015625 0.2046875 0.0015625 0.3484375 0.065625 0.3484375 0.065625 0.2046875
0 0.25625 0.1390625 0.0703125 0.1390625 0.0703125 0.4046875 0.25625 0.4046875 0.25625 0.1390625
0 0.3546875 0.0015625 0.0015625 0.0015625 0.0015625 0.190625 0.3546875 0.190625 0.3546875 0.0015625
0 0.0171875 0.0015625 0.0015625 0.0015625 0.0015625 0.0203125 0.0171875 0.0203125 0.0171875 0.0015625
0 0.54375 0.121875 0.4046875 0.121875 0.4046875 0.3875 0.54375 0.3875 0.54375 0.121875
0 0.3453125 0.134375 0.2609375 0.134375 0.2609375 0.3296875 0.3453125 0.3296875 0.3453125 0.134375
0 0.4546875 0.0890625 0.3765625 0.0890625 0.3765625 0.215625 0.4546875 0.215625 0.4546875 0.0890625
0 0.5671875 0.0015625 0.4984375 0.0015625 0.4984375 0.084375 0.5671875 0.084375 0.5671875 0.0015625
0 0.4390625 0.0015625 0.31875 0.0015625 0.31875 0.009375 0.4390625 0.009375 0.4390625 0.0015625
0 0.3640625 0.546875 0.1984375 0.546875 0.1984375 0.675 0.3640625 0.675 0.3640625 0.546875
0 0.1890625 0.4046875 0.0703125 0.4046875 0.0703125 0.50625 0.1890625 0.50625 0.1890625 0.4046875
0 0.38125 0.3015625 0.2671875 0.3015625 0.2671875 0.41875 0.38125 0.41875 0.38125 0.3015625
0 0.4953125 0.096875 0.415625 0.096875 0.415625 0.34375 0.4953125 0.34375 0.4953125 0.096875
0 0.525 0.0015625 0.4328125 0.0015625 0.4328125 0.0875 0.525 0.0875 0.525 0.0015625
0 1.0 0.0015625 0.5828125 0.0015625 0.5828125 1.0 1.0 1.0 1.0 0.0015625
0 0.5578125 0.0015625 0.0015625 0.0015625 0.0015625 0.49375 0.5578125 0.49375 0.5578125 0.0015625
0 0.7171875 0.73125 0.55625 0.73125 0.55625 1.0 0.7171875 1.0 0.7171875 0.73125
