0 0.2546875 0.559375 0.134375 0.559375 0.134375 0.75 0.2546875 0.75 0.2546875 0.559375
0 0.28125 0.0015625 0.0875 0.0015625 0.0875 0.3796875 0.28125 0.3796875 0.28125 0.0015625
0 1.0 0.8796875 0.8984375 0.8796875 0.8984375 1.0 1.0 1.0 1.0 0.8796875
0 0.325 0.7703125 0.2265625 0.7703125 0.2265625 0.934375 0.325 0.934375 0.325 0.7703125
0 0.3765625 0.15625 0.26875 0.15625 0.26875 0.4046875 0.3765625 0.4046875 0.3765625 0.15625
0 0.8328125 0.7609375 0.578125 0.7609375 0.578125 0.9953125 0.8328125 0.9953125 0.8328125 0.7609375
0 0.5234375 0.7796875 0.2828125 0.7796875 0.2828125 0.965625 0.5234375 0.965625 0.5234375 0.7796875
0 0.896875 0.975 0.8390625 0.975 0.8390625 1.0 0.896875 1.0 0.896875 0.975
0 0.121875 0.2734375 0.05 0.2734375 0.05 0.38125 0.121875 0.38125 0.121875 0.2734375
0 1.0 0.9390625 0.9859375 0.9390625 0.9859375 0.9609375 1.0 0.9609375 1.0 0.9390625
0 0.6359375 0.3984375 0.0015625 0.3984375 0.0015625 1.0 0.6359375 1.0 0.6359375 0.3984375
0 1.0 0.9671875 0.8953125 0.9671875 0.8953125 1.0 1.0 1.0 1.0 0.9671875
0 0.925 0.0015625 0.7703125 0.0015625 0.7703125 0.125 0.925 0.125 0.925 0.0015625
