0 0.40625 0.1921875 0.234375 0.1921875 0.234375 0.3375 0.40625 0.3375 0.40625 0.1921875
0 0.409375 0.9484375 0.1 0.9484375 0.1 1.0 0.409375 1.0 0.409375 0.9484375
0 1.0 0.8234375 0.7796875 0.8234375 0.7796875 0.996875 1.0 0.996875 1.0 0.8234375
0 0.896875 0.8015625 0.5921875 0.8015625 0.5921875 0.9625 0.896875 0.9625 0.896875 0.8015625
0 0.9015625 0.6078125 0.6875 0.6078125 0.6875 0.7421875 0.9015625 0.7421875 0.9015625 0.6078125
0 0.7484375 0.4609375 0.5359375 0.4609375 0.5359375 0.559375 0.7484375 0.559375 0.7484375 0.4609375
0 0.2421875 0.334375 0.0125 0.334375 0.0125 0.4734375 0.2421875 0.4734375 0.2421875 0.334375
0 0.421875 0.128125 0.325 0.128125 0.325 0.253125 0.421875 0.253125 0.421875 0.128125
0 0.196875 0.1890625 0.075 0.1890625 0.075 0.34375 0.196875 0.34375 0.196875 0.1890625
0 0.515625 0.8984375 0.403125 0.8984375 0.403125 0.9765625 0.515625 0.9765625 0.515625 0.8984375
0 0.7546875 0.159375 0.66875 0.159375 0.66875 0.30625 0.7546875 0.30625 0.7546875 0.159375
0 0.8234375 0.89375 0.640625 0.89375 0.640625 1.0 0.8234375 1.0 0.8234375 0.89375
0 0.678125 0.628125 0.478125 0.628125 0.478125 0.746875 0.678125 0.746875 0.678125 0.628125
0 0.7296875 0.509375 0.559375 0.509375 0.559375 0.584375 0.7296875 0.584375 0.7296875 0.509375
0 0.38125 0.05 0.059375 0.05 0.059375 0.2140625 0.38125 0.2140625 0.38125 0.05
0 1.0 0.9171875 0.875 0.9171875 0.875 1.0 1.0 1.0 1.0 0.9171875
0 1.0 0.471875 0.684375 0.471875 0.684375 0.7875 1.0 0.7875 1.0 0.471875
0 0.3109375 0.103125 0.2109375 0.103125 0.2109375 0.1734375 0.3109375 0.1734375 0.3109375 0.103125
0 1.0 0.0015625 0.0640625 0.0015625 0.0640625 1.0 1.0 1.0 1.0 0.0015625
0 0.4703125 0.0015625 0.175 0.0015625 0.175 0.25625 0.4703125 0.25625 0.4703125 0.0015625
0 0.70625 0.1734375 0.6203125 0.1734375 0.6203125 0.334375 0.70625 0.334375 0.70625 0.1734375
0 0.94375 0.859375 0.7578125 0.859375 0.7578125 0.9296875 0.94375 0.9296875 0.94375 0.859375
0 1.0 0.290625 0.95625 0.290625 0.95625 0.4 1.0 0.4 1.0 0.290625
