0 0.759375 0.96875 0.6578125 0.96875 0.6578125 1.0 0.759375 1.0 0.759375 0.96875
0 0.053125 0.9640625 0.0140625 0.9640625 0.0140625 1.0 0.053125 1.0 0.053125 0.9640625
0 0.5328125 0.9203125 0.365625 0.9203125 0.365625 1.0 0.5328125 1.0 0.5328125 0.9203125
0 0.5890625 0.86875 0.5171875 0.86875 0.5171875 0.9734375 0.5890625 0.9734375 0.5890625 0.86875
0 0.6328125 0.8015625 0.521875 0.8015625 0.521875 0.8703125 0.6328125 0.8703125 0.6328125 0.8015625
0 0.38125 0.578125 0.25 0.578125 0.25 0.765625 0.38125 0.765625 0.38125 0.578125
0 0.43125 0.4171875 0.2796875 0.4171875 0.2796875 0.546875 0.43125 0.546875 0.43125 0.4171875
0 0.128125 0.0703125 0.0328125 0.0703125 0.0328125 0.2515625 0.128125 0.2515625 0.128125 0.0703125
0 0.4453125 0.0015625 0.1546875 0.0015625 0.1546875 0.0859375 0.4453125 0.0859375 0.4453125 0.0015625
0 0.090625 0.0015625 0.0546875 0.0015625 0.0546875 0.0109375 0.090625 0.0109375 0.090625 0.0015625
0 0.678125 0.5453125 0.5375 0.5453125 0.5375 0.7375 0.678125 0.7375 0.678125 0.5453125
0 0.834375 0.9359375 0.76875 0.9359375 0.76875 1.0 0.834375 1.0 0.834375 0.9359375
0 0.4546875 0.99375 0.4125 0.99375 0.4125 1.0 0.4546875 1.0 0.4546875 0.99375
0 0.5203125 0.6140625 0.3578125 0.6140625 0.3578125 0.93125 0.5203125 0.93125 0.5203125 0.6140625
0 0.3609375 0.0015625 0.303125 0.0015625 0.303125 0.0375 0.3609375 0.0375 0.3609375 0.0015625
0 0.01875 0.7 0.0015625 0.7 0.0015625 0.8140625 0.01875 0.8140625 0.01875 0.7
0 0.490625 0.4171875 0.234375 0.4171875 0.234375 0.8265625 0.490625 0.8265625 0.490625 0.4171875
0 0.209375 0.44375 0.0015625 0.44375 0.0015625 0.7171875 0.209375 0.7171875 0.209375 0.44375
0 0.028125 0.2015625 0.0015625 0.2015625 0.0015625 0.3328125 0.028125 0.3328125 0.028125 0.2015625
0 0.23125 0.0015625 0.0203125 0.0015625 0.0203125 0.1421875 0.23125 0.1421875 0.23125 0.0015625
0 0.4796875 0.9984375 0.4734375 0.9984375 0.4734375 1.0 0.4796875 1.0 0.4796875 0.9984375
0 0.7046875 0.825 0.4640625 0.825 0.4640625 0.8984375 0.7046875 0.8984375 0.7046875 0.825
0 1.0 0.0015625 0.8859375 0.0015625 0.8859375 0.1984375 1.0 0.1984375 1.0 0.0015625
