0 1.0 0.06875 0.9265625 0.06875 0.9265625 0.315625 1.0 0.315625 1.0 0.06875
0 0.0421875 0.9078125 0.0015625 0.9078125 0.0015625 1.0 0.0421875 1.0 0.0421875 0.9078125
0 0.1703125 0.784375 0.034375 0.784375 0.034375 0.9671875 0.1703125 0.9671875 0.1703125 0.784375
0 0.3953125 0.0015625 0.0875 0.0015625 0.0875 0.071875 0.3953125 0.071875 0.3953125 0.0015625
0 0.9078125 0.028125 0.78125 0.028125 0.78125 0.371875 0.9078125 0.371875 0.9078125 0.028125
0 0.11875 0.0015625 0.0015625 0.0015625 0.0015625 0.2234375 0.11875 0.2234375 0.11875 0.0015625
0 0.028125 0.9625 0.0015625 0.9625 0.0015625 1.0 0.028125 1.0 0.028125 0.9625
0 0.3578125 0.1734375 0.0015625 0.1734375 0.0015625 0.5640625 0.3578125 0.5640625 0.3578125 0.1734375
0 0.103125 0.8078125 0.034375 0.8078125 0.034375 1.0 0.103125 1.0 0.103125 0.8078125
0 1.0 0.25 0.303125 0.25 0.303125 0.9453125 1.0 0.9453125 1.0 0.25
0 0.4265625 0.0015625 0.125 0.0015625 0.125 0.0609375 0.4265625 0.0609375 0.4265625 0.0015625
0 0.759375 0.0015625 0.734375 0.0015625 0.734375 0.0234375 0.759375 0.0234375 0.759375 0.0015625
0 1.0 0.8765625 0.7734375 0.8765625 0.7734375 1.0 1.0 1.0 1.0 0.8765625
0 0.6140625 0.0015625 0.44375 0.0015625 0.44375 0.109375 0.6140625 0.109375 0.6140625 0.0015625
0 1.0 0.0015625 0.8765625 0.0015625 0.8765625 0.3828125 1.0 0.3828125 1.0 0.0015625
0 1.0 0.2328125 0.9859375 0.2328125 0.9859375 0.4453125 1.0 0.4453125 1.0 0.2328125
