0 0.09375 0.790625 0.0015625 0.790625 0.0015625 0.865625 0.09375 0.865625 0.09375 0.790625
0 0.4515625 0.840625 0.1546875 0.840625 0.1546875 1.0 0.4515625 1.0 0.4515625 0.840625
0 0.15 0.384375 0.040625 0.384375 0.040625 0.7625 0.15 0.7625 0.15 0.384375
0 0.0328125 0.4140625 0.0015625 0.4140625 0.0015625 0.6203125 0.0328125 0.6203125 0.0328125 0.4140625
0 0.203125 0.0015625 0.14375 0.0015625 0.14375 0.125 0.203125 0.125 0.203125 0.0015625
0 0.4046875 0.8609375 0.2296875 0.8609375 0.2296875 1.0 0.4046875 1.0 0.4046875 0.8609375
0 0.4078125 0.4484375 0.13125 0.4484375 0.13125 0.78125 0.4078125 0.78125 0.4078125 0.4484375
0 0.553125 0.7296875 0.346875 0.7296875 0.346875 1.0 0.553125 1.0 0.553125 0.7296875
0 0.3734375 0.6578125 0.09375 0.6578125 0.09375 0.8140625 0.3734375 0.8140625 0.3734375 0.6578125
0 0.6140625 0.5671875 0.5109375 0.5671875 0.5109375 0.721875 0.6140625 0.721875 0.6140625 0.5671875
0 0.4046875 0.0015625 0.0015625 0.0015625 0.0015625 0.684375 0.4046875 0.684375 0.4046875 0.0015625
0 0.51875 0.2828125 0.4078125 0.2828125 0.4078125 0.60625 0.51875 0.60625 0.51875 0.2828125
0 0.0109375 0.334375 0.0015625 0.334375 0.0015625 0.41875 0.0109375 0.41875 0.0109375 0.334375
0 0.55625 0.0015625 0.4421875 0.0015625 0.4421875 0.0453125 0.55625 0.0453125 0.55625 0.0015625
0 0.628125 0.940625 0.584375 0.940625 0.584375 1.0 0.628125 1.0 0.628125 0.940625
0 0.84375 0.8390625 0.6625 0.8390625 0.6625 1.0 0.84375 1.0 0.84375 0.8390625
0 0.9734375 0.878125 0.8609375 0.878125 0.8609375 1.0 0.9734375 1.0 0.9734375 0.878125
0 1.0 0.4359375 0.9625 0.4359375 0.9625 0.53125 1.0 0.53125 1.0 0.4359375
0 0.421875 0.88125 0.3 0.88125 0.3 1.0 0.421875 1.0 0.421875 0.88125
0 1.0 0.0015625 0.0015625 0.0015625 0.0015625 1.0 1.0 1.0 1.0 0.0015625
0 0.1375 0.7625 0.0875 0.7625 0.0875 1.0 0.1375 1.0 0.1375 0.7625
0 0.4484375 0.7625 0.1734375 0.7625 0.1734375 0.8875 0.4484375 0.8875 0.4484375 0.7625
0 0.246875 0.1703125 0.0015625 0.1703125 0.0015625 0.415625 0.246875 0.415625 0.246875 0.1703125
0 0.259375 0.0015625 0.171875 0.0015625 0.171875 0.128125 0.259375 0.128125 0.259375 0.0015625
0 0.940625 0.3859375 0.565625 0.3859375 0.565625 1.0 0.940625 1.0 0.940625 0.3859375
0 1.0 0.925 0.953125 0.925 0.953125 1.0 1.0 1.0 1.0 0.925
