0 0.934375 0.0015625 0.884375 0.0015625 0.884375 0.0546875 0.934375 0.0546875 0.934375 0.0015625
0 0.965625 0.3359375 0.8609375 0.3359375 0.8609375 0.5140625 0.965625 0.5140625 0.965625 0.3359375
0 1.0 0.1046875 0.9265625 0.1046875 0.9265625 0.35625 1.0 0.35625 1.0 0.1046875
0 0.98125 0.0015625 0.91875 0.0015625 0.91875 0.075 0.98125 0.075 0.98125 0.0015625
0 0.559375 0.9515625 0.41875 0.9515625 0.41875 1.0 0.559375 1.0 0.559375 0.9515625
0 0.85 0.8578125 0.6875 0.8578125 0.6875 0.9875 0.85 0.9875 0.85 0.8578125
0 0.540625 0.696875 0.4734375 0.696875 0.4734375 0.8703125 0.540625 0.8703125 0.540625 0.696875
0 0.6890625 0.675 0.5828125 0.675 0.5828125 0.834375 0.6890625 0.834375 0.6890625 0.675
0 0.8578125 0.0640625 0.709375 0.0640625 0.709375 0.346875 0.8578125 0.346875 0.8578125 0.0640625
0 0.7484375 0.0015625 0.7328125 0.0015625 0.7328125 0.00625 0.7484375 0.00625 0.7484375 0.0015625
0 0.946875 0.925 0.7890625 0.925 0.7890625 1.0 0.946875 1.0 0.946875 0.925
0 0.8890625 0.575 0.75625 0.575 0.75625 0.7953125 0.8890625 0.7953125 0.8890625 0.575
0 0.9890625 0.3171875 0.7640625 0.3171875 0.7640625 0.6140625 0.9890625 0.6140625 0.9890625 0.3171875
0 1.0 0.9578125 0.9609375 0.9578125 0.9609375 1.0 1.0 1.0 1.0 0.9578125
0 0.83125 0.0015625 0.7015625 0.0015625 0.7015625 0.115625 0.83125 0.115625 0.83125 0.0015625
0 0.1625 0.065625 0.0015625 0.065625 0.0015625 0.3640625 0.1625 0.3640625 0.1625 0.065625
0 0.428125 0.0015625 0.221875 0.0015625 0.221875 0.1890625 0.428125 0.1890625 0.428125 0.0015625
0 0.909375 0.84375 0.7328125 0.84375 0.7328125 0.9640625 0.909375 0.9640625 0.909375 0.84375
0 1.0 0.528125 0.8734375 0.528125 0.8734375 0.8984375 1.0 0.8984375 1.0 0.528125
0 0.8609375 0.7625 0.65 0.7625 0.65 0.8609375 0.8609375 0.8609375 0.8609375 0.7625
0 1.0 0.409375 0.984375 0.409375 0.984375 0.5375 1.0 0.5375 1.0 0.409375
0 0.7953125 0.0875 0.6296875 0.0875 0.6296875 0.3015625 0.7953125 0.3015625 0.7953125 0.0875
0 0.0546875 0.0015625 0.0015625 0.0015625 0.0015625 0.1296875 0.0546875 0.1296875 0.0546875 0.0015625
0 0.0796875 0.4625 0.0015625 0.4625 0.0015625 0.6265625 0.0796875 0.6265625 0.0796875 0.4625
0 0.984375 0.05625 0.8640625 0.05625 0.8640625 0.26875 0.984375 0.26875 0.984375 0.05625
0 1.0 0.784375 0.953125 0.784375 0.953125 1.0 1.0 1.0 1.0 0.784375
0 1.0 0.5328125 0.953125 0.5328125 0.953125 0.7953125 1.0 0.7953125 1.0 0.5328125
0 0.6328125 0.6234375 0.5421875 0.6234375 0.5421875 0.8046875 0.6328125 0.8046875 0.6328125 0.6234375
0 0.81875 0.609375 0.628125 0.609375 0.628125 0.784375 0.81875 0.784375 0.81875 0.609375
0 0.865625 0.3203125 0.7046875 0.3203125 0.7046875 0.41875 0.865625 0.41875 0.865625 0.3203125
0 0.8734375 0.16875 0.603125 0.16875 0.603125 0.3625 0.8734375 0.3625 0.8734375 0.16875
0 0.734375 0.0015625 0.7046875 0.0015625 0.7046875 0.0203125 0.734375 0.0203125 0.734375 0.0015625
0 0.5078125 0.0015625 0.3859375 0.0015625 0.3859375 0.059375 0.5078125 0.059375 0.5078125 0.0015625
0 0.746875 0.3609375 0.64375 0.3609375 0.64375 0.4984375 0.746875 0.4984375 0.746875 0.3609375
0 0.9890625 0.2421875 0.0015625 0.2421875 0.0015625 1.0 0.9890625 1.0 0.9890625 0.2421875
0 0.0140625 0.0015625 0.0015625 0.0015625 0.0015625 0.0078125 0.0140625 0.0078125 0.0140625 0.0015625
0 0.31875 0.0015625 0.3109375 0.0015625 0.3109375 0.0109375 0.31875 0.0109375 0.31875 0.0015625
0 0.928125 0.0015625 0.75 0.0015625 0.75 0.1859375 0.928125 0.1859375 0.928125 0.0015625
0 0.9875 0.1 0.8484375 0.1 0.8484375 0.3296875 0.9875 0.3296875 0.9875 0.1
0 1.0 0.0015625 0.959375 0.0015625 0.959375 0.1234375 1.0 0.1234375 1.0 0.0015625
