0 0.6765625 0.4484375 0.5703125 0.4484375 0.5703125 0.625 0.6765625 0.625 0.6765625 0.4484375
0 0.790625 0.0015625 0.5375 0.0015625 0.5375 0.1765625 0.790625 0.1765625 0.790625 0.0015625
0 0.06875 0.9671875 0.0015625 0.9671875 0.0015625 1.0 0.06875 1.0 0.06875 0.9671875
0 0.0390625 0.846875 0.0015625 0.846875 0.0015625 0.95625 0.0390625 0.95625 0.0390625 0.846875
0 0.865625 0.58125 0.78125 0.58125 0.78125 0.765625 0.865625 0.765625 0.865625 0.58125
0 0.7796875 0.5 0.6890625 0.5 0.6890625 0.76875 0.7796875 0.76875 0.7796875 0.5
0 0.99375 0.3140625 0.7796875 0.3140625 0.7796875 0.428125 0.99375 0.428125 0.99375 0.3140625
0 0.85 0.05625 0.7875 0.05625 0.7875 0.2703125 0.85 0.2703125 0.85 0.05625
0 0.8359375 0.0015625 0.815625 0.0015625 0.815625 0.0171875 0.8359375 0.0171875 0.8359375 0.0015625
0 1.0 0.6484375 0.4578125 0.6484375 0.4578125 1.0 1.0 1.0 1.0 0.6484375
0 0.4453125 0.8484375 0.3796875 0.8484375 0.3796875 1.0 0.4453125 1.0 0.4453125 0.8484375
0 0.328125 0.809375 0.078125 0.809375 0.078125 0.9734375 0.328125 0.9734375 0.328125 0.809375
0 0.38125 0.0015625 0.003125 0.0015625 0.003125 0.3359375 0.38125 0.3359375 0.38125 0.0015625
0 0.4921875 0.70625 0.38125 0.70625 0.38125 0.8609375 0.4921875 0.8609375 0.4921875 0.70625
0 0.615625 0.690625 0.5421875 0.690625 0.5421875 0.8625 0.615625 0.8625 0.615625 0.690625
0 0.7 0.4796875 0.625 0.4796875 0.625 0.9015625 0.7 0.9015625 0.7 0.4796875
0 0.8515625 0.4890625 0.7171875 0.4890625 0.7171875 0.6640625 0.8515625 0.6640625 0.8515625 0.4890625
0 0.74375 0.1890625 0.5484375 0.1890625 0.5484375 0.259375 0.74375 0.259375 0.74375 0.1890625
0 0.5265625 0.0015625 0.378125 0.0015625 0.378125 0.2890625 0.5265625 0.2890625 0.5265625 0.0015625
0 1.0 0.0015625 0.828125 0.0015625 0.828125 0.246875 1.0 0.246875 1.0 0.0015625
0 0.7203125 0.0015625 0.646875 0.0015625 0.646875 0.0875 0.7203125 0.0875 0.7203125 0.0015625
0 0.8140625 0.0015625 0.5640625 0.0015625 0.5640625 0.015625 0.8140625 0.015625 0.8140625 0.0015625
