0 0.7140625 0.0484375 0.5671875 0.0484375 0.5671875 0.1640625 0.7140625 0.1640625 0.7140625 0.0484375
0 0.8921875 0.165625 0.690625 0.165625 0.690625 0.353125 0.8921875 0.353125 0.8921875 0.165625
0 0.2140625 0.140625 0.1328125 0.140625 0.1328125 0.271875 0.2140625 0.271875 0.2140625 0.140625
0 0.2328125 0.84375 0.146875 0.84375 0.146875 0.9546875 0.2328125 0.9546875 0.2328125 0.84375
0 0.1046875 0.725 0.0046875 0.725 0.0046875 0.8453125 0.1046875 0.8453125 0.1046875 0.725
0 0.5453125 0.5296875 0.4359375 0.5296875 0.4359375 0.6234375 0.5453125 0.6234375 0.5453125 0.5296875
0 0.778125 0.340625 0.628125 0.340625 0.628125 0.5390625 0.778125 0.5390625 0.778125 0.340625
0 0.096875 0.4078125 0.0015625 0.4078125 0.0015625 0.4765625 0.096875 0.4765625 0.096875 0.4078125
0 0.734375 0.2296875 0.61875 0.2296875 0.61875 0.328125 0.734375 0.328125 0.734375 0.2296875
0 0.3390625 0.0015625 0.15 0.0015625 0.15 0.14375 0.3390625 0.14375 0.3390625 0.0015625
0 0.0328125 0.96875 0.0015625 0.96875 0.0015625 1.0 0.0328125 1.0 0.0328125 0.96875
0 0.71875 0.8609375 0.4359375 0.8609375 0.4359375 1.0 0.71875 1.0 0.71875 0.8609375
0 0.815625 0.828125 0.6828125 0.828125 0.6828125 0.9140625 0.815625 0.9140625 0.815625 0.828125
0 0.1578125 0.596875 0.0140625 0.596875 0.0140625 0.73125 0.1578125 0.73125 0.1578125 0.596875
0 0.55 0.2984375 0.4265625 0.2984375 0.4265625 0.434375 0.55 0.434375 0.55 0.2984375
0 0.3015625 0.0015625 0.2375 0.0015625 0.2375 0.075 0.3015625 0.075 0.3015625 0.0015625
0 0.709375 0.0015625 0.6515625 0.0015625 0.6515625 0.1421875 0.709375 0.1421875 0.709375 0.0015625
0 0.7609375 0.0015625 0.71875 0.0015625 0.71875 0.0109375 0.7609375 0.0109375 0.7609375 0.0015625
0 0.209375 0.884375 0.0890625 0.884375 0.0890625 1.0 0.209375 1.0 0.209375 0.884375
0 1.0 0.996875 0.9984375 0.996875 0.9984375 1.0 1.0 1.0 1.0 0.996875
0 0.890625 0.846875 0.578125 0.846875 0.578125 1.0 0.890625 1.0 0.890625 0.846875
0 1.0 0.4796875 0.8984375 0.4796875 0.8984375 0.94375 1.0 0.94375 1.0 0.4796875
0 0.9609375 0.553125 0.6390625 0.553125 0.6390625 0.8828125 0.9609375 0.8828125 0.9609375 0.553125
0 0.6640625 0.7109375 0.565625 0.7109375 0.565625 0.853125 0.6640625 0.853125 0.6640625 0.7109375
0 0.1234375 0.628125 0.0015625 0.628125 0.0015625 0.8 0.1234375 0.8 0.1234375 0.628125
0 0.6109375 0.0015625 0.0015625 0.0015625 0.0015625 0.7296875 0.6109375 0.7296875 0.6109375 0.0015625
0 0.1296875 0.4609375 0.0015625 0.4609375 0.0015625 0.6234375 0.1296875 0.6234375 0.1296875 0.4609375
0 0.3171875 0.475 0.1375 0.475 0.1375 0.6796875 0.3171875 0.6796875 0.3171875 0.475
0 0.8125 0.0015625 0.4078125 0.0015625 0.4078125 0.64375 0.8125 0.64375 0.8125 0.0015625
0 1.0 0.3015625 0.8296875 0.3015625 0.8296875 0.5265625 1.0 0.5265625 1.0 0.3015625
0 0.921875 0.0015625 0.71875 0.0015625 0.71875 0.2859375 0.921875 0.2859375 0.921875 0.0015625
0 0.8984375 0.0015625 0.803125 0.0015625 0.803125 0.0203125 0.8984375 0.0203125 0.8984375 0.0015625
0 1.0 0.0015625 0.95625 0.0015625 0.95625 0.0953125 1.0 0.0953125 1.0 0.0015625
0 0.44375 0.990625 0.428125 0.990625 0.428125 1.0 0.44375 1.0 0.44375 0.990625
0 0.6109375 0.91875 0.50625 0.91875 0.50625 1.0 0.6109375 1.0 0.6109375 0.91875
0 0.01875 0.00625 0.0015625 0.00625 0.0015625 0.11875 0.01875 0.11875 0.01875 0.00625
0 0.6203125 0.3625 0.490625 0.3625 0.490625 0.5515625 0.6203125 0.5515625 0.6203125 0.3625
0 0.340625 0.546875 0.1703125 0.546875 0.1703125 0.7140625 0.340625 0.7140625 0.340625 0.546875
0 0.0515625 0.0015625 0.0015625 0.0015625 0.0015625 0.15 0.0515625 0.15 0.0515625 0.0015625
0 0.103125 0.259375 0.0015625 0.259375 0.0015625 0.4546875 0.103125 0.4546875 0.103125 0.259375
0 0.80625 0.0015625 0.6734375 0.0015625 0.6734375 0.0828125 0.80625 0.0828125 0.80625 0.0015625
0 0.2 0.5828125 0.059375 0.5828125 0.059375 0.921875 0.2 0.921875 0.2 0.5828125
0 0.028125 0.6203125 0.0015625 0.6203125 0.0015625 0.7953125 0.028125 0.7953125 0.028125 0.6203125
0 0.4984375 0.1359375 0.34375 0.1359375 0.34375 0.421875 0.4984375 0.421875 0.4984375 0.1359375
0 0.6984375 0.2359375 0.5765625 0.2359375 0.5765625 0.4828125 0.6984375 0.4828125 0.6984375 0.2359375
0 0.9640625 0.1546875 0.7703125 0.1546875 0.7703125 0.5203125 0.9640625 0.5203125 0.9640625 0.1546875
0 1.0 0.8453125 0.9890625 0.8453125 0.9890625 0.9328125 1.0 0.9328125 1.0 0.8453125
0 0.6296875 0.0015625 0.61875 0.0015625 0.61875 0.0171875 0.6296875 0.0171875 0.6296875 0.0015625
0 0.2671875 0.6921875 0.1875 0.6921875 0.1875 0.8234375 0.2671875 0.8234375 0.2671875 0.6921875
0 0.98125 0.7609375 0.7984375 0.7609375 0.7984375 0.9546875 0.98125 0.9546875 0.98125 0.7609375
0 0.5125 0.359375 0.4 0.359375 0.4 0.4734375 0.5125 0.4734375 0.5125 0.359375
0 0.3859375 0.9296875 0.2203125 0.9296875 0.2203125 1.0 0.3859375 1.0 0.3859375 0.9296875
0 0.0203125 0.253125 0.0015625 0.253125 0.0015625 0.28125 0.0203125 0.28125 0.0203125 0.253125
0 0.971875 0.0015625 0.9125 0.0015625 0.9125 0.04375 0.971875 0.04375 0.971875 0.0015625
0 0.084375 0.8234375 0.0015625 0.8234375 0.0015625 0.8921875 0.084375 0.8921875 0.084375 0.8234375
0 0.478125 0.7671875 0.38125 0.7671875 0.38125 0.9328125 0.478125 0.9328125 0.478125 0.7671875
0 0.5421875 0.7453125 0.4546875 0.7453125 0.4546875 0.85625 0.5421875 0.85625 0.5421875 0.7453125
0 0.046875 0.2796875 0.0015625 0.2796875 0.0015625 0.4265625 0.046875 0.4265625 0.046875 0.2796875
0 1.0 0.065625 0.934375 0.065625 0.934375 0.23125 1.0 0.23125 1.0 0.065625
0 1.0 0.4109375 0.9140625 0.4109375 0.9140625 0.5140625 1.0 0.5140625 1.0 0.4109375
0 0.590625 0.1796875 0.4515625 0.1796875 0.4515625 0.3859375 0.590625 0.3859375 0.590625 0.1796875
0 0.0875 0.190625 0.0015625 0.190625 0.0015625 0.34375 0.0875 0.34375 0.0875 0.190625
0 0.2671875 0.8375 0.1890625 0.8375 0.1890625 0.978125 0.2671875 0.978125 0.2671875 0.8375
0 1.0 0.2890625 0.9984375 0.2890625 0.9984375 0.2921875 1.0 0.2921875 1.0 0.2890625
0 0.9421875 0.0015625 0.8296875 0.0015625 0.8296875 0.165625 0.9421875 0.165625 0.9421875 0.0015625
