0 0.7765625 0.746875 0.66875 0.746875 0.66875 0.8953125 0.7765625 0.8953125 0.7765625 0.746875
0 0.7375 0.9125 0.615625 0.9125 0.615625 1.0 0.7375 1.0 0.7375 0.9125
0 0.58125 0.5171875 0.496875 0.5171875 0.496875 0.6171875 0.58125 0.6171875 0.58125 0.5171875
0 0.5875 0.2859375 0.35625 0.2859375 0.35625 0.4484375 0.5875 0.4484375 0.5875 0.2859375
0 0.1921875 0.8734375 0.0015625 0.8734375 0.0015625 1.0 0.1921875 1.0 0.1921875 0.8734375
0 0.028125 0.9484375 0.0015625 0.9484375 0.0015625 1.0 0.028125 1.0 0.028125 0.9484375
0 0.640625 0.8203125 0.425 0.8203125 0.425 0.9734375 0.640625 0.9734375 0.640625 0.8203125
0 0.3296875 0.45 0.21875 0.45 0.21875 0.584375 0.3296875 0.584375 0.3296875 0.45
0 0.0875 0.6671875 0.0015625 0.6671875 0.0015625 0.73125 0.0875 0.73125 0.0875 0.6671875
0 0.2625 0.9640625 0.2265625 0.9640625 0.2265625 1.0 0.2625 1.0 0.2625 0.9640625
0 0.6515625 0.8671875 0.4375 0.8671875 0.4375 1.0 0.6515625 1.0 0.6515625 0.8671875
0 0.1546875 0.5375 0.0015625 0.5375 0.0015625 0.7484375 0.1546875 0.7484375 0.1546875 0.5375
0 0.1078125 0.3796875 0.0203125 0.3796875 0.0203125 0.5 0.1078125 0.5 0.1078125 0.3796875
0 1.0 0.9625 0.9859375 0.9625 0.9859375 0.990625 1.0 0.990625 1.0 0.9625
0 1.0 0.9296875 0.9609375 0.9296875 0.9609375 1.0 1.0 1.0 1.0 0.9296875
0 1.0 0.24375 0.7421875 0.24375 0.7421875 0.6109375 1.0 0.6109375 1.0 0.24375
0 0.0078125 0.9921875 0.0015625 0.9921875 0.0015625 1.0 0.0078125 1.0 0.0078125 0.9921875
0 0.0265625 0.5015625 0.0015625 0.5015625 0.0015625 0.5515625 0.0265625 0.5515625 0.0265625 0.5015625
0 0.628125 0.8578125 0.5140625 0.8578125 0.5140625 0.946875 0.628125 0.946875 0.628125 0.8578125
0 0.8640625 0.640625 0.759375 0.640625 0.759375 0.74375 0.8640625 0.74375 0.8640625 0.640625
0 1.0 0.871875 0.928125 0.871875 0.928125 0.909375 1.0 0.909375 1.0 0.871875
0 1.0 0.478125 0.9140625 0.478125 0.9140625 0.5796875 1.0 0.5796875 1.0 0.478125
0 1.0 0.2609375 0.9375 0.2609375 0.9375 0.340625 1.0 0.340625 1.0 0.2609375
0 0.0859375 0.8046875 0.0015625 0.8046875 0.0015625 0.8796875 0.0859375 0.8796875 0.0859375 0.8046875
0 0.2 0.3625 0.0015625 0.3625 0.0015625 0.734375 0.2 0.734375 0.2 0.3625
0 0.3359375 0.4375 0.165625 0.4375 0.165625 0.60625 0.3359375 0.60625 0.3359375 0.4375
0 0.3140625 0.3421875 0.1703125 0.3421875 0.1703125 0.46875 0.3140625 0.46875 0.3140625 0.3421875
0 0.2234375 0.234375 0.0015625 0.234375 0.0015625 0.3609375 0.2234375 0.3609375 0.2234375 0.234375
0 1.0 0.646875 0.8421875 0.646875 0.8421875 0.7890625 1.0 0.7890625 1.0 0.646875
0 0.3828125 0.3421875 0.29375 0.3421875 0.29375 0.6296875 0.3828125 0.6296875 0.3828125 0.3421875
0 1.0 0.196875 0.8 0.196875 0.8 0.4328125 1.0 0.4328125 1.0 0.196875
0 1.0 0.5140625 0.740625 0.5140625 0.740625 0.634375 1.0 0.634375 1.0 0.5140625
0 0.2828125 0.175 0.0015625 0.175 0.0015625 0.2625 0.2828125 0.2625 0.2828125 0.175
0 0.44375 0.221875 0.315625 0.221875 0.315625 0.378125 0.44375 0.378125 0.44375 0.221875
0 0.296875 0.1984375 0.2203125 0.1984375 0.2203125 0.3515625 0.296875 0.3515625 0.296875 0.1984375
0 0.1265625 0.3515625 0.0015625 0.3515625 0.0015625 0.4671875 0.1265625 0.4671875 0.1265625 0.3515625
0 0.2265625 0.4640625 0.1140625 0.4640625 0.1140625 0.6265625 0.2265625 0.6265625 0.2265625 0.4640625
0 0.7390625 0.4828125 0.5640625 0.4828125 0.5640625 0.684375 0.7390625 0.684375 0.7390625 0.4828125
0 0.4078125 0.4015625 0.309375 0.4015625 0.309375 0.6421875 0.4078125 0.6421875 0.4078125 0.4015625
0 0.521875 0.3984375 0.3921875 0.3984375 0.3921875 0.6125 0.521875 0.6125 0.521875 0.3984375
0 0.3765625 0.584375 0.2125 0.584375 0.2125 0.7828125 0.3765625 0.7828125 0.3765625 0.584375
0 0.2265625 0.55 0.1078125 0.55 0.1078125 0.69375 0.2265625 0.69375 0.2265625 0.55
0 0.1015625 0.2140625 0.0015625 0.2140625 0.0015625 0.3640625 0.1015625 0.3640625 0.1015625 0.2140625
0 1.0 0.13125 0.2328125 0.13125 0.2328125 1.0 1.0 1.0 1.0 0.13125
0 1.0 0.2953125 0.8046875 0.2953125 0.8046875 0.5046875 1.0 0.5046875 1.0 0.2953125
0 1.0 0.353125 0.9734375 0.353125 0.9734375 0.3953125 1.0 0.3953125 1.0 0.353125
