0 0.428125 0.3640625 0.3203125 0.3640625 0.3203125 0.6125 0.428125 0.6125 0.428125 0.3640625
0 0.9578125 0.3859375 0.8421875 0.3859375 0.8421875 0.6375 0.9578125 0.6375 0.9578125 0.3859375
0 0.1421875 0.878125 0.096875 0.878125 0.096875 1.0 0.1421875 1.0 0.1421875 0.878125
0 0.971875 0.971875 0.9375 0.971875 0.9375 1.0 0.971875 1.0 0.971875 0.971875
0 0.4484375 0.459375 0.19375 0.459375 0.19375 1.0 0.4484375 1.0 0.4484375 0.459375
0 0.6828125 0.596875 0.590625 0.596875 0.590625 0.7015625 0.6828125 0.7015625 0.6828125 0.596875
0 0.1796875 0.515625 0.0015625 0.515625 0.0015625 0.71875 0.1796875 0.71875 0.1796875 0.515625
0 0.465625 0.3359375 0.3984375 0.3359375 0.3984375 0.5609375 0.465625 0.5609375 0.465625 0.3359375
0 0.8296875 0.290625 0.7390625 0.290625 0.7390625 0.45 0.8296875 0.45 0.8296875 0.290625
0 1.0 0.0015625 0.78125 0.0015625 0.78125 0.221875 1.0 0.221875 1.0 0.0015625
0 0.7703125 0.0015625 0.7078125 0.0015625 0.7078125 0.034375 0.7703125 0.034375 0.7703125 0.0015625
0 1.0 0.415625 0.971875 0.415625 0.971875 0.4828125 1.0 0.4828125 1.0 0.415625
0 1.0 0.2890625 0.95625 0.2890625 0.95625 0.4 1.0 0.4 1.0 0.2890625
0 0.6140625 0.0015625 0.5328125 0.0015625 0.5328125 0.025 0.6140625 0.025 0.6140625 0.0015625
0 1.0 0.0015625 0.0015625 0.0015625 0.0015625 1.0 1.0 1.0 1.0 0.0015625
