0 1.0 0.0265625 0.946875 0.0265625 0.946875 0.109375 1.0 0.109375 1.0 0.0265625
0 0.665625 0.8703125 0.565625 0.8703125 0.565625 0.9984375 0.665625 0.9984375 0.665625 0.8703125
0 0.153125 0.3375 0.0015625 0.3375 0.0015625 0.5109375 0.153125 0.5109375 0.153125 0.3375
0 0.684375 0.0015625 0.6 0.0015625 0.6 0.171875 0.684375 0.171875 0.684375 0.0015625
0 0.896875 0.7296875 0.7390625 0.7296875 0.7390625 0.85625 0.896875 0.85625 0.896875 0.7296875
0 0.7671875 0.4984375 0.6796875 0.4984375 0.6796875 0.6109375 0.7671875 0.6109375 0.7671875 0.4984375
0 1.0 0.396875 0.9265625 0.396875 0.9265625 0.628125 1.0 0.628125 1.0 0.396875
0 1.0 0.109375 0.79375 0.109375 0.79375 0.3671875 1.0 0.3671875 1.0 0.109375
0 0.8828125 0.0390625 0.765625 0.0390625 0.765625 0.190625 0.8828125 0.190625 0.8828125 0.0390625
0 0.771875 0.0078125 0.6546875 0.0078125 0.6546875 0.1375 0.771875 0.1375 0.771875 0.0078125
0 0.0453125 0.821875 0.0015625 0.821875 0.0015625 0.909375 0.0453125 0.909375 0.0453125 0.821875
0 0.615625 0.1046875 0.55 0.1046875 0.55 0.3171875 0.615625 0.3171875 0.615625 0.1046875
0 0.35625 0.234375 0.0390625 0.234375 0.0390625 0.5375 0.35625 0.5375 0.35625 0.234375
0 1.0 0.73125 0.4953125 0.73125 0.4953125 1.0 1.0 1.0 1.0 0.73125
0 0.7203125 0.9390625 0.60625 0.9390625 0.60625 1.0 0.7203125 1.0 0.7203125 0.9390625
0 0.778125 0.7140625 0.6703125 0.7140625 0.6703125 0.8890625 0.778125 0.8890625 0.778125 0.7140625
0 0.940625 0.3515625 0.759375 0.3515625 0.759375 0.6265625 0.940625 0.6265625 0.940625 0.3515625
0 0.9296875 0.2265625 0.778125 0.2265625 0.778125 0.3375 0.9296875 0.3375 0.9296875 0.2265625
0 0.7984375 0.1078125 0.64375 0.1078125 0.64375 0.2828125 0.7984375 0.2828125 0.7984375 0.1078125
0 0.8125 0.0015625 0.6828125 0.0015625 0.6828125 0.0953125 0.8125 0.0953125 0.8125 0.0015625
0 0.253125 0.0890625 0.046875 0.0890625 0.046875 0.2859375 0.253125 0.2859375 0.253125 0.0890625
0 0.46875 0.4046875 0.36875 0.4046875 0.36875 0.5375 0.46875 0.5375 0.46875 0.4046875
0 0.8609375 0.0015625 0.7796875 0.0015625 0.7796875 0.025 0.8609375 0.025 0.8609375 0.0015625
0 0.3859375 0.4125 0.0015625 0.4125 0.0015625 1.0 0.3859375 1.0 0.3859375 0.4125
0 0.4390625 0.0015625 0.0015625 0.0015625 0.0015625 0.3421875 0.4390625 0.3421875 0.4390625 0.0015625
0 0.9015625 0.5 0.3109375 0.5 0.3109375 1.0 0.9015625 1.0 0.9015625 0.5
0 0.328125 0.21875 0.2359375 0.21875 0.2359375 0.3578125 0.328125 0.3578125 0.328125 0.21875
0 1.0 0.0015625 0.4171875 0.0015625 0.4171875 0.73125 1.0 0.73125 1.0 0.0015625
0 0.9875 0.6609375 0.7546875 0.6609375 0.7546875 0.76875 0.9875 0.76875 0.9875 0.6609375
0 1.0 0.884375 0.978125 0.884375 0.978125 0.940625 1.0 0.940625 1.0 0.884375
0 0.9875 0.0015625 0.79375 0.0015625 0.79375 0.0875 0.9875 0.0875 0.9875 0.0015625
0 0.3984375 0.665625 0.2984375 0.665625 0.2984375 0.85 0.3984375 0.85 0.3984375 0.665625
