0 0.4890625 0.0140625 0.3671875 0.0140625 0.3671875 0.2203125 0.4890625 0.2203125 0.4890625 0.0140625
0 0.63125 0.0015625 0.5890625 0.0015625 0.5890625 0.153125 0.63125 0.153125 0.63125 0.0015625
0 0.1046875 0.0015625 0.0015625 0.0015625 0.0015625 0.0953125 0.1046875 0.0953125 0.1046875 0.0015625
0 0.6046875 0.0015625 0.4296875 0.0015625 0.4296875 0.4046875 0.6046875 0.4046875 0.6046875 0.0015625
0 0.3375 0.0015625 0.1375 0.0015625 0.1375 0.2578125 0.3375 0.2578125 0.3375 0.0015625
0 0.8296875 0.234375 0.5953125 0.234375 0.5953125 0.66875 0.8296875 0.66875 0.8296875 0.234375
0 0.4859375 0.3046875 0.353125 0.3046875 0.353125 0.528125 0.4859375 0.528125 0.4859375 0.3046875
0 0.1953125 0.059375 0.090625 0.059375 0.090625 0.290625 0.1953125 0.290625 0.1953125 0.059375
0 0.05 0.0015625 0.0015625 0.0015625 0.0015625 0.2046875 0.05 0.2046875 0.05 0.0015625
0 0.853125 0.0015625 0.7640625 0.0015625 0.7640625 0.2390625 0.853125 0.2390625 0.853125 0.0015625
0 0.446875 0.4984375 0.296875 0.4984375 0.296875 0.634375 0.446875 0.634375 0.446875 0.4984375
0 0.746875 0.0984375 0.6015625 0.0984375 0.6015625 0.284375 0.746875 0.284375 0.746875 0.0984375
0 0.9265625 0.034375 0.8625 0.034375 0.8625 0.2625 0.9265625 0.2625 0.9265625 0.034375
0 0.20625 0.0015625 0.0015625 0.0015625 0.0015625 0.515625 0.20625 0.515625 0.20625 0.0015625
0 0.5640625 0.2890625 0.48125 0.2890625 0.48125 0.45625 0.5640625 0.45625 0.5640625 0.2890625
0 0.5015625 0.0015625 0.34375 0.0015625 0.34375 0.0546875 0.5015625 0.0546875 0.5015625 0.0015625
0 0.6921875 0.0015625 0.690625 0.0015625 0.690625 0.00625 0.6921875 0.00625 0.6921875 0.0015625
0 0.2140625 0.0015625 0.0015625 0.0015625 0.0015625 0.7578125 0.2140625 0.7578125 0.2140625 0.0015625
0 0.5 0.0015625 0.1078125 0.0015625 0.1078125 0.484375 0.5 0.484375 0.5 0.0015625
0 0.125 0.1234375 0.0703125 0.1234375 0.0703125 0.4671875 0.125 0.4671875 0.125 0.1234375
0 0.55 0.4265625 0.446875 0.4265625 0.446875 0.6859375 0.55 0.6859375 0.55 0.4265625
0 0.690625 0.3390625 0.5984375 0.3390625 0.5984375 0.709375 0.690625 0.709375 0.690625 0.3390625
0 1.0 0.0015625 0.7296875 0.0015625 0.7296875 0.640625 1.0 0.640625 1.0 0.0015625
0 0.434375 0.375 0.3015625 0.375 0.3015625 0.5015625 0.434375 0.5015625 0.434375 0.375
0 0.7546875 0.0015625 0.5515625 0.0015625 0.5515625 0.1453125 0.7546875 0.1453125 0.7546875 0.0015625
