0 1.0 0.99375 0.9953125 0.99375 0.9953125 1.0 1.0 1.0 1.0 0.99375
0 0.884375 0.8921875 0.8125 0.8921875 0.8125 1.0 0.884375 1.0 0.884375 0.8921875
0 0.390625 0.6625 0.20625 0.6625 0.20625 0.99375 0.390625 0.99375 0.390625 0.6625
0 0.74375 0.76875 0.6234375 0.76875 0.6234375 0.9140625 0.74375 0.9140625 0.74375 0.76875
0 0.80625 0.91875 0.6671875 0.91875 0.6671875 1.0 0.80625 1.0 0.80625 0.91875
0 0.8421875 0.7203125 0.6921875 0.7203125 0.6921875 0.9140625 0.8421875 0.9140625 0.8421875 0.7203125
0 0.8609375 0.465625 0.740625 0.465625 0.740625 0.7109375 0.8609375 0.7109375 0.8609375 0.465625
0 0.721875 0.8484375 0.596875 0.8484375 0.596875 0.9671875 0.721875 0.9671875 0.721875 0.8484375
0 0.584375 0.659375 0.459375 0.659375 0.459375 0.9203125 0.584375 0.9203125 0.584375 0.659375
0 0.6375 0.6125 0.55625 0.6125 0.55625 0.834375 0.6375 0.834375 0.6375 0.6125
0 0.6734375 0.428125 0.5453125 0.428125 0.5453125 0.5546875 0.6734375 0.5546875 0.6734375 0.428125
0 0.53125 0.4 0.4109375 0.4 0.4109375 0.575 0.53125 0.575 0.53125 0.4
0 0.478125 0.196875 0.384375 0.196875 0.384375 0.2984375 0.478125 0.2984375 0.478125 0.196875
0 0.73125 0.0875 0.6234375 0.0875 0.6234375 0.196875 0.73125 0.196875 0.73125 0.0875
0 0.5609375 0.040625 0.3015625 0.040625 0.3015625 0.2171875 0.5609375 0.2171875 0.5609375 0.040625
0 0.3765625 0.9125 0.29375 0.9125 0.29375 1.0 0.3765625 1.0 0.3765625 0.9125
0 0.5609375 0.25 0.184375 0.25 0.184375 1.0 0.5609375 1.0 0.5609375 0.25
0 0.75 0.91875 0.575 0.91875 0.575 1.0 0.75 1.0 0.75 0.91875
0 0.8265625 0.846875 0.659375 0.846875 0.659375 1.0 0.8265625 1.0 0.8265625 0.846875
0 0.8625 0.1828125 0.59375 0.1828125 0.59375 0.8578125 0.8625 0.8578125 0.8625 0.1828125
0 0.59375 0.65 0.5265625 0.65 0.5265625 0.871875 0.59375 0.871875 0.59375 0.65
0 0.9 0.6046875 0.7515625 0.6046875 0.7515625 0.821875 0.9 0.821875 0.9 0.6046875
0 0.6234375 0.3203125 0.5265625 0.3203125 0.5265625 0.4453125 0.6234375 0.4453125 0.6234375 0.3203125
0 0.5703125 0.421875 0.4609375 0.421875 0.4609375 0.559375 0.5703125 0.559375 0.5703125 0.421875
0 0.7015625 0.0609375 0.3109375 0.0609375 0.3109375 0.371875 0.7015625 0.371875 0.7015625 0.0609375
0 0.9046875 0.1640625 0.8078125 0.1640625 0.8078125 0.434375 0.9046875 0.434375 0.9046875 0.1640625
0 0.915625 0.50625 0.8203125 0.50625 0.8203125 0.6796875 0.915625 0.6796875 0.915625 0.50625
0 1.0 0.0109375 0.946875 0.0109375 0.946875 0.1109375 1.0 0.1109375 1.0 0.0109375
0 0.309375 0.84375 0.05 0.84375 0.05 1.0 0.309375 1.0 0.309375 0.84375
0 0.6234375 0.790625 0.53125 0.790625 0.53125 1.0 0.6234375 1.0 0.6234375 0.790625
0 1.0 0.84375 0.9125 0.84375 0.9125 0.9828125 1.0 0.9828125 1.0 0.84375
0 0.7875 0.209375 0.553125 0.209375 0.553125 0.4765625 0.7875 0.4765625 0.7875 0.209375
0 0.54375 0.1265625 0.2984375 0.1265625 0.2984375 0.496875 0.54375 0.496875 0.54375 0.1265625
0 0.3078125 0.9515625 0.246875 0.9515625 0.246875 1.0 0.3078125 1.0 0.3078125 0.9515625
0 0.4671875 0.8 0.3515625 0.8 0.3515625 1.0 0.4671875 1.0 0.4671875 0.8
0 0.721875 0.421875 0.4609375 0.421875 0.4609375 0.746875 0.721875 0.746875 0.721875 0.421875
0 1.0 0.684375 0.7875 0.684375 0.7875 1.0 1.0 1.0 1.0 0.684375
0 0.7765625 0.621875 0.703125 0.621875 0.703125 0.7890625 0.7765625 0.7890625 0.7765625 0.621875
0 0.9625 0.3140625 0.8484375 0.3140625 0.8484375 0.5375 0.9625 0.5375 0.9625 0.3140625
0 0.253125 0.9875 0.209375 0.9875 0.209375 1.0 0.253125 1.0 0.253125 0.9875
0 0.4296875 0.859375 0.321875 0.859375 0.321875 1.0 0.4296875 1.0 0.4296875 0.859375
0 1.0 0.9359375 0.9953125 0.9359375 0.9953125 0.9625 1.0 0.9625 1.0 0.9359375
0 1.0 0.0375 0.6921875 0.0375 0.6921875 0.8234375 1.0 0.8234375 1.0 0.0375
0 0.6609375 0.0578125 0.5609375 0.0578125 0.5609375 0.2140625 0.6609375 0.2140625 0.6609375 0.0578125
0 1.0 0.0015625 0.971875 0.0015625 0.971875 0.015625 1.0 0.015625 1.0 0.0015625
