0 1.0 0.0421875 0.909375 0.0421875 0.909375 0.328125 1.0 0.328125 1.0 0.0421875
0 0.678125 0.1078125 0.5890625 0.1078125 0.5890625 0.271875 0.678125 0.271875 0.678125 0.1078125
0 0.4171875 0.3 0.0796875 0.3 0.0796875 0.46875 0.4171875 0.46875 0.4171875 0.3
0 0.1609375 0.0015625 0.009375 0.0015625 0.009375 0.075 0.1609375 0.075 0.1609375 0.0015625
0 0.4375 0.3171875 0.2453125 0.3171875 0.2453125 0.45 0.4375 0.45 0.4375 0.3171875
0 0.325 0.059375 0.2625 0.059375 0.2625 0.2015625 0.325 0.2015625 0.325 0.059375
0 0.0296875 0.765625 0.0015625 0.765625 0.0015625 1.0 0.0296875 1.0 0.0296875 0.765625
0 0.10625 0.3375 0.0015625 0.3375 0.0015625 0.5234375 0.10625 0.5234375 0.10625 0.3375
0 0.2640625 0.2109375 0.0015625 0.2109375 0.0015625 0.390625 0.2640625 0.390625 0.2640625 0.2109375
0 0.13125 0.096875 0.0078125 0.096875 0.0078125 0.24375 0.13125 0.24375 0.13125 0.096875
0 0.040625 0.0578125 0.0015625 0.0578125 0.0015625 0.13125 0.040625 0.13125 0.040625 0.0578125
0 0.2859375 0.390625 0.1875 0.390625 0.1875 0.5171875 0.2859375 0.5171875 0.2859375 0.390625
0 1.0 0.3234375 0.9703125 0.3234375 0.9703125 0.3859375 1.0 0.3859375 1.0 0.3234375
0 0.0109375 0.9203125 0.0015625 0.9203125 0.0015625 0.95625 0.0109375 0.95625 0.0109375 0.9203125
0 0.5546875 0.9890625 0.5359375 0.9890625 0.5359375 1.0 0.5546875 1.0 0.5546875 0.9890625
0 0.4453125 0.853125 0.3703125 0.853125 0.3703125 1.0 0.4453125 1.0 0.4453125 0.853125
0 0.2296875 0.48125 0.146875 0.48125 0.146875 0.71875 0.2296875 0.71875 0.2296875 0.48125
0 0.584375 0.275 0.35625 0.275 0.35625 0.5640625 0.584375 0.5640625 0.584375 0.275
0 1.0 0.2875 0.915625 0.2875 0.915625 0.5046875 1.0 0.5046875 1.0 0.2875
0 0.9234375 0.3421875 0.73125 0.3421875 0.73125 0.521875 0.9234375 0.521875 0.9234375 0.3421875
0 0.60625 0.1234375 0.53125 0.1234375 0.53125 0.234375 0.60625 0.234375 0.60625 0.1234375
0 0.8875 0.109375 0.3984375 0.109375 0.3984375 1.0 0.8875 1.0 0.8875 0.109375
0 0.0859375 0.4609375 0.0015625 0.4609375 0.0015625 0.8453125 0.0859375 0.8453125 0.0859375 0.4609375
0 0.3125 0.146875 0.240625 0.146875 0.240625 0.3578125 0.3125 0.3578125 0.3125 0.146875
0 0.16875 0.18125 0.0015625 0.18125 0.0015625 0.3234375 0.16875 0.3234375 0.16875 0.18125
0 0.0109375 0.0015625 0.0015625 0.0015625 0.0015625 0.0609375 0.0109375 0.0609375 0.0109375 0.0015625
0 0.8125 0.7578125 0.503125 0.7578125 0.503125 1.0 0.8125 1.0 0.8125 0.7578125
0 0.8140625 0.3875 0.61875 0.3875 0.61875 0.7078125 0.8140625 0.7078125 0.8140625 0.3875
0 0.6515625 0.2890625 0.509375 0.2890625 0.509375 0.4609375 0.6515625 0.4609375 0.6515625 0.2890625
0 1.0 0.684375 0.89375 0.684375 0.89375 0.8859375 1.0 0.8859375 1.0 0.684375
0 0.49375 0.0015625 0.240625 0.0015625 0.240625 0.15 0.49375 0.15 0.49375 0.0015625
0 0.1515625 0.0015625 0.01875 0.0015625 0.01875 0.05 0.1515625 0.05 0.1515625 0.0015625
0 1.0 0.4625 0.95625 0.4625 0.95625 0.621875 1.0 0.621875 1.0 0.4625
0 0.9015625 0.425 0.784375 0.425 0.784375 0.565625 0.9015625 0.565625 0.9015625 0.425
0 0.59375 0.0640625 0.434375 0.0640625 0.434375 0.3234375 0.59375 0.3234375 0.59375 0.0640625
0 0.68125 0.0015625 0.665625 0.0015625 0.665625 0.00625 0.68125 0.00625 0.68125 0.0015625
0 0.203125 0.3140625 0.0203125 0.3140625 0.0203125 0.425 0.203125 0.425 0.203125 0.3140625
0 0.8109375 0.0171875 0.653125 0.0171875 0.653125 0.2515625 0.8109375 0.2515625 0.8109375 0.0171875
0 0.6421875 0.0015625 0.5078125 0.0015625 0.5078125 0.1234375 0.6421875 0.1234375 0.6421875 0.0015625
0 0.109375 0.5671875 0.021875 0.5671875 0.021875 0.946875 0.109375 0.946875 0.109375 0.5671875
0 0.2703125 0.609375 0.1578125 0.609375 0.1578125 0.79375 0.2703125 0.79375 0.2703125 0.609375
0 0.7578125 0.5171875 0.6640625 0.5171875 0.6640625 0.6890625 0.7578125 0.6890625 0.7578125 0.5171875
0 0.6328125 0.421875 0.4984375 0.421875 0.4984375 0.6578125 0.6328125 0.6578125 0.6328125 0.421875
0 0.2046875 0.3953125 0.053125 0.3953125 0.053125 0.565625 0.2046875 0.565625 0.2046875 0.3953125
0 0.0484375 0.41875 0.0015625 0.41875 0.0015625 0.5 0.0484375 0.5 0.0484375 0.41875
0 0.334375 0.2015625 0.2578125 0.2015625 0.2578125 0.3546875 0.334375 0.3546875 0.334375 0.2015625
0 0.1609375 0.884375 0.059375 0.884375 0.059375 1.0 0.1609375 1.0 0.1609375 0.884375
0 0.3265625 0.8625 0.23125 0.8625 0.23125 0.96875 0.3265625 0.96875 0.3265625 0.8625
0 0.340625 0.4828125 0.228125 0.4828125 0.228125 0.6328125 0.340625 0.6328125 0.340625 0.4828125
0 0.271875 0.003125 0.1140625 0.003125 0.1140625 0.2484375 0.271875 0.2484375 0.271875 0.003125
0 0.9890625 0.934375 0.928125 0.934375 0.928125 1.0 0.9890625 1.0 0.9890625 0.934375
0 0.978125 0.63125 0.7734375 0.63125 0.7734375 1.0 0.978125 1.0 0.978125 0.63125
0 1.0 0.73125 0.9953125 0.73125 0.9953125 0.75625 1.0 0.75625 1.0 0.73125
0 0.503125 0.09375 0.3453125 0.09375 0.3453125 0.2953125 0.503125 0.2953125 0.503125 0.09375
0 0.946875 0.3359375 0.753125 0.3359375 0.753125 0.6171875 0.946875 0.6171875 0.946875 0.3359375
0 0.4421875 0.7015625 0.003125 0.7015625 0.003125 1.0 0.4421875 1.0 0.4421875 0.7015625
0 0.1953125 0.4859375 0.1234375 0.4859375 0.1234375 0.8125 0.1953125 0.8125 0.1953125 0.4859375
0 0.3 0.525 0.215625 0.525 0.215625 0.64375 0.3 0.64375 0.3 0.525
0 0.4484375 0.3828125 0.2296875 0.3828125 0.2296875 0.55625 0.4484375 0.55625 0.4484375 0.3828125
0 0.421875 0.0015625 0.0015625 0.0015625 0.0015625 0.440625 0.421875 0.440625 0.421875 0.0015625
0 0.6921875 0.240625 0.50625 0.240625 0.50625 0.340625 0.6921875 0.340625 0.6921875 0.240625
0 0.4359375 0.221875 0.3296875 0.221875 0.3296875 0.328125 0.4359375 0.328125 0.4359375 0.221875
0 0.540625 0.040625 0.446875 0.040625 0.446875 0.2921875 0.540625 0.2921875 0.540625 0.040625
0 0.840625 0.8546875 0.7703125 0.8546875 0.7703125 1.0 0.840625 1.0 0.840625 0.8546875
0 1.0 0.35 0.9578125 0.35 0.9578125 0.428125 1.0 0.428125 1.0 0.35
0 1.0 0.0015625 0.978125 0.0015625 0.978125 0.05 1.0 0.05 1.0 0.0015625
