0 0.940625 0.896875 0.8734375 0.896875 0.8734375 1.0 0.940625 1.0 0.940625 0.896875
0 1.0 0.93125 0.9734375 0.93125 0.9734375 1.0 1.0 1.0 1.0 0.93125
0 0.903125 0.8640625 0.8359375 0.8640625 0.8359375 1.0 0.903125 1.0 0.903125 0.8640625
0 0.9875 0.1453125 0.8953125 0.1453125 0.8953125 0.259375 0.9875 0.259375 0.9875 0.1453125
0 0.4421875 0.0015625 0.2859375 0.0015625 0.2859375 0.0859375 0.4421875 0.0859375 0.4421875 0.0015625
0 0.08125 0.0015625 0.0015625 0.0015625 0.0015625 0.053125 0.08125 0.053125 0.08125 0.0015625
0 0.184375 0.0015625 0.090625 0.0015625 0.090625 0.09375 0.184375 0.09375 0.184375 0.0015625
0 0.04375 0.1625 0.0015625 0.1625 0.0015625 0.2375 0.04375 0.2375 0.04375 0.1625
0 0.2046875 0.9046875 0.1078125 0.9046875 0.1078125 1.0 0.2046875 1.0 0.2046875 0.9046875
0 0.115625 0.878125 0.0359375 0.878125 0.0359375 1.0 0.115625 1.0 0.115625 0.878125
0 0.2828125 0.7625 0.1640625 0.7625 0.1640625 0.9515625 0.2828125 0.9515625 0.2828125 0.7625
0 0.078125 0.6078125 0.0015625 0.6078125 0.0015625 0.8265625 0.078125 0.8265625 0.078125 0.6078125
0 0.30625 0.4640625 0.165625 0.4640625 0.165625 0.5609375 0.30625 0.5609375 0.30625 0.4640625
0 0.2734375 0.253125 0.0796875 0.253125 0.0796875 0.5078125 0.2734375 0.5078125 0.2734375 0.253125
0 0.428125 0.0296875 0.25625 0.0296875 0.25625 0.3546875 0.428125 0.3546875 0.428125 0.0296875
0 0.846875 0.6734375 0.74375 0.6734375 0.74375 1.0 0.846875 1.0 0.846875 0.6734375
0 0.4390625 0.6671875 0.2953125 0.6671875 0.2953125 1.0 0.4390625 1.0 0.4390625 0.6671875
0 0.740625 0.6671875 0.5515625 0.6671875 0.5515625 0.88125 0.740625 0.88125 0.740625 0.6671875
0 0.9953125 0.6828125 0.9125 0.6828125 0.9125 0.8578125 0.9953125 0.8578125 0.9953125 0.6828125
0 0.5796875 0.6109375 0.48125 0.6109375 0.48125 0.903125 0.5796875 0.903125 0.5796875 0.6109375
0 0.55625 0.4390625 0.4421875 0.4390625 0.4421875 0.653125 0.55625 0.653125 0.55625 0.4390625
0 0.7796875 0.4125 0.5640625 0.4125 0.5640625 0.6140625 0.7796875 0.6140625 0.7796875 0.4125
0 1.0 0.2 0.9078125 0.2 0.9078125 0.5234375 1.0 0.5234375 1.0 0.2
0 0.584375 0.2796875 0.5140625 0.2796875 0.5140625 0.41875 0.584375 0.41875 0.584375 0.2796875
0 0.5375 0.0484375 0.4609375 0.0484375 0.4609375 0.23125 0.5375 0.23125 0.5375 0.0484375
0 0.6875 0.009375 0.51875 0.009375 0.51875 0.1921875 0.6875 0.1921875 0.6875 0.009375
0 0.85625 0.0015625 0.7625 0.0015625 0.7625 0.009375 0.85625 0.009375 0.85625 0.0015625
0 0.6703125 0.8859375 0.528125 0.8859375 0.528125 0.9671875 0.6703125 0.9671875 0.6703125 0.8859375
0 0.321875 0.6203125 0.2546875 0.6203125 0.2546875 0.7984375 0.321875 0.7984375 0.321875 0.6203125
0 1.0 0.059375 0.9765625 0.059375 0.9765625 0.08125 1.0 0.08125 1.0 0.059375
0 1.0 0.0015625 0.0015625 0.0015625 0.0015625 1.0 1.0 1.0 1.0 0.0015625
