0 0.425 0.6609375 0.30625 0.6609375 0.30625 0.859375 0.425 0.859375 0.425 0.6609375
0 0.6890625 0.853125 0.5390625 0.853125 0.5390625 1.0 0.6890625 1.0 0.6890625 0.853125
0 0.390625 0.378125 0.13125 0.378125 0.13125 0.821875 0.390625 0.821875 0.390625 0.378125
0 1.0 0.2359375 0.8953125 0.2359375 0.8953125 0.4375 1.0 0.4375 1.0 0.2359375
0 0.196875 0.0015625 0.115625 0.0015625 0.115625 0.04375 0.196875 0.04375 0.196875 0.0015625
0 0.328125 0.0015625 0.25 0.0015625 0.25 0.0546875 0.328125 0.0546875 0.328125 0.0015625
0 0.24375 0.9625 0.1140625 0.9625 0.1140625 1.0 0.24375 1.0 0.24375 0.9625
0 0.53125 0.3109375 0.3453125 0.3109375 0.3453125 0.478125 0.53125 0.478125 0.53125 0.3109375
0 0.240625 0.2421875 0.1546875 0.2421875 0.1546875 0.3921875 0.240625 0.3921875 0.240625 0.2421875
0 0.51875 0.08125 0.4078125 0.08125 0.4078125 0.1828125 0.51875 0.1828125 0.51875 0.08125
0 0.490625 0.0015625 0.3984375 0.0015625 0.3984375 0.078125 0.490625 0.078125 0.490625 0.0015625
0 0.2375 0.225 0.1359375 0.225 0.1359375 0.359375 0.2375 0.359375 0.2375 0.225
0 0.109375 0.1828125 0.028125 0.1828125 0.028125 0.290625 0.109375 0.290625 0.109375 0.1828125
0 0.41875 0.81875 0.165625 0.81875 0.165625 1.0 0.41875 1.0 0.41875 0.81875
0 0.390625 0.63125 0.2421875 0.63125 0.2421875 0.784375 0.390625 0.784375 0.390625 0.63125
0 0.6078125 0.765625 0.396875 0.765625 0.396875 1.0 0.6078125 1.0 0.6078125 0.765625
0 0.5078125 0.6703125 0.3578125 0.6703125 0.3578125 0.8453125 0.5078125 0.8453125 0.5078125 0.6703125
0 0.54375 0.275 0.4203125 0.275 0.4203125 0.38125 0.54375 0.38125 0.54375 0.275
0 0.446875 0.075 0.334375 0.075 0.334375 0.240625 0.446875 0.240625 0.446875 0.075
0 0.825 0.0015625 0.771875 0.0015625 0.771875 0.1578125 0.825 0.1578125 0.825 0.0015625
0 0.7640625 0.0015625 0.678125 0.0015625 0.678125 0.128125 0.7640625 0.128125 0.7640625 0.0015625
0 0.8765625 0.0015625 0.828125 0.0015625 0.828125 0.178125 0.8765625 0.178125 0.8765625 0.0015625
0 0.3875 0.0015625 0.0015625 0.0015625 0.0015625 1.0 0.3875 1.0 0.3875 0.0015625
0 1.0 0.0015625 0.675 0.0015625 0.675 1.0 1.0 1.0 1.0 0.0015625
0 0.73125 0.425 0.4078125 0.425 0.4078125 1.0 0.73125 1.0 0.73125 0.425
0 0.684375 0.0015625 0.34375 0.0015625 0.34375 0.39375 0.684375 0.39375 0.684375 0.0015625
0 0.0171875 0.984375 0.0015625 0.984375 0.0015625 1.0 0.0171875 1.0 0.0171875 0.984375
0 0.253125 0.9875 0.1953125 0.9875 0.1953125 1.0 0.253125 1.0 0.253125 0.9875
0 0.6453125 0.9984375 0.3875 0.9984375 0.3875 1.0 0.6453125 1.0 0.6453125 0.9984375
0 0.01875 0.88125 0.0015625 0.88125 0.0015625 0.9390625 0.01875 0.9390625 0.01875 0.88125
