0 1.0 0.0921875 0.759375 0.0921875 0.759375 0.3859375 1.0 0.3859375 1.0 0.0921875
0 1.0 0.034375 0.853125 0.034375 0.853125 0.1234375 1.0 0.1234375 1.0 0.034375
0 0.8375 0.9734375 0.7609375 0.9734375 0.7609375 1.0 0.8375 1.0 0.8375 0.9734375
0 1.0 0.7203125 0.8640625 0.7203125 0.8640625 0.965625 1.0 0.965625 1.0 0.7203125
0 0.9328125 0.4578125 0.81875 0.4578125 0.81875 0.7390625 0.9328125 0.7390625 0.9328125 0.4578125
0 0.934375 0.475 0.8609375 0.475 0.8609375 0.6375 0.934375 0.6375 0.934375 0.475
0 1.0 0.4703125 0.925 0.4703125 0.925 0.5984375 1.0 0.5984375 1.0 0.4703125
0 1.0 0.3875 0.9125 0.3875 0.9125 0.521875 1.0 0.521875 1.0 0.3875
0 1.0 0.9078125 0.8640625 0.9078125 0.8640625 1.0 1.0 1.0 1.0 0.9078125
0 0.990625 0.7890625 0.8734375 0.7890625 0.8734375 0.9359375 0.990625 0.9359375 0.990625 0.7890625
0 1.0 0.6921875 0.853125 0.6921875 0.853125 0.8578125 1.0 0.8578125 1.0 0.6921875
0 1.0 0.4203125 0.9234375 0.4203125 0.9234375 0.68125 1.0 0.68125 1.0 0.4203125
0 0.921875 0.0015625 0.896875 0.0015625 0.896875 0.0125 0.921875 0.0125 0.921875 0.0015625
0 0.215625 0.1890625 0.021875 0.1890625 0.021875 0.3359375 0.215625 0.3359375 0.215625 0.1890625
0 1.0 0.0015625 0.8328125 0.0015625 0.8328125 0.0953125 1.0 0.0953125 1.0 0.0015625
0 0.35625 0.0015625 0.0171875 0.0015625 0.0171875 0.10625 0.35625 0.10625 0.35625 0.0015625
0 0.375 0.6546875 0.08125 0.6546875 0.08125 0.9953125 0.375 0.9953125 0.375 0.6546875
0 0.0421875 0.0015625 0.0015625 0.0015625 0.0015625 0.1171875 0.0421875 0.1171875 0.0421875 0.0015625
0 0.10625 0.55 0.0015625 0.55 0.0015625 0.7875 0.10625 0.7875 0.10625 0.55
0 0.26875 0.465625 0.0828125 0.465625 0.0828125 0.678125 0.26875 0.678125 0.26875 0.465625
0 0.65625 0.6234375 0.54375 0.6234375 0.54375 0.9515625 0.65625 0.9515625 0.65625 0.6234375
0 0.10625 0.846875 0.0015625 0.846875 0.0015625 1.0 0.10625 1.0 0.10625 0.846875
0 0.175 0.75 0.05 0.75 0.05 0.9296875 0.175 0.9296875 0.175 0.75
0 0.1375 0.290625 0.046875 0.290625 0.046875 0.3953125 0.1375 0.3953125 0.1375 0.290625
0 0.1640625 0.05 0.0015625 0.05 0.0015625 0.196875 0.1640625 0.196875 0.1640625 0.05
0 0.375 0.940625 0.3390625 0.940625 0.3390625 1.0 0.375 1.0 0.375 0.940625
0 0.3140625 0.9359375 0.14375 0.9359375 0.14375 1.0 0.3140625 1.0 0.3140625 0.9359375
0 0.5546875 0.6296875 0.3796875 0.6296875 0.3796875 0.9296875 0.5546875 0.9296875 0.5546875 0.6296875
0 0.2046875 0.659375 0.0640625 0.659375 0.0640625 0.821875 0.2046875 0.821875 0.2046875 0.659375
0 0.403125 0.53125 0.25 0.53125 0.25 0.728125 0.403125 0.728125 0.403125 0.53125
0 0.65 0.059375 0.3828125 0.059375 0.3828125 0.6546875 0.65 0.6546875 0.65 0.059375
0 0.2859375 0.1765625 0.203125 0.1765625 0.203125 0.3328125 0.2859375 0.3328125 0.2859375 0.1765625
0 0.428125 0.0015625 0.2546875 0.0015625 0.2546875 0.14375 0.428125 0.14375 0.428125 0.0015625
0 0.6359375 0.0015625 0.521875 0.0015625 0.521875 0.071875 0.6359375 0.071875 0.6359375 0.0015625
0 0.446875 0.0015625 0.421875 0.0015625 0.421875 0.0078125 0.446875 0.0078125 0.446875 0.0015625
0 0.95625 0.3796875 0.89375 0.3796875 0.89375 0.68125 0.95625 0.68125 0.95625 0.3796875
0 0.3046875 0.2765625 0.2515625 0.2765625 0.2515625 0.5671875 0.3046875 0.5671875 0.3046875 0.2765625
0 0.5671875 0.15 0.3421875 0.15 0.3421875 0.253125 0.5671875 0.253125 0.5671875 0.15
0 0.5140625 0.0015625 0.3640625 0.0015625 0.3640625 0.2 0.5140625 0.2 0.5140625 0.0015625
0 0.3875 0.840625 0.303125 0.840625 0.303125 1.0 0.3875 1.0 0.3875 0.840625
0 0.41875 0.2828125 0.29375 0.2828125 0.29375 0.590625 0.41875 0.590625 0.41875 0.2828125
0 0.15625 0.825 0.034375 0.825 0.034375 1.0 0.15625 1.0 0.15625 0.825
0 0.078125 0.1078125 0.0015625 0.1078125 0.0015625 0.259375 0.078125 0.259375 0.078125 0.1078125
0 0.2109375 0.4078125 0.0015625 0.4078125 0.0015625 0.7015625 0.2109375 0.7015625 0.2109375 0.4078125
0 0.103125 0.0015625 0.075 0.0015625 0.075 0.00625 0.103125 0.00625 0.103125 0.0015625
0 0.7984375 0.0015625 0.35 0.0015625 0.35 1.0 0.7984375 1.0 0.7984375 0.0015625
0 0.33125 0.596875 0.2484375 0.596875 0.2484375 0.8390625 0.33125 0.8390625 0.33125 0.596875
0 0.4015625 0.0015625 0.13125 0.0015625 0.13125 0.259375 0.4015625 0.259375 0.4015625 0.0015625
0 0.8515625 0.871875 0.740625 0.871875 0.740625 1.0 0.8515625 1.0 0.8515625 0.871875
0 1.0 0.8890625 0.9921875 0.8890625 0.9921875 1.0 1.0 1.0 1.0 0.8890625
0 1.0 0.10625 0.840625 0.10625 0.840625 0.8640625 1.0 0.8640625 1.0 0.10625
0 0.85625 0.0015625 0.8265625 0.0015625 0.8265625 0.0921875 0.85625 0.0921875 0.85625 0.0015625
