0 0.834375 0.0015625 0.0015625 0.0015625 0.0015625 0.6921875 0.834375 0.6921875 0.834375 0.0015625
0 0.24375 0.6046875 0.0890625 0.6046875 0.0890625 0.9296875 0.24375 0.9296875 0.24375 0.6046875
0 0.5515625 0.7671875 0.3875 0.7671875 0.3875 1.0 0.5515625 1.0 0.5515625 0.7671875
0 1.0 0.5984375 0.884375 0.5984375 0.884375 0.890625 1.0 0.890625 1.0 0.5984375
0 0.1375 0.3484375 0.0015625 0.3484375 0.0015625 0.8828125 0.1375 0.8828125 0.1375 0.3484375
0 0.0171875 0.0015625 0.0015625 0.0015625 0.0015625 0.0890625 0.0171875 0.0890625 0.0171875 0.0015625
0 0.2875 0.1140625 0.1625 0.1140625 0.1625 0.3140625 0.2875 0.3140625 0.2875 0.1140625
0 0.6609375 0.0015625 0.4078125 0.0015625 0.4078125 0.203125 0.6609375 0.203125 0.6609375 0.0015625
0 0.2890625 0.9890625 0.2703125 0.9890625 0.2703125 1.0 0.2890625 1.0 0.2890625 0.9890625
0 0.1390625 0.8734375 0.0015625 0.8734375 0.0015625 1.0 0.1390625 1.0 0.1390625 0.8734375
0 0.684375 0.865625 0.496875 0.865625 0.496875 1.0 0.684375 1.0 0.684375 0.865625
0 1.0 0.0328125 0.5734375 0.0328125 0.5734375 1.0 1.0 1.0 1.0 0.0328125
0 0.546875 0.671875 0.403125 0.671875 0.403125 0.925 0.546875 0.925 0.546875 0.671875
0 1.0 0.0015625 0.11875 0.0015625 0.11875 0.9640625 1.0 0.9640625 1.0 0.0015625
0 0.253125 0.0015625 0.1078125 0.0015625 0.1078125 0.2578125 0.253125 0.2578125 0.253125 0.0015625
0 0.7078125 0.0015625 0.6125 0.0015625 0.6125 0.08125 0.7078125 0.08125 0.7078125 0.0015625
0 0.36875 0.7921875 0.0875 0.7921875 0.0875 1.0 0.36875 1.0 0.36875 0.7921875
0 0.428125 0.8609375 0.2796875 0.8609375 0.2796875 1.0 0.428125 1.0 0.428125 0.8609375
0 0.7140625 0.6921875 0.5359375 0.6921875 0.5359375 0.8078125 0.7140625 0.8078125 0.7140625 0.6921875
0 0.7578125 0.0015625 0.7 0.0015625 0.7 0.08125 0.7578125 0.08125 0.7578125 0.0015625
0 0.1203125 0.646875 0.0015625 0.646875 0.0015625 0.9140625 0.1203125 0.9140625 0.1203125 0.646875
0 0.234375 0.575 0.0828125 0.575 0.0828125 0.809375 0.234375 0.809375 0.234375 0.575
