0 0.290625 0.0015625 0.128125 0.0015625 0.128125 0.090625 0.290625 0.090625 0.290625 0.0015625
0 0.55 0.0546875 0.340625 0.0546875 0.340625 0.21875 0.55 0.21875 0.55 0.0546875
0 0.165625 0.0359375 0.025 0.0359375 0.025 0.1421875 0.165625 0.1421875 0.165625 0.0359375
0 1.0 0.3546875 0.971875 0.3546875 0.971875 0.4328125 1.0 0.4328125 1.0 0.3546875
0 0.1078125 0.271875 0.03125 0.271875 0.03125 0.384375 0.1078125 0.384375 0.1078125 0.271875
0 0.1953125 0.0015625 0.0484375 0.0015625 0.0484375 0.13125 0.1953125 0.13125 0.1953125 0.0015625
0 0.1765625 0.26875 0.096875 0.26875 0.096875 0.3734375 0.1765625 0.3734375 0.1765625 0.26875
0 0.1703125 0.075 0.0734375 0.075 0.0734375 0.1921875 0.1703125 0.1921875 0.1703125 0.075
0 0.6234375 0.0015625 0.528125 0.0015625 0.528125 0.065625 0.6234375 0.065625 0.6234375 0.0015625
0 0.240625 0.25625 0.0265625 0.25625 0.0265625 0.43125 0.240625 0.43125 0.240625 0.25625
0 0.1203125 0.0640625 0.0015625 0.0640625 0.0015625 0.2203125 0.1203125 0.2203125 0.1203125 0.0640625
0 0.265625 0.0015625 0.1796875 0.0015625 0.1796875 0.0640625 0.265625 0.0640625 0.265625 0.0015625
0 0.0984375 0.665625 0.0015625 0.665625 0.0015625 0.840625 0.0984375 0.840625 0.0984375 0.665625
0 0.2375 0.0015625 0.203125 0.0015625 0.203125 0.0140625 0.2375 0.0140625 0.2375 0.0015625
0 0.8515625 0.578125 0.771875 0.578125 0.771875 0.6796875 0.8515625 0.6796875 0.8515625 0.578125
0 0.0984375 0.0015625 0.0015625 0.0015625 0.0015625 0.10625 0.0984375 0.10625 0.0984375 0.0015625
0 0.7015625 0.3328125 0.4515625 0.3328125 0.4515625 0.55 0.7015625 0.55 0.7015625 0.3328125
0 0.621875 0.225 0.4828125 0.225 0.4828125 0.375 0.621875 0.375 0.621875 0.225
0 0.1859375 0.1640625 0.0359375 0.1640625 0.0359375 0.28125 0.1859375 0.28125 0.1859375 0.1640625
0 0.909375 0.0015625 0.7796875 0.0015625 0.7796875 0.2328125 0.909375 0.2328125 0.909375 0.0015625
0 0.81875 0.05625 0.6609375 0.05625 0.6609375 0.2671875 0.81875 0.2671875 0.81875 0.05625
0 0.2171875 0.0015625 0.109375 0.0015625 0.109375 0.025 0.2171875 0.025 0.2171875 0.0015625
0 1.0 0.3671875 0.965625 0.3671875 0.965625 0.484375 1.0 0.484375 1.0 0.3671875
0 0.6203125 0.559375 0.4859375 0.559375 0.4859375 0.678125 0.6203125 0.678125 0.6203125 0.559375
0 0.7265625 0.015625 0.4765625 0.015625 0.4765625 0.209375 0.7265625 0.209375 0.7265625 0.015625
0 0.859375 0.01875 0.6921875 0.01875 0.6921875 0.303125 0.859375 0.303125 0.859375 0.01875
0 0.5015625 0.39375 0.3140625 0.39375 0.3140625 0.55 0.5015625 0.55 0.5015625 0.39375
0 0.7703125 0.165625 0.6609375 0.165625 0.6609375 0.3515625 0.7703125 0.3515625 0.7703125 0.165625
0 0.215625 0.8625 0.0484375 0.8625 0.0484375 0.9921875 0.215625 0.9921875 0.215625 0.8625
0 0.78125 0.39375 0.5734375 0.39375 0.5734375 0.5234375 0.78125 0.5234375 0.78125 0.39375
0 0.05 0.60625 0.0015625 0.60625 0.0015625 0.70625 0.05 0.70625 0.05 0.60625
0 0.5109375 0.00625 0.3453125 0.00625 0.3453125 0.1296875 0.5109375 0.1296875 0.5109375 0.00625
0 0.1890625 0.634375 0.0703125 0.634375 0.0703125 0.8109375 0.1890625 0.8109375 0.1890625 0.634375
0 0.4328125 0.0015625 0.146875 0.0015625 0.146875 0.2171875 0.4328125 0.2171875 0.4328125 0.0015625
0 0.7265625 0.98125 0.6828125 0.98125 0.6828125 1.0 0.7265625 1.0 0.7265625 0.98125
0 0.5875 0.8578125 0.3859375 0.8578125 0.3859375 1.0 0.5875 1.0 0.5875 0.8578125
0 0.5265625 0.725 0.409375 0.725 0.409375 0.846875 0.5265625 0.846875 0.5265625 0.725
0 0.684375 0.2328125 0.5859375 0.2328125 0.5859375 0.38125 0.684375 0.38125 0.684375 0.2328125
0 0.53125 0.1953125 0.4140625 0.1953125 0.4140625 0.2765625 0.53125 0.2765625 0.53125 0.1953125
0 0.865625 0.0015625 0.675 0.0015625 0.675 0.1 0.865625 0.1 0.865625 0.0015625
0 0.959375 0.0015625 0.9 0.0015625 0.9 0.0578125 0.959375 0.0578125 0.959375 0.0015625
0 0.0265625 0.40625 0.0015625 0.40625 0.0015625 0.4359375 0.0265625 0.4359375 0.0265625 0.40625
0 0.740625 0.6578125 0.678125 0.6578125 0.678125 0.8390625 0.740625 0.8390625 0.740625 0.6578125
0 0.74375 0.30625 0.58125 0.30625 0.58125 0.4640625 0.74375 0.4640625 0.74375 0.30625
0 1.0 0.2234375 0.984375 0.2234375 0.984375 0.2640625 1.0 0.2640625 1.0 0.2234375
0 0.0578125 0.7734375 0.0015625 0.7734375 0.0015625 0.9296875 0.0578125 0.9296875 0.0578125 0.7734375
0 0.5734375 0.8078125 0.4515625 0.8078125 0.4515625 0.9890625 0.5734375 0.9890625 0.5734375 0.8078125
0 0.6953125 0.6328125 0.615625 0.6328125 0.615625 0.828125 0.6953125 0.828125 0.6953125 0.6328125
0 0.1671875 0.540625 0.034375 0.540625 0.034375 0.76875 0.1671875 0.76875 0.1671875 0.540625
0 0.6109375 0.0640625 0.1390625 0.0640625 0.1390625 0.6328125 0.6109375 0.6328125 0.6109375 0.0640625
0 0.671875 0.115625 0.5515625 0.115625 0.5515625 0.2578125 0.671875 0.2578125 0.671875 0.115625
0 0.9015625 0.925 0.85 0.925 0.85 1.0 0.9015625 1.0 0.9015625 0.925
0 0.7890625 0.33125 0.671875 0.33125 0.671875 0.45625 0.7890625 0.45625 0.7890625 0.33125
0 0.825 0.1609375 0.721875 0.1609375 0.721875 0.38125 0.825 0.38125 0.825 0.1609375
0 0.6015625 0.20625 0.346875 0.20625 0.346875 0.396875 0.6015625 0.396875 0.6015625 0.20625
0 0.54375 0.0015625 0.3125 0.0015625 0.3125 0.0734375 0.54375 0.0734375 0.54375 0.0015625
0 0.709375 0.6015625 0.6109375 0.6015625 0.6109375 0.725 0.709375 0.725 0.709375 0.6015625
0 0.03125 0.95 0.0046875 0.95 0.0046875 1.0 0.03125 1.0 0.03125 0.95
0 1.0 0.0015625 0.159375 0.0015625 0.159375 1.0 1.0 1.0 1.0 0.0015625
0 0.85 0.9234375 0.7578125 0.9234375 0.7578125 1.0 0.85 1.0 0.85 0.9234375
0 1.0 0.1796875 0.75625 0.1796875 0.75625 0.9171875 1.0 0.9171875 1.0 0.1796875
0 0.4484375 0.01875 0.325 0.01875 0.325 0.1515625 0.4484375 0.1515625 0.4484375 0.01875
0 0.4953125 0.0015625 0.4625 0.0015625 0.4625 0.025 0.4953125 0.025 0.4953125 0.0015625
