0 0.465625 0.7078125 0.296875 0.7078125 0.296875 0.9609375 0.465625 0.9609375 0.465625 0.7078125
0 0.034375 0.0015625 0.0015625 0.0015625 0.0015625 0.1125 0.034375 0.1125 0.034375 0.0015625
0 0.65 0.5609375 0.5140625 0.5609375 0.5140625 0.734375 0.65 0.734375 0.65 0.5609375
0 0.309375 0.8765625 0.2625 0.8765625 0.2625 1.0 0.309375 1.0 0.309375 0.8765625
0 0.5546875 0.88125 0.4015625 0.88125 0.4015625 1.0 0.5546875 1.0 0.5546875 0.88125
0 0.3515625 0.940625 0.2953125 0.940625 0.2953125 1.0 0.3515625 1.0 0.3515625 0.940625
0 0.775 0.8015625 0.578125 0.8015625 0.578125 1.0 0.775 1.0 0.775 0.8015625
0 0.9453125 0.665625 0.7828125 0.665625 0.7828125 1.0 0.9453125 1.0 0.9453125 0.665625
0 0.115625 0.484375 0.0015625 0.484375 0.0015625 0.8234375 0.115625 0.8234375 0.115625 0.484375
0 0.19375 0.4625 0.05 0.4625 0.05 0.578125 0.19375 0.578125 0.19375 0.4625
0 0.75625 0.165625 0.4609375 0.165625 0.4609375 0.3359375 0.75625 0.3359375 0.75625 0.165625
0 0.2234375 0.1484375 0.0015625 0.1484375 0.0015625 0.2859375 0.2234375 0.2859375 0.2234375 0.1484375
0 0.628125 0.0015625 0.2546875 0.0015625 0.2546875 0.2375 0.628125 0.2375 0.628125 0.0015625
0 0.715625 0.0859375 0.50625 0.0859375 0.50625 0.175 0.715625 0.175 0.715625 0.0859375
0 0.803125 0.0015625 0.575 0.0015625 0.575 0.090625 0.803125 0.090625 0.803125 0.0015625
0 0.578125 0.0015625 0.4796875 0.0015625 0.4796875 0.075 0.578125 0.075 0.578125 0.0015625
0 0.51875 0.69375 0.365625 0.69375 0.365625 0.8984375 0.51875 0.8984375 0.51875 0.69375
0 1.0 0.0015625 0.91875 0.0015625 0.91875 0.1625 1.0 0.1625 1.0 0.0015625
0 0.521875 0.984375 0.44375 0.984375 0.44375 1.0 0.521875 1.0 0.521875 0.984375
0 0.403125 0.91875 0.321875 0.91875 0.321875 1.0 0.403125 1.0 0.403125 0.91875
0 0.9671875 0.0015625 0.775 0.0015625 0.775 0.2453125 0.9671875 0.2453125 0.9671875 0.0015625
0 0.9171875 0.5453125 0.65 0.5453125 0.65 0.696875 0.9171875 0.696875 0.9171875 0.5453125
0 0.9390625 0.2265625 0.8296875 0.2265625 0.8296875 0.44375 0.9390625 0.44375 0.9390625 0.2265625
0 0.6296875 0.7109375 0.5265625 0.7109375 0.5265625 0.9171875 0.6296875 0.9171875 0.6296875 0.7109375
0 0.721875 0.0578125 0.496875 0.0578125 0.496875 0.109375 0.721875 0.109375 0.721875 0.0578125
0 0.3796875 0.221875 0.0015625 0.221875 0.0015625 0.721875 0.3796875 0.721875 0.3796875 0.221875
0 0.0359375 0.5046875 0.0015625 0.5046875 0.0015625 0.615625 0.0359375 0.615625 0.0359375 0.5046875
0 0.203125 0.0015625 0.109375 0.0015625 0.109375 0.196875 0.203125 0.196875 0.203125 0.0015625
0 0.4671875 0.0015625 0.275 0.0015625 0.275 0.1984375 0.4671875 0.1984375 0.4671875 0.0015625
0 0.15 0.0015625 0.0015625 0.0015625 0.0015625 0.1734375 0.15 0.1734375 0.15 0.0015625
0 0.45 0.86875 0.296875 0.86875 0.296875 0.9875 0.45 0.9875 0.45 0.86875
0 0.796875 0.6734375 0.69375 0.6734375 0.69375 0.83125 0.796875 0.83125 0.796875 0.6734375
0 1.0 0.5640625 0.9171875 0.5640625 0.9171875 0.8078125 1.0 0.8078125 1.0 0.5640625
0 0.884375 0.1921875 0.75625 0.1921875 0.75625 0.38125 0.884375 0.38125 0.884375 0.1921875
0 1.0 0.4578125 0.7890625 0.4578125 0.7890625 0.6859375 1.0 0.6859375 1.0 0.4578125
0 0.75625 0.2828125 0.659375 0.2828125 0.659375 0.490625 0.75625 0.490625 0.75625 0.2828125
0 0.8421875 0.1625 0.709375 0.1625 0.709375 0.325 0.8421875 0.325 0.8421875 0.1625
0 0.0015625 0.0015625 0.0015625 0.0015625 0.0015625 0.0125 0.0015625 0.0125 0.0015625 0.0015625
0 1.0 0.0015625 0.30625 0.0015625 0.30625 1.0 1.0 1.0 1.0 0.0015625
0 0.1609375 0.571875 0.0015625 0.571875 0.0015625 0.878125 0.1609375 0.878125 0.1609375 0.571875
0 0.28125 0.6421875 0.190625 0.6421875 0.190625 0.896875 0.28125 0.896875 0.28125 0.6421875
0 0.384375 0.309375 0.253125 0.309375 0.253125 0.625 0.384375 0.625 0.384375 0.309375
0 0.253125 0.0015625 0.15 0.0015625 0.15 0.2859375 0.253125 0.2859375 0.253125 0.0015625
0 0.553125 0.0015625 0.4609375 0.0015625 0.4609375 0.0546875 0.553125 0.0546875 0.553125 0.0015625
0 1.0 0.6109375 0.996875 0.6109375 0.996875 0.6515625 1.0 0.6515625 1.0 0.6109375
0 1.0 0.01875 0.8609375 0.01875 0.8609375 0.5609375 1.0 0.5609375 1.0 0.01875
