0 0.35 0.4296875 0.1640625 0.4296875 0.1640625 0.490625 0.35 0.490625 0.35 0.4296875
0 0.0375 0.671875 0.0015625 0.671875 0.0015625 0.759375 0.0375 0.759375 0.0375 0.671875
0 0.85 0.6 0.6953125 0.6 0.6953125 0.753125 0.85 0.753125 0.85 0.6
0 0.9515625 0.1640625 0.603125 0.1640625 0.603125 0.5390625 0.9515625 0.5390625 0.9515625 0.1640625
0 1.0 0.1671875 0.9515625 0.1671875 0.9515625 0.365625 1.0 0.365625 1.0 0.1671875
0 0.8171875 0.025 0.5453125 0.025 0.5453125 0.3140625 0.8171875 0.3140625 0.8171875 0.025
0 0.65625 0.0015625 0.6234375 0.0015625 0.6234375 0.0359375 0.65625 0.0359375 0.65625 0.0015625
0 0.3390625 0.93125 0.2625 0.93125 0.2625 1.0 0.3390625 1.0 0.3390625 0.93125
0 0.0625 0.4359375 0.0015625 0.4359375 0.0015625 0.5234375 0.0625 0.5234375 0.0625 0.4359375
0 1.0 0.934375 0.98125 0.934375 0.98125 0.9953125 1.0 0.9953125 1.0 0.934375
0 1.0 0.74375 0.9484375 0.74375 0.9484375 0.8890625 1.0 0.8890625 1.0 0.74375
0 0.178125 0.4171875 0.003125 0.4171875 0.003125 0.553125 0.178125 0.553125 0.178125 0.4171875
0 0.0484375 0.8296875 0.0015625 0.8296875 0.0015625 0.8640625 0.0484375 0.8640625 0.0484375 0.8296875
0 0.9609375 0.8953125 0.8109375 0.8953125 0.8109375 1.0 0.9609375 1.0 0.9609375 0.8953125
0 0.7328125 0.9515625 0.684375 0.9515625 0.684375 1.0 0.7328125 1.0 0.7328125 0.9515625
0 0.934375 0.725 0.8125 0.725 0.8125 0.9046875 0.934375 0.9046875 0.934375 0.725
0 0.8171875 0.7296875 0.728125 0.7296875 0.728125 0.8984375 0.8171875 0.8984375 0.8171875 0.7296875
0 0.9515625 0.45 0.78125 0.45 0.78125 0.6140625 0.9515625 0.6140625 0.9515625 0.45
0 0.2 0.440625 0.034375 0.440625 0.034375 0.5796875 0.2 0.5796875 0.2 0.440625
0 0.628125 0.8546875 0.2890625 0.8546875 0.2890625 1.0 0.628125 1.0 0.628125 0.8546875
0 0.1640625 0.790625 0.0546875 0.790625 0.0546875 0.9296875 0.1640625 0.9296875 0.1640625 0.790625
0 0.565625 0.6578125 0.2859375 0.6578125 0.2859375 0.8609375 0.565625 0.8609375 0.565625 0.6578125
0 0.259375 0.721875 0.11875 0.721875 0.11875 0.8296875 0.259375 0.8296875 0.259375 0.721875
0 0.428125 0.69375 0.25 0.69375 0.25 0.7796875 0.428125 0.7796875 0.428125 0.69375
0 0.384375 0.2984375 0.2625 0.2984375 0.2625 0.40625 0.384375 0.40625 0.384375 0.2984375
0 0.4703125 0.490625 0.3390625 0.490625 0.3390625 0.6625 0.4703125 0.6625 0.4703125 0.490625
0 0.6546875 0.91875 0.60625 0.91875 0.60625 1.0 0.6546875 1.0 0.6546875 0.91875
0 1.0 0.0015625 0.0015625 0.0015625 0.0015625 1.0 1.0 1.0 1.0 0.0015625
0 0.4421875 0.978125 0.4171875 0.978125 0.4171875 1.0 0.4421875 1.0 0.4421875 0.978125
0 0.6296875 0.0015625 0.5875 0.0015625 0.5875 0.0265625 0.6296875 0.0265625 0.6296875 0.0015625
0 0.934375 0.4078125 0.809375 0.4078125 0.809375 0.4828125 0.934375 0.4828125 0.934375 0.4078125
0 0.865625 0.021875 0.7515625 0.021875 0.7515625 0.275 0.865625 0.275 0.865625 0.021875
0 0.0484375 0.0015625 0.0015625 0.0015625 0.0015625 0.0328125 0.0484375 0.0328125 0.0484375 0.0015625
