0 0.390625 0.0015625 0.225 0.0015625 0.225 0.15625 0.390625 0.15625 0.390625 0.0015625
0 1.0 0.978125 0.990625 0.978125 0.990625 1.0 1.0 1.0 1.0 0.978125
0 0.1265625 0.9890625 0.01875 0.9890625 0.01875 1.0 0.1265625 1.0 0.1265625 0.9890625
0 0.2546875 0.0015625 0.034375 0.0015625 0.034375 0.2109375 0.2546875 0.2109375 0.2546875 0.0015625
0 0.51875 0.9375 0.259375 0.9375 0.259375 1.0 0.51875 1.0 0.51875 0.9375
0 1.0 0.7421875 0.6125 0.7421875 0.6125 1.0 1.0 1.0 1.0 0.7421875
0 0.7328125 0.7828125 0.534375 0.7828125 0.534375 0.984375 0.7328125 0.984375 0.7328125 0.7828125
0 0.540625 0.7453125 0.140625 0.7453125 0.140625 0.928125 0.540625 0.928125 0.540625 0.7453125
0 0.6234375 0.8859375 0.53125 0.8859375 0.53125 1.0 0.6234375 1.0 0.6234375 0.8859375
0 0.4953125 0.8328125 0.2453125 0.8328125 0.2453125 0.99375 0.4953125 0.99375 0.4953125 0.8328125
0 0.4546875 0.0015625 0.0015625 0.0015625 0.0015625 0.6484375 0.4546875 0.6484375 0.4546875 0.0015625
0 0.5703125 0.75625 0.0015625 0.75625 0.0015625 1.0 0.5703125 1.0 0.5703125 0.75625
0 1.0 0.4296875 0.846875 0.4296875 0.846875 0.978125 1.0 0.978125 1.0 0.4296875
0 0.871875 0.7890625 0.584375 0.7890625 0.584375 0.96875 0.871875 0.96875 0.871875 0.7890625
0 0.7265625 0.6453125 0.2984375 0.6453125 0.2984375 0.909375 0.7265625 0.909375 0.7265625 0.6453125
