0 0.88125 0.0015625 0.815625 0.0015625 0.815625 0.1234375 0.88125 0.1234375 0.88125 0.0015625
0 1.0 0.2984375 0.934375 0.2984375 0.934375 0.384375 1.0 0.384375 1.0 0.2984375
0 1.0 0.0015625 0.9515625 0.0015625 0.9515625 0.05 1.0 0.05 1.0 0.0015625
0 1.0 0.69375 0.9296875 0.69375 0.9296875 0.8234375 1.0 0.8234375 1.0 0.69375
0 1.0 0.44375 0.9078125 0.44375 0.9078125 0.6859375 1.0 0.6859375 1.0 0.44375
0 1.0 0.0015625 0.771875 0.0015625 0.771875 0.378125 1.0 0.378125 1.0 0.0015625
0 1.0 0.0015625 0.93125 0.0015625 0.93125 0.1390625 1.0 0.1390625 1.0 0.0015625
0 1.0 0.1421875 0.884375 0.1421875 0.884375 0.240625 1.0 0.240625 1.0 0.1421875
0 0.940625 0.0015625 0.91875 0.0015625 0.91875 0.0328125 0.940625 0.0328125 0.940625 0.0015625
0 0.86875 0.0015625 0.7609375 0.0015625 0.7609375 0.2125 0.86875 0.2125 0.86875 0.0015625
