0 0.921875 0.9984375 0.915625 0.9984375 0.915625 1.0 0.921875 1.0 0.921875 0.9984375
0 0.7765625 0.35625 0.55 0.35625 0.55 0.546875 0.7765625 0.546875 0.7765625 0.35625
0 0.9453125 0.1984375 0.66875 0.1984375 0.66875 0.3578125 0.9453125 0.3578125 0.9453125 0.1984375
0 0.8875 0.35 0.7359375 0.35 0.7359375 0.553125 0.8875 0.553125 0.8875 0.35
0 0.859375 0.8703125 0.71875 0.8703125 0.71875 0.9796875 0.859375 0.9796875 0.859375 0.8703125
0 1.0 0.690625 0.8828125 0.690625 0.8828125 0.9015625 1.0 0.9015625 1.0 0.690625
0 0.546875 0.825 0.478125 0.825 0.478125 0.9671875 0.546875 0.9671875 0.546875 0.825
0 0.740625 0.63125 0.5609375 0.63125 0.5609375 0.8234375 0.740625 0.8234375 0.740625 0.63125
0 0.540625 0.5078125 0.3546875 0.5078125 0.3546875 0.7015625 0.540625 0.7015625 0.540625 0.5078125
0 0.825 0.79375 0.6390625 0.79375 0.6390625 0.94375 0.825 0.94375 0.825 0.79375
0 0.8578125 0.6234375 0.7640625 0.6234375 0.7640625 0.78125 0.8578125 0.78125 0.8578125 0.6234375
0 1.0 0.6171875 0.9078125 0.6171875 0.9078125 0.6921875 1.0 0.6921875 1.0 0.6171875
0 1.0 0.446875 0.9421875 0.446875 0.9421875 0.49375 1.0 0.49375 1.0 0.446875
0 1.0 0.378125 0.9859375 0.378125 0.9859375 0.4578125 1.0 0.4578125 1.0 0.378125
0 1.0 0.21875 0.25625 0.21875 0.25625 1.0 1.0 1.0 1.0 0.21875
0 0.3609375 0.6359375 0.2546875 0.6359375 0.2546875 0.746875 0.3609375 0.746875 0.3609375 0.6359375
0 1.0 0.0890625 0.9625 0.0890625 0.9625 0.1671875 1.0 0.1671875 1.0 0.0890625
