0 0.6171875 0.553125 0.475 0.553125 0.475 0.7 0.6171875 0.7 0.6171875 0.553125
0 0.5734375 0.653125 0.4484375 0.653125 0.4484375 0.8078125 0.5734375 0.8078125 0.5734375 0.653125
0 0.1671875 0.2046875 0.0015625 0.2046875 0.0015625 0.3234375 0.1671875 0.3234375 0.1671875 0.2046875
0 0.5640625 0.46875 0.421875 0.46875 0.421875 0.7125 0.5640625 0.7125 0.5640625 0.46875
0 0.71875 0.153125 0.61875 0.153125 0.61875 0.3953125 0.71875 0.3953125 0.71875 0.153125
0 0.196875 0.4921875 0.1046875 0.4921875 0.1046875 0.5765625 0.196875 0.5765625 0.196875 0.4921875
0 0.371875 0.3609375 0.2734375 0.3609375 0.2734375 0.49375 0.371875 0.49375 0.371875 0.3609375
0 0.509375 0.8265625 0.296875 0.8265625 0.296875 0.9328125 0.509375 0.9328125 0.509375 0.8265625
0 1.0 0.0015625 0.0015625 0.0015625 0.0015625 1.0 1.0 1.0 1.0 0.0015625
0 0.81875 0.1234375 0.7625 0.1234375 0.7625 0.3203125 0.81875 0.3203125 0.81875 0.1234375
0 1.0 0.4109375 0.79375 0.4109375 0.79375 0.8421875 1.0 0.8421875 1.0 0.4109375
0 0.5703125 0.44375 0.4140625 0.44375 0.4140625 0.5859375 0.5703125 0.5859375 0.5703125 0.44375
0 0.6296875 0.85 0.484375 0.85 0.484375 1.0 0.6296875 1.0 0.6296875 0.85
