0 0.29375 0.9015625 0.2578125 0.9015625 0.2578125 1.0 0.29375 1.0 0.29375 0.9015625
0 0.621875 0.459375 0.4453125 0.459375 0.4453125 0.6 0.621875 0.6 0.621875 0.459375
0 0.3578125 0.2609375 0.234375 0.2609375 0.234375 0.396875 0.3578125 0.396875 0.3578125 0.2609375
0 0.10625 0.95 0.0453125 0.95 0.0453125 1.0 0.10625 1.0 0.10625 0.95
0 0.80625 0.7828125 0.63125 0.7828125 0.63125 0.90625 0.80625 0.90625 0.80625 0.7828125
0 0.015625 0.5046875 0.0015625 0.5046875 0.0015625 0.5296875 0.015625 0.5296875 0.015625 0.5046875
0 1.0 0.21875 0.909375 0.21875 0.909375 0.284375 1.0 0.284375 1.0 0.21875
0 0.615625 0.953125 0.515625 0.953125 0.515625 1.0 0.615625 1.0 0.615625 0.953125
0 0.653125 0.5921875 0.534375 0.5921875 0.534375 0.7875 0.653125 0.7875 0.653125 0.5921875
0 0.928125 0.4703125 0.76875 0.4703125 0.76875 0.7078125 0.928125 0.7078125 0.928125 0.4703125
0 0.3046875 0.8203125 0.234375 0.8203125 0.234375 1.0 0.3046875 1.0 0.3046875 0.8203125
0 0.171875 0.784375 0.0890625 0.784375 0.0890625 0.9765625 0.171875 0.9765625 0.171875 0.784375
0 0.790625 0.5796875 0.584375 0.5796875 0.584375 0.8 0.790625 0.8 0.790625 0.5796875
0 0.825 0.5375 0.603125 0.5375 0.603125 0.76875 0.825 0.76875 0.825 0.5375
0 0.884375 0.6046875 0.8203125 0.6046875 0.8203125 0.759375 0.884375 0.759375 0.884375 0.6046875
0 0.2578125 0.81875 0.165625 0.81875 0.165625 1.0 0.2578125 1.0 0.2578125 0.81875
0 0.0703125 0.0015625 0.03125 0.0015625 0.03125 0.00625 0.0703125 0.00625 0.0703125 0.0015625
0 0.046875 0.9828125 0.021875 0.9828125 0.021875 1.0 0.046875 1.0 0.046875 0.9828125
0 0.7359375 0.88125 0.5890625 0.88125 0.5890625 0.990625 0.7359375 0.990625 0.7359375 0.88125
0 0.996875 0.696875 0.8609375 0.696875 0.8609375 0.9421875 0.996875 0.9421875 0.996875 0.696875
0 0.4 0.378125 0.2890625 0.378125 0.2890625 0.6765625 0.4 0.6765625 0.4 0.378125
0 0.309375 0.459375 0.253125 0.459375 0.253125 0.634375 0.309375 0.634375 0.309375 0.459375
0 0.2109375 0.2328125 0.0078125 0.2328125 0.0078125 0.3796875 0.2109375 0.3796875 0.2109375 0.2328125
0 0.8 0.003125 0.6390625 0.003125 0.6390625 0.1546875 0.8 0.1546875 0.8 0.003125
0 0.05625 0.0015625 0.0140625 0.0015625 0.0140625 0.040625 0.05625 0.040625 0.05625 0.0015625
0 0.903125 0.9 0.834375 0.9 0.834375 1.0 0.903125 1.0 0.903125 0.9
0 0.21875 0.803125 0.0703125 0.803125 0.0703125 1.0 0.21875 1.0 0.21875 0.803125
0 0.975 0.6984375 0.7578125 0.6984375 0.7578125 0.890625 0.975 0.890625 0.975 0.6984375
0 0.2671875 0.4015625 0.071875 0.4015625 0.071875 0.7 0.2671875 0.7 0.2671875 0.4015625
0 0.3546875 0.2 0.1921875 0.2 0.1921875 0.3140625 0.3546875 0.3140625 0.3546875 0.2
0 1.0 0.521875 0.984375 0.521875 0.984375 0.596875 1.0 0.596875 1.0 0.521875
0 0.5328125 0.3484375 0.3578125 0.3484375 0.3578125 0.5203125 0.5328125 0.5203125 0.5328125 0.3484375
0 0.0390625 0.009375 0.0015625 0.009375 0.0015625 0.078125 0.0390625 0.078125 0.0390625 0.009375
0 0.971875 0.5875 0.846875 0.5875 0.846875 0.765625 0.971875 0.765625 0.971875 0.5875
0 0.83125 0.8421875 0.68125 0.8421875 0.68125 1.0 0.83125 1.0 0.83125 0.8421875
0 0.4375 0.890625 0.2796875 0.890625 0.2796875 1.0 0.4375 1.0 0.4375 0.890625
0 0.015625 0.0015625 0.0015625 0.0015625 0.0015625 0.0171875 0.015625 0.0171875 0.015625 0.0015625
0 0.86875 0.9296875 0.715625 0.9296875 0.715625 1.0 0.86875 1.0 0.86875 0.9296875
0 0.9875 0.8765625 0.8796875 0.8765625 0.8796875 1.0 0.9875 1.0 0.9875 0.8765625
0 0.9609375 0.290625 0.8078125 0.290625 0.8078125 0.471875 0.9609375 0.471875 0.9609375 0.290625
0 0.8953125 0.13125 0.7203125 0.13125 0.7203125 0.3203125 0.8953125 0.3203125 0.8953125 0.13125
0 0.9390625 0.209375 0.7625 0.209375 0.7625 0.44375 0.9390625 0.44375 0.9390625 0.209375
0 0.7453125 0.646875 0.6046875 0.646875 0.6046875 0.8046875 0.7453125 0.8046875 0.7453125 0.646875
0 1.0 0.4640625 0.8765625 0.4640625 0.8765625 0.575 1.0 0.575 1.0 0.4640625
0 0.703125 0.7375 0.5515625 0.7375 0.5515625 0.8953125 0.703125 0.8953125 0.703125 0.7375
0 0.54375 0.9078125 0.3 0.9078125 0.3 1.0 0.54375 1.0 0.54375 0.9078125
0 0.9984375 0.4953125 0.8734375 0.4953125 0.8734375 0.6984375 0.9984375 0.6984375 0.9984375 0.4953125
0 0.1859375 0.0015625 0.0015625 0.0015625 0.0015625 0.1203125 0.1859375 0.1203125 0.1859375 0.0015625
0 1.0 0.884375 0.946875 0.884375 0.946875 1.0 1.0 1.0 1.0 0.884375
0 0.1375 0.0546875 0.0015625 0.0546875 0.0015625 0.28125 0.1375 0.28125 0.1375 0.0546875
0 0.5171875 0.0015625 0.2359375 0.0015625 0.2359375 0.2171875 0.5171875 0.2171875 0.5171875 0.0015625
0 1.0 0.7296875 0.990625 0.7296875 0.990625 0.796875 1.0 0.796875 1.0 0.7296875
0 0.840625 0.08125 0.6546875 0.08125 0.6546875 0.4125 0.840625 0.4125 0.840625 0.08125
0 0.5921875 0.88125 0.4609375 0.88125 0.4609375 1.0 0.5921875 1.0 0.5921875 0.88125
0 0.88125 0.8 0.771875 0.8 0.771875 0.9421875 0.88125 0.9421875 0.88125 0.8
