0 0.8578125 0.2890625 0.746875 0.2890625 0.746875 0.46875 0.8578125 0.46875 0.8578125 0.2890625
0 0.059375 0.5078125 0.0015625 0.5078125 0.0015625 0.68125 0.059375 0.68125 0.059375 0.5078125
0 0.08125 0.1875 0.0015625 0.1875 0.0015625 0.3109375 0.08125 0.3109375 0.08125 0.1875
0 0.81875 0.840625 0.6625 0.840625 0.6625 0.9484375 0.81875 0.9484375 0.81875 0.840625
0 0.8671875 0.4890625 0.7296875 0.4890625 0.7296875 0.6 0.8671875 0.6 0.8671875 0.4890625
0 0.746875 0.19375 0.6890625 0.19375 0.6890625 0.4546875 0.746875 0.4546875 0.746875 0.19375
0 0.5375 0.0953125 0.3953125 0.0953125 0.3953125 0.2640625 0.5375 0.2640625 0.5375 0.0953125
0 0.4875 0.0015625 0.2765625 0.0015625 0.2765625 0.1234375 0.4875 0.1234375 0.4875 0.0015625
0 0.5890625 0.0015625 0.475 0.0015625 0.475 0.084375 0.5890625 0.084375 0.5890625 0.0015625
0 0.684375 0.896875 0.6140625 0.896875 0.6140625 1.0 0.684375 1.0 0.684375 0.896875
0 0.59375 0.665625 0.4640625 0.665625 0.4640625 0.865625 0.59375 0.865625 0.59375 0.665625
0 0.1453125 0.5125 0.0015625 0.5125 0.0015625 0.740625 0.1453125 0.740625 0.1453125 0.5125
0 0.7328125 0.1328125 0.578125 0.1328125 0.578125 0.3 0.7328125 0.3 0.7328125 0.1328125
0 1.0 0.684375 0.9875 0.684375 0.9875 0.7421875 1.0 0.7421875 1.0 0.684375
0 0.4953125 0.0015625 0.35625 0.0015625 0.35625 0.053125 0.4953125 0.053125 0.4953125 0.0015625
0 0.6609375 0.21875 0.5828125 0.21875 0.5828125 0.3328125 0.6609375 0.3328125 0.6609375 0.21875
0 0.6859375 0.0015625 0.50625 0.0015625 0.50625 0.0890625 0.6859375 0.0890625 0.6859375 0.0015625
0 0.803125 0.6296875 0.6765625 0.6296875 0.6765625 0.8265625 0.803125 0.8265625 0.803125 0.6296875
0 0.315625 0.99375 0.26875 0.99375 0.26875 1.0 0.315625 1.0 0.315625 0.99375
0 0.38125 0.678125 0.3046875 0.678125 0.3046875 0.80625 0.38125 0.80625 0.38125 0.678125
0 0.5078125 0.5703125 0.3484375 0.5703125 0.3484375 0.9890625 0.5078125 0.9890625 0.5078125 0.5703125
0 0.8078125 0.8078125 0.6765625 0.8078125 0.6765625 0.8765625 0.8078125 0.8765625 0.8078125 0.8078125
0 0.6734375 0.359375 0.5828125 0.359375 0.5828125 0.553125 0.6734375 0.553125 0.6734375 0.359375
0 0.8234375 0.184375 0.7359375 0.184375 0.7359375 0.3796875 0.8234375 0.3796875 0.8234375 0.184375
0 0.6359375 0.1484375 0.509375 0.1484375 0.509375 0.321875 0.6359375 0.321875 0.6359375 0.1484375
0 0.0578125 0.3015625 0.0015625 0.3015625 0.0015625 0.496875 0.0578125 0.496875 0.0578125 0.3015625
0 0.88125 0.56875 0.759375 0.56875 0.759375 0.7234375 0.88125 0.7234375 0.88125 0.56875
0 0.771875 0.121875 0.6875 0.121875 0.6875 0.459375 0.771875 0.459375 0.771875 0.121875
0 0.375 0.853125 0.1203125 0.853125 0.1203125 1.0 0.375 1.0 0.375 0.853125
0 0.171875 0.746875 0.0546875 0.746875 0.0546875 0.9859375 0.171875 0.9859375 0.171875 0.746875
0 0.075 0.63125 0.0015625 0.63125 0.0015625 0.7734375 0.075 0.7734375 0.075 0.63125
0 0.140625 0.46875 0.0015625 0.46875 0.0015625 0.5109375 0.140625 0.5109375 0.140625 0.46875
0 1.0 0.615625 0.88125 0.615625 0.88125 0.9859375 1.0 0.9859375 1.0 0.615625
0 0.69375 0.5734375 0.5703125 0.5734375 0.5703125 0.765625 0.69375 0.765625 0.69375 0.5734375
0 0.6375 0.3296875 0.5203125 0.3296875 0.5203125 0.5953125 0.6375 0.5953125 0.6375 0.3296875
0 0.55625 0.7484375 0.275 0.7484375 0.275 1.0 0.55625 1.0 0.55625 0.7484375
0 0.478125 0.7015625 0.371875 0.7015625 0.371875 0.890625 0.478125 0.890625 0.478125 0.7015625
0 0.146875 0.6515625 0.04375 0.6515625 0.04375 0.9078125 0.146875 0.9078125 0.146875 0.6515625
0 0.025 0.3984375 0.0015625 0.3984375 0.0015625 0.478125 0.025 0.478125 0.025 0.3984375
0 0.4765625 0.5078125 0.4234375 0.5078125 0.4234375 0.746875 0.4765625 0.746875 0.4765625 0.5078125
0 0.2421875 0.4875 0.1546875 0.4875 0.1546875 0.6484375 0.2421875 0.6484375 0.2421875 0.4875
0 0.15 0.49375 0.0015625 0.49375 0.0015625 0.6375 0.15 0.6375 0.15 0.49375
0 0.203125 0.0015625 0.1171875 0.0015625 0.1171875 0.075 0.203125 0.075 0.203125 0.0015625
0 0.0609375 0.0015625 0.0546875 0.0015625 0.0546875 0.0046875 0.0609375 0.0046875 0.0609375 0.0015625
0 1.0 0.946875 0.81875 0.946875 0.81875 1.0 1.0 1.0 1.0 0.946875
0 0.7125 0.8953125 0.628125 0.8953125 0.628125 1.0 0.7125 1.0 0.7125 0.8953125
0 0.8265625 0.8296875 0.7375 0.8296875 0.7375 1.0 0.8265625 1.0 0.8265625 0.8296875
0 0.934375 0.5484375 0.7015625 0.5484375 0.7015625 0.965625 0.934375 0.965625 0.934375 0.5484375
0 0.7109375 0.4484375 0.4921875 0.4484375 0.4921875 0.9203125 0.7109375 0.9203125 0.7109375 0.4484375
0 0.5953125 0.4375 0.5171875 0.4375 0.5171875 0.5515625 0.5953125 0.5515625 0.5953125 0.4375
0 0.715625 0.1796875 0.5046875 0.1796875 0.5046875 0.4421875 0.715625 0.4421875 0.715625 0.1796875
0 0.8046875 0.0015625 0.4453125 0.0015625 0.4453125 0.2546875 0.8046875 0.2546875 0.8046875 0.0015625
0 0.65 0.0015625 0.0015625 0.0015625 0.0015625 1.0 0.65 1.0 0.65 0.0015625
0 0.1640625 0.759375 0.0015625 0.759375 0.0015625 1.0 0.1640625 1.0 0.1640625 0.759375
0 0.5984375 0.4015625 0.4609375 0.4015625 0.4609375 0.64375 0.5984375 0.64375 0.5984375 0.4015625
0 1.0 0.6671875 0.975 0.6671875 0.975 0.7546875 1.0 0.7546875 1.0 0.6671875
0 0.49375 0.075 0.2890625 0.075 0.2890625 0.265625 0.49375 0.265625 0.49375 0.075
