0 0.1484375 0.0015625 0.06875 0.0015625 0.06875 0.1 0.1484375 0.1 0.1484375 0.0015625
0 0.0015625 0.25625 0.0015625 0.25625 0.0015625 0.2671875 0.0015625 0.2671875 0.0015625 0.25625
0 1.0 0.921875 0.91875 0.921875 0.91875 1.0 1.0 1.0 1.0 0.921875
0 0.715625 0.7109375 0.471875 0.7109375 0.471875 1.0 0.715625 1.0 0.715625 0.7109375
0 0.15625 0.675 0.046875 0.675 0.046875 0.9625 0.15625 0.9625 0.15625 0.675
0 0.2 0.3875 0.1296875 0.3875 0.1296875 0.553125 0.2 0.553125 0.2 0.3875
0 0.19375 0.2 0.1234375 0.2 0.1234375 0.3859375 0.19375 0.3859375 0.19375 0.2
0 0.8578125 0.0734375 0.7359375 0.0734375 0.7359375 0.3125 0.8578125 0.3125 0.8578125 0.0734375
0 0.384375 0.05 0.275 0.05 0.275 0.3140625 0.384375 0.3140625 0.384375 0.05
0 0.60625 0.0390625 0.5046875 0.0390625 0.5046875 0.196875 0.60625 0.196875 0.60625 0.0390625
0 0.078125 0.0015625 0.0015625 0.0015625 0.0015625 0.14375 0.078125 0.14375 0.078125 0.0015625
0 0.1328125 0.0015625 0.1328125 0.0015625 0.1328125 0.0015625 0.1328125 0.0015625 0.1328125 0.0015625
0 0.1953125 0.5578125 0.04375 0.5578125 0.04375 0.809375 0.1953125 0.809375 0.1953125 0.5578125
0 0.40625 0.2578125 0.2828125 0.2578125 0.2828125 0.3546875 0.40625 0.3546875 0.40625 0.2578125
0 0.184375 0.0859375 0.0015625 0.0859375 0.0015625 0.2125 0.184375 0.2125 0.184375 0.0859375
0 0.4859375 0.0015625 0.2625 0.0015625 0.2625 0.1296875 0.4859375 0.1296875 0.4859375 0.0015625
0 0.465625 0.621875 0.3703125 0.621875 0.3703125 0.7390625 0.465625 0.7390625 0.465625 0.621875
0 0.5625 0.5640625 0.43125 0.5640625 0.43125 0.653125 0.5625 0.653125 0.5625 0.5640625
0 0.6640625 0.4046875 0.503125 0.4046875 0.503125 0.5796875 0.6640625 0.5796875 0.6640625 0.4046875
0 0.0875 0.3140625 0.0015625 0.3140625 0.0015625 0.515625 0.0875 0.515625 0.0875 0.3140625
0 0.1625 0.0640625 0.0015625 0.0640625 0.0015625 0.1359375 0.1625 0.1359375 0.1625 0.0640625
0 1.0 0.0015625 0.0015625 0.0015625 0.0015625 1.0 1.0 1.0 1.0 0.0015625
0 0.1203125 0.0015625 0.0015625 0.0015625 0.0015625 0.0984375 0.1203125 0.0984375 0.1203125 0.0015625
0 0.5171875 0.0265625 0.4203125 0.0265625 0.4203125 0.221875 0.5171875 0.221875 0.5171875 0.0265625
0 0.7078125 0.0015625 0.66875 0.0015625 0.66875 0.0640625 0.7078125 0.0640625 0.7078125 0.0015625
0 0.9390625 0.5125 0.8 0.5125 0.8 0.7125 0.9390625 0.7125 0.9390625 0.5125
0 1.0 0.0203125 0.8296875 0.0203125 0.8296875 0.44375 1.0 0.44375 1.0 0.0203125
0 0.83125 0.0734375 0.728125 0.0734375 0.728125 0.3703125 0.83125 0.3703125 0.83125 0.0734375
0 0.921875 0.0015625 0.8703125 0.0015625 0.8703125 0.0640625 0.921875 0.0640625 0.921875 0.0015625
0 0.0765625 0.971875 0.0484375 0.971875 0.0484375 1.0 0.0765625 1.0 0.0765625 0.971875
0 0.928125 0.621875 0.8 0.621875 0.8 0.83125 0.928125 0.83125 0.928125 0.621875
