0 0.6484375 0.0015625 0.59375 0.0015625 0.59375 0.065625 0.6484375 0.065625 0.6484375 0.0015625
0 0.85 0.0171875 0.7453125 0.0171875 0.7453125 0.209375 0.85 0.209375 0.85 0.0171875
0 0.9859375 0.7875 0.7390625 0.7875 0.7390625 1.0 0.9859375 1.0 0.9859375 0.7875
0 0.9953125 0.6234375 0.85625 0.6234375 0.85625 0.7890625 0.9953125 0.7890625 0.9953125 0.6234375
0 0.7265625 0.4515625 0.6234375 0.4515625 0.6234375 0.525 0.7265625 0.525 0.7265625 0.4515625
0 0.53125 0.1921875 0.3453125 0.1921875 0.3453125 0.36875 0.53125 0.36875 0.53125 0.1921875
0 0.846875 0.9828125 0.8203125 0.9828125 0.8203125 1.0 0.846875 1.0 0.846875 0.9828125
0 0.64375 0.828125 0.5078125 0.828125 0.5078125 1.0 0.64375 1.0 0.64375 0.828125
0 0.671875 0.459375 0.5921875 0.459375 0.5921875 0.6390625 0.671875 0.6390625 0.671875 0.459375
0 0.7359375 0.3171875 0.634375 0.3171875 0.634375 0.4546875 0.7359375 0.4546875 0.7359375 0.3171875
0 0.4421875 0.328125 0.309375 0.328125 0.309375 0.4171875 0.4421875 0.4171875 0.4421875 0.328125
0 0.5921875 0.1546875 0.3921875 0.1546875 0.3921875 0.41875 0.5921875 0.41875 0.5921875 0.1546875
0 0.0046875 0.8421875 0.0015625 0.8421875 0.0015625 0.85625 0.0046875 0.85625 0.0046875 0.8421875
0 0.0046875 0.3859375 0.0015625 0.3859375 0.0015625 0.446875 0.0046875 0.446875 0.0046875 0.3859375
0 0.0625 0.1078125 0.0015625 0.1078125 0.0015625 0.19375 0.0625 0.19375 0.0625 0.1078125
0 0.225 0.0015625 0.0015625 0.0015625 0.0015625 0.2046875 0.225 0.2046875 0.225 0.0015625
0 0.365625 0.8890625 0.1609375 0.8890625 0.1609375 1.0 0.365625 1.0 0.365625 0.8890625
0 0.43125 0.9625 0.3921875 0.9625 0.3921875 1.0 0.43125 1.0 0.43125 0.9625
0 0.5328125 0.9359375 0.471875 0.9359375 0.471875 1.0 0.5328125 1.0 0.5328125 0.9359375
0 0.3015625 0.6796875 0.0625 0.6796875 0.0625 0.915625 0.3015625 0.915625 0.3015625 0.6796875
0 0.640625 0.5 0.44375 0.5 0.44375 0.7984375 0.640625 0.7984375 0.640625 0.5
0 0.4015625 0.5578125 0.31875 0.5578125 0.31875 0.6859375 0.4015625 0.6859375 0.4015625 0.5578125
0 0.1921875 0.546875 0.071875 0.546875 0.071875 0.665625 0.1921875 0.665625 0.1921875 0.546875
0 0.3359375 0.1140625 0.14375 0.1140625 0.14375 0.63125 0.3359375 0.63125 0.3359375 0.1140625
0 0.8296875 0.3765625 0.4984375 0.3765625 0.4984375 0.6671875 0.8296875 0.6671875 0.8296875 0.3765625
0 0.4359375 0.3703125 0.340625 0.3703125 0.340625 0.49375 0.4359375 0.49375 0.4359375 0.3703125
0 0.1484375 0.190625 0.0375 0.190625 0.0375 0.315625 0.1484375 0.315625 0.1484375 0.190625
0 0.6515625 0.0015625 0.3921875 0.0015625 0.3921875 0.1921875 0.6515625 0.1921875 0.6515625 0.0015625
0 0.3375 0.0015625 0.221875 0.0015625 0.221875 0.0890625 0.3375 0.0890625 0.3375 0.0015625
0 0.378125 0.0015625 0.303125 0.0015625 0.303125 0.08125 0.378125 0.08125 0.378125 0.0015625
0 0.8203125 0.9890625 0.75625 0.9890625 0.75625 1.0 0.8203125 1.0 0.8203125 0.9890625
0 0.8140625 0.6828125 0.6484375 0.6828125 0.6484375 0.9453125 0.8140625 0.9453125 0.8140625 0.6828125
0 0.8734375 0.634375 0.7015625 0.634375 0.7015625 0.9265625 0.8734375 0.9265625 0.8734375 0.634375
0 0.984375 0.6765625 0.8625 0.6765625 0.8625 0.9171875 0.984375 0.9171875 0.984375 0.6765625
0 1.0 0.5484375 0.878125 0.5484375 0.878125 0.7890625 1.0 0.7890625 1.0 0.5484375
0 1.0 0.246875 0.7328125 0.246875 0.7328125 0.61875 1.0 0.61875 1.0 0.246875
0 0.7046875 0.1546875 0.6375 0.1546875 0.6375 0.328125 0.7046875 0.328125 0.7046875 0.1546875
0 0.953125 0.0640625 0.83125 0.0640625 0.83125 0.23125 0.953125 0.23125 0.953125 0.0640625
0 0.9609375 0.0015625 0.8140625 0.0015625 0.8140625 0.0578125 0.9609375 0.0578125 0.9609375 0.0015625
0 1.0 0.9703125 0.9484375 0.9703125 0.9484375 1.0 1.0 1.0 1.0 0.9703125
0 1.0 0.0015625 0.0015625 0.0015625 0.0015625 1.0 1.0 1.0 1.0 0.0015625
0 0.4609375 0.0015625 0.4109375 0.0015625 0.4109375 0.0078125 0.4609375 0.0078125 0.4609375 0.0015625
