0 0.009375 0.21875 0.0015625 0.21875 0.0015625 0.3390625 0.009375 0.3390625 0.009375 0.21875
0 0.6921875 0.99375 0.68125 0.99375 0.68125 1.0 0.6921875 1.0 0.6921875 0.99375
0 0.8734375 0.3984375 0.6296875 0.3984375 0.6296875 0.9875 0.8734375 0.9875 0.8734375 0.3984375
0 0.2375 0.428125 0.0390625 0.428125 0.0390625 0.6390625 0.2375 0.6390625 0.2375 0.428125
0 0.5109375 0.0015625 0.3984375 0.0015625 0.3984375 0.0859375 0.5109375 0.0859375 0.5109375 0.0015625
0 1.0 0.653125 0.8359375 0.653125 0.8359375 1.0 1.0 1.0 1.0 0.653125
0 0.5984375 0.69375 0.534375 0.69375 0.534375 0.8578125 0.5984375 0.8578125 0.5984375 0.69375
0 1.0 0.78125 0.90625 0.78125 0.90625 1.0 1.0 1.0 1.0 0.78125
0 0.4046875 0.0015625 0.0015625 0.0015625 0.0015625 0.7890625 0.4046875 0.7890625 0.4046875 0.0015625
0 0.9234375 0.09375 0.2203125 0.09375 0.2203125 1.0 0.9234375 1.0 0.9234375 0.09375
0 0.1921875 0.75625 0.0015625 0.75625 0.0015625 1.0 0.1921875 1.0 0.1921875 0.75625
0 0.2171875 0.19375 0.0390625 0.19375 0.0390625 0.3625 0.2171875 0.3625 0.2171875 0.19375
0 0.3671875 0.0015625 0.159375 0.0015625 0.159375 0.0953125 0.3671875 0.0953125 0.3671875 0.0015625
0 1.0 0.5015625 0.79375 0.5015625 0.79375 1.0 1.0 1.0 1.0 0.5015625
0 0.5765625 0.0015625 0.4453125 0.0015625 0.4453125 0.1203125 0.5765625 0.1203125 0.5765625 0.0015625
0 0.2234375 0.64375 0.0015625 0.64375 0.0015625 1.0 0.2234375 1.0 0.2234375 0.64375
0 1.0 0.0015625 0.0015625 0.0015625 0.0015625 0.525 1.0 0.525 1.0 0.0015625
0 0.684375 0.4828125 0.2828125 0.4828125 0.2828125 1.0 0.684375 1.0 0.684375 0.4828125
0 0.7359375 0.2703125 0.621875 0.2703125 0.621875 0.628125 0.7359375 0.628125 0.7359375 0.2703125
0 0.753125 0.85625 0.66875 0.85625 0.66875 1.0 0.753125 1.0 0.753125 0.85625
0 1.0 0.40625 0.8125 0.40625 0.8125 0.7453125 1.0 0.7453125 1.0 0.40625
0 0.94375 0.2953125 0.865625 0.2953125 0.865625 0.5015625 0.94375 0.5015625 0.94375 0.2953125
0 1.0 0.109375 0.7484375 0.109375 0.7484375 0.3859375 1.0 0.3859375 1.0 0.109375
