0 0.734375 0.7625 0.5640625 0.7625 0.5640625 0.93125 0.734375 0.93125 0.734375 0.7625
0 0.0578125 0.8171875 0.0015625 0.8171875 0.0015625 0.925 0.0578125 0.925 0.0578125 0.8171875
0 0.19375 0.9171875 0.115625 0.9171875 0.115625 1.0 0.19375 1.0 0.19375 0.9171875
0 0.103125 0.8703125 0.0015625 0.8703125 0.0015625 1.0 0.103125 1.0 0.103125 0.8703125
0 0.9078125 0.0015625 0.8703125 0.0015625 0.8703125 0.0953125 0.9078125 0.0953125 0.9078125 0.0015625
0 0.184375 0.5015625 0.1140625 0.5015625 0.1140625 0.6765625 0.184375 0.6765625 0.184375 0.5015625
0 0.6828125 0.0015625 0.6328125 0.0015625 0.6328125 0.0375 0.6828125 0.0375 0.6828125 0.0015625
0 0.8796875 0.3671875 0.7671875 0.3671875 0.7671875 0.48125 0.8796875 0.48125 0.8796875 0.3671875
0 0.93125 0.0015625 0.890625 0.0015625 0.890625 0.1421875 0.93125 0.1421875 0.93125 0.0015625
0 0.6859375 0.4625 0.478125 0.4625 0.478125 0.646875 0.6859375 0.646875 0.6859375 0.4625
0 0.0046875 0.9640625 0.0015625 0.9640625 0.0015625 0.9734375 0.0046875 0.9734375 0.0046875 0.9640625
0 0.15625 0.79375 0.08125 0.79375 0.08125 0.953125 0.15625 0.953125 0.15625 0.79375
0 0.875 0.7828125 0.7359375 0.7828125 0.7359375 0.896875 0.875 0.896875 0.875 0.7828125
0 0.4984375 0.7109375 0.3984375 0.7109375 0.3984375 0.8828125 0.4984375 0.8828125 0.4984375 0.7109375
0 1.0 0.946875 0.959375 0.946875 0.959375 1.0 1.0 1.0 1.0 0.946875
0 0.1234375 0.5359375 0.0390625 0.5359375 0.0390625 0.728125 0.1234375 0.728125 0.1234375 0.5359375
0 0.0375 0.403125 0.0015625 0.403125 0.0015625 0.5328125 0.0375 0.5328125 0.0375 0.403125
0 0.940625 0.134375 0.7875 0.134375 0.7875 0.3078125 0.940625 0.3078125 0.940625 0.134375
0 0.2078125 0.190625 0.11875 0.190625 0.11875 0.3078125 0.2078125 0.3078125 0.2078125 0.190625
0 0.303125 0.0015625 0.1421875 0.0015625 0.1421875 0.1015625 0.303125 0.1015625 0.303125 0.0015625
0 0.1234375 0.0015625 0.0625 0.0015625 0.0625 0.128125 0.1234375 0.128125 0.1234375 0.0015625
0 1.0 0.50625 0.9671875 0.50625 0.9671875 0.6125 1.0 0.6125 1.0 0.50625
0 0.378125 0.8265625 0.190625 0.8265625 0.190625 1.0 0.378125 1.0 0.378125 0.8265625
0 0.1078125 0.765625 0.0015625 0.765625 0.0015625 0.828125 0.1078125 0.828125 0.1078125 0.765625
0 0.253125 0.475 0.1546875 0.475 0.1546875 0.6765625 0.253125 0.6765625 0.253125 0.475
0 0.4515625 0.9234375 0.3890625 0.9234375 0.3890625 1.0 0.4515625 1.0 0.4515625 0.9234375
0 0.734375 0.8796875 0.5765625 0.8796875 0.5765625 1.0 0.734375 1.0 0.734375 0.8796875
0 0.7234375 0.5421875 0.5546875 0.5421875 0.5546875 0.6578125 0.7234375 0.6578125 0.7234375 0.5421875
0 0.909375 0.4171875 0.7703125 0.4171875 0.7703125 0.5828125 0.909375 0.5828125 0.909375 0.4171875
0 0.5578125 0.2734375 0.36875 0.2734375 0.36875 0.48125 0.5578125 0.48125 0.5578125 0.2734375
0 0.6140625 0.0828125 0.4875 0.0828125 0.4875 0.2328125 0.6140625 0.2328125 0.6140625 0.0828125
0 0.3671875 0.7109375 0.2703125 0.7109375 0.2703125 0.9 0.3671875 0.9 0.3671875 0.7109375
0 0.084375 0.728125 0.0015625 0.728125 0.0015625 0.784375 0.084375 0.784375 0.084375 0.728125
0 0.63125 0.840625 0.5 0.840625 0.5 1.0 0.63125 1.0 0.63125 0.840625
0 0.4078125 0.7875 0.25625 0.7875 0.25625 0.925 0.4078125 0.925 0.4078125 0.7875
0 0.5015625 0.0015625 0.4 0.0015625 0.4 0.0421875 0.5015625 0.0421875 0.5015625 0.0015625
0 0.7171875 0.6625 0.6 0.6625 0.6 0.7609375 0.7171875 0.7609375 0.7171875 0.6625
0 0.1109375 0.7828125 0.0015625 0.7828125 0.0015625 0.8796875 0.1109375 0.8796875 0.1109375 0.7828125
0 0.134375 0.3046875 0.0015625 0.3046875 0.0015625 0.6375 0.134375 0.6375 0.134375 0.3046875
0 0.3421875 0.25 0.2328125 0.25 0.2328125 0.365625 0.3421875 0.365625 0.3421875 0.25
0 0.290625 0.0015625 0.0859375 0.0015625 0.0859375 0.2171875 0.290625 0.2171875 0.290625 0.0015625
0 1.0 0.5578125 0.9546875 0.5578125 0.9546875 0.6921875 1.0 0.6921875 1.0 0.5578125
0 0.8921875 0.28125 0.7765625 0.28125 0.7765625 0.4015625 0.8921875 0.4015625 0.8921875 0.28125
0 0.7609375 0.0703125 0.5421875 0.0703125 0.5421875 0.2734375 0.7609375 0.2734375 0.7609375 0.0703125
0 0.9171875 0.0015625 0.7421875 0.0015625 0.7421875 0.3015625 0.9171875 0.3015625 0.9171875 0.0015625
0 0.99375 0.0015625 0.9234375 0.0015625 0.9234375 0.2765625 0.99375 0.2765625 0.99375 0.0015625
0 0.0546875 0.8890625 0.0015625 0.8890625 0.0015625 1.0 0.0546875 1.0 0.0546875 0.8890625
0 1.0 0.0015625 0.0015625 0.0015625 0.0015625 1.0 1.0 1.0 1.0 0.0015625
0 0.8484375 0.91875 0.7578125 0.91875 0.7578125 1.0 0.8484375 1.0 0.8484375 0.91875
0 0.565625 0.9359375 0.465625 0.9359375 0.465625 1.0 0.565625 1.0 0.565625 0.9359375
0 0.3828125 0.9234375 0.315625 0.9234375 0.315625 1.0 0.3828125 1.0 0.3828125 0.9234375
0 0.446875 0.06875 0.271875 0.06875 0.271875 0.3359375 0.446875 0.3359375 0.446875 0.06875
0 1.0 0.4203125 0.9515625 0.4203125 0.9515625 0.578125 1.0 0.578125 1.0 0.4203125
0 0.9921875 0.2640625 0.8671875 0.2640625 0.8671875 0.5 0.9921875 0.5 0.9921875 0.2640625
0 0.8703125 0.09375 0.7875 0.09375 0.7875 0.2453125 0.8703125 0.2453125 0.8703125 0.09375
0 1.0 0.0015625 0.9078125 0.0015625 0.9078125 0.2140625 1.0 0.2140625 1.0 0.0015625
0 0.403125 0.609375 0.3015625 0.609375 0.3015625 0.8390625 0.403125 0.8390625 0.403125 0.609375
0 0.515625 0.4609375 0.446875 0.4609375 0.446875 0.7359375 0.515625 0.7359375 0.515625 0.4609375
0 1.0 0.3375 0.9171875 0.3375 0.9171875 0.60625 1.0 0.60625 1.0 0.3375
0 0.6375 0.2453125 0.5015625 0.2453125 0.5015625 0.3515625 0.6375 0.3515625 0.6375 0.2453125
0 0.45 0.890625 0.3734375 0.890625 0.3734375 1.0 0.45 1.0 0.45 0.890625
0 0.6515625 0.7578125 0.465625 0.7578125 0.465625 0.9546875 0.6515625 0.9546875 0.6515625 0.7578125
0 0.653125 0.5921875 0.4671875 0.5921875 0.4671875 0.734375 0.653125 0.734375 0.653125 0.5921875
0 0.7703125 0.4859375 0.5625 0.4859375 0.5625 0.5890625 0.7703125 0.5890625 0.7703125 0.4859375
0 0.4078125 0.3671875 0.2015625 0.3671875 0.2015625 0.596875 0.4078125 0.596875 0.4078125 0.3671875
0 0.6125 0.209375 0.4171875 0.209375 0.4171875 0.4515625 0.6125 0.4515625 0.6125 0.209375
0 1.0 0.19375 0.9546875 0.19375 0.9546875 0.2734375 1.0 0.2734375 1.0 0.19375
0 0.378125 0.0015625 0.290625 0.0015625 0.290625 0.125 0.378125 0.125 0.378125 0.0015625
