0 0.1359375 0.5828125 0.0015625 0.5828125 0.0015625 0.6828125 0.1359375 0.6828125 0.1359375 0.5828125
0 0.2515625 0.3765625 0.134375 0.3765625 0.134375 0.5875 0.2515625 0.5875 0.2515625 0.3765625
0 0.0171875 0.778125 0.0015625 0.778125 0.0015625 0.8859375 0.0171875 0.8859375 0.0171875 0.778125
0 0.3796875 0.725 0.1390625 0.725 0.1390625 0.8796875 0.3796875 0.8796875 0.3796875 0.725
0 0.3390625 0.8015625 0.19375 0.8015625 0.19375 1.0 0.3390625 1.0 0.3390625 0.8015625
0 0.0625 0.8875 0.0015625 0.8875 0.0015625 1.0 0.0625 1.0 0.0625 0.8875
0 0.3828125 0.7921875 0.29375 0.7921875 0.29375 0.9015625 0.3828125 0.9015625 0.3828125 0.7921875
0 0.0296875 0.684375 0.0015625 0.684375 0.0015625 0.753125 0.0296875 0.753125 0.0296875 0.684375
0 0.4515625 0.33125 0.0015625 0.33125 0.0015625 1.0 0.4515625 1.0 0.4515625 0.33125
0 0.303125 0.9578125 0.2671875 0.9578125 0.2671875 1.0 0.303125 1.0 0.303125 0.9578125
0 0.3796875 0.8328125 0.2703125 0.8328125 0.2703125 0.9765625 0.3796875 0.9765625 0.3796875 0.8328125
