0 0.265625 0.825 0.071875 0.825 0.071875 1.0 0.265625 1.0 0.265625 0.825
0 0.9734375 0.8578125 0.790625 0.8578125 0.790625 1.0 0.9734375 1.0 0.9734375 0.8578125
0 1.0 0.6359375 0.93125 0.6359375 0.93125 0.7328125 1.0 0.7328125 1.0 0.6359375
0 1.0 0.8015625 0.9546875 0.8015625 0.9546875 0.8484375 1.0 0.8484375 1.0 0.8015625
0 0.834375 0.5 0.696875 0.5 0.696875 0.7140625 0.834375 0.7140625 0.834375 0.5
0 0.0359375 0.2234375 0.0015625 0.2234375 0.0015625 0.3109375 0.0359375 0.3109375 0.0359375 0.2234375
0 0.565625 0.9734375 0.50625 0.9734375 0.50625 1.0 0.565625 1.0 0.565625 0.9734375
0 0.19375 0.7375 0.0859375 0.7375 0.0859375 0.934375 0.19375 0.934375 0.19375 0.7375
0 0.015625 0.7 0.0015625 0.7 0.0015625 0.7296875 0.015625 0.7296875 0.015625 0.7
0 0.1140625 0.415625 0.0109375 0.415625 0.0109375 0.590625 0.1140625 0.590625 0.1140625 0.415625
0 0.015625 0.3484375 0.0015625 0.3484375 0.0015625 0.3921875 0.015625 0.3921875 0.015625 0.3484375
0 0.2421875 0.93125 0.1 0.93125 0.1 1.0 0.2421875 1.0 0.2421875 0.93125
0 0.2625 0.1828125 0.153125 0.1828125 0.153125 0.340625 0.2625 0.340625 0.2625 0.1828125
0 0.48125 0.8921875 0.3578125 0.8921875 0.3578125 1.0 0.48125 1.0 0.48125 0.8921875
0 0.3796875 0.7578125 0.2546875 0.7578125 0.2546875 0.965625 0.3796875 0.965625 0.3796875 0.7578125
0 0.4140625 0.153125 0.1625 0.153125 0.1625 0.55 0.4140625 0.55 0.4140625 0.153125
0 0.2859375 0.28125 0.1984375 0.28125 0.1984375 0.4484375 0.2859375 0.4484375 0.2859375 0.28125
0 0.09375 0.0015625 0.0015625 0.0015625 0.0015625 0.4078125 0.09375 0.4078125 0.09375 0.0015625
0 1.0 0.5140625 0.8890625 0.5140625 0.8890625 0.678125 1.0 0.678125 1.0 0.5140625
0 0.7890625 0.1609375 0.6703125 0.1609375 0.6703125 0.321875 0.7890625 0.321875 0.7890625 0.1609375
0 0.275 0.1171875 0.1203125 0.1171875 0.1203125 0.228125 0.275 0.228125 0.275 0.1171875
0 0.05625 0.6953125 0.0015625 0.6953125 0.0015625 0.7984375 0.05625 0.7984375 0.05625 0.6953125
0 0.425 0.546875 0.2125 0.546875 0.2125 0.7171875 0.425 0.7171875 0.425 0.546875
0 0.115625 0.3078125 0.0015625 0.3078125 0.0015625 0.4546875 0.115625 0.4546875 0.115625 0.3078125
0 0.875 0.65 0.74375 0.65 0.74375 0.759375 0.875 0.759375 0.875 0.65
0 0.0109375 0.99375 0.0015625 0.99375 0.0015625 1.0 0.0109375 1.0 0.0109375 0.99375
0 0.1265625 0.0015625 0.0796875 0.0015625 0.0796875 0.028125 0.1265625 0.028125 0.1265625 0.0015625
0 0.3546875 0.73125 0.271875 0.73125 0.271875 0.9109375 0.3546875 0.9109375 0.3546875 0.73125
0 0.2375 0.7375 0.1890625 0.7375 0.1890625 0.8859375 0.2375 0.8859375 0.2375 0.7375
0 0.134375 0.3875 0.0015625 0.3875 0.0015625 0.725 0.134375 0.725 0.134375 0.3875
0 0.4828125 0.4 0.3578125 0.4 0.3578125 0.640625 0.4828125 0.640625 0.4828125 0.4
0 0.3796875 0.2234375 0.215625 0.2234375 0.215625 0.5984375 0.3796875 0.5984375 0.3796875 0.2234375
0 0.815625 0.2 0.6265625 0.2 0.6265625 0.4734375 0.815625 0.4734375 0.815625 0.2
0 0.4359375 0.109375 0.2578125 0.109375 0.2578125 0.4046875 0.4359375 0.4046875 0.4359375 0.109375
0 0.1953125 0.0015625 0.0421875 0.0015625 0.0421875 0.403125 0.1953125 0.403125 0.1953125 0.0015625
0 0.05 0.0171875 0.0015625 0.0171875 0.0015625 0.303125 0.05 0.303125 0.05 0.0171875
0 1.0 0.7015625 0.9515625 0.7015625 0.9515625 0.7953125 1.0 0.7953125 1.0 0.7015625
0 0.159375 0.821875 0.0015625 0.821875 0.0015625 1.0 0.159375 1.0 0.159375 0.821875
0 0.2453125 1.0 0.2453125 1.0 0.2453125 1.0 0.2453125 1.0 0.2453125 1.0
0 0.3171875 0.7140625 0.234375 0.7140625 0.234375 0.9859375 0.3171875 0.9859375 0.3171875 0.7140625
0 0.51875 0.896875 0.4703125 0.896875 0.4703125 1.0 0.51875 1.0 0.51875 0.896875
0 1.0 0.3640625 0.828125 0.3640625 0.828125 0.8921875 1.0 0.8921875 1.0 0.3640625
0 0.81875 0.403125 0.678125 0.403125 0.678125 0.5109375 0.81875 0.5109375 0.81875 0.403125
0 1.0 0.7859375 0.99375 0.7859375 0.99375 0.8078125 1.0 0.8078125 1.0 0.7859375
0 0.3125 0.7875 0.225 0.7875 0.225 1.0 0.3125 1.0 0.3125 0.7875
0 0.2609375 0.0015625 0.0921875 0.0015625 0.0921875 0.19375 0.2609375 0.19375 0.2609375 0.0015625
0 0.4265625 0.89375 0.2546875 0.89375 0.2546875 1.0 0.4265625 1.0 0.4265625 0.89375
0 0.221875 0.8265625 0.146875 0.8265625 0.146875 0.953125 0.221875 0.953125 0.221875 0.8265625
0 0.2875 0.571875 0.0015625 0.571875 0.0015625 0.896875 0.2875 0.896875 0.2875 0.571875
0 0.2421875 0.2703125 0.109375 0.2703125 0.109375 0.659375 0.2421875 0.659375 0.2421875 0.2703125
0 0.990625 0.1484375 0.309375 0.1484375 0.309375 1.0 0.990625 1.0 0.990625 0.1484375
0 0.8625 0.471875 0.7359375 0.471875 0.7359375 0.6359375 0.8625 0.6359375 0.8625 0.471875
0 1.0 0.2609375 0.7765625 0.2609375 0.7765625 0.453125 1.0 0.453125 1.0 0.2609375
0 0.0140625 0.059375 0.0015625 0.059375 0.0015625 0.1078125 0.0140625 0.1078125 0.0140625 0.059375
