0 0.3359375 0.9078125 0.20625 0.9078125 0.20625 1.0 0.3359375 1.0 0.3359375 0.9078125
0 0.7640625 0.3953125 0.4 0.3953125 0.4 0.9265625 0.7640625 0.9265625 0.7640625 0.3953125
0 0.815625 0.84375 0.64375 0.84375 0.64375 1.0 0.815625 1.0 0.815625 0.84375
0 0.9796875 0.5609375 0.8484375 0.5609375 0.8484375 0.7640625 0.9796875 0.7640625 0.9796875 0.5609375
0 0.89375 0.4609375 0.7546875 0.4609375 0.7546875 0.5796875 0.89375 0.5796875 0.89375 0.4609375
0 1.0 0.175 0.875 0.175 0.875 0.428125 1.0 0.428125 1.0 0.175
0 0.9015625 0.0015625 0.7328125 0.0015625 0.7328125 0.2296875 0.9015625 0.2296875 0.9015625 0.0015625
0 0.56875 0.89375 0.4859375 0.89375 0.4859375 1.0 0.56875 1.0 0.56875 0.89375
0 0.3125 0.865625 0.13125 0.865625 0.13125 1.0 0.3125 1.0 0.3125 0.865625
0 0.1984375 0.0015625 0.1234375 0.0015625 0.1234375 0.0796875 0.1984375 0.0796875 0.1984375 0.0015625
0 1.0 0.0015625 0.634375 0.0015625 0.634375 1.0 1.0 1.0 1.0 0.0015625
0 0.778125 0.728125 0.6625 0.728125 0.6625 0.940625 0.778125 0.940625 0.778125 0.728125
0 0.6328125 0.7296875 0.4890625 0.7296875 0.4890625 0.9125 0.6328125 0.9125 0.6328125 0.7296875
0 0.778125 0.0015625 0.65625 0.0015625 0.65625 0.0796875 0.778125 0.0796875 0.778125 0.0015625
0 1.0 0.7890625 0.965625 0.7890625 0.965625 1.0 1.0 1.0 1.0 0.7890625
0 0.33125 0.0015625 0.0015625 0.0015625 0.0015625 0.684375 0.33125 0.684375 0.33125 0.0015625
0 1.0 0.75 0.409375 0.75 0.409375 1.0 1.0 1.0 1.0 0.75
0 0.078125 0.965625 0.04375 0.965625 0.04375 1.0 0.078125 1.0 0.078125 0.965625
0 1.0 0.0015625 0.5140625 0.0015625 0.5140625 0.4171875 1.0 0.4171875 1.0 0.0015625
0 0.3296875 0.0015625 0.25625 0.0015625 0.25625 0.11875 0.3296875 0.11875 0.3296875 0.0015625
0 0.7984375 0.996875 0.78125 0.996875 0.78125 1.0 0.7984375 1.0 0.7984375 0.996875
0 0.9703125 0.525 0.7046875 0.525 0.7046875 0.9703125 0.9703125 0.9703125 0.9703125 0.525
0 0.7625 0.5828125 0.646875 0.5828125 0.646875 0.684375 0.7625 0.684375 0.7625 0.5828125
0 0.9703125 0.190625 0.80625 0.190625 0.80625 0.38125 0.9703125 0.38125 0.9703125 0.190625
