0 0.6515625 0.525 0.4234375 0.525 0.4234375 0.5765625 0.6515625 0.5765625 0.6515625 0.525
0 0.6453125 0.0734375 0.5328125 0.0734375 0.5328125 0.2015625 0.6453125 0.2015625 0.6453125 0.0734375
0 0.2453125 0.5234375 0.1765625 0.5234375 0.1765625 0.675 0.2453125 0.675 0.2453125 0.5234375
0 0.2359375 0.615625 0.0890625 0.615625 0.0890625 0.7453125 0.2359375 0.7453125 0.2359375 0.615625
0 0.225 0.8171875 0.084375 0.8171875 0.084375 1.0 0.225 1.0 0.225 0.8171875
0 0.1421875 0.509375 0.025 0.509375 0.025 0.6078125 0.1421875 0.6078125 0.1421875 0.509375
0 0.634375 0.959375 0.328125 0.959375 0.328125 1.0 0.634375 1.0 0.634375 0.959375
0 0.1140625 0.8421875 0.0015625 0.8421875 0.0015625 0.9265625 0.1140625 0.9265625 0.1140625 0.8421875
0 0.0921875 0.575 0.0015625 0.575 0.0015625 0.7 0.0921875 0.7 0.0921875 0.575
0 0.6828125 0.5421875 0.375 0.5421875 0.375 0.628125 0.6828125 0.628125 0.6828125 0.5421875
0 0.9578125 0.3328125 0.846875 0.3328125 0.846875 0.475 0.9578125 0.475 0.9578125 0.3328125
0 0.190625 0.634375 0.03125 0.634375 0.03125 0.746875 0.190625 0.746875 0.190625 0.634375
0 0.746875 0.0015625 0.6609375 0.0015625 0.6609375 0.0828125 0.746875 0.0828125 0.746875 0.0015625
0 0.8546875 0.99375 0.8390625 0.99375 0.8390625 1.0 0.8546875 1.0 0.8546875 0.99375
0 0.4421875 0.8359375 0.303125 0.8359375 0.303125 1.0 0.4421875 1.0 0.4421875 0.8359375
0 0.7765625 0.6828125 0.6109375 0.6828125 0.6109375 0.834375 0.7765625 0.834375 0.7765625 0.6828125
0 0.8609375 0.5796875 0.7578125 0.5796875 0.7578125 0.715625 0.8609375 0.715625 0.8609375 0.5796875
0 0.6609375 0.5734375 0.43125 0.5734375 0.43125 0.653125 0.6609375 0.653125 0.6609375 0.5734375
0 0.240625 0.5078125 0.1390625 0.5078125 0.1390625 0.7015625 0.240625 0.7015625 0.240625 0.5078125
0 0.5609375 0.425 0.3703125 0.425 0.3703125 0.5734375 0.5609375 0.5734375 0.5609375 0.425
0 0.7015625 0.0015625 0.471875 0.0015625 0.471875 0.38125 0.7015625 0.38125 0.7015625 0.0015625
0 0.1296875 0.9640625 0.0015625 0.9640625 0.0015625 1.0 0.1296875 1.0 0.1296875 0.9640625
0 0.353125 0.8125 0.109375 0.8125 0.109375 0.9515625 0.353125 0.9515625 0.353125 0.8125
0 0.284375 0.0015625 0.01875 0.0015625 0.01875 0.0890625 0.284375 0.0890625 0.284375 0.0015625
0 0.4984375 0.0015625 0.3515625 0.0015625 0.3515625 0.0984375 0.4984375 0.0984375 0.4984375 0.0015625
0 0.9828125 0.4 0.7328125 0.4 0.7328125 0.621875 0.9828125 0.621875 0.9828125 0.4
0 1.0 0.0015625 0.80625 0.0015625 0.80625 0.04375 1.0 0.04375 1.0 0.0015625
0 0.95 0.3953125 0.0015625 0.3953125 0.0015625 1.0 0.95 1.0 0.95 0.3953125
0 1.0 0.0015625 0.6203125 0.0015625 0.6203125 0.6234375 1.0 0.6234375 1.0 0.0015625
0 0.4578125 0.165625 0.2265625 0.165625 0.2265625 0.5125 0.4578125 0.5125 0.4578125 0.165625
0 0.625 0.01875 0.5046875 0.01875 0.5046875 0.1546875 0.625 0.1546875 0.625 0.01875
0 1.0 0.8796875 0.84375 0.8796875 0.84375 1.0 1.0 1.0 1.0 0.8796875
0 0.9359375 0.0015625 0.9328125 0.0015625 0.9328125 0.0015625 0.9359375 0.0015625 0.9359375 0.0015625
