0 0.8609375 0.0015625 0.83125 0.0015625 0.83125 0.0046875 0.8609375 0.0046875 0.8609375 0.0015625
0 0.6578125 0.5703125 0.584375 0.5703125 0.584375 0.8015625 0.6578125 0.8015625 0.6578125 0.5703125
0 0.3078125 0.94375 0.184375 0.94375 0.184375 1.0 0.3078125 1.0 0.3078125 0.94375
0 0.525 0.6421875 0.3265625 0.6421875 0.3265625 0.940625 0.525 0.940625 0.525 0.6421875
0 0.75 0.1390625 0.6203125 0.1390625 0.6203125 0.334375 0.75 0.334375 0.75 0.1390625
0 0.778125 0.0015625 0.6953125 0.0015625 0.6953125 0.1140625 0.778125 0.1140625 0.778125 0.0015625
0 0.675 0.0015625 0.58125 0.0015625 0.58125 0.0453125 0.675 0.0453125 0.675 0.0015625
0 0.8609375 0.1078125 0.7828125 0.1078125 0.7828125 0.240625 0.8609375 0.240625 0.8609375 0.1078125
0 0.83125 0.0015625 0.73125 0.0015625 0.73125 0.009375 0.83125 0.009375 0.83125 0.0015625
0 1.0 0.025 0.9921875 0.025 0.9921875 0.078125 1.0 0.078125 1.0 0.025
0 0.8703125 0.0015625 0.7625 0.0015625 0.7625 0.153125 0.8703125 0.153125 0.8703125 0.0015625
0 0.89375 0.0015625 0.8828125 0.0015625 0.8828125 0.01875 0.89375 0.01875 0.89375 0.0015625
0 1.0 0.0015625 0.2046875 0.0015625 0.2046875 1.0 1.0 1.0 1.0 0.0015625
0 0.4546875 0.65625 0.3265625 0.65625 0.3265625 0.809375 0.4546875 0.809375 0.4546875 0.65625
