0 1.0 0.9640625 0.8546875 0.9640625 0.8546875 1.0 1.0 1.0 1.0 0.9640625
0 0.9796875 0.0671875 0.909375 0.0671875 0.909375 0.1921875 0.9796875 0.1921875 0.9796875 0.0671875
0 0.4296875 0.221875 0.1484375 0.221875 0.1484375 0.996875 0.4296875 0.996875 0.4296875 0.221875
0 1.0 0.171875 0.8890625 0.171875 0.8890625 0.340625 1.0 0.340625 1.0 0.171875
0 0.65 0.0015625 0.5375 0.0015625 0.5375 0.1859375 0.65 0.1859375 0.65 0.0015625
0 0.3046875 0.1625 0.18125 0.1625 0.18125 0.3046875 0.3046875 0.3046875 0.3046875 0.1625
0 0.896875 0.0953125 0.78125 0.0953125 0.78125 0.325 0.896875 0.325 0.896875 0.0953125
0 0.76875 0.090625 0.646875 0.090625 0.646875 0.303125 0.76875 0.303125 0.76875 0.090625
0 0.946875 0.734375 0.4734375 0.734375 0.4734375 0.965625 0.946875 0.965625 0.946875 0.734375
0 0.5828125 0.0015625 0.453125 0.0015625 0.453125 0.140625 0.5828125 0.140625 0.5828125 0.0015625
0 0.6875 0.0390625 0.6140625 0.0390625 0.6140625 0.2390625 0.6875 0.2390625 0.6875 0.0390625
0 0.7640625 0.2671875 0.6546875 0.2671875 0.6546875 0.4171875 0.7640625 0.4171875 0.7640625 0.2671875
0 0.8265625 0.2375 0.7234375 0.2375 0.7234375 0.4140625 0.8265625 0.4140625 0.8265625 0.2375
0 0.1765625 0.8328125 0.0015625 0.8328125 0.0015625 1.0 0.1765625 1.0 0.1765625 0.8328125
0 0.7796875 0.75 0.5734375 0.75 0.5734375 0.9375 0.7796875 0.9375 0.7796875 0.75
0 0.6453125 0.6515625 0.3109375 0.6515625 0.3109375 0.8859375 0.6453125 0.8859375 0.6453125 0.6515625
0 1.0 0.671875 0.8390625 0.671875 0.8390625 0.93125 1.0 0.93125 1.0 0.671875
0 0.309375 0.4453125 0.0921875 0.4453125 0.0921875 0.6578125 0.309375 0.6578125 0.309375 0.4453125
0 0.6078125 0.4265625 0.4859375 0.4265625 0.4859375 0.578125 0.6078125 0.578125 0.6078125 0.4265625
0 0.40625 0.328125 0.3171875 0.328125 0.3171875 0.571875 0.40625 0.571875 0.40625 0.328125
0 0.2140625 0.071875 0.0015625 0.071875 0.0015625 0.5078125 0.2140625 0.5078125 0.2140625 0.071875
0 0.184375 0.21875 0.0984375 0.21875 0.0984375 0.384375 0.184375 0.384375 0.184375 0.21875
0 0.63125 0.053125 0.553125 0.053125 0.553125 0.3234375 0.63125 0.3234375 0.63125 0.053125
0 0.809375 0.01875 0.6421875 0.01875 0.6421875 0.1578125 0.809375 0.1578125 0.809375 0.01875
0 0.96875 0.0015625 0.9015625 0.0015625 0.9015625 0.05625 0.96875 0.05625 0.96875 0.0015625
0 0.5109375 0.8796875 0.403125 0.8796875 0.403125 0.965625 0.5109375 0.965625 0.5109375 0.8796875
0 0.3703125 0.703125 0.28125 0.703125 0.28125 0.8125 0.3703125 0.8125 0.3703125 0.703125
0 0.5484375 0.0640625 0.4421875 0.0640625 0.4421875 0.3609375 0.5484375 0.3609375 0.5484375 0.0640625
0 0.60625 0.51875 0.5390625 0.51875 0.5390625 0.784375 0.60625 0.784375 0.60625 0.51875
0 0.784375 0.4484375 0.625 0.4484375 0.625 0.5890625 0.784375 0.5890625 0.784375 0.4484375
0 0.6765625 0.5390625 0.5921875 0.5390625 0.5921875 0.75 0.6765625 0.75 0.6765625 0.5390625
0 1.0 0.584375 0.8734375 0.584375 0.8734375 0.703125 1.0 0.703125 1.0 0.584375
0 0.5109375 0.90625 0.3 0.90625 0.3 1.0 0.5109375 1.0 0.5109375 0.90625
0 1.0 0.2859375 0.9140625 0.2859375 0.9140625 0.3578125 1.0 0.3578125 1.0 0.2859375
0 0.05 0.534375 0.0015625 0.534375 0.0015625 0.621875 0.05 0.621875 0.05 0.534375
0 0.0984375 0.375 0.0015625 0.375 0.0015625 0.5015625 0.0984375 0.5015625 0.0984375 0.375
0 1.0 0.559375 0.909375 0.559375 0.909375 0.6375 1.0 0.6375 1.0 0.559375
0 0.3484375 0.4 0.1609375 0.4 0.1609375 0.6296875 0.3484375 0.6296875 0.3484375 0.4
0 0.596875 0.1609375 0.46875 0.1609375 0.46875 0.496875 0.596875 0.496875 0.596875 0.1609375
0 0.8265625 0.0015625 0.7140625 0.0015625 0.7140625 0.11875 0.8265625 0.11875 0.8265625 0.0015625
0 0.1046875 0.934375 0.0015625 0.934375 0.0015625 1.0 0.1046875 1.0 0.1046875 0.934375
0 0.115625 0.8234375 0.0015625 0.8234375 0.0015625 0.95 0.115625 0.95 0.115625 0.8234375
0 0.25 0.1578125 0.059375 0.1578125 0.059375 0.5453125 0.25 0.5453125 0.25 0.1578125
0 0.325 0.7828125 0.1875 0.7828125 0.1875 1.0 0.325 1.0 0.325 0.7828125
0 0.5578125 0.9921875 0.5265625 0.9921875 0.5265625 1.0 0.5578125 1.0 0.5578125 0.9921875
0 0.9328125 0.7828125 0.7296875 0.7828125 0.7296875 0.95 0.9328125 0.95 0.9328125 0.7828125
0 0.9671875 0.025 0.86875 0.025 0.86875 0.2109375 0.9671875 0.2109375 0.9671875 0.025
0 1.0 0.0015625 0.978125 0.0015625 0.978125 0.1671875 1.0 0.1671875 1.0 0.0015625
0 0.371875 0.959375 0.2546875 0.959375 0.2546875 1.0 0.371875 1.0 0.371875 0.959375
0 0.2421875 0.778125 0.1546875 0.778125 0.1546875 0.9390625 0.2421875 0.9390625 0.2421875 0.778125
0 0.0671875 0.4984375 0.0015625 0.4984375 0.0015625 0.66875 0.0671875 0.66875 0.0671875 0.4984375
0 0.8484375 0.9328125 0.6296875 0.9328125 0.6296875 1.0 0.8484375 1.0 0.8484375 0.9328125
0 0.3671875 0.5390625 0.1140625 0.5390625 0.1140625 0.93125 0.3671875 0.93125 0.3671875 0.5390625
0 0.7984375 0.4734375 0.646875 0.4734375 0.646875 0.6015625 0.7984375 0.6015625 0.7984375 0.4734375
0 1.0 0.2234375 0.9578125 0.2234375 0.9578125 0.2921875 1.0 0.2921875 1.0 0.2234375
0 0.765625 0.5375 0.571875 0.5375 0.571875 0.7921875 0.765625 0.7921875 0.765625 0.5375
0 0.690625 0.3515625 0.5703125 0.3515625 0.5703125 0.4671875 0.690625 0.4671875 0.690625 0.3515625
0 0.2609375 0.0015625 0.0015625 0.0015625 0.0015625 0.328125 0.2609375 0.328125 0.2609375 0.0015625
0 0.3953125 0.9625 0.346875 0.9625 0.346875 1.0 0.3953125 1.0 0.3953125 0.9625
0 0.553125 0.2140625 0.3359375 0.2140625 0.3359375 0.715625 0.553125 0.715625 0.553125 0.2140625
0 0.3796875 0.0015625 0.2609375 0.0015625 0.2609375 0.275 0.3796875 0.275 0.3796875 0.0015625
0 0.6171875 0.0015625 0.603125 0.0015625 0.603125 0.00625 0.6171875 0.00625 0.6171875 0.0015625
0 1.0 0.9859375 0.9875 0.9859375 0.9875 1.0 1.0 1.0 1.0 0.9859375
0 1.0 0.3109375 0.6875 0.3109375 0.6875 1.0 1.0 1.0 1.0 0.3109375
0 0.7328125 0.9234375 0.55 0.9234375 0.55 1.0 0.7328125 1.0 0.7328125 0.9234375
0 0.653125 0.79375 0.5171875 0.79375 0.5171875 0.934375 0.653125 0.934375 0.653125 0.79375
0 0.8625 0.590625 0.6671875 0.590625 0.6671875 0.8328125 0.8625 0.8328125 0.8625 0.590625
0 0.5921875 0.684375 0.471875 0.684375 0.471875 0.8078125 0.5921875 0.8078125 0.5921875 0.684375
0 0.6625 0.1859375 0.56875 0.1859375 0.56875 0.4015625 0.6625 0.4015625 0.6625 0.1859375
0 0.8625 0.1015625 0.6640625 0.1015625 0.6640625 0.2484375 0.8625 0.2484375 0.8625 0.1015625
0 0.778125 0.0015625 0.6515625 0.0015625 0.6515625 0.0796875 0.778125 0.0796875 0.778125 0.0015625
0 1.0 0.0015625 0.8078125 0.0015625 0.8078125 0.19375 1.0 0.19375 1.0 0.0015625
0 0.8671875 0.2296875 0.7921875 0.2296875 0.7921875 0.415625 0.8671875 0.415625 0.8671875 0.2296875
0 0.8046875 0.528125 0.64375 0.528125 0.64375 0.7140625 0.8046875 0.7140625 0.8046875 0.528125
0 0.76875 0.34375 0.6546875 0.34375 0.6546875 0.4984375 0.76875 0.4984375 0.76875 0.34375
0 0.309375 0.2890625 0.2265625 0.2890625 0.2265625 0.40625 0.309375 0.40625 0.309375 0.2890625
0 0.4078125 0.0015625 0.315625 0.0015625 0.315625 0.2328125 0.4078125 0.2328125 0.4078125 0.0015625
0 0.346875 0.328125 0.2859375 0.328125 0.2859375 0.4953125 0.346875 0.4953125 0.346875 0.328125
0 0.31875 0.0015625 0.23125 0.0015625 0.23125 0.2046875 0.31875 0.2046875 0.31875 0.0015625
