0 0.2046875 0.015625 0.065625 0.015625 0.065625 0.134375 0.2046875 0.134375 0.2046875 0.015625
0 0.7375 0.93125 0.61875 0.93125 0.61875 1.0 0.7375 1.0 0.7375 0.93125
0 0.8828125 0.975 0.8171875 0.975 0.8171875 1.0 0.8828125 1.0 0.8828125 0.975
0 0.4859375 0.7046875 0.403125 0.7046875 0.403125 0.81875 0.4859375 0.81875 0.4859375 0.7046875
0 0.4578125 0.8421875 0.2875 0.8421875 0.2875 1.0 0.4578125 1.0 0.4578125 0.8421875
0 0.415625 0.7140625 0.2703125 0.7140625 0.2703125 0.846875 0.415625 0.846875 0.415625 0.7140625
0 0.5625 0.65 0.45 0.65 0.45 0.8203125 0.5625 0.8203125 0.5625 0.65
0 0.5453125 0.2703125 0.45 0.2703125 0.45 0.490625 0.5453125 0.490625 0.5453125 0.2703125
0 0.9671875 0.1796875 0.7140625 0.1796875 0.7140625 0.3734375 0.9671875 0.3734375 0.9671875 0.1796875
0 0.378125 0.01875 0.2640625 0.01875 0.2640625 0.2203125 0.378125 0.2203125 0.378125 0.01875
0 0.828125 0.0015625 0.5796875 0.0015625 0.5796875 0.09375 0.828125 0.09375 0.828125 0.0015625
0 0.415625 0.95 0.2609375 0.95 0.2609375 1.0 0.415625 1.0 0.415625 0.95
0 0.8765625 0.9421875 0.7625 0.9421875 0.7625 1.0 0.8765625 1.0 0.8765625 0.9421875
0 0.3953125 0.6875 0.0765625 0.6875 0.0765625 0.8453125 0.3953125 0.8453125 0.3953125 0.6875
0 0.8484375 0.2234375 0.7296875 0.2234375 0.7296875 0.3421875 0.8484375 0.3421875 0.8484375 0.2234375
0 0.9 0.0015625 0.75625 0.0015625 0.75625 0.03125 0.9 0.03125 0.9 0.0015625
0 1.0 0.940625 0.9921875 0.940625 0.9921875 1.0 1.0 1.0 1.0 0.940625
0 0.353125 0.734375 0.053125 0.734375 0.053125 1.0 0.353125 1.0 0.353125 0.734375
0 0.4171875 0.996875 0.403125 0.996875 0.403125 1.0 0.4171875 1.0 0.4171875 0.996875
0 0.1640625 0.8171875 0.0015625 0.8171875 0.0015625 0.9671875 0.1640625 0.9671875 0.1640625 0.8171875
0 0.2546875 0.5015625 0.1125 0.5015625 0.1125 0.6875 0.2546875 0.6875 0.2546875 0.5015625
0 0.5109375 0.3078125 0.18125 0.3078125 0.18125 0.690625 0.5109375 0.690625 0.5109375 0.3078125
0 0.2625 0.353125 0.1046875 0.353125 0.1046875 0.50625 0.2625 0.50625 0.2625 0.353125
0 0.39375 0.1765625 0.2296875 0.1765625 0.2296875 0.428125 0.39375 0.428125 0.39375 0.1765625
0 0.2234375 0.2703125 0.125 0.2703125 0.125 0.3640625 0.2234375 0.3640625 0.2234375 0.2703125
0 0.03125 0.1984375 0.0015625 0.1984375 0.0015625 0.3625 0.03125 0.3625 0.03125 0.1984375
0 0.3375 0.028125 0.1015625 0.028125 0.1015625 0.25625 0.3375 0.25625 0.3375 0.028125
0 0.2 0.075 0.0015625 0.075 0.0015625 0.3015625 0.2 0.3015625 0.2 0.075
0 0.496875 0.0015625 0.23125 0.0015625 0.23125 0.1609375 0.496875 0.1609375 0.496875 0.0015625
0 0.196875 0.0015625 0.0765625 0.0015625 0.0765625 0.0734375 0.196875 0.0734375 0.196875 0.0015625
0 0.4296875 0.3828125 0.2859375 0.3828125 0.2859375 0.521875 0.4296875 0.521875 0.4296875 0.3828125
0 0.884375 0.8203125 0.7890625 0.8203125 0.7890625 0.965625 0.884375 0.965625 0.884375 0.8203125
0 1.0 0.6671875 0.95 0.6671875 0.95 0.7390625 1.0 0.7390625 1.0 0.6671875
0 0.0296875 0.9546875 0.0015625 0.9546875 0.0015625 1.0 0.0296875 1.0 0.0296875 0.9546875
0 1.0 0.790625 0.9265625 0.790625 0.9265625 0.8984375 1.0 0.8984375 1.0 0.790625
0 0.4796875 0.7875 0.2890625 0.7875 0.2890625 0.9234375 0.4796875 0.9234375 0.4796875 0.7875
0 0.1625 0.6046875 0.028125 0.6046875 0.028125 0.7453125 0.1625 0.7453125 0.1625 0.6046875
0 0.7109375 0.621875 0.59375 0.621875 0.59375 0.7265625 0.7109375 0.7265625 0.7109375 0.621875
0 0.3828125 0.4484375 0.146875 0.4484375 0.146875 0.671875 0.3828125 0.671875 0.3828125 0.4484375
0 0.7140625 0.4765625 0.4875 0.4765625 0.4875 0.6515625 0.7140625 0.6515625 0.7140625 0.4765625
0 0.9546875 0.425 0.840625 0.425 0.840625 0.5734375 0.9546875 0.5734375 0.9546875 0.425
0 0.221875 0.21875 0.0484375 0.21875 0.0484375 0.3609375 0.221875 0.3609375 0.221875 0.21875
0 0.95625 0.0015625 0.0015625 0.0015625 0.0015625 0.91875 0.95625 0.91875 0.95625 0.0015625
0 0.7921875 0.978125 0.7328125 0.978125 0.7328125 1.0 0.7921875 1.0 0.7921875 0.978125
0 1.0 0.1046875 0.3734375 0.1046875 0.3734375 0.99375 1.0 0.99375 1.0 0.1046875
0 1.0 0.8546875 0.853125 0.8546875 0.853125 0.9734375 1.0 0.9734375 1.0 0.8546875
