0 0.996875 0.0421875 0.9 0.0421875 0.9 0.1796875 0.996875 0.1796875 0.996875 0.0421875
0 0.9921875 0.0015625 0.9875 0.0015625 0.9875 0.0015625 0.9921875 0.0015625 0.9921875 0.0015625
0 0.0921875 0.8203125 0.0015625 0.8203125 0.0015625 1.0 0.0921875 1.0 0.0921875 0.8203125
0 0.45625 0.3265625 0.234375 0.3265625 0.234375 0.475 0.45625 0.475 0.45625 0.3265625
0 0.71875 0.890625 0.6140625 0.890625 0.6140625 1.0 0.71875 1.0 0.71875 0.890625
0 0.9046875 0.4375 0.8125 0.4375 0.8125 0.8109375 0.9046875 0.8109375 0.9046875 0.4375
0 1.0 0.3484375 0.9171875 0.3484375 0.9171875 0.4640625 1.0 0.4640625 1.0 0.3484375
0 0.1234375 0.0375 0.0015625 0.0375 0.0015625 0.20625 0.1234375 0.20625 0.1234375 0.0375
0 0.2078125 0.0015625 0.175 0.0015625 0.175 0.0421875 0.2078125 0.0421875 0.2078125 0.0015625
0 0.16875 0.0015625 0.0703125 0.0015625 0.0703125 0.1015625 0.16875 0.1015625 0.16875 0.0015625
0 0.884375 0.1140625 0.7921875 0.1140625 0.7921875 0.228125 0.884375 0.228125 0.884375 0.1140625
0 0.728125 0.96875 0.66875 0.96875 0.66875 1.0 0.728125 1.0 0.728125 0.96875
0 1.0 0.8328125 0.9390625 0.8328125 0.9390625 0.9859375 1.0 0.9859375 1.0 0.8328125
0 0.7375 0.7796875 0.6515625 0.7796875 0.6515625 0.934375 0.7375 0.934375 0.7375 0.7796875
0 0.95625 0.20625 0.834375 0.20625 0.834375 0.4359375 0.95625 0.4359375 0.95625 0.20625
0 1.0 0.0015625 0.0015625 0.0015625 0.0015625 1.0 1.0 1.0 1.0 0.0015625
