0 1.0 0.1453125 0.9421875 0.1453125 0.9421875 0.2609375 1.0 0.2609375 1.0 0.1453125
0 0.5734375 0.0015625 0.5375 0.0015625 0.5375 0.0296875 0.5734375 0.0296875 0.5734375 0.0015625
0 0.759375 0.496875 0.65625 0.496875 0.65625 0.5984375 0.759375 0.5984375 0.759375 0.496875
0 0.6609375 0.0296875 0.49375 0.0296875 0.49375 0.2203125 0.6609375 0.2203125 0.6609375 0.0296875
0 0.5375 0.0015625 0.4296875 0.0015625 0.4296875 0.0734375 0.5375 0.0734375 0.5375 0.0015625
0 0.8703125 0.4953125 0.7046875 0.4953125 0.7046875 0.7078125 0.8703125 0.7078125 0.8703125 0.4953125
0 1.0 0.0015625 0.9421875 0.0015625 0.9421875 0.1359375 1.0 0.1359375 1.0 0.0015625
0 0.5421875 0.428125 0.371875 0.428125 0.371875 0.6265625 0.5421875 0.6265625 0.5421875 0.428125
0 0.29375 0.309375 0.1125 0.309375 0.1125 0.603125 0.29375 0.603125 0.29375 0.309375
0 0.7046875 0.0171875 0.6046875 0.0171875 0.6046875 0.146875 0.7046875 0.146875 0.7046875 0.0171875
0 0.9921875 0.0015625 0.98125 0.0015625 0.98125 0.0203125 0.9921875 0.0203125 0.9921875 0.0015625
0 0.2546875 0.471875 0.1609375 0.471875 0.1609375 0.6 0.2546875 0.6 0.2546875 0.471875
0 0.4765625 0.2390625 0.334375 0.2390625 0.334375 0.43125 0.4765625 0.43125 0.4765625 0.2390625
0 0.075 0.090625 0.0015625 0.090625 0.0015625 0.3484375 0.075 0.3484375 0.075 0.090625
0 0.4953125 0.0625 0.321875 0.0625 0.321875 0.1578125 0.4953125 0.1578125 0.4953125 0.0625
0 0.4984375 0.0015625 0.14375 0.0015625 0.14375 0.1265625 0.4984375 0.1265625 0.4984375 0.0015625
0 1.0 0.2921875 0.9421875 0.2921875 0.9421875 0.415625 1.0 0.415625 1.0 0.2921875
0 0.184375 0.3296875 0.1 0.3296875 0.1 0.509375 0.184375 0.509375 0.184375 0.3296875
0 0.253125 0.578125 0.18125 0.578125 0.18125 0.784375 0.253125 0.784375 0.253125 0.578125
0 1.0 0.221875 0.9203125 0.221875 0.9203125 0.346875 1.0 0.346875 1.0 0.221875
0 1.0 0.0015625 0.85 0.0015625 0.85 0.1921875 1.0 0.1921875 1.0 0.0015625
0 1.0 0.0015625 0.98125 0.0015625 0.98125 0.0640625 1.0 0.0640625 1.0 0.0015625
0 0.0890625 0.0015625 0.0015625 0.0015625 0.0015625 0.14375 0.0890625 0.14375 0.0890625 0.0015625
0 0.9625 0.109375 0.890625 0.109375 0.890625 0.278125 0.9625 0.278125 0.9625 0.109375
0 0.7453125 0.0015625 0.6125 0.0015625 0.6125 0.2578125 0.7453125 0.2578125 0.7453125 0.0015625
0 0.4796875 0.0453125 0.3125 0.0453125 0.3125 0.1359375 0.4796875 0.1359375 0.4796875 0.0453125
0 0.5203125 0.1140625 0.390625 0.1140625 0.390625 0.2203125 0.5203125 0.2203125 0.5203125 0.1140625
0 1.0 0.0015625 0.0015625 0.0015625 0.0015625 1.0 1.0 1.0 1.0 0.0015625
0 0.9015625 0.0015625 0.7171875 0.0015625 0.7171875 0.2375 0.9015625 0.2375 0.9015625 0.0015625
0 1.0 0.284375 0.7890625 0.284375 0.7890625 0.5625 1.0 0.5625 1.0 0.284375
0 1.0 0.6109375 0.9875 0.6109375 0.9875 0.6703125 1.0 0.6703125 1.0 0.6109375
0 1.0 0.1421875 0.7234375 0.1421875 0.7234375 0.66875 1.0 0.66875 1.0 0.1421875
