0 0.6921875 0.0015625 0.628125 0.0015625 0.628125 0.0328125 0.6921875 0.0328125 0.6921875 0.0015625
0 1.0 0.55 0.878125 0.55 0.878125 0.725 1.0 0.725 1.0 0.55
0 0.8140625 0.4515625 0.7015625 0.4515625 0.7015625 0.5875 0.8140625 0.5875 0.8140625 0.4515625
0 0.78125 0.31875 0.6890625 0.31875 0.6890625 0.4390625 0.78125 0.4390625 0.78125 0.31875
0 0.334375 0.7875 0.228125 0.7875 0.228125 1.0 0.334375 1.0 0.334375 0.7875
0 0.490625 0.19375 0.375 0.19375 0.375 0.4265625 0.490625 0.4265625 0.490625 0.19375
0 0.8109375 0.9671875 0.7453125 0.9671875 0.7453125 1.0 0.8109375 1.0 0.8109375 0.9671875
0 1.0 0.38125 0.675 0.38125 0.675 0.8890625 1.0 0.8890625 1.0 0.38125
0 0.7890625 0.321875 0.675 0.321875 0.675 0.5015625 0.7890625 0.5015625 0.7890625 0.321875
0 1.0 0.278125 0.8734375 0.278125 0.8734375 0.40625 1.0 0.40625 1.0 0.278125
0 0.94375 0.0015625 0.7296875 0.0015625 0.7296875 0.128125 0.94375 0.128125 0.94375 0.0015625
0 0.6296875 0.0015625 0.559375 0.0015625 0.559375 0.0421875 0.6296875 0.0421875 0.6296875 0.0015625
0 0.2 0.0015625 0.0015625 0.0015625 0.0015625 0.9546875 0.2 0.9546875 0.2 0.0015625
0 1.0 0.0015625 0.0015625 0.0015625 0.0015625 1.0 1.0 1.0 1.0 0.0015625
