0 0.63125 0.8421875 0.5640625 0.8421875 0.5640625 0.95625 0.63125 0.95625 0.63125 0.8421875
0 0.6640625 0.9265625 0.590625 0.9265625 0.590625 1.0 0.6640625 1.0 0.6640625 0.9265625
0 0.6359375 0.846875 0.509375 0.846875 0.509375 1.0 0.6359375 1.0 0.6359375 0.846875
0 0.975 0.7078125 0.903125 0.7078125 0.903125 0.871875 0.975 0.871875 0.975 0.7078125
0 0.125 0.859375 0.0109375 0.859375 0.0109375 1.0 0.125 1.0 0.125 0.859375
0 0.9171875 0.0375 0.8421875 0.0375 0.8421875 0.2953125 0.9171875 0.2953125 0.9171875 0.0375
0 0.0546875 0.88125 0.0015625 0.88125 0.0015625 0.9828125 0.0546875 0.9828125 0.0546875 0.88125
0 0.98125 0.5984375 0.809375 0.5984375 0.809375 0.709375 0.98125 0.709375 0.98125 0.5984375
0 0.9765625 0.6734375 0.84375 0.6734375 0.84375 0.8796875 0.9765625 0.8796875 0.9765625 0.6734375
0 0.04375 0.9828125 0.0015625 0.9828125 0.0015625 1.0 0.04375 1.0 0.04375 0.9828125
0 0.4328125 0.9140625 0.3734375 0.9140625 0.3734375 1.0 0.4328125 1.0 0.4328125 0.9140625
0 0.715625 0.790625 0.6109375 0.790625 0.6109375 1.0 0.715625 1.0 0.715625 0.790625
0 1.0 0.56875 0.159375 0.56875 0.159375 1.0 1.0 1.0 1.0 0.56875
0 1.0 0.4734375 0.9546875 0.4734375 0.9546875 0.6328125 1.0 0.6328125 1.0 0.4734375
0 1.0 0.103125 0.896875 0.103125 0.896875 0.3296875 1.0 0.3296875 1.0 0.103125
