0 0.7328125 0.803125 0.4546875 0.803125 0.4546875 1.0 0.7328125 1.0 0.7328125 0.803125
0 1.0 0.1609375 0.903125 0.1609375 0.903125 0.25 1.0 0.25 1.0 0.1609375
0 0.9375 0.8953125 0.8109375 0.8953125 0.8109375 0.990625 0.9375 0.990625 0.9375 0.8953125
0 1.0 0.8328125 0.9203125 0.8328125 0.9203125 0.95 1.0 0.95 1.0 0.8328125
0 0.090625 0.4234375 0.0015625 0.4234375 0.0015625 0.803125 0.090625 0.803125 0.090625 0.4234375
0 0.815625 0.0015625 0.6421875 0.0015625 0.6421875 0.1296875 0.815625 0.1296875 0.815625 0.0015625
0 1.0 0.065625 0.9421875 0.065625 0.9421875 0.1515625 1.0 0.1515625 1.0 0.065625
0 1.0 0.6984375 0.8984375 0.6984375 0.8984375 0.9171875 1.0 0.9171875 1.0 0.6984375
0 0.4140625 0.11875 0.1171875 0.11875 0.1171875 0.2578125 0.4140625 0.2578125 0.4140625 0.11875
0 0.6734375 0.0015625 0.43125 0.0015625 0.43125 0.084375 0.6734375 0.084375 0.6734375 0.0015625
0 0.821875 0.7921875 0.7375 0.7921875 0.7375 0.9671875 0.821875 0.9671875 0.821875 0.7921875
0 0.4046875 0.0015625 0.2875 0.0015625 0.2875 0.053125 0.4046875 0.053125 0.4046875 0.0015625
0 1.0 0.915625 0.96875 0.915625 0.96875 1.0 1.0 1.0 1.0 0.915625
0 1.0 0.015625 0.91875 0.015625 0.91875 0.15 1.0 0.15 1.0 0.015625
0 0.7671875 0.7 0.4984375 0.7 0.4984375 0.9640625 0.7671875 0.9640625 0.7671875 0.7
0 0.99375 0.5328125 0.834375 0.5328125 0.834375 0.73125 0.99375 0.73125 0.99375 0.5328125
0 0.9109375 0.4953125 0.7296875 0.4953125 0.7296875 0.6421875 0.9109375 0.6421875 0.9109375 0.4953125
0 1.0 0.3421875 0.9390625 0.3421875 0.9390625 0.45625 1.0 0.45625 1.0 0.3421875
0 0.7453125 0.4921875 0.6203125 0.4921875 0.6203125 0.6671875 0.7453125 0.6671875 0.7453125 0.4921875
0 1.0 0.4453125 0.9703125 0.4453125 0.9703125 0.4921875 1.0 0.4921875 1.0 0.4453125
0 1.0 0.140625 0.91875 0.140625 0.91875 0.16875 1.0 0.16875 1.0 0.140625
0 0.234375 0.0015625 0.0015625 0.0015625 0.0015625 0.7171875 0.234375 0.7171875 0.234375 0.0015625
0 1.0 0.134375 0.3921875 0.134375 0.3921875 0.99375 1.0 0.99375 1.0 0.134375
0 0.975 0.9328125 0.8234375 0.9328125 0.8234375 1.0 0.975 1.0 0.975 0.9328125
0 1.0 0.0015625 0.7140625 0.0015625 0.7140625 0.1484375 1.0 0.1484375 1.0 0.0015625
0 1.0 0.1578125 0.9796875 0.1578125 0.9796875 0.553125 1.0 0.553125 1.0 0.1578125
