0 0.54375 0.975 0.4859375 0.975 0.4859375 1.0 0.54375 1.0 0.54375 0.975
0 0.6078125 0.0015625 0.5640625 0.0015625 0.5640625 0.028125 0.6078125 0.028125 0.6078125 0.0015625
0 0.0140625 0.6359375 0.0015625 0.6359375 0.0015625 0.753125 0.0140625 0.753125 0.0140625 0.6359375
0 1.0 0.478125 0.88125 0.478125 0.88125 0.6359375 1.0 0.6359375 1.0 0.478125
0 0.8375 0.4171875 0.7234375 0.4171875 0.7234375 0.5546875 0.8375 0.5546875 0.8375 0.4171875
0 0.9890625 0.128125 0.853125 0.128125 0.853125 0.44375 0.9890625 0.44375 0.9890625 0.128125
0 0.471875 0.0015625 0.3421875 0.0015625 0.3421875 0.1078125 0.471875 0.1078125 0.471875 0.0015625
0 0.3203125 0.759375 0.1890625 0.759375 0.1890625 0.9234375 0.3203125 0.9234375 0.3203125 0.759375
0 0.9515625 0.596875 0.8671875 0.596875 0.8671875 0.7328125 0.9515625 0.7328125 0.9515625 0.596875
0 1.0 0.4171875 0.9953125 0.4171875 0.9953125 0.4421875 1.0 0.4421875 1.0 0.4171875
0 0.6171875 0.1703125 0.4109375 0.1703125 0.4109375 0.378125 0.6171875 0.378125 0.6171875 0.1703125
0 0.978125 0.1265625 0.9015625 0.1265625 0.9015625 0.325 0.978125 0.325 0.978125 0.1265625
0 0.3140625 0.0015625 0.1359375 0.0015625 0.1359375 0.209375 0.3140625 0.209375 0.3140625 0.0015625
0 0.6234375 0.259375 0.3953125 0.259375 0.3953125 0.4265625 0.6234375 0.4265625 0.6234375 0.259375
0 0.121875 0.0265625 0.0015625 0.0265625 0.0015625 0.1171875 0.121875 0.1171875 0.121875 0.0265625
0 0.6546875 0.93125 0.5859375 0.93125 0.5859375 1.0 0.6546875 1.0 0.6546875 0.93125
0 0.4109375 0.921875 0.30625 0.921875 0.30625 1.0 0.4109375 1.0 0.4109375 0.921875
0 1.0 0.0171875 0.9921875 0.0171875 0.9921875 0.078125 1.0 0.078125 1.0 0.0171875
0 0.2625 0.0015625 0.14375 0.0015625 0.14375 0.0828125 0.2625 0.0828125 0.2625 0.0015625
0 1.0 0.259375 0.5234375 0.259375 0.5234375 1.0 1.0 1.0 1.0 0.259375
0 0.5109375 0.853125 0.1625 0.853125 0.1625 1.0 0.5109375 1.0 0.5109375 0.853125
0 0.475 0.6140625 0.2171875 0.6140625 0.2171875 0.88125 0.475 0.88125 0.475 0.6140625
0 0.609375 0.3765625 0.375 0.3765625 0.375 0.7890625 0.609375 0.7890625 0.609375 0.3765625
0 0.8921875 0.3453125 0.8 0.3453125 0.8 0.475 0.8921875 0.475 0.8921875 0.3453125
0 0.375 0.0015625 0.2296875 0.0015625 0.2296875 0.171875 0.375 0.171875 0.375 0.0015625
0 0.54375 0.0015625 0.4109375 0.0015625 0.4109375 0.0390625 0.54375 0.0390625 0.54375 0.0015625
0 1.0 0.865625 0.871875 0.865625 0.871875 1.0 1.0 1.0 1.0 0.865625
0 0.6171875 0.871875 0.465625 0.871875 0.465625 1.0 0.6171875 1.0 0.6171875 0.871875
0 0.921875 0.0015625 0.859375 0.0015625 0.859375 0.0578125 0.921875 0.0578125 0.921875 0.0015625
0 0.0703125 0.0015625 0.0015625 0.0015625 0.0015625 0.025 0.0703125 0.025 0.0703125 0.0015625
0 0.6734375 0.0015625 0.628125 0.0015625 0.628125 0.040625 0.6734375 0.040625 0.6734375 0.0015625
0 0.559375 0.0015625 0.5484375 0.0015625 0.5484375 0.0078125 0.559375 0.0078125 0.559375 0.0015625
0 0.859375 0.6484375 0.7515625 0.6484375 0.7515625 0.853125 0.859375 0.853125 0.859375 0.6484375
0 0.728125 0.5390625 0.6015625 0.5390625 0.6015625 0.8125 0.728125 0.8125 0.728125 0.5390625
0 0.91875 0.578125 0.84375 0.578125 0.84375 0.7609375 0.91875 0.7609375 0.91875 0.578125
0 0.8328125 0.54375 0.6765625 0.54375 0.6765625 0.6890625 0.8328125 0.6890625 0.8328125 0.54375
0 0.965625 0.1515625 0.8359375 0.1515625 0.8359375 0.428125 0.965625 0.428125 0.965625 0.1515625
0 0.8234375 0.0015625 0.7359375 0.0015625 0.7359375 0.1390625 0.8234375 0.1390625 0.8234375 0.0015625
0 0.578125 0.7 0.2890625 0.7 0.2890625 0.9890625 0.578125 0.9890625 0.578125 0.7
0 0.6453125 0.7625 0.5828125 0.7625 0.5828125 0.884375 0.6453125 0.884375 0.6453125 0.7625
0 0.5609375 0.1265625 0.40625 0.1265625 0.40625 0.2625 0.5609375 0.2625 0.5609375 0.1265625
0 0.125 0.0015625 0.0015625 0.0015625 0.0015625 0.0609375 0.125 0.0609375 0.125 0.0015625
0 0.1328125 0.921875 0.0015625 0.921875 0.0015625 1.0 0.1328125 1.0 0.1328125 0.921875
0 0.190625 0.5375 0.059375 0.5375 0.059375 0.7625 0.190625 0.7625 0.190625 0.5375
0 1.0 0.0015625 0.2203125 0.0015625 0.2203125 0.64375 1.0 0.64375 1.0 0.0015625
0 0.1828125 0.0015625 0.1484375 0.0015625 0.1484375 0.028125 0.1828125 0.028125 0.1828125 0.0015625
0 0.80625 0.5828125 0.653125 0.5828125 0.653125 1.0 0.80625 1.0 0.80625 0.5828125
0 0.95625 0.7609375 0.840625 0.7609375 0.840625 0.8625 0.95625 0.8625 0.95625 0.7609375
0 0.64375 0.4953125 0.5171875 0.4953125 0.5171875 0.8859375 0.64375 0.8859375 0.64375 0.4953125
0 1.0 0.6453125 0.9203125 0.6453125 0.9203125 0.7859375 1.0 0.7859375 1.0 0.6453125
