0 1.0 0.4984375 0.9828125 0.4984375 0.9828125 0.578125 1.0 0.578125 1.0 0.4984375
0 0.2421875 0.871875 0.1640625 0.871875 0.1640625 1.0 0.2421875 1.0 0.2421875 0.871875
0 0.24375 0.6328125 0.1890625 0.6328125 0.1890625 0.7953125 0.24375 0.7953125 0.24375 0.6328125
0 1.0 0.215625 0.8796875 0.215625 0.8796875 0.6875 1.0 0.6875 1.0 0.215625
0 0.040625 0.85625 0.0015625 0.85625 0.0015625 1.0 0.040625 1.0 0.040625 0.85625
0 0.0734375 0.309375 0.0015625 0.309375 0.0015625 0.3703125 0.0734375 0.3703125 0.0734375 0.309375
0 0.075 0.13125 0.0015625 0.13125 0.0015625 0.1890625 0.075 0.1890625 0.075 0.13125
0 0.646875 0.515625 0.5828125 0.515625 0.5828125 0.6640625 0.646875 0.6640625 0.646875 0.515625
0 0.759375 0.425 0.665625 0.425 0.665625 0.5484375 0.759375 0.5484375 0.759375 0.425
0 0.6859375 0.421875 0.60625 0.421875 0.60625 0.66875 0.6859375 0.66875 0.6859375 0.421875
0 0.2484375 0.0015625 0.096875 0.0015625 0.096875 0.0734375 0.2484375 0.0734375 0.2484375 0.0015625
0 0.921875 0.865625 0.7015625 0.865625 0.7015625 1.0 0.921875 1.0 0.921875 0.865625
0 0.934375 0.125 0.734375 0.125 0.734375 0.2234375 0.934375 0.2234375 0.934375 0.125
0 0.975 0.0015625 0.8828125 0.0015625 0.8828125 0.046875 0.975 0.046875 0.975 0.0015625
0 0.5109375 0.8796875 0.3828125 0.8796875 0.3828125 1.0 0.5109375 1.0 0.5109375 0.8796875
0 0.2890625 0.0625 0.2078125 0.0625 0.2078125 0.209375 0.2890625 0.209375 0.2890625 0.0625
0 1.0 0.8390625 0.940625 0.8390625 0.940625 0.98125 1.0 0.98125 1.0 0.8390625
0 0.3375 0.259375 0.1859375 0.259375 0.1859375 0.33125 0.3375 0.33125 0.3375 0.259375
0 0.44375 0.0015625 0.346875 0.0015625 0.346875 0.3046875 0.44375 0.3046875 0.44375 0.0015625
0 0.196875 0.0015625 0.09375 0.0015625 0.09375 0.0359375 0.196875 0.0359375 0.196875 0.0015625
0 1.0 0.0015625 0.0015625 0.0015625 0.0015625 1.0 1.0 1.0 1.0 0.0015625
0 0.2171875 0.634375 0.0015625 0.634375 0.0015625 1.0 0.2171875 1.0 0.2171875 0.634375
0 0.0671875 0.359375 0.0015625 0.359375 0.0015625 0.5484375 0.0671875 0.5484375 0.0671875 0.359375
0 0.4296875 0.0015625 0.0015625 0.0015625 0.0015625 0.334375 0.4296875 0.334375 0.4296875 0.0015625
0 0.9140625 0.959375 0.8328125 0.959375 0.8328125 1.0 0.9140625 1.0 0.9140625 0.959375
0 1.0 0.2078125 0.9078125 0.2078125 0.9078125 0.5203125 1.0 0.5203125 1.0 0.2078125
0 0.9625 0.725 0.8453125 0.725 0.8453125 0.9328125 0.9625 0.9328125 0.9625 0.725
0 0.659375 0.7578125 0.578125 0.7578125 0.578125 0.85 0.659375 0.85 0.659375 0.7578125
0 0.1234375 0.2703125 0.0015625 0.2703125 0.0015625 0.65 0.1234375 0.65 0.1234375 0.2703125
0 0.7921875 0.2453125 0.653125 0.2453125 0.653125 0.6015625 0.7921875 0.6015625 0.7921875 0.2453125
0 0.7640625 0.071875 0.625 0.071875 0.625 0.2640625 0.7640625 0.2640625 0.7640625 0.071875
0 0.5875 0.0015625 0.4109375 0.0015625 0.4109375 0.259375 0.5875 0.259375 0.5875 0.0015625
0 0.384375 0.990625 0.3328125 0.990625 0.3328125 1.0 0.384375 1.0 0.384375 0.990625
0 0.8015625 0.2296875 0.621875 0.2296875 0.621875 0.43125 0.8015625 0.43125 0.8015625 0.2296875
0 1.0 0.0015625 0.8984375 0.0015625 0.8984375 0.1953125 1.0 0.1953125 1.0 0.0015625
