0 0.9390625 0.590625 0.696875 0.590625 0.696875 0.8421875 0.9390625 0.8421875 0.9390625 0.590625
0 0.2859375 0.50625 0.134375 0.50625 0.134375 0.6265625 0.2859375 0.6265625 0.2859375 0.50625
0 0.084375 0.478125 0.0015625 0.478125 0.0015625 0.5921875 0.084375 0.5921875 0.084375 0.478125
0 0.1921875 0.359375 0.0015625 0.359375 0.0015625 0.4625 0.1921875 0.4625 0.1921875 0.359375
0 0.1546875 0.14375 0.0109375 0.14375 0.0109375 0.3125 0.1546875 0.3125 0.1546875 0.14375
0 0.040625 0.096875 0.0015625 0.096875 0.0015625 0.1921875 0.040625 0.1921875 0.040625 0.096875
0 0.9125 0.0015625 0.8453125 0.0015625 0.8453125 0.0453125 0.9125 0.0453125 0.9125 0.0015625
0 0.2 0.6296875 0.078125 0.6296875 0.078125 0.7984375 0.2 0.7984375 0.2 0.6296875
0 0.015625 0.3265625 0.0015625 0.3265625 0.0015625 0.340625 0.015625 0.340625 0.015625 0.3265625
0 0.525 0.19375 0.2859375 0.19375 0.2859375 0.25625 0.525 0.25625 0.525 0.19375
0 0.071875 0.0734375 0.0015625 0.0734375 0.0015625 0.1234375 0.071875 0.1234375 0.071875 0.0734375
0 0.378125 0.1140625 0.125 0.1140625 0.125 0.265625 0.378125 0.265625 0.378125 0.1140625
0 0.159375 0.30625 0.0015625 0.30625 0.0015625 0.6015625 0.159375 0.6015625 0.159375 0.30625
0 0.503125 0.221875 0.409375 0.221875 0.409375 0.3515625 0.503125 0.3515625 0.503125 0.221875
0 0.50625 0.0015625 0.4078125 0.0015625 0.4078125 0.059375 0.50625 0.059375 0.50625 0.0015625
0 1.0 0.3171875 0.9203125 0.3171875 0.9203125 0.5140625 1.0 0.5140625 1.0 0.3171875
0 1.0 0.05 0.8625 0.05 0.8625 0.184375 1.0 0.184375 1.0 0.05
0 0.0734375 0.7765625 0.0015625 0.7765625 0.0015625 0.896875 0.0734375 0.896875 0.0734375 0.7765625
0 0.3 0.64375 0.0859375 0.64375 0.0859375 0.903125 0.3 0.903125 0.3 0.64375
0 0.4828125 0.6453125 0.3625 0.6453125 0.3625 0.803125 0.4828125 0.803125 0.4828125 0.6453125
0 0.6828125 0.4875 0.4453125 0.4875 0.4453125 0.803125 0.6828125 0.803125 0.6828125 0.4875
0 0.178125 0.415625 0.0015625 0.415625 0.0015625 0.6203125 0.178125 0.6203125 0.178125 0.415625
0 0.6015625 0.3265625 0.4859375 0.3265625 0.4859375 0.503125 0.6015625 0.503125 0.6015625 0.3265625
0 0.175 0.20625 0.025 0.20625 0.025 0.35 0.175 0.35 0.175 0.20625
0 0.6625 0.221875 0.4875 0.221875 0.4875 0.4265625 0.6625 0.4265625 0.6625 0.221875
0 0.26875 0.1140625 0.1640625 0.1140625 0.1640625 0.221875 0.26875 0.221875 0.26875 0.1140625
0 0.7125 0.9328125 0.5859375 0.9328125 0.5859375 1.0 0.7125 1.0 0.7125 0.9328125
0 1.0 0.759375 0.8828125 0.759375 0.8828125 0.925 1.0 0.925 1.0 0.759375
0 0.9390625 0.721875 0.803125 0.721875 0.803125 0.865625 0.9390625 0.865625 0.9390625 0.721875
0 1.0 0.6015625 0.871875 0.6015625 0.871875 0.721875 1.0 0.721875 1.0 0.6015625
0 1.0 0.340625 0.96875 0.340625 0.96875 0.54375 1.0 0.54375 1.0 0.340625
0 0.8953125 0.328125 0.8203125 0.328125 0.8203125 0.5296875 0.8953125 0.5296875 0.8953125 0.328125
0 0.85 0.14375 0.73125 0.14375 0.73125 0.4953125 0.85 0.4953125 0.85 0.14375
0 0.8453125 0.01875 0.646875 0.01875 0.646875 0.1359375 0.8453125 0.1359375 0.8453125 0.01875
0 0.1453125 0.615625 0.0015625 0.615625 0.0015625 1.0 0.1453125 1.0 0.1453125 0.615625
0 0.41875 0.5953125 0.3390625 0.5953125 0.3390625 0.853125 0.41875 0.853125 0.41875 0.5953125
0 0.9390625 0.475 0.753125 0.475 0.753125 0.734375 0.9390625 0.734375 0.9390625 0.475
0 0.06875 0.121875 0.0015625 0.121875 0.0015625 0.3140625 0.06875 0.3140625 0.06875 0.121875
0 0.11875 0.0015625 0.0359375 0.0015625 0.0359375 0.075 0.11875 0.075 0.11875 0.0015625
0 0.0609375 0.8890625 0.0015625 0.8890625 0.0015625 1.0 0.0609375 1.0 0.0609375 0.8890625
0 0.196875 0.9234375 0.1015625 0.9234375 0.1015625 1.0 0.196875 1.0 0.196875 0.9234375
0 0.409375 0.8046875 0.0828125 0.8046875 0.0828125 0.9765625 0.409375 0.9765625 0.409375 0.8046875
0 0.4875 0.5140625 0.3984375 0.5140625 0.3984375 0.6109375 0.4875 0.6109375 0.4875 0.5140625
0 0.2390625 0.475 0.08125 0.475 0.08125 0.6140625 0.2390625 0.6140625 0.2390625 0.475
0 0.4125 0.240625 0.2796875 0.240625 0.2796875 0.328125 0.4125 0.328125 0.4125 0.240625
0 0.1140625 0.1625 0.0015625 0.1625 0.0015625 0.2796875 0.1140625 0.2796875 0.1140625 0.1625
0 0.653125 0.1 0.428125 0.1 0.428125 0.3875 0.653125 0.3875 0.653125 0.1
0 0.390625 0.0125 0.2640625 0.0125 0.2640625 0.13125 0.390625 0.13125 0.390625 0.0125
0 0.290625 0.0015625 0.0546875 0.0015625 0.0546875 0.1375 0.290625 0.1375 0.290625 0.0015625
0 0.4671875 0.0015625 0.3328125 0.0015625 0.3328125 0.05625 0.4671875 0.05625 0.4671875 0.0015625
0 0.896875 0.975 0.8140625 0.975 0.8140625 1.0 0.896875 1.0 0.896875 0.975
0 1.0 0.6484375 0.890625 0.6484375 0.890625 1.0 1.0 1.0 1.0 0.6484375
0 0.596875 0.9328125 0.5328125 0.9328125 0.5328125 1.0 0.596875 1.0 0.596875 0.9328125
0 0.8890625 0.5203125 0.6328125 0.5203125 0.6328125 0.953125 0.8890625 0.953125 0.8890625 0.5203125
0 0.63125 0.5953125 0.4125 0.5953125 0.4125 0.9390625 0.63125 0.9390625 0.63125 0.5953125
0 0.671875 0.4140625 0.4578125 0.4140625 0.4578125 0.7140625 0.671875 0.7140625 0.671875 0.4140625
0 1.0 0.040625 0.7671875 0.040625 0.7671875 0.6 1.0 0.6 1.0 0.040625
0 0.7609375 0.3765625 0.68125 0.3765625 0.68125 0.5484375 0.7609375 0.5484375 0.7609375 0.3765625
0 0.7734375 0.1265625 0.6671875 0.1265625 0.6671875 0.3640625 0.7734375 0.3640625 0.7734375 0.1265625
0 0.88125 0.0015625 0.7734375 0.0015625 0.7734375 0.040625 0.88125 0.040625 0.88125 0.0015625
0 0.9390625 0.9203125 0.871875 0.9203125 0.871875 1.0 0.9390625 1.0 0.9390625 0.9203125
0 0.8203125 0.8703125 0.7234375 0.8703125 0.7234375 0.9859375 0.8203125 0.9859375 0.8203125 0.8703125
0 0.03125 0.771875 0.0015625 0.771875 0.0015625 0.8453125 0.03125 0.8453125 0.03125 0.771875
0 0.3765625 0.6625 0.265625 0.6625 0.265625 0.8625 0.3765625 0.8625 0.3765625 0.6625
0 0.3953125 0.2796875 0.278125 0.2796875 0.278125 0.3609375 0.3953125 0.3609375 0.3953125 0.2796875
0 0.1609375 0.0359375 0.0546875 0.0359375 0.0546875 0.178125 0.1609375 0.178125 0.1609375 0.0359375
0 0.04375 0.0015625 0.0015625 0.0015625 0.0015625 0.078125 0.04375 0.078125 0.04375 0.0015625
0 1.0 0.50625 0.7296875 0.50625 0.7296875 1.0 1.0 1.0 1.0 0.50625
0 0.496875 0.7859375 0.11875 0.7859375 0.11875 1.0 0.496875 1.0 0.496875 0.7859375
0 0.7046875 0.7421875 0.540625 0.7421875 0.540625 0.9703125 0.7046875 0.9703125 0.7046875 0.7421875
0 0.5125 0.371875 0.3578125 0.371875 0.3578125 0.6984375 0.5125 0.6984375 0.5125 0.371875
0 0.7578125 0.021875 0.571875 0.021875 0.571875 0.565625 0.7578125 0.565625 0.7578125 0.021875
