0 0.0703125 0.890625 0.0015625 0.890625 0.0015625 1.0 0.0703125 1.0 0.0703125 0.890625
0 0.2203125 0.790625 0.0015625 0.790625 0.0015625 0.925 0.2203125 0.925 0.2203125 0.790625
0 0.15625 0.4546875 0.046875 0.4546875 0.046875 0.584375 0.15625 0.584375 0.15625 0.4546875
0 0.80625 0.825 0.5953125 0.825 0.5953125 1.0 0.80625 1.0 0.80625 0.825
0 0.4546875 0.9546875 0.384375 0.9546875 0.384375 1.0 0.4546875 1.0 0.4546875 0.9546875
0 0.4109375 0.84375 0.2515625 0.84375 0.2515625 0.9484375 0.4109375 0.9484375 0.4109375 0.84375
0 0.9828125 0.6375 0.890625 0.6375 0.890625 0.7921875 0.9828125 0.7921875 0.9828125 0.6375
0 0.7984375 0.41875 0.609375 0.41875 0.609375 0.70625 0.7984375 0.70625 0.7984375 0.41875
0 0.9796875 0.46875 0.8921875 0.46875 0.8921875 0.6296875 0.9796875 0.6296875 0.9796875 0.46875
0 0.659375 0.0015625 0.0015625 0.0015625 0.0015625 0.9390625 0.659375 0.9390625 0.659375 0.0015625
0 0.9640625 0.9 0.8703125 0.9 0.8703125 1.0 0.9640625 1.0 0.9640625 0.9
0 0.5453125 0.9 0.4453125 0.9 0.4453125 1.0 0.5453125 1.0 0.5453125 0.9
0 1.0 0.73125 0.8828125 0.73125 0.8828125 0.8671875 1.0 0.8671875 1.0 0.73125
0 0.85 0.6703125 0.775 0.6703125 0.775 0.8703125 0.85 0.8703125 0.85 0.6703125
0 0.9578125 0.359375 0.853125 0.359375 0.853125 0.6109375 0.9578125 0.6109375 0.9578125 0.359375
0 0.8546875 0.221875 0.6578125 0.221875 0.6578125 0.5953125 0.8546875 0.5953125 0.8546875 0.221875
0 0.925 0.0015625 0.440625 0.0015625 0.440625 0.265625 0.925 0.265625 0.925 0.0015625
0 1.0 0.2046875 0.8625 0.2046875 0.8625 0.3421875 1.0 0.3421875 1.0 0.2046875
0 0.76875 0.1125 0.6828125 0.1125 0.6828125 0.2390625 0.76875 0.2390625 0.76875 0.1125
0 0.0828125 0.99375 0.0703125 0.99375 0.0703125 1.0 0.0828125 1.0 0.0828125 0.99375
0 0.2234375 0.8609375 0.0015625 0.8609375 0.0015625 0.9734375 0.2234375 0.9734375 0.2234375 0.8609375
0 0.2109375 0.046875 0.0015625 0.046875 0.0015625 0.8015625 0.2109375 0.8015625 0.2109375 0.046875
0 0.1515625 0.0015625 0.0109375 0.0015625 0.0109375 0.071875 0.1515625 0.071875 0.1515625 0.0015625
0 0.6015625 0.9390625 0.496875 0.9390625 0.496875 1.0 0.6015625 1.0 0.6015625 0.9390625
0 0.35625 0.9875 0.2875 0.9875 0.2875 1.0 0.35625 1.0 0.35625 0.9875
0 0.4296875 0.575 0.2109375 0.575 0.2109375 0.8828125 0.4296875 0.8828125 0.4296875 0.575
0 0.7046875 0.371875 0.475 0.371875 0.475 0.715625 0.7046875 0.715625 0.7046875 0.371875
0 0.34375 0.21875 0.196875 0.21875 0.196875 0.55625 0.34375 0.55625 0.34375 0.21875
0 0.6328125 0.2078125 0.3890625 0.2078125 0.3890625 0.540625 0.6328125 0.540625 0.6328125 0.2078125
0 0.409375 0.2625 0.28125 0.2625 0.28125 0.4328125 0.409375 0.4328125 0.409375 0.2625
0 0.8859375 0.0015625 0.571875 0.0015625 0.571875 0.3765625 0.8859375 0.3765625 0.8859375 0.0015625
0 0.5421875 0.0015625 0.28125 0.0015625 0.28125 0.25625 0.5421875 0.25625 0.5421875 0.0015625
0 0.6140625 0.0015625 0.5484375 0.0015625 0.5484375 0.0890625 0.6140625 0.0890625 0.6140625 0.0015625
0 0.2375 0.0015625 0.1765625 0.0015625 0.1765625 0.109375 0.2375 0.109375 0.2375 0.0015625
0 0.8734375 0.9140625 0.7828125 0.9140625 0.7828125 1.0 0.8734375 1.0 0.8734375 0.9140625
0 0.725 0.7953125 0.5625 0.7953125 0.5625 0.9671875 0.725 0.9671875 0.725 0.7953125
0 1.0 0.740625 0.98125 0.740625 0.98125 0.765625 1.0 0.765625 1.0 0.740625
0 0.7890625 0.609375 0.61875 0.609375 0.61875 0.84375 0.7890625 0.84375 0.7890625 0.609375
0 1.0 0.48125 0.7875 0.48125 0.7875 0.7609375 1.0 0.7609375 1.0 0.48125
0 1.0 0.2921875 0.9265625 0.2921875 0.9265625 0.4671875 1.0 0.4671875 1.0 0.2921875
0 1.0 0.0078125 0.8765625 0.0078125 0.8765625 0.309375 1.0 0.309375 1.0 0.0078125
0 1.0 0.0015625 0.0015625 0.0015625 0.0015625 1.0 1.0 1.0 1.0 0.0015625
0 0.065625 0.3796875 0.0015625 0.3796875 0.0015625 0.74375 0.065625 0.74375 0.065625 0.3796875
0 0.1921875 0.1921875 0.0015625 0.1921875 0.0015625 0.3234375 0.1921875 0.3234375 0.1921875 0.1921875
0 0.44375 0.4453125 0.365625 0.4453125 0.365625 0.75 0.44375 0.75 0.44375 0.4453125
0 0.746875 0.184375 0.4484375 0.184375 0.4484375 0.553125 0.746875 0.553125 0.746875 0.184375
0 1.0 0.06875 0.7765625 0.06875 0.7765625 0.4703125 1.0 0.4703125 1.0 0.06875
0 0.5625 0.0015625 0.5296875 0.0015625 0.5296875 0.08125 0.5625 0.08125 0.5625 0.0015625
