0 0.5484375 0.671875 0.4171875 0.671875 0.4171875 0.8328125 0.5484375 0.8328125 0.5484375 0.671875
0 0.86875 0.4515625 0.80625 0.4515625 0.80625 0.5765625 0.86875 0.5765625 0.86875 0.4515625
0 0.8375 0.946875 0.7453125 0.946875 0.7453125 1.0 0.8375 1.0 0.8375 0.946875
0 1.0 0.6828125 0.859375 0.6828125 0.859375 1.0 1.0 1.0 1.0 0.6828125
0 0.3953125 0.0015625 0.31875 0.0015625 0.31875 0.1 0.3953125 0.1 0.3953125 0.0015625
0 1.0 0.26875 0.9078125 0.26875 0.9078125 0.3921875 1.0 0.3921875 1.0 0.26875
0 0.6078125 0.9921875 0.5609375 0.9921875 0.5609375 1.0 0.6078125 1.0 0.6078125 0.9921875
0 0.8703125 0.690625 0.7703125 0.690625 0.7703125 0.853125 0.8703125 0.853125 0.8703125 0.690625
0 0.096875 0.3796875 0.003125 0.3796875 0.003125 0.578125 0.096875 0.578125 0.096875 0.3796875
0 0.6 0.0015625 0.3265625 0.0015625 0.3265625 0.078125 0.6 0.078125 0.6 0.0015625
0 0.1515625 0.0015625 0.0015625 0.0015625 0.0015625 0.584375 0.1515625 0.584375 0.1515625 0.0015625
0 1.0 0.0015625 0.3546875 0.0015625 0.3546875 1.0 1.0 1.0 1.0 0.0015625
0 0.8078125 0.4171875 0.5140625 0.4171875 0.5140625 0.6015625 0.8078125 0.6015625 0.8078125 0.4171875
