0 0.5046875 0.8015625 0.325 0.8015625 0.325 0.9734375 0.5046875 0.9734375 0.5046875 0.8015625
0 0.125 0.0015625 0.0015625 0.0015625 0.0015625 0.1109375 0.125 0.1109375 0.125 0.0015625
0 0.109375 0.83125 0.0015625 0.83125 0.0015625 0.9484375 0.109375 0.9484375 0.109375 0.83125
0 0.2859375 0.6875 0.11875 0.6875 0.11875 0.909375 0.2859375 0.909375 0.2859375 0.6875
0 0.053125 0.6765625 0.0015625 0.6765625 0.0015625 0.8484375 0.053125 0.8484375 0.053125 0.6765625
0 0.378125 0.303125 0.0546875 0.303125 0.0546875 0.740625 0.378125 0.740625 0.378125 0.303125
0 0.0796875 0.515625 0.0015625 0.515625 0.0015625 0.64375 0.0796875 0.64375 0.0796875 0.515625
0 0.2140625 0.2296875 0.04375 0.2296875 0.04375 0.29375 0.2140625 0.29375 0.2140625 0.2296875
0 0.4484375 0.0015625 0.3125 0.0015625 0.3125 0.2296875 0.4484375 0.2296875 0.4484375 0.0015625
0 0.228125 0.0015625 0.1796875 0.0015625 0.1796875 0.01875 0.228125 0.01875 0.228125 0.0015625
0 1.0 0.271875 0.915625 0.271875 0.915625 0.6140625 1.0 0.6140625 1.0 0.271875
0 0.940625 0.084375 0.8484375 0.084375 0.8484375 0.284375 0.940625 0.284375 0.940625 0.084375
0 0.153125 0.9984375 0.1453125 0.9984375 0.1453125 1.0 0.153125 1.0 0.153125 0.9984375
0 0.14375 0.9 0.0015625 0.9 0.0015625 1.0 0.14375 1.0 0.14375 0.9
0 0.3140625 0.3890625 0.0015625 0.3890625 0.0015625 0.83125 0.3140625 0.83125 0.3140625 0.3890625
0 0.0359375 0.2921875 0.0015625 0.2921875 0.0015625 0.3671875 0.0359375 0.3671875 0.0359375 0.2921875
0 0.096875 0.09375 0.0015625 0.09375 0.0015625 0.2546875 0.096875 0.2546875 0.096875 0.09375
0 0.4 0.2703125 0.23125 0.2703125 0.23125 0.425 0.4 0.425 0.4 0.2703125
0 0.315625 0.1296875 0.1625 0.1296875 0.1625 0.2390625 0.315625 0.2390625 0.315625 0.1296875
0 0.4 0.0015625 0.3734375 0.0015625 0.3734375 0.0171875 0.4 0.0171875 0.4 0.0015625
0 0.7640625 0.99375 0.734375 0.99375 0.734375 1.0 0.7640625 1.0 0.7640625 0.99375
0 0.6453125 0.59375 0.4921875 0.59375 0.4921875 0.84375 0.6453125 0.84375 0.6453125 0.59375
0 0.0015625 0.996875 0.0015625 0.996875 0.0015625 1.0 0.0015625 1.0 0.0015625 0.996875
0 0.2265625 0.66875 0.0015625 0.66875 0.0015625 1.0 0.2265625 1.0 0.2265625 0.66875
0 0.0140625 0.5265625 0.0015625 0.5265625 0.0015625 0.5828125 0.0140625 0.5828125 0.0140625 0.5265625
0 0.40625 0.3828125 0.34375 0.3828125 0.34375 0.5453125 0.40625 0.5453125 0.40625 0.3828125
0 0.103125 0.2015625 0.0015625 0.2015625 0.0015625 0.5296875 0.103125 0.5296875 0.103125 0.2015625
0 0.196875 0.253125 0.0796875 0.253125 0.0796875 0.3578125 0.196875 0.3578125 0.196875 0.253125
0 0.503125 0.0921875 0.3046875 0.0921875 0.3046875 0.3578125 0.503125 0.3578125 0.503125 0.0921875
0 0.1859375 0.13125 0.009375 0.13125 0.009375 0.234375 0.1859375 0.234375 0.1859375 0.13125
0 0.184375 0.0390625 0.0484375 0.0390625 0.0484375 0.1703125 0.184375 0.1703125 0.184375 0.0390625
0 0.3375 0.0015625 0.2078125 0.0015625 0.2078125 0.090625 0.3375 0.090625 0.3375 0.0015625
0 0.06875 0.0015625 0.0015625 0.0015625 0.0015625 0.0328125 0.06875 0.0328125 0.06875 0.0015625
0 0.9828125 0.4203125 0.9015625 0.4203125 0.9015625 0.6828125 0.9828125 0.6828125 0.9828125 0.4203125
0 0.80625 0.4421875 0.76875 0.4421875 0.76875 0.6421875 0.80625 0.6421875 0.80625 0.4421875
0 0.85 0.09375 0.7640625 0.09375 0.7640625 0.3078125 0.85 0.3078125 0.85 0.09375
0 0.5578125 0.0015625 0.49375 0.0015625 0.49375 0.1578125 0.5578125 0.1578125 0.5578125 0.0015625
0 0.41875 0.771875 0.2734375 0.771875 0.2734375 1.0 0.41875 1.0 0.41875 0.771875
0 0.7375 0.5359375 0.3375 0.5359375 0.3375 0.8453125 0.7375 0.8453125 0.7375 0.5359375
0 0.625 0.821875 0.4765625 0.821875 0.4765625 1.0 0.625 1.0 0.625 0.821875
0 0.8828125 0.8234375 0.6375 0.8234375 0.6375 1.0 0.8828125 1.0 0.8828125 0.8234375
0 0.6140625 0.709375 0.5 0.709375 0.5 0.834375 0.6140625 0.834375 0.6140625 0.709375
0 0.7453125 0.39375 0.5375 0.39375 0.5375 0.58125 0.7453125 0.58125 0.7453125 0.39375
0 0.55625 0.409375 0.421875 0.409375 0.421875 0.5546875 0.55625 0.5546875 0.55625 0.409375
0 0.6390625 0.209375 0.4734375 0.209375 0.4734375 0.38125 0.6390625 0.38125 0.6390625 0.209375
0 0.7359375 0.146875 0.6515625 0.146875 0.6515625 0.375 0.7359375 0.375 0.7359375 0.146875
0 0.8875 0.0015625 0.675 0.0015625 0.675 0.1953125 0.8875 0.1953125 0.8875 0.0015625
0 1.0 0.0015625 0.9140625 0.0015625 0.9140625 0.3125 1.0 0.3125 1.0 0.0015625
0 0.86875 0.0015625 0.7625 0.0015625 0.7625 0.06875 0.86875 0.06875 0.86875 0.0015625
0 1.0 0.7453125 0.9890625 0.7453125 0.9890625 0.884375 1.0 0.884375 1.0 0.7453125
0 1.0 0.0015625 0.1203125 0.0015625 0.1203125 1.0 1.0 1.0 1.0 0.0015625
0 0.0734375 0.55625 0.0015625 0.55625 0.0015625 0.7625 0.0734375 0.7625 0.0734375 0.55625
0 0.1671875 0.1765625 0.034375 0.1765625 0.034375 0.371875 0.1671875 0.371875 0.1671875 0.1765625
0 0.39375 0.0015625 0.0625 0.0015625 0.0625 0.1703125 0.39375 0.1703125 0.39375 0.0015625
0 0.196875 0.6390625 0.0734375 0.6390625 0.0734375 0.80625 0.196875 0.80625 0.196875 0.6390625
0 0.5421875 0.2578125 0.36875 0.2578125 0.36875 0.5328125 0.5421875 0.5328125 0.5421875 0.2578125
0 0.359375 0.4046875 0.253125 0.4046875 0.253125 0.496875 0.359375 0.496875 0.359375 0.4046875
0 0.234375 0.35 0.1125 0.35 0.1125 0.509375 0.234375 0.509375 0.234375 0.35
0 0.35625 0.19375 0.1875 0.19375 0.1875 0.3875 0.35625 0.3875 0.35625 0.19375
0 0.31875 0.0015625 0.2359375 0.0015625 0.2359375 0.040625 0.31875 0.040625 0.31875 0.0015625
