0 0.353125 0.9359375 0.2765625 0.9359375 0.2765625 1.0 0.353125 1.0 0.353125 0.9359375
0 0.6296875 0.84375 0.5359375 0.84375 0.5359375 1.0 0.6296875 1.0 0.6296875 0.84375
0 0.0515625 0.946875 0.0015625 0.946875 0.0015625 1.0 0.0515625 1.0 0.0515625 0.946875
0 0.01875 0.2796875 0.0015625 0.2796875 0.0015625 0.31875 0.01875 0.31875 0.01875 0.2796875
0 0.80625 0.140625 0.2671875 0.140625 0.2671875 0.46875 0.80625 0.46875 0.80625 0.140625
0 0.9875 0.0109375 0.8671875 0.0109375 0.8671875 0.15 0.9875 0.15 0.9875 0.0109375
0 0.5140625 0.9109375 0.3625 0.9109375 0.3625 1.0 0.5140625 1.0 0.5140625 0.9109375
0 0.0328125 0.7296875 0.0015625 0.7296875 0.0015625 0.89375 0.0328125 0.89375 0.0328125 0.7296875
0 0.5796875 0.325 0.378125 0.325 0.378125 0.4671875 0.5796875 0.4671875 0.5796875 0.325
0 0.6921875 0.2484375 0.584375 0.2484375 0.584375 0.36875 0.6921875 0.36875 0.6921875 0.2484375
0 0.3390625 0.4546875 0.2109375 0.4546875 0.2109375 0.803125 0.3390625 0.803125 0.3390625 0.4546875
0 0.3890625 0.509375 0.2578125 0.509375 0.2578125 0.7140625 0.3890625 0.7140625 0.3890625 0.509375
0 1.0 0.0859375 0.0015625 0.0859375 0.0015625 1.0 1.0 1.0 1.0 0.0859375
0 0.309375 0.0015625 0.0375 0.0015625 0.0375 0.2953125 0.309375 0.2953125 0.309375 0.0015625
0 0.7859375 0.1296875 0.4328125 0.1296875 0.4328125 0.365625 0.7859375 0.365625 0.7859375 0.1296875
0 0.5875 0.0015625 0.296875 0.0015625 0.296875 0.171875 0.5875 0.171875 0.5875 0.0015625
0 1.0 0.0015625 0.8859375 0.0015625 0.8859375 0.3734375 1.0 0.3734375 1.0 0.0015625
0 0.8546875 0.0015625 0.7671875 0.0015625 0.7671875 0.128125 0.8546875 0.128125 0.8546875 0.0015625
