0 0.5296875 0.1109375 0.409375 0.1109375 0.409375 0.31875 0.5296875 0.31875 0.5296875 0.1109375
0 0.1734375 0.0015625 0.125 0.0015625 0.125 0.053125 0.1734375 0.053125 0.1734375 0.0015625
0 0.6921875 0.0015625 0.575 0.0015625 0.575 0.1765625 0.6921875 0.1765625 0.6921875 0.0015625
0 0.6734375 0.6625 0.5921875 0.6625 0.5921875 0.865625 0.6734375 0.865625 0.6734375 0.6625
0 0.7734375 0.221875 0.6203125 0.221875 0.6203125 0.4859375 0.7734375 0.4859375 0.7734375 0.221875
0 0.1171875 0.184375 0.0015625 0.184375 0.0015625 0.3640625 0.1171875 0.3640625 0.1171875 0.184375
0 0.60625 0.125 0.509375 0.125 0.509375 0.3515625 0.60625 0.3515625 0.60625 0.125
0 0.4703125 0.0984375 0.375 0.0984375 0.375 0.184375 0.4703125 0.184375 0.4703125 0.0984375
0 0.46875 0.003125 0.3703125 0.003125 0.3703125 0.09375 0.46875 0.09375 0.46875 0.003125
0 0.3203125 0.9484375 0.23125 0.9484375 0.23125 1.0 0.3203125 1.0 0.3203125 0.9484375
0 0.9671875 0.0015625 0.86875 0.0015625 0.86875 0.075 0.9671875 0.075 0.9671875 0.0015625
0 0.83125 0.603125 0.6890625 0.603125 0.6890625 0.8703125 0.83125 0.8703125 0.83125 0.603125
0 0.3921875 0.2546875 0.296875 0.2546875 0.296875 0.59375 0.3921875 0.59375 0.3921875 0.2546875
0 0.8125 0.0359375 0.6890625 0.0359375 0.6890625 0.1734375 0.8125 0.1734375 0.8125 0.0359375
0 1.0 0.4296875 0.9921875 0.4296875 0.9921875 0.4546875 1.0 0.4546875 1.0 0.4296875
0 0.66875 0.875 0.575 0.875 0.575 1.0 0.66875 1.0 0.66875 0.875
0 0.7875 0.978125 0.715625 0.978125 0.715625 1.0 0.7875 1.0 0.7875 0.978125
0 1.0 0.3296875 0.78125 0.3296875 0.78125 0.5609375 1.0 0.5609375 1.0 0.3296875
0 1.0 0.5453125 0.925 0.5453125 0.925 0.70625 1.0 0.70625 1.0 0.5453125
0 1.0 0.0359375 0.975 0.0359375 0.975 0.075 1.0 0.075 1.0 0.0359375
0 0.13125 0.2671875 0.04375 0.2671875 0.04375 0.3859375 0.13125 0.3859375 0.13125 0.2671875
0 0.2953125 1.0 0.29375 1.0 0.29375 1.0 0.2953125 1.0 0.2953125 1.0
0 1.0 0.8546875 0.94375 0.8546875 0.94375 1.0 1.0 1.0 1.0 0.8546875
0 0.875 0.696875 0.7609375 0.696875 0.7609375 0.7984375 0.875 0.7984375 0.875 0.696875
0 0.9046875 0.25625 0.809375 0.25625 0.809375 0.484375 0.9046875 0.484375 0.9046875 0.25625
0 1.0 0.1796875 0.96875 0.1796875 0.96875 0.253125 1.0 0.253125 1.0 0.1796875
0 0.5078125 0.4796875 0.3234375 0.4796875 0.3234375 1.0 0.5078125 1.0 0.5078125 0.4796875
0 1.0 0.0015625 0.6953125 0.0015625 0.6953125 0.09375 1.0 0.09375 1.0 0.0015625
0 1.0 0.821875 0.875 0.821875 0.875 1.0 1.0 1.0 1.0 0.821875
0 0.946875 0.534375 0.7828125 0.534375 0.7828125 0.8484375 0.946875 0.8484375 0.946875 0.534375
0 1.0 0.125 0.803125 0.125 0.803125 0.4859375 1.0 0.4859375 1.0 0.125
0 1.0 0.2484375 0.8203125 0.2484375 0.8203125 0.5421875 1.0 0.5421875 1.0 0.2484375
0 0.059375 0.990625 0.04375 0.990625 0.04375 1.0 0.059375 1.0 0.059375 0.990625
0 0.6671875 0.6484375 0.546875 0.6484375 0.546875 0.88125 0.6671875 0.88125 0.6671875 0.6484375
0 0.0796875 0.0015625 0.0015625 0.0015625 0.0015625 0.121875 0.0796875 0.121875 0.0796875 0.0015625
0 0.3203125 0.6859375 0.1 0.6859375 0.1 1.0 0.3203125 1.0 0.3203125 0.6859375
0 0.8234375 0.85 0.7375 0.85 0.7375 1.0 0.8234375 1.0 0.8234375 0.85
0 0.9765625 0.6765625 0.8796875 0.6765625 0.8796875 0.859375 0.9765625 0.859375 0.9765625 0.6765625
0 1.0 0.409375 0.9203125 0.409375 0.9203125 0.6578125 1.0 0.6578125 1.0 0.409375
0 0.334375 0.271875 0.26875 0.271875 0.26875 0.4875 0.334375 0.4875 0.334375 0.271875
0 0.98125 0.0265625 0.6578125 0.0265625 0.6578125 0.2359375 0.98125 0.2359375 0.98125 0.0265625
0 0.3296875 0.0890625 0.1828125 0.0890625 0.1828125 0.2875 0.3296875 0.2875 0.3296875 0.0890625
0 0.2890625 0.0015625 0.2625 0.0015625 0.2625 0.00625 0.2890625 0.00625 0.2890625 0.0015625
0 0.115625 0.546875 0.0015625 0.546875 0.0015625 0.821875 0.115625 0.821875 0.115625 0.546875
0 0.31875 0.20625 0.190625 0.20625 0.190625 0.3515625 0.31875 0.3515625 0.31875 0.20625
0 0.334375 0.9859375 0.29375 0.9859375 0.29375 1.0 0.334375 1.0 0.334375 0.9859375
0 0.2609375 0.41875 0.0015625 0.41875 0.0015625 1.0 0.2609375 1.0 0.2609375 0.41875
0 0.084375 0.1328125 0.0015625 0.1328125 0.0015625 0.34375 0.084375 0.34375 0.084375 0.1328125
0 0.4390625 0.0984375 0.1046875 0.0984375 0.1046875 1.0 0.4390625 1.0 0.4390625 0.0984375
0 0.4859375 0.34375 0.34375 0.34375 0.34375 0.5765625 0.4859375 0.5765625 0.4859375 0.34375
0 0.5375 0.0015625 0.1640625 0.0015625 0.1640625 0.1375 0.5375 0.1375 0.5375 0.0015625
0 0.13125 0.0015625 0.0875 0.0015625 0.0875 0.046875 0.13125 0.046875 0.13125 0.0015625
0 0.446875 0.0015625 0.3734375 0.0015625 0.3734375 0.03125 0.446875 0.03125 0.446875 0.0015625
0 1.0 0.646875 0.6390625 0.646875 0.6390625 1.0 1.0 1.0 1.0 0.646875
0 0.7328125 0.446875 0.496875 0.446875 0.496875 0.6875 0.7328125 0.6875 0.7328125 0.446875
0 0.709375 0.1046875 0.534375 0.1046875 0.534375 0.396875 0.709375 0.396875 0.709375 0.1046875
0 0.5265625 0.18125 0.35625 0.18125 0.35625 0.365625 0.5265625 0.365625 0.5265625 0.18125
0 0.7046875 0.0015625 0.65625 0.0015625 0.65625 0.1265625 0.7046875 0.1265625 0.7046875 0.0015625
0 1.0 0.1515625 0.9015625 0.1515625 0.9015625 0.3125 1.0 0.3125 1.0 0.1515625
0 0.1734375 0.9296875 0.04375 0.9296875 0.04375 1.0 0.1734375 1.0 0.1734375 0.9296875
0 0.640625 0.7359375 0.4734375 0.7359375 0.4734375 1.0 0.640625 1.0 0.640625 0.7359375
0 0.790625 0.4921875 0.6625 0.4921875 0.6625 0.7671875 0.790625 0.7671875 0.790625 0.4921875
0 0.1140625 0.55625 0.0140625 0.55625 0.0140625 0.7609375 0.1140625 0.7609375 0.1140625 0.55625
0 0.6296875 0.9796875 0.5765625 0.9796875 0.5765625 1.0 0.6296875 1.0 0.6296875 0.9796875
0 0.575 0.6515625 0.48125 0.6515625 0.48125 0.8375 0.575 0.8375 0.575 0.6515625
0 0.5375 0.5140625 0.3796875 0.5140625 0.3796875 0.8734375 0.5375 0.8734375 0.5375 0.5140625
0 0.175 0.353125 0.0015625 0.353125 0.0015625 0.546875 0.175 0.546875 0.175 0.353125
0 0.278125 0.0265625 0.025 0.0265625 0.025 0.2921875 0.278125 0.2921875 0.278125 0.0265625
