0 0.1546875 0.515625 0.0015625 0.515625 0.0015625 1.0 0.1546875 1.0 0.1546875 0.515625
0 0.5109375 0.9921875 0.503125 0.9921875 0.503125 1.0 0.5109375 1.0 0.5109375 0.9921875
0 0.6078125 0.59375 0.4265625 0.59375 0.4265625 0.76875 0.6078125 0.76875 0.6078125 0.59375
0 1.0 0.346875 0.934375 0.346875 0.934375 0.4640625 1.0 0.4640625 1.0 0.346875
0 1.0 0.4625 0.921875 0.4625 0.921875 0.603125 1.0 0.603125 1.0 0.4625
0 0.678125 0.2328125 0.5109375 0.2328125 0.5109375 0.3921875 0.678125 0.3921875 0.678125 0.2328125
0 0.0140625 1.0 0.0140625 1.0 0.0140625 1.0 0.0140625 1.0 0.0140625 1.0
0 0.4921875 0.36875 0.06875 0.36875 0.06875 1.0 0.4921875 1.0 0.4921875 0.36875
0 0.5703125 0.0015625 0.0015625 0.0015625 0.0015625 0.3453125 0.5703125 0.3453125 0.5703125 0.0015625
0 0.953125 0.0015625 0.7984375 0.0015625 0.7984375 0.2125 0.953125 0.2125 0.953125 0.0015625
0 0.228125 0.453125 0.0015625 0.453125 0.0015625 0.6640625 0.228125 0.6640625 0.228125 0.453125
0 0.6796875 0.3828125 0.409375 0.3828125 0.409375 0.56875 0.6796875 0.56875 0.6796875 0.3828125
0 0.8046875 0.6515625 0.7796875 0.6515625 0.7796875 0.95625 0.8046875 0.95625 0.8046875 0.6515625
0 0.6671875 0.596875 0.575 0.596875 0.575 1.0 0.6671875 1.0 0.6671875 0.596875
