0 1.0 0.1140625 0.9859375 0.1140625 0.9859375 0.1421875 1.0 0.1421875 1.0 0.1140625
0 0.3078125 0.14375 0.1703125 0.14375 0.1703125 0.28125 0.3078125 0.28125 0.3078125 0.14375
0 0.765625 0.2171875 0.634375 0.2171875 0.634375 0.3890625 0.765625 0.3890625 0.765625 0.2171875
0 1.0 0.23125 0.9625 0.23125 0.9625 0.359375 1.0 0.359375 1.0 0.23125
0 0.7734375 0.5078125 0.640625 0.5078125 0.640625 0.746875 0.7734375 0.746875 0.7734375 0.5078125
0 1.0 0.246875 0.965625 0.246875 0.965625 0.5 1.0 0.5 1.0 0.246875
0 0.7171875 0.26875 0.5953125 0.26875 0.5953125 0.4421875 0.7171875 0.4421875 0.7171875 0.26875
0 0.709375 0.0015625 0.596875 0.0015625 0.596875 0.190625 0.709375 0.190625 0.709375 0.0015625
0 0.378125 0.0015625 0.3671875 0.0015625 0.3671875 0.009375 0.378125 0.009375 0.378125 0.0015625
0 0.80625 0.2125 0.690625 0.2125 0.690625 0.559375 0.80625 0.559375 0.80625 0.2125
0 0.65 0.15 0.5359375 0.15 0.5359375 0.2671875 0.65 0.2671875 0.65 0.15
0 0.5515625 0.38125 0.4703125 0.38125 0.4703125 0.50625 0.5515625 0.50625 0.5515625 0.38125
0 0.6296875 0.2578125 0.4484375 0.2578125 0.4484375 0.378125 0.6296875 0.378125 0.6296875 0.2578125
0 0.675 0.0390625 0.4390625 0.0390625 0.4390625 0.2015625 0.675 0.2015625 0.675 0.0390625
0 0.340625 0.040625 0.278125 0.040625 0.278125 0.203125 0.340625 0.203125 0.340625 0.040625
0 1.0 0.1609375 0.9609375 0.1609375 0.9609375 0.234375 1.0 0.234375 1.0 0.1609375
0 0.1578125 0.0015625 0.1109375 0.0015625 0.1109375 0.2640625 0.1578125 0.2640625 0.1578125 0.0015625
0 0.8515625 0.0015625 0.7203125 0.0015625 0.7203125 0.2125 0.8515625 0.2125 0.8515625 0.0015625
0 0.6203125 0.0015625 0.534375 0.0015625 0.534375 0.0125 0.6203125 0.0125 0.6203125 0.0015625
0 0.9578125 0.1921875 0.8359375 0.1921875 0.8359375 0.39375 0.9578125 0.39375 0.9578125 0.1921875
