0 0.18125 0.4390625 0.115625 0.4390625 0.115625 0.559375 0.18125 0.559375 0.18125 0.4390625
0 0.31875 0.721875 0.2421875 0.721875 0.2421875 0.91875 0.31875 0.91875 0.31875 0.721875
0 0.3359375 0.0171875 0.221875 0.0171875 0.221875 0.20625 0.3359375 0.20625 0.3359375 0.0171875
0 0.4484375 0.0015625 0.340625 0.0015625 0.340625 0.08125 0.4484375 0.08125 0.4484375 0.0015625
0 0.215625 0.434375 0.140625 0.434375 0.140625 0.6203125 0.215625 0.6203125 0.215625 0.434375
0 0.3203125 0.371875 0.1234375 0.371875 0.1234375 0.4703125 0.3203125 0.4703125 0.3203125 0.371875
0 0.8484375 0.0015625 0.73125 0.0015625 0.73125 0.034375 0.8484375 0.034375 0.8484375 0.0015625
0 0.7125 0.0015625 0.6 0.0015625 0.6 0.059375 0.7125 0.059375 0.7125 0.0015625
0 0.7390625 0.3046875 0.634375 0.3046875 0.634375 0.3875 0.7390625 0.3875 0.7390625 0.3046875
0 0.7265625 0.0015625 0.6390625 0.0015625 0.6390625 0.028125 0.7265625 0.028125 0.7265625 0.0015625
0 0.2296875 0.9359375 0.0015625 0.9359375 0.0015625 1.0 0.2296875 1.0 0.2296875 0.9359375
0 0.3640625 0.6515625 0.078125 0.6515625 0.078125 1.0 0.3640625 1.0 0.3640625 0.6515625
0 0.3453125 0.2546875 0.246875 0.2546875 0.246875 0.4015625 0.3453125 0.4015625 0.3453125 0.2546875
0 0.2421875 0.2328125 0.1296875 0.2328125 0.1296875 0.3515625 0.2421875 0.3515625 0.2421875 0.2328125
0 0.7421875 0.871875 0.5859375 0.871875 0.5859375 1.0 0.7421875 1.0 0.7421875 0.871875
0 0.590625 0.759375 0.4296875 0.759375 0.4296875 0.9859375 0.590625 0.9859375 0.590625 0.759375
0 0.7140625 0.5671875 0.5546875 0.5671875 0.5546875 0.7609375 0.7140625 0.7609375 0.7140625 0.5671875
0 0.4796875 0.5828125 0.3109375 0.5828125 0.3109375 0.66875 0.4796875 0.66875 0.4796875 0.5828125
0 0.5984375 0.3703125 0.4609375 0.3703125 0.4609375 0.5578125 0.5984375 0.5578125 0.5984375 0.3703125
0 0.6734375 0.2234375 0.565625 0.2234375 0.565625 0.3796875 0.6734375 0.3796875 0.6734375 0.2234375
0 0.834375 0.2234375 0.6890625 0.2234375 0.6890625 0.3296875 0.834375 0.3296875 0.834375 0.2234375
0 0.7734375 0.0015625 0.4359375 0.0015625 0.4359375 0.2171875 0.7734375 0.2171875 0.7734375 0.0015625
0 0.5265625 0.0046875 0.4375 0.0046875 0.4375 0.1078125 0.5265625 0.1078125 0.5265625 0.0046875
0 1.0 0.2921875 0.9375 0.2921875 0.9375 0.45625 1.0 0.45625 1.0 0.2921875
0 1.0 0.1578125 0.9578125 0.1578125 0.9578125 0.2375 1.0 0.2375 1.0 0.1578125
0 0.05 0.9875 0.0015625 0.9875 0.0015625 1.0 0.05 1.0 0.05 0.9875
0 0.140625 0.559375 0.0015625 0.559375 0.0015625 0.646875 0.140625 0.646875 0.140625 0.559375
0 0.740625 0.3015625 0.5296875 0.3015625 0.5296875 0.45625 0.740625 0.45625 0.740625 0.3015625
0 0.421875 0.1953125 0.2765625 0.1953125 0.2765625 0.275 0.421875 0.275 0.421875 0.1953125
0 0.440625 0.0640625 0.3234375 0.0640625 0.3234375 0.171875 0.440625 0.171875 0.440625 0.0640625
0 0.36875 0.0015625 0.309375 0.0015625 0.309375 0.0671875 0.36875 0.0671875 0.36875 0.0015625
0 0.3578125 0.8109375 0.0484375 0.8109375 0.0484375 1.0 0.3578125 1.0 0.3578125 0.8109375
0 0.3015625 0.7046875 0.109375 0.7046875 0.109375 0.896875 0.3015625 0.896875 0.3015625 0.7046875
0 0.68125 0.3671875 0.18125 0.3671875 0.18125 0.990625 0.68125 0.990625 0.68125 0.3671875
0 0.490625 0.0296875 0.3328125 0.0296875 0.3328125 0.171875 0.490625 0.171875 0.490625 0.0296875
0 0.5484375 0.0015625 0.4234375 0.0015625 0.4234375 0.0921875 0.5484375 0.0921875 0.5484375 0.0015625
0 1.0 0.4734375 0.653125 0.4734375 0.653125 1.0 1.0 1.0 1.0 0.4734375
0 0.8671875 0.9703125 0.79375 0.9703125 0.79375 1.0 0.8671875 1.0 0.8671875 0.9703125
0 1.0 0.1921875 0.59375 0.1921875 0.59375 0.478125 1.0 0.478125 1.0 0.1921875
0 0.821875 0.446875 0.7109375 0.446875 0.7109375 0.55625 0.821875 0.55625 0.821875 0.446875
0 0.8703125 0.0390625 0.7015625 0.0390625 0.7015625 0.1328125 0.8703125 0.1328125 0.8703125 0.0390625
0 0.2984375 0.584375 0.0015625 0.584375 0.0015625 0.909375 0.2984375 0.909375 0.2984375 0.584375
0 0.0890625 0.4671875 0.0015625 0.4671875 0.0015625 0.590625 0.0890625 0.590625 0.0890625 0.4671875
0 0.50625 0.25 0.375 0.25 0.375 0.3828125 0.50625 0.3828125 0.50625 0.25
0 0.034375 0.278125 0.0015625 0.278125 0.0015625 0.340625 0.034375 0.340625 0.034375 0.278125
0 0.29375 0.0328125 0.2078125 0.0328125 0.2078125 0.1375 0.29375 0.1375 0.29375 0.0328125
0 0.778125 0.9515625 0.709375 0.9515625 0.709375 1.0 0.778125 1.0 0.778125 0.9515625
0 0.0515625 0.665625 0.0015625 0.665625 0.0015625 0.79375 0.0515625 0.79375 0.0515625 0.665625
0 0.0875 0.3171875 0.0015625 0.3171875 0.0015625 0.43125 0.0875 0.43125 0.0875 0.3171875
0 0.5359375 0.159375 0.409375 0.159375 0.409375 0.2734375 0.5359375 0.2734375 0.5359375 0.159375
0 0.1046875 0.578125 0.0015625 0.578125 0.0015625 0.63125 0.1046875 0.63125 0.1046875 0.578125
0 0.24375 0.2671875 0.1 0.2671875 0.1 0.6421875 0.24375 0.6421875 0.24375 0.2671875
0 0.375 0.746875 0.271875 0.746875 0.271875 0.9453125 0.375 0.9453125 0.375 0.746875
0 0.2796875 0.4296875 0.175 0.4296875 0.175 0.5640625 0.2796875 0.5640625 0.2796875 0.4296875
0 0.6546875 0.265625 0.2765625 0.265625 0.2765625 0.5015625 0.6546875 0.5015625 0.6546875 0.265625
0 1.0 0.8671875 0.89375 0.8671875 0.89375 1.0 1.0 1.0 1.0 0.8671875
0 0.9640625 0.35625 0.690625 0.35625 0.690625 0.6484375 0.9640625 0.6484375 0.9640625 0.35625
0 0.1796875 0.90625 0.0296875 0.90625 0.0296875 1.0 0.1796875 1.0 0.1796875 0.90625
0 0.671875 0.6265625 0.0015625 0.6265625 0.0015625 1.0 0.671875 1.0 0.671875 0.6265625
0 0.0046875 0.4375 0.0015625 0.4375 0.0015625 0.471875 0.0046875 0.471875 0.0046875 0.4375
0 0.1125 0.24375 0.0015625 0.24375 0.0015625 0.5765625 0.1125 0.5765625 0.1125 0.24375
0 0.315625 0.0015625 0.121875 0.0015625 0.121875 0.334375 0.315625 0.334375 0.315625 0.0015625
0 1.0 0.6140625 0.7828125 0.6140625 0.7828125 1.0 1.0 1.0 1.0 0.6140625
0 1.0 0.0015625 0.3703125 0.0015625 0.3703125 0.390625 1.0 0.390625 1.0 0.0015625
0 0.79375 0.375 0.6515625 0.375 0.6515625 0.503125 0.79375 0.503125 0.79375 0.375
0 0.9046875 0.1671875 0.66875 0.1671875 0.66875 0.25625 0.9046875 0.25625 0.9046875 0.1671875
0 1.0 0.465625 0.93125 0.465625 0.93125 0.6625 1.0 0.6625 1.0 0.465625
0 0.534375 0.6453125 0.2953125 0.6453125 0.2953125 0.7609375 0.534375 0.7609375 0.534375 0.6453125
