0 0.0375 0.2578125 0.0015625 0.2578125 0.0015625 0.315625 0.0375 0.315625 0.0375 0.2578125
0 0.040625 0.1984375 0.0015625 0.1984375 0.0015625 0.2703125 0.040625 0.2703125 0.040625 0.1984375
0 0.0453125 0.034375 0.0015625 0.034375 0.0015625 0.1765625 0.0453125 0.1765625 0.0453125 0.034375
0 0.053125 0.703125 0.0015625 0.703125 0.0015625 0.8 0.053125 0.8 0.053125 0.703125
0 0.2578125 0.9578125 0.171875 0.9578125 0.171875 1.0 0.2578125 1.0 0.2578125 0.9578125
0 0.0515625 0.8640625 0.0015625 0.8640625 0.0015625 1.0 0.0515625 1.0 0.0515625 0.8640625
0 0.61875 0.85625 0.5328125 0.85625 0.5328125 1.0 0.61875 1.0 0.61875 0.85625
0 0.209375 0.725 0.040625 0.725 0.040625 0.9796875 0.209375 0.9796875 0.209375 0.725
0 0.403125 0.775 0.275 0.775 0.275 0.88125 0.403125 0.88125 0.403125 0.775
0 0.609375 0.684375 0.459375 0.684375 0.459375 0.7828125 0.609375 0.7828125 0.609375 0.684375
0 0.4625 0.6109375 0.346875 0.6109375 0.346875 0.784375 0.4625 0.784375 0.4625 0.6109375
0 0.1703125 0.475 0.0015625 0.475 0.0015625 0.703125 0.1703125 0.703125 0.1703125 0.475
0 0.596875 0.5 0.490625 0.5 0.490625 0.615625 0.596875 0.615625 0.596875 0.5
0 0.1796875 0.2765625 0.0875 0.2765625 0.0875 0.5078125 0.1796875 0.5078125 0.1796875 0.2765625
0 0.9546875 0.940625 0.875 0.940625 0.875 1.0 0.9546875 1.0 0.9546875 0.940625
0 0.1234375 0.7890625 0.0015625 0.7890625 0.0015625 0.896875 0.1234375 0.896875 0.1234375 0.7890625
0 0.8828125 0.459375 0.7921875 0.459375 0.7921875 0.64375 0.8828125 0.64375 0.8828125 0.459375
0 0.3578125 0.1359375 0.2640625 0.1359375 0.2640625 0.24375 0.3578125 0.24375 0.3578125 0.1359375
0 0.975 0.0015625 0.825 0.0015625 0.825 0.1515625 0.975 0.1515625 0.975 0.0015625
0 0.5171875 0.8140625 0.3984375 0.8140625 0.3984375 1.0 0.5171875 1.0 0.5171875 0.8140625
0 0.09375 0.8453125 0.0015625 0.8453125 0.0015625 1.0 0.09375 1.0 0.09375 0.8453125
0 0.5921875 0.53125 0.4109375 0.53125 0.4109375 0.7 0.5921875 0.7 0.5921875 0.53125
0 0.165625 0.3171875 0.0625 0.3171875 0.0625 0.4890625 0.165625 0.4890625 0.165625 0.3171875
0 0.103125 0.2046875 0.0015625 0.2046875 0.0015625 0.359375 0.103125 0.359375 0.103125 0.2046875
0 0.578125 0.15625 0.25625 0.15625 0.25625 0.353125 0.578125 0.353125 0.578125 0.15625
0 0.4671875 0.09375 0.3234375 0.09375 0.3234375 0.1984375 0.4671875 0.1984375 0.4671875 0.09375
0 0.0609375 0.0015625 0.0015625 0.0015625 0.0015625 0.071875 0.0609375 0.071875 0.0609375 0.0015625
0 0.646875 0.7 0.5109375 0.7 0.5109375 0.9109375 0.646875 0.9109375 0.646875 0.7
0 0.7 0.384375 0.5640625 0.384375 0.5640625 0.5375 0.7 0.5375 0.7 0.384375
0 0.8828125 0.8921875 0.6953125 0.8921875 0.6953125 1.0 0.8828125 1.0 0.8828125 0.8921875
0 0.040625 0.8125 0.0015625 0.8125 0.0015625 0.8546875 0.040625 0.8546875 0.040625 0.8125
0 0.965625 0.5015625 0.8046875 0.5015625 0.8046875 0.775 0.965625 0.775 0.965625 0.5015625
0 0.634375 0.478125 0.5109375 0.478125 0.5109375 0.7015625 0.634375 0.7015625 0.634375 0.478125
0 0.721875 0.3546875 0.5734375 0.3546875 0.5734375 0.5125 0.721875 0.5125 0.721875 0.3546875
0 0.9796875 0.95625 0.8921875 0.95625 0.8921875 1.0 0.9796875 1.0 0.9796875 0.95625
0 0.059375 0.3265625 0.0015625 0.3265625 0.0015625 0.40625 0.059375 0.40625 0.059375 0.3265625
0 0.49375 0.159375 0.3390625 0.159375 0.3390625 0.2625 0.49375 0.2625 0.49375 0.159375
0 0.796875 0.41875 0.646875 0.41875 0.646875 0.625 0.796875 0.625 0.796875 0.41875
0 1.0 0.415625 0.8375 0.415625 0.8375 0.590625 1.0 0.590625 1.0 0.415625
0 0.884375 0.171875 0.671875 0.171875 0.671875 0.40625 0.884375 0.40625 0.884375 0.171875
0 0.7203125 0.0015625 0.446875 0.0015625 0.446875 0.2984375 0.7203125 0.2984375 0.7203125 0.0015625
0 0.89375 0.0015625 0.7078125 0.0015625 0.7078125 0.121875 0.89375 0.121875 0.89375 0.0015625
0 1.0 0.053125 0.975 0.053125 0.975 0.1015625 1.0 0.1015625 1.0 0.053125
0 0.7875 0.0015625 0.5046875 0.0015625 0.5046875 0.1640625 0.7875 0.1640625 0.7875 0.0015625
0 1.0 0.0015625 0.690625 0.0015625 0.690625 0.134375 1.0 0.134375 1.0 0.0015625
0 1.0 0.3671875 0.9 0.3671875 0.9 0.690625 1.0 0.690625 1.0 0.3671875
0 0.7328125 0.265625 0.5421875 0.265625 0.5421875 0.45625 0.7328125 0.45625 0.7328125 0.265625
0 1.0 0.9296875 0.978125 0.9296875 0.978125 1.0 1.0 1.0 1.0 0.9296875
0 0.06875 0.1125 0.0015625 0.1125 0.0015625 0.2921875 0.06875 0.2921875 0.06875 0.1125
0 0.2234375 0.89375 0.0171875 0.89375 0.0171875 1.0 0.2234375 1.0 0.2234375 0.89375
0 0.1515625 0.6078125 0.015625 0.6078125 0.015625 0.7390625 0.1515625 0.7390625 0.1515625 0.6078125
0 0.6640625 0.415625 0.5 0.415625 0.5 0.5703125 0.6640625 0.5703125 0.6640625 0.415625
0 0.2109375 0.3296875 0.1734375 0.3296875 0.1734375 0.53125 0.2109375 0.53125 0.2109375 0.3296875
0 0.5171875 0.003125 0.2625 0.003125 0.2625 0.2171875 0.5171875 0.2171875 0.5171875 0.003125
0 0.08125 0.0015625 0.0015625 0.0015625 0.0015625 0.2078125 0.08125 0.2078125 0.08125 0.0015625
