0 0.44375 0.9640625 0.3796875 0.9640625 0.3796875 1.0 0.44375 1.0 0.44375 0.9640625
0 0.5890625 0.9640625 0.465625 0.9640625 0.465625 1.0 0.5890625 1.0 0.5890625 0.9640625
0 0.6109375 0.8 0.434375 0.8 0.434375 0.95625 0.6109375 0.95625 0.6109375 0.8
0 0.3796875 0.7625 0.2328125 0.7625 0.2328125 0.9890625 0.3796875 0.9890625 0.3796875 0.7625
0 0.1421875 0.7375 0.08125 0.7375 0.08125 0.91875 0.1421875 0.91875 0.1421875 0.7375
0 0.4734375 0.7921875 0.35625 0.7921875 0.35625 1.0 0.4734375 1.0 0.4734375 0.7921875
0 0.653125 0.8265625 0.4625 0.8265625 0.4625 1.0 0.653125 1.0 0.653125 0.8265625
0 0.30625 0.0015625 0.1859375 0.0015625 0.1859375 0.034375 0.30625 0.034375 0.30625 0.0015625
0 0.05 0.0015625 0.003125 0.0015625 0.003125 0.015625 0.05 0.015625 0.05 0.0015625
0 0.2015625 0.9203125 0.1171875 0.9203125 0.1171875 1.0 0.2015625 1.0 0.2015625 0.9203125
0 0.0828125 0.8734375 0.0015625 0.8734375 0.0015625 1.0 0.0828125 1.0 0.0828125 0.8734375
0 0.2609375 0.8296875 0.19375 0.8296875 0.19375 0.9796875 0.2609375 0.9796875 0.2609375 0.8296875
0 0.7609375 0.84375 0.440625 0.84375 0.440625 1.0 0.7609375 1.0 0.7609375 0.84375
0 0.321875 0.0015625 0.084375 0.0015625 0.084375 0.2078125 0.321875 0.2078125 0.321875 0.0015625
0 0.33125 0.5734375 0.0015625 0.5734375 0.0015625 1.0 0.33125 1.0 0.33125 0.5734375
0 0.296875 0.1734375 0.11875 0.1734375 0.11875 0.3 0.296875 0.3 0.296875 0.1734375
0 0.371875 0.8171875 0.2984375 0.8171875 0.2984375 0.9390625 0.371875 0.9390625 0.371875 0.8171875
0 0.70625 0.69375 0.5203125 0.69375 0.5203125 0.88125 0.70625 0.88125 0.70625 0.69375
0 1.0 0.0015625 0.6796875 0.0015625 0.6796875 0.5875 1.0 0.5875 1.0 0.0015625
0 0.3484375 0.734375 0.2328125 0.734375 0.2328125 0.9390625 0.3484375 0.9390625 0.3484375 0.734375
