0 0.703125 0.840625 0.5859375 0.840625 0.5859375 0.94375 0.703125 0.94375 0.703125 0.840625
0 0.98125 0.0015625 0.8453125 0.0015625 0.8453125 0.2015625 0.98125 0.2015625 0.98125 0.0015625
0 1.0 0.08125 0.990625 0.08125 0.990625 0.1625 1.0 0.1625 1.0 0.08125
0 0.8484375 0.6046875 0.7578125 0.6046875 0.7578125 0.778125 0.8484375 0.778125 0.8484375 0.6046875
0 0.453125 0.21875 0.3 0.21875 0.3 0.39375 0.453125 0.39375 0.453125 0.21875
0 0.0109375 0.9625 0.0015625 0.9625 0.0015625 1.0 0.0109375 1.0 0.0109375 0.9625
0 0.3609375 0.6234375 0.246875 0.6234375 0.246875 0.7515625 0.3609375 0.7515625 0.3609375 0.6234375
0 0.2234375 0.571875 0.075 0.571875 0.075 0.6703125 0.2234375 0.6703125 0.2234375 0.571875
0 0.3234375 0.4890625 0.246875 0.4890625 0.246875 0.5921875 0.3234375 0.5921875 0.3234375 0.4890625
0 0.1484375 0.41875 0.059375 0.41875 0.059375 0.5671875 0.1484375 0.5671875 0.1484375 0.41875
0 0.45625 0.1375 0.334375 0.1375 0.334375 0.321875 0.45625 0.321875 0.45625 0.1375
0 0.796875 0.7703125 0.6875 0.7703125 0.6875 0.9796875 0.796875 0.9796875 0.796875 0.7703125
0 0.0828125 0.4890625 0.0015625 0.4890625 0.0015625 0.5875 0.0828125 0.5875 0.0828125 0.4890625
0 0.325 0.896875 0.16875 0.896875 0.16875 0.9859375 0.325 0.9859375 0.325 0.896875
0 0.709375 0.4828125 0.5375 0.4828125 0.5375 0.765625 0.709375 0.765625 0.709375 0.4828125
0 0.14375 0.296875 0.0046875 0.296875 0.0046875 0.4125 0.14375 0.4125 0.14375 0.296875
0 0.55 0.0984375 0.36875 0.0984375 0.36875 0.209375 0.55 0.209375 0.55 0.0984375
0 0.4640625 0.0015625 0.2703125 0.0015625 0.2703125 0.096875 0.4640625 0.096875 0.4640625 0.0015625
0 0.9390625 0.6625 0.8234375 0.6625 0.8234375 0.7921875 0.9390625 0.7921875 0.9390625 0.6625
0 1.0 0.1921875 0.8734375 0.1921875 0.8734375 0.5640625 1.0 0.5640625 1.0 0.1921875
0 0.878125 0.2953125 0.6953125 0.2953125 0.6953125 0.5609375 0.878125 0.5609375 0.878125 0.2953125
0 0.75 0.0875 0.565625 0.0875 0.565625 0.296875 0.75 0.296875 0.75 0.0875
0 0.834375 0.0015625 0.6953125 0.0015625 0.6953125 0.1890625 0.834375 0.1890625 0.834375 0.0015625
0 0.1671875 0.284375 0.0015625 0.284375 0.0015625 0.4203125 0.1671875 0.4203125 0.1671875 0.284375
0 0.3015625 0.0828125 0.153125 0.0828125 0.153125 0.2046875 0.3015625 0.2046875 0.3015625 0.0828125
0 0.6640625 0.3421875 0.546875 0.3421875 0.546875 0.4609375 0.6640625 0.4609375 0.6640625 0.3421875
0 0.065625 0.9359375 0.0015625 0.9359375 0.0015625 1.0 0.065625 1.0 0.065625 0.9359375
0 0.0109375 0.8484375 0.0015625 0.8484375 0.0015625 0.8859375 0.0109375 0.8859375 0.0109375 0.8484375
0 1.0 0.0015625 0.0015625 0.0015625 0.0015625 1.0 1.0 1.0 1.0 0.0015625
0 0.7453125 0.8421875 0.6109375 0.8421875 0.6109375 1.0 0.7453125 1.0 0.7453125 0.8421875
0 0.5953125 0.0046875 0.4890625 0.0046875 0.4890625 0.15625 0.5953125 0.15625 0.5953125 0.0046875
0 0.2125 0.228125 0.103125 0.228125 0.103125 0.3484375 0.2125 0.3484375 0.2125 0.228125
0 0.0390625 0.0015625 0.0015625 0.0015625 0.0015625 0.1796875 0.0390625 0.1796875 0.0390625 0.0015625
