0 0.025 0.8546875 0.0015625 0.8546875 0.0015625 0.915625 0.025 0.915625 0.025 0.8546875
0 0.878125 0.49375 0.596875 0.49375 0.596875 0.734375 0.878125 0.734375 0.878125 0.49375
0 0.7109375 0.3359375 0.6296875 0.3359375 0.6296875 0.51875 0.7109375 0.51875 0.7109375 0.3359375
0 0.965625 0.246875 0.7546875 0.246875 0.7546875 0.375 0.965625 0.375 0.965625 0.246875
0 0.7578125 0.015625 0.5 0.015625 0.5 0.2890625 0.7578125 0.2890625 0.7578125 0.015625
0 0.415625 0.0015625 0.296875 0.0015625 0.296875 0.1171875 0.415625 0.1171875 0.415625 0.0015625
0 0.8828125 0.0015625 0.775 0.0015625 0.775 0.040625 0.8828125 0.040625 0.8828125 0.0015625
0 0.1984375 0.0015625 0.153125 0.0015625 0.153125 0.0265625 0.1984375 0.0265625 0.1984375 0.0015625
0 0.9578125 0.1078125 0.8625 0.1078125 0.8625 0.225 0.9578125 0.225 0.9578125 0.1078125
0 0.240625 0.8796875 0.1203125 0.8796875 0.1203125 1.0 0.240625 1.0 0.240625 0.8796875
0 0.8046875 0.2109375 0.6484375 0.2109375 0.6484375 0.3453125 0.8046875 0.3453125 0.8046875 0.2109375
0 0.178125 0.0625 0.0921875 0.0625 0.0921875 0.2203125 0.178125 0.2203125 0.178125 0.0625
0 0.0171875 0.0046875 0.0015625 0.0046875 0.0015625 0.04375 0.0171875 0.04375 0.0171875 0.0046875
0 0.35 0.834375 0.2265625 0.834375 0.2265625 1.0 0.35 1.0 0.35 0.834375
0 0.00625 0.99375 0.0015625 0.99375 0.0015625 1.0 0.00625 1.0 0.00625 0.99375
0 0.434375 0.721875 0.3296875 0.721875 0.3296875 0.8546875 0.434375 0.8546875 0.434375 0.721875
0 1.0 0.0015625 0.0015625 0.0015625 0.0015625 1.0 1.0 1.0 1.0 0.0015625
0 0.65625 0.184375 0.6125 0.184375 0.6125 0.3328125 0.65625 0.3328125 0.65625 0.184375
