0 0.184375 0.8921875 0.1109375 0.8921875 0.1109375 1.0 0.184375 1.0 0.184375 0.8921875
0 0.309375 0.875 0.18125 0.875 0.18125 1.0 0.309375 1.0 0.309375 0.875
0 0.7359375 0.0015625 0.6203125 0.0015625 0.6203125 0.1546875 0.7359375 0.1546875 0.7359375 0.0015625
0 0.1234375 0.784375 0.00625 0.784375 0.00625 0.85625 0.1234375 0.85625 0.1234375 0.784375
0 0.771875 0.96875 0.6609375 0.96875 0.6609375 1.0 0.771875 1.0 0.771875 0.96875
0 0.9953125 0.2640625 0.89375 0.2640625 0.89375 0.41875 0.9953125 0.41875 0.9953125 0.2640625
0 0.959375 0.98125 0.878125 0.98125 0.878125 1.0 0.959375 1.0 0.959375 0.98125
0 0.3625 0.784375 0.225 0.784375 0.225 0.9203125 0.3625 0.9203125 0.3625 0.784375
0 0.396875 0.10625 0.28125 0.10625 0.28125 0.2890625 0.396875 0.2890625 0.396875 0.10625
0 0.93125 0.75625 0.81875 0.75625 0.81875 0.8609375 0.93125 0.8609375 0.93125 0.75625
0 0.053125 0.5671875 0.0015625 0.5671875 0.0015625 0.7046875 0.053125 0.7046875 0.053125 0.5671875
0 0.84375 0.7671875 0.73125 0.7671875 0.73125 0.853125 0.84375 0.853125 0.84375 0.7671875
0 1.0 0.5265625 0.9984375 0.5265625 0.9984375 0.5296875 1.0 0.5296875 1.0 0.5265625
0 0.25 0.840625 0.11875 0.840625 0.11875 1.0 0.25 1.0 0.25 0.840625
0 0.146875 0.6140625 0.05625 0.6140625 0.05625 0.7671875 0.146875 0.7671875 0.146875 0.6140625
0 0.4734375 0.0015625 0.2671875 0.0015625 0.2671875 0.1484375 0.4734375 0.1484375 0.4734375 0.0015625
0 0.3390625 0.0046875 0.1859375 0.0046875 0.1859375 0.1125 0.3390625 0.1125 0.3390625 0.0046875
0 0.665625 0.0015625 0.603125 0.0015625 0.603125 0.1140625 0.665625 0.1140625 0.665625 0.0015625
0 0.5296875 0.0015625 0.4921875 0.0015625 0.4921875 0.125 0.5296875 0.125 0.5296875 0.0015625
0 1.0 0.8203125 0.828125 0.8203125 0.828125 1.0 1.0 1.0 1.0 0.8203125
0 1.0 0.71875 0.6875 0.71875 0.6875 0.909375 1.0 0.909375 1.0 0.71875
0 0.75625 0.1109375 0.55 0.1109375 0.55 0.1875 0.75625 0.1875 0.75625 0.1109375
0 0.9296875 0.0015625 0.8109375 0.0015625 0.8109375 0.165625 0.9296875 0.165625 0.9296875 0.0015625
0 1.0 0.0015625 0.0015625 0.0015625 0.0015625 1.0 1.0 1.0 1.0 0.0015625
0 0.05 0.9015625 0.009375 0.9015625 0.009375 1.0 0.05 1.0 0.05 0.9015625
0 0.2078125 0.328125 0.0015625 0.328125 0.0015625 0.5734375 0.2078125 0.5734375 0.2078125 0.328125
0 0.3078125 0.0015625 0.0765625 0.0015625 0.0765625 0.1859375 0.3078125 0.1859375 0.3078125 0.0015625
0 0.3484375 0.18125 0.2515625 0.18125 0.2515625 0.3625 0.3484375 0.3625 0.3484375 0.18125
0 0.53125 0.0515625 0.3765625 0.0515625 0.3765625 0.153125 0.53125 0.153125 0.53125 0.0515625
0 0.4765625 0.0015625 0.4 0.0015625 0.4 0.0125 0.4765625 0.0125 0.4765625 0.0015625
0 1.0 0.8375 0.7140625 0.8375 0.7140625 1.0 1.0 1.0 1.0 0.8375
0 0.4671875 0.953125 0.428125 0.953125 0.428125 1.0 0.4671875 1.0 0.4671875 0.953125
