0 0.425 0.446875 0.259375 0.446875 0.259375 0.5734375 0.425 0.5734375 0.425 0.446875
0 0.528125 0.4859375 0.4046875 0.4859375 0.4046875 0.6140625 0.528125 0.6140625 0.528125 0.4859375
0 0.0671875 0.0171875 0.0015625 0.0171875 0.0015625 0.1796875 0.0671875 0.1796875 0.0671875 0.0171875
0 0.6703125 0.7109375 0.4046875 0.7109375 0.4046875 0.8953125 0.6703125 0.8953125 0.6703125 0.7109375
0 0.7796875 0.2609375 0.5640625 0.2609375 0.5640625 0.40625 0.7796875 0.40625 0.7796875 0.2609375
0 0.7671875 0.015625 0.4453125 0.015625 0.4453125 0.20625 0.7671875 0.20625 0.7671875 0.015625
0 0.9484375 0.2390625 0.8609375 0.2390625 0.8609375 0.584375 0.9484375 0.584375 0.9484375 0.2390625
0 0.821875 0.4578125 0.725 0.4578125 0.725 0.565625 0.821875 0.565625 0.821875 0.4578125
0 0.6296875 0.834375 0.4265625 0.834375 0.4265625 0.9234375 0.6296875 0.9234375 0.6296875 0.834375
0 0.6359375 0.659375 0.4203125 0.659375 0.4203125 0.7296875 0.6359375 0.7296875 0.6359375 0.659375
0 0.8875 0.3671875 0.4578125 0.3671875 0.4578125 1.0 0.8875 1.0 0.8875 0.3671875
0 0.925 0.0015625 0.734375 0.0015625 0.734375 0.3140625 0.925 0.3140625 0.925 0.0015625
0 0.6984375 0.0015625 0.48125 0.0015625 0.48125 0.125 0.6984375 0.125 0.6984375 0.0015625
0 0.928125 0.9921875 0.9171875 0.9921875 0.9171875 1.0 0.928125 1.0 0.928125 0.9921875
0 0.9609375 0.825 0.7578125 0.825 0.7578125 1.0 0.9609375 1.0 0.9609375 0.825
0 1.0 0.0828125 0.88125 0.0828125 0.88125 0.284375 1.0 0.284375 1.0 0.0828125
0 0.0046875 0.653125 0.0015625 0.653125 0.0015625 0.6703125 0.0046875 0.6703125 0.0046875 0.653125
0 0.6875 0.815625 0.5515625 0.815625 0.5515625 0.965625 0.6875 0.965625 0.6875 0.815625
0 0.584375 0.6625 0.290625 0.6625 0.290625 0.85625 0.584375 0.85625 0.584375 0.6625
0 0.5875 0.396875 0.4234375 0.396875 0.4234375 0.48125 0.5875 0.48125 0.5875 0.396875
0 0.75 0.228125 0.571875 0.228125 0.571875 0.334375 0.75 0.334375 0.75 0.228125
0 0.1765625 0.165625 0.034375 0.165625 0.034375 0.296875 0.1765625 0.296875 0.1765625 0.165625
0 0.315625 0.0015625 0.096875 0.0015625 0.096875 0.14375 0.315625 0.14375 0.315625 0.0015625
0 0.8328125 0.0015625 0.6234375 0.0015625 0.6234375 0.190625 0.8328125 0.190625 0.8328125 0.0015625
0 1.0 0.8984375 0.9875 0.8984375 0.9875 0.9265625 1.0 0.9265625 1.0 0.8984375
0 0.896875 0.715625 0.7734375 0.715625 0.7734375 0.8265625 0.896875 0.8265625 0.896875 0.715625
0 1.0 0.415625 0.8109375 0.415625 0.8109375 0.76875 1.0 0.76875 1.0 0.415625
0 0.803125 0.5796875 0.6640625 0.5796875 0.6640625 0.759375 0.803125 0.759375 0.803125 0.5796875
0 1.0 0.1453125 0.9046875 0.1453125 0.9046875 0.596875 1.0 0.596875 1.0 0.1453125
0 0.884375 0.2890625 0.6484375 0.2890625 0.6484375 0.475 0.884375 0.475 0.884375 0.2890625
0 1.0 0.0015625 0.8015625 0.0015625 0.8015625 0.209375 1.0 0.209375 1.0 0.0015625
0 0.64375 0.4703125 0.45625 0.4703125 0.45625 0.634375 0.64375 0.634375 0.64375 0.4703125
0 0.63125 0.25 0.49375 0.25 0.49375 0.390625 0.63125 0.390625 0.63125 0.25
0 0.7453125 0.153125 0.5296875 0.153125 0.5296875 0.2859375 0.7453125 0.2859375 0.7453125 0.153125
0 0.440625 0.0015625 0.340625 0.0015625 0.340625 0.0703125 0.440625 0.0703125 0.440625 0.0015625
0 0.05 0.0015625 0.0015625 0.0015625 0.0015625 0.021875 0.05 0.021875 0.05 0.0015625
0 0.2171875 0.0015625 0.1890625 0.0015625 0.1890625 0.0234375 0.2171875 0.0234375 0.2171875 0.0015625
0 0.8828125 0.884375 0.73125 0.884375 0.73125 0.9875 0.8828125 0.9875 0.8828125 0.884375
0 0.890625 0.7171875 0.6953125 0.7171875 0.6953125 0.909375 0.890625 0.909375 0.890625 0.7171875
0 1.0 0.0015625 0.9328125 0.0015625 0.9328125 0.10625 1.0 0.10625 1.0 0.0015625
0 0.128125 0.484375 0.0015625 0.484375 0.0015625 1.0 0.128125 1.0 0.128125 0.484375
0 0.3578125 0.0015625 0.1609375 0.0015625 0.1609375 0.203125 0.3578125 0.203125 0.3578125 0.0015625
0 0.640625 0.090625 0.1984375 0.090625 0.1984375 0.43125 0.640625 0.43125 0.640625 0.090625
0 0.1828125 0.0015625 0.0515625 0.0015625 0.0515625 0.1625 0.1828125 0.1625 0.1828125 0.0015625
0 1.0 0.8703125 0.9703125 0.8703125 0.9703125 0.9375 1.0 0.9375 1.0 0.8703125
0 0.990625 0.5796875 0.7828125 0.5796875 0.7828125 0.8703125 0.990625 0.8703125 0.990625 0.5796875
