0 0.159375 0.146875 0.0140625 0.146875 0.0140625 0.2890625 0.159375 0.2890625 0.159375 0.146875
0 0.1921875 0.9203125 0.0609375 0.9203125 0.0609375 1.0 0.1921875 1.0 0.1921875 0.9203125
0 0.0203125 0.884375 0.0015625 0.884375 0.0015625 0.9890625 0.0203125 0.9890625 0.0203125 0.884375
0 0.20625 0.065625 0.103125 0.065625 0.103125 0.2078125 0.20625 0.2078125 0.20625 0.065625
0 0.86875 0.9015625 0.8 0.9015625 0.8 1.0 0.86875 1.0 0.86875 0.9015625
0 0.090625 0.0015625 0.0015625 0.0015625 0.0015625 0.1984375 0.090625 0.1984375 0.090625 0.0015625
0 0.115625 0.728125 0.0015625 0.728125 0.0015625 1.0 0.115625 1.0 0.115625 0.728125
0 0.3578125 0.2375 0.0015625 0.2375 0.0015625 0.7140625 0.3578125 0.7140625 0.3578125 0.2375
0 0.0359375 0.0015625 0.0015625 0.0015625 0.0015625 0.0671875 0.0359375 0.0671875 0.0359375 0.0015625
0 0.328125 0.9984375 0.3234375 0.9984375 0.3234375 1.0 0.328125 1.0 0.328125 0.9984375
0 0.2515625 0.9859375 0.221875 0.9859375 0.221875 1.0 0.2515625 1.0 0.2515625 0.9859375
0 0.20625 0.7515625 0.071875 0.7515625 0.071875 0.9703125 0.20625 0.9703125 0.20625 0.7515625
0 0.503125 0.0015625 0.325 0.0015625 0.325 0.184375 0.503125 0.184375 0.503125 0.0015625
0 0.83125 0.9578125 0.778125 0.9578125 0.778125 1.0 0.83125 1.0 0.83125 0.9578125
0 1.0 0.7171875 0.94375 0.7171875 0.94375 1.0 1.0 1.0 1.0 0.7171875
0 0.2484375 0.0015625 0.090625 0.0015625 0.090625 0.096875 0.2484375 0.096875 0.2484375 0.0015625
0 0.5921875 0.0015625 0.5265625 0.0015625 0.5265625 0.025 0.5921875 0.025 0.5921875 0.0015625
0 0.0765625 0.4515625 0.0015625 0.4515625 0.0015625 0.5203125 0.0765625 0.5203125 0.0765625 0.4515625
0 0.565625 0.940625 0.2203125 0.940625 0.2203125 1.0 0.565625 1.0 0.565625 0.940625
0 0.853125 0.70625 0.6375 0.70625 0.6375 0.9375 0.853125 0.9375 0.853125 0.70625
0 0.7703125 0.25 0.6046875 0.25 0.6046875 0.6984375 0.7703125 0.6984375 0.7703125 0.25
0 1.0 0.215625 0.94375 0.215625 0.94375 0.39375 1.0 0.39375 1.0 0.215625
