0 0.2390625 0.7875 0.1296875 0.7875 0.1296875 1.0 0.2390625 1.0 0.2390625 0.7875
0 0.2734375 0.6015625 0.1671875 0.6015625 0.1671875 0.721875 0.2734375 0.721875 0.2734375 0.6015625
0 1.0 0.6359375 0.8515625 0.6359375 0.8515625 0.846875 1.0 0.846875 1.0 0.6359375
0 0.840625 0.315625 0.6609375 0.315625 0.6609375 0.6546875 0.840625 0.6546875 0.840625 0.315625
0 0.5359375 0.5625 0.453125 0.5625 0.453125 0.6953125 0.5359375 0.6953125 0.5359375 0.5625
0 0.2875 0.403125 0.225 0.403125 0.225 0.5328125 0.2875 0.5328125 0.2875 0.403125
0 0.6203125 0.05 0.540625 0.05 0.540625 0.2015625 0.6203125 0.2015625 0.6203125 0.05
0 0.521875 0.84375 0.4640625 0.84375 0.4640625 1.0 0.521875 1.0 0.521875 0.84375
0 0.3984375 0.6 0.303125 0.6 0.303125 0.7609375 0.3984375 0.7609375 0.3984375 0.6
0 0.3375 0.340625 0.2640625 0.340625 0.2640625 0.4609375 0.3375 0.4609375 0.3375 0.340625
0 0.153125 0.1109375 0.0140625 0.1109375 0.0140625 0.2921875 0.153125 0.2921875 0.153125 0.1109375
0 0.296875 0.634375 0.1546875 0.634375 0.1546875 1.0 0.296875 1.0 0.296875 0.634375
0 0.4546875 0.896875 0.365625 0.896875 0.365625 1.0 0.4546875 1.0 0.4546875 0.896875
0 0.4 0.7421875 0.31875 0.7421875 0.31875 0.896875 0.4 0.896875 0.4 0.7421875
0 0.0046875 0.659375 0.0015625 0.659375 0.0015625 0.6671875 0.0046875 0.6671875 0.0046875 0.659375
0 0.0984375 0.490625 0.0015625 0.490625 0.0015625 0.703125 0.0984375 0.703125 0.0984375 0.490625
0 0.1171875 0.509375 0.0453125 0.509375 0.0453125 0.6546875 0.1171875 0.6546875 0.1171875 0.509375
0 0.01875 0.1515625 0.0015625 0.1515625 0.0015625 0.4015625 0.01875 0.4015625 0.01875 0.1515625
0 0.06875 0.2078125 0.003125 0.2078125 0.003125 0.48125 0.06875 0.48125 0.06875 0.2078125
0 0.0859375 0.0015625 0.0015625 0.0015625 0.0015625 0.1421875 0.0859375 0.1421875 0.0859375 0.0015625
0 0.503125 0.0015625 0.46875 0.0015625 0.46875 0.075 0.503125 0.075 0.503125 0.0015625
0 0.4625 0.0015625 0.3828125 0.0015625 0.3828125 0.125 0.4625 0.125 0.4625 0.0015625
0 0.2734375 0.3484375 0.1453125 0.3484375 0.1453125 0.4234375 0.2734375 0.4234375 0.2734375 0.3484375
0 1.0 0.0015625 0.0015625 0.0015625 0.0015625 1.0 1.0 1.0 1.0 0.0015625
0 0.275 0.1421875 0.0015625 0.1421875 0.0015625 1.0 0.275 1.0 0.275 0.1421875
0 0.35625 0.696875 0.2484375 0.696875 0.2484375 1.0 0.35625 1.0 0.35625 0.696875
0 0.7859375 0.0015625 0.6578125 0.0015625 0.6578125 0.5296875 0.7859375 0.5296875 0.7859375 0.0015625
0 1.0 0.8734375 0.9984375 0.8734375 0.9984375 0.9171875 1.0 0.9171875 1.0 0.8734375
0 0.403125 0.15 0.1171875 0.15 0.1171875 0.3609375 0.403125 0.3609375 0.403125 0.15
