0 0.540625 0.0203125 0.440625 0.0203125 0.440625 0.1453125 0.540625 0.1453125 0.540625 0.0203125
0 0.88125 0.0796875 0.0015625 0.0796875 0.0015625 0.746875 0.88125 0.746875 0.88125 0.0796875
0 0.7421875 0.0015625 0.4609375 0.0015625 0.4609375 0.2109375 0.7421875 0.2109375 0.7421875 0.0015625
0 0.7625 0.4125 0.5265625 0.4125 0.5265625 0.6953125 0.7625 0.6953125 0.7625 0.4125
0 0.99375 0.103125 0.9171875 0.103125 0.9171875 0.26875 0.99375 0.26875 0.99375 0.103125
0 1.0 0.0015625 0.9828125 0.0015625 0.9828125 0.0140625 1.0 0.0140625 1.0 0.0015625
0 0.746875 0.6578125 0.0015625 0.6578125 0.0015625 1.0 0.746875 1.0 0.746875 0.6578125
0 0.5390625 0.0578125 0.0015625 0.0578125 0.0015625 0.496875 0.5390625 0.496875 0.5390625 0.0578125
0 0.0390625 0.1796875 0.0015625 0.1796875 0.0015625 0.25 0.0390625 0.25 0.0390625 0.1796875
0 0.653125 0.1796875 0.0015625 0.1796875 0.0015625 0.734375 0.653125 0.734375 0.653125 0.1796875
0 0.70625 0.35625 0.5875 0.35625 0.5875 0.5296875 0.70625 0.5296875 0.70625 0.35625
0 0.990625 0.253125 0.728125 0.253125 0.728125 0.478125 0.990625 0.478125 0.990625 0.253125
0 0.9296875 0.2140625 0.7109375 0.2140625 0.7109375 0.3328125 0.9296875 0.3328125 0.9296875 0.2140625
0 0.9234375 0.0015625 0.809375 0.0015625 0.809375 0.034375 0.9234375 0.034375 0.9234375 0.0015625
0 1.0 0.6359375 0.846875 0.6359375 0.846875 0.928125 1.0 0.928125 1.0 0.6359375
0 1.0 0.003125 0.9515625 0.003125 0.9515625 0.125 1.0 0.125 1.0 0.003125
