0 0.409375 0.8671875 0.3015625 0.8671875 0.3015625 0.9703125 0.409375 0.9703125 0.409375 0.8671875
0 0.64375 0.465625 0.534375 0.465625 0.534375 0.7390625 0.64375 0.7390625 0.64375 0.465625
0 0.6609375 0.0015625 0.6453125 0.0015625 0.6453125 0.0078125 0.6609375 0.0078125 0.6609375 0.0015625
0 0.9515625 0.0890625 0.665625 0.0890625 0.665625 0.396875 0.9515625 0.396875 0.9515625 0.0890625
0 0.54375 0.075 0.2453125 0.075 0.2453125 0.36875 0.54375 0.36875 0.54375 0.075
0 0.1578125 0.0015625 0.1140625 0.0015625 0.1140625 0.025 0.1578125 0.025 0.1578125 0.0015625
0 0.3359375 0.815625 0.24375 0.815625 0.24375 1.0 0.3359375 1.0 0.3359375 0.815625
0 0.696875 0.6328125 0.4453125 0.6328125 0.4453125 0.9390625 0.696875 0.9390625 0.696875 0.6328125
0 0.8 0.6125 0.6859375 0.6125 0.6859375 0.7140625 0.8 0.7140625 0.8 0.6125
0 1.0 0.45 0.9453125 0.45 0.9453125 0.7921875 1.0 0.7921875 1.0 0.45
0 0.8109375 0.4171875 0.6921875 0.4171875 0.6921875 0.55 0.8109375 0.55 0.8109375 0.4171875
0 0.478125 0.2328125 0.3453125 0.2328125 0.3453125 0.4671875 0.478125 0.4671875 0.478125 0.2328125
0 0.9734375 0.1578125 0.7515625 0.1578125 0.7515625 0.4125 0.9734375 0.4125 0.9734375 0.1578125
0 0.703125 0.121875 0.575 0.121875 0.575 0.3203125 0.703125 0.3203125 0.703125 0.121875
0 0.5875 0.0703125 0.4953125 0.0703125 0.4953125 0.2375 0.5875 0.2375 0.5875 0.0703125
0 0.884375 0.0015625 0.6609375 0.0015625 0.6609375 0.171875 0.884375 0.171875 0.884375 0.0015625
0 0.525 0.0015625 0.3046875 0.0015625 0.3046875 0.175 0.525 0.175 0.525 0.0015625
0 1.0 0.146875 0.99375 0.146875 0.99375 0.153125 1.0 0.153125 1.0 0.146875
0 1.0 0.0203125 0.903125 0.0203125 0.903125 0.1140625 1.0 0.1140625 1.0 0.0203125
0 0.9546875 0.2984375 0.8703125 0.2984375 0.8703125 0.4625 0.9546875 0.4625 0.9546875 0.2984375
0 0.1609375 0.9 0.0828125 0.9 0.0828125 1.0 0.1609375 1.0 0.1609375 0.9
0 0.61875 0.91875 0.3859375 0.91875 0.3859375 1.0 0.61875 1.0 0.61875 0.91875
0 0.521875 0.853125 0.3609375 0.853125 0.3609375 1.0 0.521875 1.0 0.521875 0.853125
0 0.19375 0.6859375 0.0375 0.6859375 0.0375 0.8578125 0.19375 0.8578125 0.19375 0.6859375
0 0.35 0.721875 0.2296875 0.721875 0.2296875 0.80625 0.35 0.80625 0.35 0.721875
0 0.75625 0.5078125 0.61875 0.5078125 0.61875 0.6390625 0.75625 0.6390625 0.75625 0.5078125
0 0.565625 0.4578125 0.4765625 0.4578125 0.4765625 0.6578125 0.565625 0.6578125 0.565625 0.4578125
0 0.68125 0.296875 0.5640625 0.296875 0.5640625 0.39375 0.68125 0.39375 0.68125 0.296875
0 0.3390625 0.1703125 0.2546875 0.1703125 0.2546875 0.365625 0.3390625 0.365625 0.3390625 0.1703125
0 0.640625 0.078125 0.55625 0.078125 0.55625 0.221875 0.640625 0.221875 0.640625 0.078125
0 0.1625 0.025 0.0015625 0.025 0.0015625 0.128125 0.1625 0.128125 0.1625 0.025
0 0.5625 0.0015625 0.4234375 0.0015625 0.4234375 0.078125 0.5625 0.078125 0.5625 0.0015625
0 0.775 0.1875 0.7140625 0.1875 0.7140625 0.375 0.775 0.375 0.775 0.1875
0 0.6609375 0.809375 0.534375 0.809375 0.534375 0.928125 0.6609375 0.928125 0.6609375 0.809375
0 0.378125 0.4953125 0.1046875 0.4953125 0.1046875 0.8875 0.378125 0.8875 0.378125 0.4953125
0 0.3234375 0.0765625 0.025 0.0765625 0.025 0.58125 0.3234375 0.58125 0.3234375 0.0765625
0 0.0375 0.3734375 0.0015625 0.3734375 0.0015625 0.446875 0.0375 0.446875 0.0375 0.3734375
0 0.0109375 0.21875 0.0015625 0.21875 0.0015625 0.321875 0.0109375 0.321875 0.0109375 0.21875
0 0.415625 0.1796875 0.3234375 0.1796875 0.3234375 0.3203125 0.415625 0.3203125 0.415625 0.1796875
0 0.609375 0.1765625 0.46875 0.1765625 0.46875 0.3 0.609375 0.3 0.609375 0.1765625
0 0.3171875 0.0015625 0.1921875 0.0015625 0.1921875 0.0875 0.3171875 0.0875 0.3171875 0.0015625
0 0.14375 0.0015625 0.0140625 0.0015625 0.0140625 0.053125 0.14375 0.053125 0.14375 0.0015625
0 0.5984375 0.89375 0.4765625 0.89375 0.4765625 0.984375 0.5984375 0.984375 0.5984375 0.89375
0 0.646875 0.4984375 0.571875 0.4984375 0.571875 0.628125 0.646875 0.628125 0.646875 0.4984375
0 0.2875 0.7296875 0.0015625 0.7296875 0.0015625 1.0 0.2875 1.0 0.2875 0.7296875
0 0.1578125 0.5796875 0.046875 0.5796875 0.046875 0.70625 0.1578125 0.70625 0.1578125 0.5796875
0 0.1578125 0.4015625 0.06875 0.4015625 0.06875 0.5234375 0.1578125 0.5234375 0.1578125 0.4015625
0 0.55625 0.284375 0.409375 0.284375 0.409375 0.4875 0.55625 0.4875 0.55625 0.284375
0 0.7421875 0.38125 0.5828125 0.38125 0.5828125 0.4515625 0.7421875 0.4515625 0.7421875 0.38125
0 0.30625 0.084375 0.1875 0.084375 0.1875 0.30625 0.30625 0.30625 0.30625 0.084375
0 0.840625 0.503125 0.784375 0.503125 0.784375 0.8390625 0.840625 0.8390625 0.840625 0.503125
0 0.9796875 0.03125 0.7890625 0.03125 0.7890625 0.125 0.9796875 0.125 0.9796875 0.03125
0 0.50625 0.5 0.35 0.5 0.35 0.8578125 0.50625 0.8578125 0.50625 0.5
0 1.0 0.7328125 0.8015625 0.7328125 0.8015625 1.0 1.0 1.0 1.0 0.7328125
0 0.9578125 0.5265625 0.825 0.5265625 0.825 0.709375 0.9578125 0.709375 0.9578125 0.5265625
0 0.9171875 0.396875 0.7875 0.396875 0.7875 0.509375 0.9171875 0.509375 0.9171875 0.396875
0 1.0 0.1546875 0.9515625 0.1546875 0.9515625 0.303125 1.0 0.303125 1.0 0.1546875
0 0.5171875 0.45 0.415625 0.45 0.415625 0.68125 0.5171875 0.68125 0.5171875 0.45
0 0.39375 0.2890625 0.29375 0.2890625 0.29375 0.4640625 0.39375 0.4640625 0.39375 0.2890625
0 1.0 0.809375 0.984375 0.809375 0.984375 0.825 1.0 0.825 1.0 0.809375
0 0.975 0.671875 0.8890625 0.671875 0.8890625 0.875 0.975 0.875 0.975 0.671875
0 0.140625 0.0859375 0.0015625 0.0859375 0.0015625 0.734375 0.140625 0.734375 0.140625 0.0859375
0 0.0921875 0.88125 0.0015625 0.88125 0.0015625 1.0 0.0921875 1.0 0.0921875 0.88125
0 0.4296875 0.421875 0.1140625 0.421875 0.1140625 0.6453125 0.4296875 0.6453125 0.4296875 0.421875
0 0.25 0.0015625 0.1421875 0.0015625 0.1421875 0.0984375 0.25 0.0984375 0.25 0.0015625
0 0.0125 0.0015625 0.0078125 0.0015625 0.0078125 0.0015625 0.0125 0.0015625 0.0125 0.0015625
0 0.859375 0.8296875 0.390625 0.8296875 0.390625 1.0 0.859375 1.0 0.859375 0.8296875
0 0.546875 0.834375 0.4015625 0.834375 0.4015625 0.928125 0.546875 0.928125 0.546875 0.834375
0 0.3890625 0.6375 0.325 0.6375 0.325 0.8 0.3890625 0.8 0.3890625 0.6375
0 0.2671875 0.1578125 0.175 0.1578125 0.175 0.425 0.2671875 0.425 0.2671875 0.1578125
0 1.0 0.609375 0.859375 0.609375 0.859375 0.759375 1.0 0.759375 1.0 0.609375
0 1.0 0.1 0.846875 0.1 0.846875 0.284375 1.0 0.284375 1.0 0.1
0 1.0 0.0015625 0.90625 0.0015625 0.90625 0.071875 1.0 0.071875 1.0 0.0015625
0 0.6921875 0.0015625 0.578125 0.0015625 0.578125 0.0796875 0.6921875 0.0796875 0.6921875 0.0015625
0 1.0 0.90625 0.953125 0.90625 0.953125 1.0 1.0 1.0 1.0 0.90625
0 1.0 0.29375 0.9609375 0.29375 0.9609375 0.45 1.0 0.45 1.0 0.29375
