0 0.9890625 0.821875 0.8953125 0.821875 0.8953125 0.978125 0.9890625 0.978125 0.9890625 0.821875
0 0.3171875 0.5953125 0.15625 0.5953125 0.15625 0.746875 0.3171875 0.746875 0.3171875 0.5953125
0 0.7921875 0.915625 0.4203125 0.915625 0.4203125 1.0 0.7921875 1.0 0.7921875 0.915625
0 0.9484375 0.79375 0.846875 0.79375 0.846875 0.8921875 0.9484375 0.8921875 0.9484375 0.79375
0 0.6109375 0.559375 0.3484375 0.559375 0.3484375 0.784375 0.6109375 0.784375 0.6109375 0.559375
0 0.265625 0.346875 0.125 0.346875 0.125 0.6390625 0.265625 0.6390625 0.265625 0.346875
0 0.0734375 0.3625 0.00625 0.3625 0.00625 0.5484375 0.0734375 0.5484375 0.0734375 0.3625
0 0.39375 0.05625 0.2109375 0.05625 0.2109375 0.284375 0.39375 0.284375 0.39375 0.05625
0 0.9078125 0.7984375 0.7375 0.7984375 0.7375 1.0 0.9078125 1.0 0.9078125 0.7984375
0 0.778125 0.4109375 0.625 0.4109375 0.625 0.58125 0.778125 0.58125 0.778125 0.4109375
0 0.4125 0.0015625 0.35 0.0015625 0.35 0.0625 0.4125 0.0625 0.4125 0.0015625
0 0.7140625 0.840625 0.55 0.840625 0.55 0.9453125 0.7140625 0.9453125 0.7140625 0.840625
0 0.7734375 0.5609375 0.6578125 0.5609375 0.6578125 0.6796875 0.7734375 0.6796875 0.7734375 0.5609375
0 1.0 0.3625 0.865625 0.3625 0.865625 0.5828125 1.0 0.5828125 1.0 0.3625
0 0.7828125 0.290625 0.6796875 0.290625 0.6796875 0.453125 0.7828125 0.453125 0.7828125 0.290625
0 0.490625 0.0015625 0.375 0.0015625 0.375 0.040625 0.490625 0.040625 0.490625 0.0015625
0 0.5109375 0.0015625 0.496875 0.0015625 0.496875 0.025 0.5109375 0.025 0.5109375 0.0015625
0 0.7109375 0.9625 0.540625 0.9625 0.540625 1.0 0.7109375 1.0 0.7109375 0.9625
0 0.865625 0.646875 0.784375 0.646875 0.784375 0.78125 0.865625 0.78125 0.865625 0.646875
0 0.684375 0.5578125 0.590625 0.5578125 0.590625 0.696875 0.684375 0.696875 0.684375 0.5578125
0 0.1234375 0.94375 0.05 0.94375 0.05 1.0 0.1234375 1.0 0.1234375 0.94375
0 0.0046875 0.9609375 0.0015625 0.9609375 0.0015625 0.9796875 0.0046875 0.9796875 0.0046875 0.9609375
0 0.1703125 0.746875 0.0734375 0.746875 0.0734375 0.871875 0.1703125 0.871875 0.1703125 0.746875
0 0.4203125 0.840625 0.25 0.840625 0.25 1.0 0.4203125 1.0 0.4203125 0.840625
0 0.5359375 0.021875 0.378125 0.021875 0.378125 0.2640625 0.5359375 0.2640625 0.5359375 0.021875
0 0.0203125 0.4703125 0.0015625 0.4703125 0.0015625 0.959375 0.0203125 0.959375 0.0203125 0.4703125
0 0.9078125 0.5984375 0.4796875 0.5984375 0.4796875 0.99375 0.9078125 0.99375 0.9078125 0.5984375
0 0.2296875 0.3625 0.0015625 0.3625 0.0015625 0.671875 0.2296875 0.671875 0.2296875 0.3625
0 0.3859375 0.0015625 0.00625 0.0015625 0.00625 0.4734375 0.3859375 0.4734375 0.3859375 0.0015625
0 0.753125 0.2 0.6 0.2 0.6 0.5375 0.753125 0.5375 0.753125 0.2
0 0.08125 0.071875 0.0015625 0.071875 0.0015625 0.1875 0.08125 0.1875 0.08125 0.071875
0 0.978125 0.95 0.915625 0.95 0.915625 1.0 0.978125 1.0 0.978125 0.95
0 1.0 0.4640625 0.8921875 0.4640625 0.8921875 0.7015625 1.0 0.7015625 1.0 0.4640625
0 0.903125 0.3015625 0.84375 0.3015625 0.84375 0.5140625 0.903125 0.5140625 0.903125 0.3015625
0 0.8140625 0.2140625 0.753125 0.2140625 0.753125 0.396875 0.8140625 0.396875 0.8140625 0.2140625
0 0.9828125 0.159375 0.8625 0.159375 0.8625 0.43125 0.9828125 0.43125 0.9828125 0.159375
0 0.396875 0.871875 0.2671875 0.871875 0.2671875 1.0 0.396875 1.0 0.396875 0.871875
0 0.3890625 0.9984375 0.3796875 0.9984375 0.3796875 1.0 0.3890625 1.0 0.3890625 0.9984375
0 0.1859375 0.615625 0.0015625 0.615625 0.0015625 0.7890625 0.1859375 0.7890625 0.1859375 0.615625
0 0.365625 0.0015625 0.0015625 0.0015625 0.0015625 0.625 0.365625 0.625 0.365625 0.0015625
0 0.1140625 0.6828125 0.0015625 0.6828125 0.0015625 0.96875 0.1140625 0.96875 0.1140625 0.6828125
0 0.1921875 0.5390625 0.0828125 0.5390625 0.0828125 0.6859375 0.1921875 0.6859375 0.1921875 0.5390625
0 0.6234375 0.0015625 0.209375 0.0015625 0.209375 0.615625 0.6234375 0.615625 0.6234375 0.0015625
0 0.1703125 0.365625 0.0640625 0.365625 0.0640625 0.50625 0.1703125 0.50625 0.1703125 0.365625
0 0.475 0.9296875 0.3875 0.9296875 0.3875 1.0 0.475 1.0 0.475 0.9296875
0 0.6046875 0.684375 0.334375 0.684375 0.334375 0.9953125 0.6046875 0.9953125 0.6046875 0.684375
0 1.0 0.0015625 0.7328125 0.0015625 0.7328125 0.821875 1.0 0.821875 1.0 0.0015625
0 0.7734375 0.1203125 0.6703125 0.1203125 0.6703125 0.2421875 0.7734375 0.2421875 0.7734375 0.1203125
0 0.871875 0.0015625 0.58125 0.0015625 0.58125 0.1234375 0.871875 0.1234375 0.871875 0.0015625
0 0.5015625 0.0015625 0.4453125 0.0015625 0.4453125 0.05 0.5015625 0.05 0.5015625 0.0015625
0 0.9234375 0.0015625 0.6640625 0.0015625 0.6640625 0.2296875 0.9234375 0.2296875 0.9234375 0.0015625
