0 0.3453125 0.28125 0.184375 0.28125 0.184375 0.49375 0.3453125 0.49375 0.3453125 0.28125
0 0.99375 0.2859375 0.8640625 0.2859375 0.8640625 0.4078125 0.99375 0.4078125 0.99375 0.2859375
0 1.0 0.140625 0.9703125 0.140625 0.9703125 0.2671875 1.0 0.2671875 1.0 0.140625
0 0.978125 0.0015625 0.8890625 0.0015625 0.8890625 0.128125 0.978125 0.128125 0.978125 0.0015625
0 0.1953125 0.1625 0.05 0.1625 0.05 0.4328125 0.1953125 0.4328125 0.1953125 0.1625
0 0.5296875 0.128125 0.4375 0.128125 0.4375 0.234375 0.5296875 0.234375 0.5296875 0.128125
0 0.640625 0.0015625 0.6 0.0015625 0.6 0.0296875 0.640625 0.0296875 0.640625 0.0015625
0 0.4390625 0.1828125 0.275 0.1828125 0.275 0.2984375 0.4390625 0.2984375 0.4390625 0.1828125
0 0.61875 0.1328125 0.5328125 0.1328125 0.5328125 0.340625 0.61875 0.340625 0.61875 0.1328125
0 0.725 0.0015625 0.6328125 0.0015625 0.6328125 0.0234375 0.725 0.0234375 0.725 0.0015625
0 0.16875 0.484375 0.0015625 0.484375 0.0015625 0.8 0.16875 0.8 0.16875 0.484375
0 0.521875 0.390625 0.35 0.390625 0.35 0.5890625 0.521875 0.5890625 0.521875 0.390625
0 0.8203125 0.1171875 0.634375 0.1171875 0.634375 0.5640625 0.8203125 0.5640625 0.8203125 0.1171875
0 0.9984375 0.0015625 0.84375 0.0015625 0.84375 0.303125 0.9984375 0.303125 0.9984375 0.0015625
0 0.153125 0.0796875 0.0453125 0.0796875 0.0453125 0.215625 0.153125 0.215625 0.153125 0.0796875
0 0.040625 0.0015625 0.0015625 0.0015625 0.0015625 0.14375 0.040625 0.14375 0.040625 0.0015625
0 0.96875 0.4234375 0.8 0.4234375 0.8 0.615625 0.96875 0.615625 0.96875 0.4234375
0 1.0 0.6515625 0.9703125 0.6515625 0.9703125 0.690625 1.0 0.690625 1.0 0.6515625
0 0.3578125 0.5203125 0.2484375 0.5203125 0.2484375 0.61875 0.3578125 0.61875 0.3578125 0.5203125
0 1.0 0.390625 0.9828125 0.390625 0.9828125 0.5125 1.0 0.5125 1.0 0.390625
0 0.753125 0.3375 0.65 0.3375 0.65 0.509375 0.753125 0.509375 0.753125 0.3375
0 0.621875 0.3390625 0.553125 0.3390625 0.553125 0.4796875 0.621875 0.4796875 0.621875 0.3390625
0 0.2078125 0.6234375 0.1109375 0.6234375 0.1109375 0.7078125 0.2078125 0.7078125 0.2078125 0.6234375
0 0.696875 0.3859375 0.603125 0.3859375 0.603125 0.48125 0.696875 0.48125 0.696875 0.3859375
0 0.3828125 0.3484375 0.2453125 0.3484375 0.2453125 0.55 0.3828125 0.55 0.3828125 0.3484375
0 0.5328125 0.1703125 0.3859375 0.1703125 0.3859375 0.409375 0.5328125 0.409375 0.5328125 0.1703125
0 1.0 0.08125 0.8203125 0.08125 0.8203125 0.35 1.0 0.35 1.0 0.08125
0 0.090625 0.5875 0.0015625 0.5875 0.0015625 0.7515625 0.090625 0.7515625 0.090625 0.5875
0 0.4328125 0.0234375 0.1875 0.0234375 0.1875 0.3203125 0.4328125 0.3203125 0.4328125 0.0234375
0 0.584375 0.0015625 0.50625 0.0015625 0.50625 0.1671875 0.584375 0.1671875 0.584375 0.0015625
0 0.684375 0.0015625 0.59375 0.0015625 0.59375 0.11875 0.684375 0.11875 0.684375 0.0015625
0 0.2171875 0.053125 0.053125 0.053125 0.053125 0.2765625 0.2171875 0.2765625 0.2171875 0.053125
0 0.2765625 0.478125 0.0015625 0.478125 0.0015625 0.840625 0.2765625 0.840625 0.2765625 0.478125
0 0.40625 0.4921875 0.2625 0.4921875 0.2625 0.5703125 0.40625 0.5703125 0.40625 0.4921875
0 0.6984375 0.11875 0.5734375 0.11875 0.5734375 0.44375 0.6984375 0.44375 0.6984375 0.11875
0 0.8203125 0.23125 0.7359375 0.23125 0.7359375 0.45 0.8203125 0.45 0.8203125 0.23125
0 0.5109375 0.2671875 0.3125 0.2671875 0.3125 0.36875 0.5109375 0.36875 0.5109375 0.2671875
0 0.2015625 0.2171875 0.0828125 0.2171875 0.0828125 0.375 0.2015625 0.375 0.2015625 0.2171875
0 0.5078125 0.1078125 0.3984375 0.1078125 0.3984375 0.246875 0.5078125 0.246875 0.5078125 0.1078125
0 0.38125 0.053125 0.2515625 0.053125 0.2515625 0.1984375 0.38125 0.1984375 0.38125 0.053125
0 0.5328125 0.0015625 0.396875 0.0015625 0.396875 0.1203125 0.5328125 0.1203125 0.5328125 0.0015625
0 0.928125 0.0015625 0.85625 0.0015625 0.85625 0.0625 0.928125 0.0625 0.928125 0.0015625
0 1.0 0.35625 0.971875 0.35625 0.971875 0.46875 1.0 0.46875 1.0 0.35625
0 0.10625 0.746875 0.0015625 0.746875 0.0015625 1.0 0.10625 1.0 0.10625 0.746875
0 0.0640625 0.415625 0.0015625 0.415625 0.0015625 0.575 0.0640625 0.575 0.0640625 0.415625
0 0.0421875 0.1640625 0.0015625 0.1640625 0.0015625 0.33125 0.0421875 0.33125 0.0421875 0.1640625
0 0.25 0.0140625 0.0640625 0.0140625 0.0640625 0.1109375 0.25 0.1109375 0.25 0.0140625
0 0.525 0.31875 0.3359375 0.31875 0.3359375 0.55 0.525 0.55 0.525 0.31875
0 1.0 0.278125 0.7796875 0.278125 0.7796875 0.5765625 1.0 0.5765625 1.0 0.278125
0 0.8609375 0.0015625 0.659375 0.0015625 0.659375 0.325 0.8609375 0.325 0.8609375 0.0015625
0 0.1875 0.671875 0.0953125 0.671875 0.0953125 0.809375 0.1875 0.809375 0.1875 0.671875
0 0.790625 0.45625 0.66875 0.45625 0.66875 0.5625 0.790625 0.5625 0.790625 0.45625
0 0.0515625 0.0671875 0.0015625 0.0671875 0.0015625 0.2234375 0.0515625 0.2234375 0.0515625 0.0671875
0 0.284375 0.0015625 0.0265625 0.0015625 0.0265625 0.096875 0.284375 0.096875 0.284375 0.0015625
0 0.5609375 0.109375 0.4875 0.109375 0.4875 0.4359375 0.5609375 0.4359375 0.5609375 0.109375
0 0.3484375 0.0015625 0.2640625 0.0015625 0.2640625 0.0625 0.3484375 0.0625 0.3484375 0.0015625
0 0.0203125 0.1484375 0.0015625 0.1484375 0.0015625 0.1703125 0.0203125 0.1703125 0.0203125 0.1484375
