0 0.2046875 0.25625 0.0828125 0.25625 0.0828125 0.3328125 0.2046875 0.3328125 0.2046875 0.25625
0 0.3953125 0.0015625 0.2859375 0.0015625 0.2859375 0.13125 0.3953125 0.13125 0.3953125 0.0015625
0 0.3484375 0.3234375 0.1921875 0.3234375 0.1921875 0.5296875 0.3484375 0.5296875 0.3484375 0.3234375
0 0.071875 0.96875 0.0015625 0.96875 0.0015625 1.0 0.071875 1.0 0.071875 0.96875
0 0.1734375 0.4578125 0.01875 0.4578125 0.01875 0.6296875 0.1734375 0.6296875 0.1734375 0.4578125
0 0.4703125 0.5328125 0.26875 0.5328125 0.26875 0.603125 0.4703125 0.603125 0.4703125 0.5328125
0 0.303125 0.0015625 0.1625 0.0015625 0.1625 0.03125 0.303125 0.03125 0.303125 0.0015625
0 0.878125 0.4171875 0.696875 0.4171875 0.696875 0.51875 0.878125 0.51875 0.878125 0.4171875
0 0.4046875 0.0015625 0.3671875 0.0015625 0.3671875 0.0453125 0.4046875 0.0453125 0.4046875 0.0015625
0 0.334375 0.1296875 0.2203125 0.1296875 0.2203125 0.253125 0.334375 0.253125 0.334375 0.1296875
0 0.4734375 0.4953125 0.3125 0.4953125 0.3125 0.5890625 0.4734375 0.5890625 0.4734375 0.4953125
0 0.425 0.246875 0.3125 0.246875 0.3125 0.3640625 0.425 0.3640625 0.425 0.246875
0 0.3140625 0.1953125 0.2203125 0.1953125 0.2203125 0.325 0.3140625 0.325 0.3140625 0.1953125
0 0.190625 0.525 0.0375 0.525 0.0375 0.7 0.190625 0.7 0.190625 0.525
0 0.6234375 0.3265625 0.478125 0.3265625 0.478125 0.4625 0.6234375 0.4625 0.6234375 0.3265625
0 0.4140625 0.2625 0.309375 0.2625 0.309375 0.4015625 0.4140625 0.4015625 0.4140625 0.2625
0 0.4890625 0.1046875 0.371875 0.1046875 0.371875 0.2640625 0.4890625 0.2640625 0.4890625 0.1046875
0 0.4 0.2046875 0.2953125 0.2046875 0.2953125 0.3359375 0.4 0.3359375 0.4 0.2046875
0 0.490625 0.0015625 0.403125 0.0015625 0.403125 0.059375 0.490625 0.059375 0.490625 0.0015625
0 0.8703125 0.53125 0.715625 0.53125 0.715625 0.665625 0.8703125 0.665625 0.8703125 0.53125
0 0.90625 0.0578125 0.6953125 0.0578125 0.6953125 0.2984375 0.90625 0.2984375 0.90625 0.0578125
0 0.984375 0.10625 0.915625 0.10625 0.915625 0.2359375 0.984375 0.2359375 0.984375 0.10625
0 0.221875 0.646875 0.0015625 0.646875 0.0015625 0.79375 0.221875 0.79375 0.221875 0.646875
0 0.159375 0.040625 0.05 0.040625 0.05 0.1953125 0.159375 0.1953125 0.159375 0.040625
0 0.315625 0.0015625 0.1375 0.0015625 0.1375 0.1578125 0.315625 0.1578125 0.315625 0.0015625
0 0.85625 0.4765625 0.7046875 0.4765625 0.7046875 0.5765625 0.85625 0.5765625 0.85625 0.4765625
0 0.95 0.325 0.8046875 0.325 0.8046875 0.4375 0.95 0.4375 0.95 0.325
0 0.890625 0.221875 0.7265625 0.221875 0.7265625 0.325 0.890625 0.325 0.890625 0.221875
0 0.6578125 0.3375 0.3921875 0.3375 0.3921875 0.5234375 0.6578125 0.5234375 0.6578125 0.3375
0 0.0546875 0.0109375 0.0015625 0.0109375 0.0015625 0.115625 0.0546875 0.115625 0.0546875 0.0109375
0 0.21875 0.0015625 0.05 0.0015625 0.05 0.109375 0.21875 0.109375 0.21875 0.0015625
0 1.0 0.0015625 0.9375 0.0015625 0.9375 0.0359375 1.0 0.0359375 1.0 0.0015625
0 0.66875 0.85 0.5140625 0.85 0.5140625 1.0 0.66875 1.0 0.66875 0.85
0 0.8125 0.0015625 0.7390625 0.0015625 0.7390625 0.1078125 0.8125 0.1078125 0.8125 0.0015625
0 0.19375 0.309375 0.046875 0.309375 0.046875 0.4328125 0.19375 0.4328125 0.19375 0.309375
0 0.1640625 0.0015625 0.1140625 0.0015625 0.1140625 0.009375 0.1640625 0.009375 0.1640625 0.0015625
0 0.1875 0.721875 0.0015625 0.721875 0.0015625 1.0 0.1875 1.0 0.1875 0.721875
0 0.00625 0.3953125 0.0015625 0.3953125 0.0015625 0.4109375 0.00625 0.4109375 0.00625 0.3953125
0 0.071875 0.0171875 0.0015625 0.0171875 0.0015625 0.15 0.071875 0.15 0.071875 0.0171875
0 0.2921875 0.5703125 0.1 0.5703125 0.1 0.684375 0.2921875 0.684375 0.2921875 0.5703125
0 0.090625 0.2453125 0.0015625 0.2453125 0.0015625 0.3671875 0.090625 0.3671875 0.090625 0.2453125
0 0.2671875 0.03125 0.1203125 0.03125 0.1203125 0.1921875 0.2671875 0.1921875 0.2671875 0.03125
0 0.6 0.2140625 0.45625 0.2140625 0.45625 0.371875 0.6 0.371875 0.6 0.2140625
0 0.88125 0.0015625 0.603125 0.0015625 0.603125 0.165625 0.88125 0.165625 0.88125 0.0015625
0 0.053125 0.0015625 0.04375 0.0015625 0.04375 0.0171875 0.053125 0.0171875 0.053125 0.0015625
0 1.0 0.4984375 0.853125 0.4984375 0.853125 0.6375 1.0 0.6375 1.0 0.4984375
0 0.825 0.7640625 0.6546875 0.7640625 0.6546875 0.93125 0.825 0.93125 0.825 0.7640625
0 0.828125 0.1765625 0.696875 0.1765625 0.696875 0.290625 0.828125 0.290625 0.828125 0.1765625
0 0.73125 0.084375 0.4890625 0.084375 0.4890625 0.2234375 0.73125 0.2234375 0.73125 0.084375
0 0.6890625 0.1234375 0.4546875 0.1234375 0.4546875 0.3140625 0.6890625 0.3140625 0.6890625 0.1234375
0 0.6453125 0.1125 0.509375 0.1125 0.509375 0.23125 0.6453125 0.23125 0.6453125 0.1125
0 0.6484375 0.0015625 0.51875 0.0015625 0.51875 0.1453125 0.6484375 0.1453125 0.6484375 0.0015625
0 1.0 0.14375 0.83125 0.14375 0.83125 0.30625 1.0 0.30625 1.0 0.14375
0 0.2328125 0.3125 0.0015625 0.3125 0.0015625 0.7484375 0.2328125 0.7484375 0.2328125 0.3125
0 0.8328125 0.04375 0.5546875 0.04375 0.5546875 0.3359375 0.8328125 0.3359375 0.8328125 0.04375
0 0.1640625 0.121875 0.0015625 0.121875 0.0015625 0.2765625 0.1640625 0.2765625 0.1640625 0.121875
0 0.3203125 0.078125 0.1546875 0.078125 0.1546875 0.3296875 0.3203125 0.3296875 0.3203125 0.078125
0 0.66875 0.0015625 0.5625 0.0015625 0.5625 0.05 0.66875 0.05 0.66875 0.0015625
0 0.771875 0.0015625 0.7125 0.0015625 0.7125 0.0078125 0.771875 0.0078125 0.771875 0.0015625
0 0.7796875 0.334375 0.6640625 0.334375 0.6640625 0.465625 0.7796875 0.465625 0.7796875 0.334375
0 0.6078125 0.9828125 0.559375 0.9828125 0.559375 1.0 0.6078125 1.0 0.6078125 0.9828125
0 0.3046875 0.6046875 0.178125 0.6046875 0.178125 0.75 0.3046875 0.75 0.3046875 0.6046875
0 0.446875 0.3015625 0.265625 0.3015625 0.265625 0.5140625 0.446875 0.5140625 0.446875 0.3015625
0 0.56875 0.18125 0.3765625 0.18125 0.3765625 0.4546875 0.56875 0.4546875 0.56875 0.18125
0 0.6796875 0.9703125 0.5875 0.9703125 0.5875 1.0 0.6796875 1.0 0.6796875 0.9703125
0 0.5578125 0.0015625 0.3890625 0.0015625 0.3890625 0.1203125 0.5578125 0.1203125 0.5578125 0.0015625
0 0.85 0.9546875 0.7390625 0.9546875 0.7390625 1.0 0.85 1.0 0.85 0.9546875
0 0.3203125 0.671875 0.196875 0.671875 0.196875 0.7515625 0.3203125 0.7515625 0.3203125 0.671875
0 0.678125 0.734375 0.4421875 0.734375 0.4421875 0.9875 0.678125 0.9875 0.678125 0.734375
0 0.63125 0.41875 0.49375 0.41875 0.49375 0.5328125 0.63125 0.5328125 0.63125 0.41875
0 0.8890625 0.615625 0.75625 0.615625 0.75625 0.76875 0.8890625 0.76875 0.8890625 0.615625
0 1.0 0.365625 0.9328125 0.365625 0.9328125 0.4359375 1.0 0.4359375 1.0 0.365625
0 1.0 0.496875 0.915625 0.496875 0.915625 0.590625 1.0 0.590625 1.0 0.496875
0 1.0 0.259375 0.8453125 0.259375 0.8453125 0.35625 1.0 0.35625 1.0 0.259375
0 1.0 0.0328125 0.9609375 0.0328125 0.9609375 0.1859375 1.0 0.1859375 1.0 0.0328125
0 1.0 0.0015625 0.9875 0.0015625 0.9875 0.0046875 1.0 0.0046875 1.0 0.0015625
