0 1.0 0.0015625 0.9859375 0.0015625 0.9859375 0.0703125 1.0 0.0703125 1.0 0.0015625
0 0.8578125 0.7375 0.7421875 0.7375 0.7421875 0.8734375 0.8578125 0.8734375 0.8578125 0.7375
0 1.0 0.7796875 0.9890625 0.7796875 0.9890625 0.8015625 1.0 0.8015625 1.0 0.7796875
0 0.90625 0.39375 0.6421875 0.39375 0.6421875 0.6421875 0.90625 0.6421875 0.90625 0.39375
0 0.61875 0.0015625 0.4984375 0.0015625 0.4984375 0.06875 0.61875 0.06875 0.61875 0.0015625
0 0.8640625 0.65625 0.7296875 0.65625 0.7296875 0.7484375 0.8640625 0.7484375 0.8640625 0.65625
0 1.0 0.3 0.809375 0.3 0.809375 0.4 1.0 0.4 1.0 0.3
0 1.0 0.496875 0.7296875 0.496875 0.7296875 0.921875 1.0 0.921875 1.0 0.496875
0 0.7234375 0.5125 0.5484375 0.5125 0.5484375 0.66875 0.7234375 0.66875 0.7234375 0.5125
0 0.984375 0.0015625 0.8890625 0.0015625 0.8890625 0.125 0.984375 0.125 0.984375 0.0015625
0 1.0 0.0015625 0.9046875 0.0015625 0.9046875 0.13125 1.0 0.13125 1.0 0.0015625
