0 0.0984375 0.5640625 0.0140625 0.5640625 0.0140625 0.8484375 0.0984375 0.8484375 0.0984375 0.5640625
0 0.1875 0.434375 0.0359375 0.434375 0.0359375 0.578125 0.1875 0.578125 0.1875 0.434375
0 0.365625 0.578125 0.2140625 0.578125 0.2140625 0.8296875 0.365625 0.8296875 0.365625 0.578125
0 0.046875 0.4546875 0.0015625 0.4546875 0.0015625 0.571875 0.046875 0.571875 0.046875 0.4546875
0 0.2109375 0.525 0.0265625 0.525 0.0265625 0.75625 0.2109375 0.75625 0.2109375 0.525
0 0.9 0.940625 0.8640625 0.940625 0.8640625 1.0 0.9 1.0 0.9 0.940625
0 0.5015625 0.378125 0.384375 0.378125 0.384375 0.65625 0.5015625 0.65625 0.5015625 0.378125
0 1.0 0.0015625 0.978125 0.0015625 0.978125 0.009375 1.0 0.009375 1.0 0.0015625
0 0.4859375 0.8078125 0.4265625 0.8078125 0.4265625 1.0 0.4859375 1.0 0.4859375 0.8078125
0 0.9625 0.6921875 0.8484375 0.6921875 0.8484375 0.81875 0.9625 0.81875 0.9625 0.6921875
0 0.45 0.1453125 0.328125 0.1453125 0.328125 0.34375 0.45 0.34375 0.45 0.1453125
0 0.5375 0.6234375 0.475 0.6234375 0.475 0.8375 0.5375 0.8375 0.5375 0.6234375
0 0.8640625 0.1453125 0.6828125 0.1453125 0.6828125 0.2796875 0.8640625 0.2796875 0.8640625 0.1453125
0 0.059375 0.0015625 0.0015625 0.0015625 0.0015625 0.053125 0.059375 0.053125 0.059375 0.0015625
0 0.315625 0.8578125 0.1671875 0.8578125 0.1671875 1.0 0.315625 1.0 0.315625 0.8578125
0 0.978125 0.7328125 0.825 0.7328125 0.825 0.8671875 0.978125 0.8671875 0.978125 0.7328125
0 0.978125 0.6015625 0.8515625 0.6015625 0.8515625 0.675 0.978125 0.675 0.978125 0.6015625
0 0.2625 0.6625 0.1734375 0.6625 0.1734375 0.80625 0.2625 0.80625 0.2625 0.6625
0 0.478125 0.0015625 0.4484375 0.0015625 0.4484375 0.0828125 0.478125 0.0828125 0.478125 0.0015625
0 0.1453125 0.784375 0.0359375 0.784375 0.0359375 1.0 0.1453125 1.0 0.1453125 0.784375
0 0.4515625 0.4265625 0.33125 0.4265625 0.33125 0.590625 0.4515625 0.590625 0.4515625 0.4265625
0 0.6171875 0.75625 0.5 0.75625 0.5 0.8703125 0.6171875 0.8703125 0.6171875 0.75625
0 0.8921875 0.6125 0.775 0.6125 0.775 0.8234375 0.8921875 0.8234375 0.8921875 0.6125
0 0.6484375 0.1421875 0.478125 0.1421875 0.478125 0.303125 0.6484375 0.303125 0.6484375 0.1421875
0 1.0 0.0015625 0.4984375 0.0015625 0.4984375 0.1515625 1.0 0.1515625 1.0 0.0015625
0 0.5015625 0.9921875 0.49375 0.9921875 0.49375 1.0 0.5015625 1.0 0.5015625 0.9921875
0 0.16875 0.8921875 0.0875 0.8921875 0.0875 1.0 0.16875 1.0 0.16875 0.8921875
0 1.0 0.8625 0.98125 0.8625 0.98125 0.875 1.0 0.875 1.0 0.8625
0 0.29375 0.4875 0.20625 0.4875 0.20625 0.6296875 0.29375 0.6296875 0.29375 0.4875
0 0.659375 0.3953125 0.50625 0.3953125 0.50625 0.5359375 0.659375 0.5359375 0.659375 0.3953125
0 0.4515625 0.9703125 0.3859375 0.9703125 0.3859375 1.0 0.4515625 1.0 0.4515625 0.9703125
0 0.6328125 0.83125 0.5 0.83125 0.5 1.0 0.6328125 1.0 0.6328125 0.83125
0 0.2609375 0.8515625 0.1328125 0.8515625 0.1328125 0.9578125 0.2609375 0.9578125 0.2609375 0.8515625
0 0.4515625 0.671875 0.328125 0.671875 0.328125 0.8109375 0.4515625 0.8109375 0.4515625 0.671875
0 0.5609375 0.2140625 0.4609375 0.2140625 0.4609375 0.475 0.5609375 0.475 0.5609375 0.2140625
0 0.834375 0.8 0.671875 0.8 0.671875 0.9359375 0.834375 0.9359375 0.834375 0.8
0 0.690625 0.665625 0.5015625 0.665625 0.5015625 0.7828125 0.690625 0.7828125 0.690625 0.665625
0 0.8125 0.553125 0.6484375 0.553125 0.6484375 0.6765625 0.8125 0.6765625 0.8125 0.553125
0 0.76875 0.3671875 0.628125 0.3671875 0.628125 0.53125 0.76875 0.53125 0.76875 0.3671875
0 0.7796875 0.0390625 0.5296875 0.0390625 0.5296875 0.184375 0.7796875 0.184375 0.7796875 0.0390625
0 0.903125 0.0015625 0.740625 0.0015625 0.740625 0.06875 0.903125 0.06875 0.903125 0.0015625
0 0.2015625 0.0015625 0.16875 0.0015625 0.16875 0.028125 0.2015625 0.028125 0.2015625 0.0015625
0 0.765625 0.0015625 0.715625 0.0015625 0.715625 0.046875 0.765625 0.046875 0.765625 0.0015625
0 0.60625 0.0015625 0.5125 0.0015625 0.5125 0.0296875 0.60625 0.0296875 0.60625 0.0015625
0 0.0140625 0.55625 0.0015625 0.55625 0.0015625 0.671875 0.0140625 0.671875 0.0140625 0.55625
0 0.96875 0.0375 0.7921875 0.0375 0.7921875 0.2703125 0.96875 0.2703125 0.96875 0.0375
0 1.0 0.0703125 0.940625 0.0703125 0.940625 0.3234375 1.0 0.3234375 1.0 0.0703125
0 1.0 0.31875 0.8734375 0.31875 0.8734375 0.5234375 1.0 0.5234375 1.0 0.31875
0 0.228125 0.5828125 0.13125 0.5828125 0.13125 0.734375 0.228125 0.734375 0.228125 0.5828125
0 0.3890625 0.0015625 0.265625 0.0015625 0.265625 0.1625 0.3890625 0.1625 0.3890625 0.0015625
0 0.25 0.0015625 0.1390625 0.0015625 0.1390625 0.078125 0.25 0.078125 0.25 0.0015625
0 1.0 0.51875 0.84375 0.51875 0.84375 0.6359375 1.0 0.6359375 1.0 0.51875
0 0.0359375 0.5609375 0.0015625 0.5609375 0.0015625 0.6953125 0.0359375 0.6953125 0.0359375 0.5609375
0 0.3328125 0.90625 0.2375 0.90625 0.2375 1.0 0.3328125 1.0 0.3328125 0.90625
0 0.171875 0.9234375 0.0859375 0.9234375 0.0859375 1.0 0.171875 1.0 0.171875 0.9234375
0 0.4640625 0.58125 0.278125 0.58125 0.278125 0.8859375 0.4640625 0.8859375 0.4640625 0.58125
0 0.290625 0.7203125 0.1453125 0.7203125 0.1453125 0.8875 0.290625 0.8875 0.290625 0.7203125
0 0.4578125 0.521875 0.3421875 0.521875 0.3421875 0.703125 0.4578125 0.703125 0.4578125 0.521875
0 0.896875 0.85625 0.603125 0.85625 0.603125 1.0 0.896875 1.0 0.896875 0.85625
0 0.6734375 0.734375 0.5515625 0.734375 0.5515625 0.8203125 0.6734375 0.8203125 0.6734375 0.734375
0 1.0 0.70625 0.940625 0.70625 0.940625 0.840625 1.0 0.840625 1.0 0.70625
0 0.7546875 0.5578125 0.55625 0.5578125 0.55625 0.721875 0.7546875 0.721875 0.7546875 0.5578125
0 0.8984375 0.353125 0.65 0.353125 0.65 0.628125 0.8984375 0.628125 0.8984375 0.353125
0 0.7703125 0.065625 0.4859375 0.065625 0.4859375 0.440625 0.7703125 0.440625 0.7703125 0.065625
0 0.878125 0.0671875 0.7265625 0.0671875 0.7265625 0.2609375 0.878125 0.2609375 0.878125 0.0671875
0 0.0484375 0.953125 0.0015625 0.953125 0.0015625 1.0 0.0484375 1.0 0.0484375 0.953125
0 0.0765625 0.8046875 0.0015625 0.8046875 0.0015625 0.996875 0.0765625 0.996875 0.0765625 0.8046875
0 0.7921875 0.6546875 0.6296875 0.6546875 0.6296875 0.809375 0.7921875 0.809375 0.7921875 0.6546875
0 0.146875 0.0015625 0.0015625 0.0015625 0.0015625 0.390625 0.146875 0.390625 0.146875 0.0015625
0 0.06875 0.703125 0.0015625 0.703125 0.0015625 0.9109375 0.06875 0.9109375 0.06875 0.703125
0 0.4234375 0.4546875 0.284375 0.4546875 0.284375 0.6390625 0.4234375 0.6390625 0.4234375 0.4546875
0 0.3296875 0.3421875 0.2484375 0.3421875 0.2484375 0.4421875 0.3296875 0.4421875 0.3296875 0.3421875
0 0.3765625 0.365625 0.240625 0.365625 0.240625 0.540625 0.3765625 0.540625 0.3765625 0.365625
0 1.0 0.8171875 0.89375 0.8171875 0.89375 1.0 1.0 1.0 1.0 0.8171875
0 1.0 0.5953125 0.9046875 0.5953125 0.9046875 0.7765625 1.0 0.7765625 1.0 0.5953125
0 1.0 0.340625 0.9390625 0.340625 0.9390625 0.409375 1.0 0.409375 1.0 0.340625
0 0.9328125 0.29375 0.728125 0.29375 0.728125 0.4125 0.9328125 0.4125 0.9328125 0.29375
0 1.0 0.053125 0.9171875 0.053125 0.9171875 0.2078125 1.0 0.2078125 1.0 0.053125
0 1.0 0.0015625 0.9171875 0.0015625 0.9171875 0.01875 1.0 0.01875 1.0 0.0015625
0 0.4703125 0.8171875 0.30625 0.8171875 0.30625 1.0 0.4703125 1.0 0.4703125 0.8171875
