0 0.321875 0.6875 0.1234375 0.6875 0.1234375 0.846875 0.321875 0.846875 0.321875 0.6875
0 0.4578125 0.278125 0.3390625 0.278125 0.3390625 0.390625 0.4578125 0.390625 0.4578125 0.278125
0 0.403125 0.5015625 0.0703125 0.5015625 0.0703125 0.6625 0.403125 0.6625 0.403125 0.5015625
0 0.328125 0.0015625 0.1390625 0.0015625 0.1390625 0.071875 0.328125 0.071875 0.328125 0.0015625
0 0.4640625 0.0015625 0.375 0.0015625 0.375 0.125 0.4640625 0.125 0.4640625 0.0015625
0 0.03125 0.95625 0.0015625 0.95625 0.0015625 0.990625 0.03125 0.990625 0.03125 0.95625
0 0.140625 0.8078125 0.0015625 0.8078125 0.0015625 0.984375 0.140625 0.984375 0.140625 0.8078125
0 0.1984375 0.3109375 0.04375 0.3109375 0.04375 0.4453125 0.1984375 0.4453125 0.1984375 0.3109375
0 0.475 0.06875 0.3265625 0.06875 0.3265625 0.184375 0.475 0.184375 0.475 0.06875
0 0.79375 0.8046875 0.6921875 0.8046875 0.6921875 0.971875 0.79375 0.971875 0.79375 0.8046875
0 0.5375 0.0015625 0.0015625 0.0015625 0.0015625 1.0 0.5375 1.0 0.5375 0.0015625
0 0.4015625 0.4921875 0.2953125 0.4921875 0.2953125 0.61875 0.4015625 0.61875 0.4015625 0.4921875
0 0.496875 0.1734375 0.353125 0.1734375 0.353125 0.35625 0.496875 0.35625 0.496875 0.1734375
0 1.0 0.3765625 0.771875 0.3765625 0.771875 1.0 1.0 1.0 1.0 0.3765625
0 0.7828125 0.9171875 0.6921875 0.9171875 0.6921875 1.0 0.7828125 1.0 0.7828125 0.9171875
