0 0.1515625 0.8359375 0.0015625 0.8359375 0.0015625 0.9890625 0.1515625 0.9890625 0.1515625 0.8359375
0 0.309375 0.946875 0.2046875 0.946875 0.2046875 1.0 0.309375 1.0 0.309375 0.946875
0 0.4125 0.6234375 0.2125 0.6234375 0.2125 0.7765625 0.4125 0.7765625 0.4125 0.6234375
0 0.7625 0.6625 0.534375 0.6625 0.534375 0.8671875 0.7625 0.8671875 0.7625 0.6625
0 0.40625 0.4921875 0.296875 0.4921875 0.296875 0.653125 0.40625 0.653125 0.40625 0.4921875
0 0.3953125 0.171875 0.2546875 0.171875 0.2546875 0.3125 0.3953125 0.3125 0.3953125 0.171875
0 1.0 0.0015625 0.9640625 0.0015625 0.9640625 0.0375 1.0 0.0375 1.0 0.0015625
0 0.1921875 0.8546875 0.040625 0.8546875 0.040625 1.0 0.1921875 1.0 0.1921875 0.8546875
0 0.79375 0.753125 0.475 0.753125 0.475 1.0 0.79375 1.0 0.79375 0.753125
0 0.5375 0.8484375 0.4078125 0.8484375 0.4078125 0.93125 0.5375 0.93125 0.5375 0.8484375
0 0.653125 0.30625 0.4203125 0.30625 0.4203125 0.790625 0.653125 0.790625 0.653125 0.30625
0 0.2546875 0.475 0.040625 0.475 0.040625 0.696875 0.2546875 0.696875 0.2546875 0.475
0 0.0625 0.4953125 0.0015625 0.4953125 0.0015625 0.6515625 0.0625 0.6515625 0.0625 0.4953125
0 1.0 0.0015625 0.0015625 0.0015625 0.0015625 1.0 1.0 1.0 1.0 0.0015625
0 0.690625 0.5359375 0.3796875 0.5359375 0.3796875 1.0 0.690625 1.0 0.690625 0.5359375
