0 0.4359375 0.9421875 0.403125 0.9421875 0.403125 1.0 0.4359375 1.0 0.4359375 0.9421875
0 0.1578125 0.5359375 0.0015625 0.5359375 0.0015625 0.7859375 0.1578125 0.7859375 0.1578125 0.5359375
0 0.4921875 0.0015625 0.0015625 0.0015625 0.0015625 0.475 0.4921875 0.475 0.4921875 0.0015625
0 1.0 0.209375 0.4453125 0.209375 0.4453125 0.9484375 1.0 0.9484375 1.0 0.209375
0 0.784375 0.1609375 0.5265625 0.1609375 0.5265625 0.5828125 0.784375 0.5828125 0.784375 0.1609375
0 1.0 0.0015625 0.640625 0.0015625 0.640625 0.296875 1.0 0.296875 1.0 0.0015625
0 0.4109375 0.3125 0.0015625 0.3125 0.0015625 0.6015625 0.4109375 0.6015625 0.4109375 0.3125
0 0.7515625 0.4171875 0.609375 0.4171875 0.609375 0.6609375 0.7515625 0.6609375 0.7515625 0.4171875
0 1.0 0.2421875 0.95625 0.2421875 0.95625 0.403125 1.0 0.403125 1.0 0.2421875
0 0.36875 0.58125 0.0015625 0.58125 0.0015625 0.971875 0.36875 0.971875 0.36875 0.58125
0 0.4234375 0.0015625 0.0015625 0.0015625 0.0015625 0.178125 0.4234375 0.178125 0.4234375 0.0015625
0 0.771875 0.8640625 0.5140625 0.8640625 0.5140625 1.0 0.771875 1.0 0.771875 0.8640625
0 0.5859375 0.5984375 0.41875 0.5984375 0.41875 0.8515625 0.5859375 0.8515625 0.5859375 0.5984375
0 0.4625 0.290625 0.2 0.290625 0.2 0.6484375 0.4625 0.6484375 0.4625 0.290625
0 0.8671875 0.2890625 0.75625 0.2890625 0.75625 0.4859375 0.8671875 0.4859375 0.8671875 0.2890625
0 0.7421875 0.0015625 0.4109375 0.0015625 0.4109375 0.459375 0.7421875 0.459375 0.7421875 0.0015625
0 0.41875 0.08125 0.290625 0.08125 0.290625 0.240625 0.41875 0.240625 0.41875 0.08125
0 1.0 0.0015625 0.85625 0.0015625 0.85625 0.259375 1.0 0.259375 1.0 0.0015625
0 0.0171875 0.640625 0.0015625 0.640625 0.0015625 0.6921875 0.0171875 0.6921875 0.0171875 0.640625
