0 0.1203125 0.66875 0.0015625 0.66875 0.0015625 0.9875 0.1203125 0.9875 0.1203125 0.66875
0 0.321875 0.9 0.2 0.9 0.2 1.0 0.321875 1.0 0.321875 0.9
0 0.534375 0.74375 0.328125 0.74375 0.328125 1.0 0.534375 1.0 0.534375 0.74375
0 0.9953125 0.46875 0.834375 0.46875 0.834375 0.6734375 0.9953125 0.6734375 0.9953125 0.46875
0 0.653125 0.1390625 0.1953125 0.1390625 0.1953125 0.5421875 0.653125 0.5421875 0.653125 0.1390625
0 0.7828125 0.3328125 0.496875 0.3328125 0.496875 0.49375 0.7828125 0.49375 0.7828125 0.3328125
0 0.2359375 0.6125 0.0375 0.6125 0.0375 0.8421875 0.2359375 0.8421875 0.2359375 0.6125
0 0.3078125 0.459375 0.09375 0.459375 0.09375 0.653125 0.3078125 0.653125 0.3078125 0.459375
0 1.0 0.390625 0.878125 0.390625 0.878125 0.63125 1.0 0.63125 1.0 0.390625
0 0.903125 0.18125 0.28125 0.18125 0.28125 0.4734375 0.903125 0.4734375 0.903125 0.18125
0 0.4578125 0.0921875 0.20625 0.0921875 0.20625 0.1640625 0.4578125 0.1640625 0.4578125 0.0921875
0 0.2546875 0.6484375 0.1265625 0.6484375 0.1265625 0.8 0.2546875 0.8 0.2546875 0.6484375
0 0.371875 0.6328125 0.0015625 0.6328125 0.0015625 1.0 0.371875 1.0 0.371875 0.6328125
0 0.434375 0.9515625 0.4015625 0.9515625 0.4015625 1.0 0.434375 1.0 0.434375 0.9515625
0 0.7578125 0.6921875 0.6671875 0.6921875 0.6671875 0.825 0.7578125 0.825 0.7578125 0.6921875
0 0.6984375 0.4671875 0.5546875 0.4671875 0.5546875 0.7015625 0.6984375 0.7015625 0.6984375 0.4671875
0 0.6484375 0.4890625 0.515625 0.4890625 0.515625 0.6671875 0.6484375 0.6671875 0.6484375 0.4890625
0 1.0 0.6515625 0.9375 0.6515625 0.9375 0.83125 1.0 0.83125 1.0 0.6515625
0 0.8515625 0.45625 0.6875 0.45625 0.6875 0.646875 0.8515625 0.646875 0.8515625 0.45625
0 0.6328125 0.3859375 0.4078125 0.3859375 0.4078125 0.65625 0.6328125 0.65625 0.6328125 0.3859375
0 1.0 0.0015625 0.796875 0.0015625 0.796875 0.2890625 1.0 0.2890625 1.0 0.0015625
0 0.1796875 0.940625 0.06875 0.940625 0.06875 1.0 0.1796875 1.0 0.1796875 0.940625
0 1.0 0.9671875 0.8328125 0.9671875 0.8328125 1.0 1.0 1.0 1.0 0.9671875
0 0.0078125 0.98125 0.0015625 0.98125 0.0015625 1.0 0.0078125 1.0 0.0078125 0.98125
0 0.8171875 0.409375 0.1625 0.409375 0.1625 0.9921875 0.8171875 0.9921875 0.8171875 0.409375
0 0.540625 0.89375 0.4203125 0.89375 0.4203125 1.0 0.540625 1.0 0.540625 0.89375
