0 0.4421875 0.3703125 0.26875 0.3703125 0.26875 0.6640625 0.4421875 0.6640625 0.4421875 0.3703125
0 0.9546875 0.615625 0.8546875 0.615625 0.8546875 0.8796875 0.9546875 0.8796875 0.9546875 0.615625
0 0.084375 0.9828125 0.0015625 0.9828125 0.0015625 1.0 0.084375 1.0 0.084375 0.9828125
0 0.3828125 0.246875 0.2296875 0.246875 0.2296875 0.38125 0.3828125 0.38125 0.3828125 0.246875
0 0.509375 0.5515625 0.3578125 0.5515625 0.3578125 0.803125 0.509375 0.803125 0.509375 0.5515625
0 0.6859375 0.5296875 0.5671875 0.5296875 0.5671875 0.6546875 0.6859375 0.6546875 0.6859375 0.5296875
0 0.9203125 0.29375 0.7109375 0.29375 0.7109375 0.6421875 0.9203125 0.6421875 0.9203125 0.29375
0 0.709375 0.3265625 0.5640625 0.3265625 0.5640625 0.553125 0.709375 0.553125 0.709375 0.3265625
0 0.4859375 0.221875 0.36875 0.221875 0.36875 0.4484375 0.4859375 0.4484375 0.4859375 0.221875
0 1.0 0.8125 0.6734375 0.8125 0.6734375 1.0 1.0 1.0 1.0 0.8125
0 0.83125 0.0015625 0.21875 0.0015625 0.21875 1.0 0.83125 1.0 0.83125 0.0015625
0 0.1265625 0.71875 0.0171875 0.71875 0.0171875 1.0 0.1265625 1.0 0.1265625 0.71875
0 0.015625 0.6546875 0.0015625 0.6546875 0.0015625 0.696875 0.015625 0.696875 0.015625 0.6546875
0 0.078125 0.4625 0.0015625 0.4625 0.0015625 0.58125 0.078125 0.58125 0.078125 0.4625
0 0.4328125 0.2125 0.209375 0.2125 0.209375 0.5703125 0.4328125 0.5703125 0.4328125 0.2125
