0 0.1375 0.4765625 0.06875 0.4765625 0.06875 0.6234375 0.1375 0.6234375 0.1375 0.4765625
0 0.2828125 0.5078125 0.121875 0.5078125 0.121875 1.0 0.2828125 1.0 0.2828125 0.5078125
0 0.1140625 0.2171875 0.0015625 0.2171875 0.0015625 0.521875 0.1140625 0.521875 0.1140625 0.2171875
0 0.4375 0.0734375 0.125 0.0734375 0.125 0.2921875 0.4375 0.2921875 0.4375 0.0734375
0 0.7046875 0.1265625 0.40625 0.1265625 0.40625 0.5375 0.7046875 0.5375 0.7046875 0.1265625
0 0.1140625 0.478125 0.009375 0.478125 0.009375 0.6734375 0.1140625 0.6734375 0.1140625 0.478125
0 0.50625 0.9 0.4046875 0.9 0.4046875 1.0 0.50625 1.0 0.50625 0.9
0 0.421875 0.6734375 0.2984375 0.6734375 0.2984375 0.7796875 0.421875 0.7796875 0.421875 0.6734375
0 0.765625 0.7453125 0.6421875 0.7453125 0.6421875 0.8828125 0.765625 0.8828125 0.765625 0.7453125
0 0.765625 0.6078125 0.6359375 0.6078125 0.6359375 0.7140625 0.765625 0.7140625 0.765625 0.6078125
0 0.5796875 0.08125 0.259375 0.08125 0.259375 0.2015625 0.5796875 0.2015625 0.5796875 0.08125
0 0.2640625 0.0015625 0.09375 0.0015625 0.09375 0.203125 0.2640625 0.203125 0.2640625 0.0015625
0 0.721875 0.0015625 0.59375 0.0015625 0.59375 0.1671875 0.721875 0.1671875 0.721875 0.0015625
0 0.0359375 0.9640625 0.0015625 0.9640625 0.0015625 1.0 0.0359375 1.0 0.0359375 0.9640625
0 0.16875 0.6 0.0609375 0.6 0.0609375 0.821875 0.16875 0.821875 0.16875 0.6
0 0.090625 0.56875 0.0015625 0.56875 0.0015625 0.7296875 0.090625 0.7296875 0.090625 0.56875
0 0.0671875 0.4015625 0.0015625 0.4015625 0.0015625 0.528125 0.0671875 0.528125 0.0671875 0.4015625
0 0.2203125 0.14375 0.0953125 0.14375 0.0953125 0.378125 0.2203125 0.378125 0.2203125 0.14375
0 0.0625 0.096875 0.0015625 0.096875 0.0015625 0.30625 0.0625 0.30625 0.0625 0.096875
0 0.5046875 0.9390625 0.384375 0.9390625 0.384375 1.0 0.5046875 1.0 0.5046875 0.9390625
0 0.5953125 0.4828125 0.40625 0.4828125 0.40625 0.796875 0.5953125 0.796875 0.5953125 0.4828125
0 0.5390625 0.1609375 0.384375 0.1609375 0.384375 0.4296875 0.5390625 0.4296875 0.5390625 0.1609375
0 0.8734375 0.0015625 0.5875 0.0015625 0.5875 0.23125 0.8734375 0.23125 0.8734375 0.0015625
