0 0.09375 0.5546875 0.0015625 0.5546875 0.0015625 0.9046875 0.09375 0.9046875 0.09375 0.5546875
0 0.35 0.7015625 0.184375 0.7015625 0.184375 0.9359375 0.35 0.9359375 0.35 0.7015625
0 0.153125 0.0484375 0.0015625 0.0484375 0.0015625 0.16875 0.153125 0.16875 0.153125 0.0484375
0 0.30625 0.0640625 0.19375 0.0640625 0.19375 0.1546875 0.30625 0.1546875 0.30625 0.0640625
0 0.346875 0.0015625 0.0015625 0.0015625 0.0015625 0.1609375 0.346875 0.1609375 0.346875 0.0015625
0 0.3921875 0.5203125 0.0015625 0.5203125 0.0015625 1.0 0.3921875 1.0 0.3921875 0.5203125
0 0.0484375 0.9515625 0.0015625 0.9515625 0.0015625 1.0 0.0484375 1.0 0.0484375 0.9515625
0 0.24375 0.73125 0.0828125 0.73125 0.0828125 0.909375 0.24375 0.909375 0.24375 0.73125
0 0.146875 0.0015625 0.0421875 0.0015625 0.0421875 0.1421875 0.146875 0.1421875 0.146875 0.0015625
0 0.45 0.4640625 0.315625 0.4640625 0.315625 0.6734375 0.45 0.6734375 0.45 0.4640625
