0 0.0796875 0.4296875 0.01875 0.4296875 0.01875 0.6515625 0.0796875 0.6515625 0.0796875 0.4296875
0 0.2046875 0.775 0.125 0.775 0.125 0.971875 0.2046875 0.971875 0.2046875 0.775
0 1.0 0.94375 0.9359375 0.94375 0.9359375 1.0 1.0 1.0 1.0 0.94375
0 0.8703125 0.5359375 0.765625 0.5359375 0.765625 0.6765625 0.8703125 0.6765625 0.8703125 0.5359375
0 0.11875 0.884375 0.0015625 0.884375 0.0015625 1.0 0.11875 1.0 0.11875 0.884375
0 0.053125 0.84375 0.0015625 0.84375 0.0015625 1.0 0.053125 1.0 0.053125 0.84375
0 0.6578125 0.95 0.546875 0.95 0.546875 1.0 0.6578125 1.0 0.6578125 0.95
0 0.4140625 0.728125 0.165625 0.728125 0.165625 0.946875 0.4140625 0.946875 0.4140625 0.728125
0 0.671875 0.7359375 0.5703125 0.7359375 0.5703125 0.9640625 0.671875 0.9640625 0.671875 0.7359375
0 0.9078125 0.7109375 0.8359375 0.7109375 0.8359375 0.878125 0.9078125 0.878125 0.9078125 0.7109375
0 0.68125 0.6140625 0.496875 0.6140625 0.496875 0.796875 0.68125 0.796875 0.68125 0.6140625
0 0.3625 0.3328125 0.2546875 0.3328125 0.2546875 0.5671875 0.3625 0.5671875 0.3625 0.3328125
0 0.1328125 0.2765625 0.021875 0.2765625 0.021875 0.6125 0.1328125 0.6125 0.1328125 0.2765625
0 0.3140625 0.9265625 0.1359375 0.9265625 0.1359375 1.0 0.3140625 1.0 0.3140625 0.9265625
0 0.2453125 0.55 0.0015625 0.55 0.0015625 0.8828125 0.2453125 0.8828125 0.2453125 0.55
0 0.1921875 0.23125 0.09375 0.23125 0.09375 0.378125 0.1921875 0.378125 0.1921875 0.23125
0 0.234375 0.0609375 0.021875 0.0609375 0.021875 0.39375 0.234375 0.39375 0.234375 0.0609375
0 0.009375 0.146875 0.0015625 0.146875 0.0015625 0.215625 0.009375 0.215625 0.009375 0.146875
0 0.3109375 0.0015625 0.1890625 0.0015625 0.1890625 0.0671875 0.3109375 0.0671875 0.3109375 0.0015625
0 1.0 0.465625 0.7015625 0.465625 0.7015625 1.0 1.0 1.0 1.0 0.465625
0 0.671875 0.9 0.6109375 0.9 0.6109375 1.0 0.671875 1.0 0.671875 0.9
0 0.38125 0.1765625 0.278125 0.1765625 0.278125 0.3375 0.38125 0.3375 0.38125 0.1765625
0 0.8453125 0.196875 0.76875 0.196875 0.76875 0.340625 0.8453125 0.340625 0.8453125 0.196875
0 0.7265625 0.0015625 0.6453125 0.0015625 0.6453125 0.103125 0.7265625 0.103125 0.7265625 0.0015625
0 0.49375 0.0015625 0.3296875 0.0015625 0.3296875 0.065625 0.49375 0.065625 0.49375 0.0015625
0 0.9484375 0.0015625 0.9015625 0.0015625 0.9015625 0.0546875 0.9484375 0.0546875 0.9484375 0.0015625
0 1.0 0.8578125 0.9578125 0.8578125 0.9578125 0.9390625 1.0 0.9390625 1.0 0.8578125
0 0.284375 0.3859375 0.1734375 0.3859375 0.1734375 0.575 0.284375 0.575 0.284375 0.3859375
0 1.0 0.0015625 0.0734375 0.0015625 0.0734375 1.0 1.0 1.0 1.0 0.0015625
0 0.0703125 0.0015625 0.0015625 0.0015625 0.0015625 0.7984375 0.0703125 0.7984375 0.0703125 0.0015625
0 0.3625 0.5515625 0.0328125 0.5515625 0.0328125 1.0 0.3625 1.0 0.3625 0.5515625
0 0.33125 0.80625 0.175 0.80625 0.175 0.959375 0.33125 0.959375 0.33125 0.80625
0 0.33125 0.0015625 0.309375 0.0015625 0.309375 0.034375 0.33125 0.034375 0.33125 0.0015625
