0 0.65625 0.996875 0.6296875 0.996875 0.6296875 1.0 0.65625 1.0 0.65625 0.996875
0 0.6828125 0.884375 0.5234375 0.884375 0.5234375 1.0 0.6828125 1.0 0.6828125 0.884375
0 0.4390625 0.709375 0.296875 0.709375 0.296875 1.0 0.4390625 1.0 0.4390625 0.709375
0 0.29375 0.7765625 0.1640625 0.7765625 0.1640625 1.0 0.29375 1.0 0.29375 0.7765625
0 0.4796875 0.71875 0.3671875 0.71875 0.3671875 0.903125 0.4796875 0.903125 0.4796875 0.71875
0 0.6859375 0.6484375 0.615625 0.6484375 0.615625 0.9140625 0.6859375 0.9140625 0.6859375 0.6484375
0 0.4265625 0.2328125 0.146875 0.2328125 0.146875 0.775 0.4265625 0.775 0.4265625 0.2328125
0 0.353125 0.5015625 0.2484375 0.5015625 0.2484375 0.6453125 0.353125 0.6453125 0.353125 0.5015625
0 0.1578125 0.3671875 0.0015625 0.3671875 0.0015625 0.64375 0.1578125 0.64375 0.1578125 0.3671875
0 0.4984375 0.3078125 0.3546875 0.3078125 0.3546875 0.6359375 0.4984375 0.6359375 0.4984375 0.3078125
0 0.19375 0.3609375 0.0953125 0.3609375 0.0953125 0.5171875 0.19375 0.5171875 0.19375 0.3609375
0 0.6578125 0.2125 0.5125 0.2125 0.5125 0.5921875 0.6578125 0.5921875 0.6578125 0.2125
0 0.1296875 0.1671875 0.0015625 0.1671875 0.0015625 0.334375 0.1296875 0.334375 0.1296875 0.1671875
0 0.58125 0.0015625 0.284375 0.0015625 0.284375 0.26875 0.58125 0.26875 0.58125 0.0015625
0 0.565625 0.0015625 0.515625 0.0015625 0.515625 0.0265625 0.565625 0.0265625 0.565625 0.0015625
0 0.3203125 0.5734375 0.0703125 0.5734375 0.0703125 0.95 0.3203125 0.95 0.3203125 0.5734375
0 0.0921875 0.059375 0.0015625 0.059375 0.0015625 0.171875 0.0921875 0.171875 0.0921875 0.059375
0 0.25 0.0390625 0.1 0.0390625 0.1 0.1421875 0.25 0.1421875 0.25 0.0390625
0 0.8875 0.03125 0.828125 0.03125 0.828125 0.2390625 0.8875 0.2390625 0.8875 0.03125
0 0.8140625 0.0015625 0.784375 0.0015625 0.784375 0.028125 0.8140625 0.028125 0.8140625 0.0015625
0 0.0328125 0.9125 0.0015625 0.9125 0.0015625 1.0 0.0328125 1.0 0.0328125 0.9125
0 0.8390625 0.5953125 0.740625 0.5953125 0.740625 0.7453125 0.8390625 0.7453125 0.8390625 0.5953125
0 0.309375 0.8859375 0.2359375 0.8859375 0.2359375 1.0 0.309375 1.0 0.309375 0.8859375
0 0.2640625 0.0015625 0.140625 0.0015625 0.140625 0.1234375 0.2640625 0.1234375 0.2640625 0.0015625
0 0.0078125 0.815625 0.0015625 0.815625 0.0015625 0.8421875 0.0078125 0.8421875 0.0078125 0.815625
0 0.171875 0.0015625 0.0671875 0.0015625 0.0671875 0.246875 0.171875 0.246875 0.171875 0.0015625
0 0.84375 0.0015625 0.725 0.0015625 0.725 0.0921875 0.84375 0.0921875 0.84375 0.0015625
0 0.234375 0.1109375 0.1265625 0.1109375 0.1265625 0.2296875 0.234375 0.2296875 0.234375 0.1109375
0 0.7859375 0.878125 0.728125 0.878125 0.728125 1.0 0.7859375 1.0 0.7859375 0.878125
0 0.9625 0.0015625 0.95 0.0015625 0.95 0.0328125 0.9625 0.0328125 0.9625 0.0015625
0 0.1875 0.6703125 0.0015625 0.6703125 0.0015625 1.0 0.1875 1.0 0.1875 0.6703125
0 0.0953125 0.9875 0.08125 0.9875 0.08125 1.0 0.0953125 1.0 0.0953125 0.9875
0 0.2109375 0.24375 0.0015625 0.24375 0.0015625 0.5734375 0.2109375 0.5734375 0.2109375 0.24375
0 0.0828125 0.0015625 0.0015625 0.0015625 0.0015625 0.1234375 0.0828125 0.1234375 0.0828125 0.0015625
0 0.246875 0.528125 0.0015625 0.528125 0.0015625 1.0 0.246875 1.0 0.246875 0.528125
0 0.4984375 0.5859375 0.2359375 0.5859375 0.2359375 0.790625 0.4984375 0.790625 0.4984375 0.5859375
0 0.5265625 0.234375 0.225 0.234375 0.225 0.534375 0.5265625 0.534375 0.5265625 0.234375
0 0.3296875 0.0015625 0.30625 0.0015625 0.30625 0.015625 0.3296875 0.015625 0.3296875 0.0015625
0 1.0 0.0015625 0.628125 0.0015625 0.628125 1.0 1.0 1.0 1.0 0.0015625
0 0.6296875 0.7015625 0.5796875 0.7015625 0.5796875 0.85625 0.6296875 0.85625 0.6296875 0.7015625
0 0.621875 0.2640625 0.5078125 0.2640625 0.5078125 0.678125 0.621875 0.678125 0.621875 0.2640625
0 0.6359375 0.0015625 0.5625 0.0015625 0.5625 0.209375 0.6359375 0.209375 0.6359375 0.0015625
0 0.246875 0.7234375 0.1546875 0.7234375 0.1546875 0.8328125 0.246875 0.8328125 0.246875 0.7234375
0 0.0546875 0.9703125 0.0296875 0.9703125 0.0296875 1.0 0.0546875 1.0 0.0546875 0.9703125
0 0.0203125 0.7234375 0.0015625 0.7234375 0.0015625 0.9125 0.0203125 0.9125 0.0203125 0.7234375
0 0.6 0.675 0.496875 0.675 0.496875 0.921875 0.6 0.921875 0.6 0.675
0 0.109375 0.946875 0.0640625 0.946875 0.0640625 1.0 0.109375 1.0 0.109375 0.946875
