0 0.2359375 0.99375 0.19375 0.99375 0.19375 1.0 0.2359375 1.0 0.2359375 0.99375
0 0.0296875 0.9984375 0.015625 0.9984375 0.015625 1.0 0.0296875 1.0 0.0296875 0.9984375
0 0.68125 0.69375 0.515625 0.69375 0.515625 0.934375 0.68125 0.934375 0.68125 0.69375
0 0.278125 0.696875 0.00625 0.696875 0.00625 0.8953125 0.278125 0.8953125 0.278125 0.696875
0 0.4609375 0.7625 0.278125 0.7625 0.278125 0.8515625 0.4609375 0.8515625 0.4609375 0.7625
0 0.815625 0.6671875 0.7 0.6671875 0.7 0.8390625 0.815625 0.8390625 0.815625 0.6671875
0 0.246875 0.4984375 0.1328125 0.4984375 0.1328125 0.678125 0.246875 0.678125 0.246875 0.4984375
0 0.725 0.475 0.578125 0.475 0.578125 0.6265625 0.725 0.6265625 0.725 0.475
0 0.346875 0.4625 0.25625 0.4625 0.25625 0.6015625 0.346875 0.6015625 0.346875 0.4625
0 0.43125 0.396875 0.2921875 0.396875 0.2921875 0.553125 0.43125 0.553125 0.43125 0.396875
0 0.51875 0.30625 0.3921875 0.30625 0.3921875 0.4109375 0.51875 0.4109375 0.51875 0.30625
0 0.9296875 0.2828125 0.8015625 0.2828125 0.8015625 0.36875 0.9296875 0.36875 0.9296875 0.2828125
0 1.0 0.80625 0.88125 0.80625 0.88125 0.94375 1.0 0.94375 1.0 0.80625
0 1.0 0.409375 0.9984375 0.409375 0.9984375 0.415625 1.0 0.415625 1.0 0.409375
0 0.203125 0.95 0.090625 0.95 0.090625 1.0 0.203125 1.0 0.203125 0.95
0 1.0 0.7921875 0.96875 0.7921875 0.96875 0.8234375 1.0 0.8234375 1.0 0.7921875
0 0.903125 0.6203125 0.81875 0.6203125 0.81875 0.7578125 0.903125 0.7578125 0.903125 0.6203125
0 1.0 0.9765625 0.978125 0.9765625 0.978125 1.0 1.0 1.0 1.0 0.9765625
0 0.0359375 0.7234375 0.0015625 0.7234375 0.0015625 0.75625 0.0359375 0.75625 0.0359375 0.7234375
0 0.4 0.9984375 0.3828125 0.9984375 0.3828125 1.0 0.4 1.0 0.4 0.9984375
0 0.159375 0.8921875 0.0140625 0.8921875 0.0140625 1.0 0.159375 1.0 0.159375 0.8921875
0 0.5109375 0.8125 0.2484375 0.8125 0.2484375 0.953125 0.5109375 0.953125 0.5109375 0.8125
0 0.8078125 0.6078125 0.5609375 0.6078125 0.5609375 0.89375 0.8078125 0.89375 0.8078125 0.6078125
0 0.5875 0.44375 0.2625 0.44375 0.2625 0.790625 0.5875 0.790625 0.5875 0.44375
0 0.98125 0.6015625 0.8875 0.6015625 0.8875 0.825 0.98125 0.825 0.98125 0.6015625
0 0.303125 0.553125 0.0703125 0.553125 0.0703125 0.715625 0.303125 0.715625 0.303125 0.553125
0 1.0 0.359375 0.815625 0.359375 0.815625 0.521875 1.0 0.521875 1.0 0.359375
0 0.1765625 0.3703125 0.0796875 0.3703125 0.0796875 0.5109375 0.1765625 0.5109375 0.1765625 0.3703125
0 0.2859375 0.34375 0.190625 0.34375 0.190625 0.4984375 0.2859375 0.4984375 0.2859375 0.34375
0 1.0 0.85625 1.0 0.85625 1.0 0.859375 1.0 0.859375 1.0 0.85625
0 1.0 0.6671875 0.95625 0.6671875 0.95625 0.7921875 1.0 0.7921875 1.0 0.6671875
0 1.0 0.54375 0.953125 0.54375 0.953125 0.5875 1.0 0.5875 1.0 0.54375
0 1.0 0.1734375 0.9640625 0.1734375 0.9640625 0.24375 1.0 0.24375 1.0 0.1734375
0 0.096875 0.603125 0.0015625 0.603125 0.0015625 0.6984375 0.096875 0.6984375 0.096875 0.603125
0 0.4390625 0.49375 0.2890625 0.49375 0.2890625 0.6046875 0.4390625 0.6046875 0.4390625 0.49375
0 0.1375 0.371875 0.0015625 0.371875 0.0015625 0.5125 0.1375 0.5125 0.1375 0.371875
0 0.1015625 0.315625 0.0015625 0.315625 0.0015625 0.459375 0.1015625 0.459375 0.1015625 0.315625
0 1.0 0.1875 0.0015625 0.1875 0.0015625 1.0 1.0 1.0 1.0 0.1875
0 0.31875 0.7515625 0.1640625 0.7515625 0.1640625 0.8359375 0.31875 0.8359375 0.31875 0.7515625
0 0.29375 0.0296875 0.0015625 0.0296875 0.0015625 0.184375 0.29375 0.184375 0.29375 0.0296875
0 0.6375 0.7390625 0.5578125 0.7390625 0.5578125 0.8328125 0.6375 0.8328125 0.6375 0.7390625
0 0.8578125 0.30625 0.8015625 0.30625 0.8015625 0.446875 0.8578125 0.446875 0.8578125 0.30625
