0 0.996875 0.9265625 0.9171875 0.9265625 0.9171875 1.0 0.996875 1.0 0.996875 0.9265625
0 0.1140625 0.465625 0.0015625 0.465625 0.0015625 0.634375 0.1140625 0.634375 0.1140625 0.465625
0 0.259375 0.2015625 0.0015625 0.2015625 0.0015625 0.3609375 0.259375 0.3609375 0.259375 0.2015625
0 1.0 0.390625 0.93125 0.390625 0.93125 0.5609375 1.0 0.5609375 1.0 0.390625
0 1.0 0.703125 0.8765625 0.703125 0.8765625 0.834375 1.0 0.834375 1.0 0.703125
0 0.4203125 0.675 0.3078125 0.675 0.3078125 0.7984375 0.4203125 0.7984375 0.4203125 0.675
0 0.4078125 0.478125 0.3421875 0.478125 0.3421875 0.6234375 0.4078125 0.6234375 0.4078125 0.478125
0 0.5953125 0.8859375 0.4765625 0.8859375 0.4765625 1.0 0.5953125 1.0 0.5953125 0.8859375
0 0.5453125 0.74375 0.43125 0.74375 0.43125 0.8671875 0.5453125 0.8671875 0.5453125 0.74375
0 0.6453125 0.815625 0.4703125 0.815625 0.4703125 0.953125 0.6453125 0.953125 0.6453125 0.815625
0 0.915625 0.8796875 0.796875 0.8796875 0.796875 1.0 0.915625 1.0 0.915625 0.8796875
0 0.471875 0.2796875 0.2515625 0.2796875 0.2515625 0.55625 0.471875 0.55625 0.471875 0.2796875
0 0.4828125 0.0640625 0.3484375 0.0640625 0.3484375 0.265625 0.4828125 0.265625 0.4828125 0.0640625
0 0.253125 0.903125 0.075 0.903125 0.075 1.0 0.253125 1.0 0.253125 0.903125
0 0.365625 0.925 0.3375 0.925 0.3375 1.0 0.365625 1.0 0.365625 0.925
0 0.346875 0.7765625 0.1796875 0.7765625 0.1796875 0.9234375 0.346875 0.9234375 0.346875 0.7765625
0 0.284375 0.259375 0.1859375 0.259375 0.1859375 0.3765625 0.284375 0.3765625 0.284375 0.259375
0 0.23125 0.790625 0.071875 0.790625 0.071875 0.9125 0.23125 0.9125 0.23125 0.790625
0 0.40625 0.7578125 0.3328125 0.7578125 0.3328125 0.925 0.40625 0.925 0.40625 0.7578125
0 0.3875 0.5671875 0.23125 0.5671875 0.23125 0.759375 0.3875 0.759375 0.3875 0.5671875
0 1.0 0.846875 0.99375 0.846875 0.99375 0.8703125 1.0 0.8703125 1.0 0.846875
0 0.0609375 0.3625 0.0015625 0.3625 0.0015625 0.5 0.0609375 0.5 0.0609375 0.3625
0 0.1453125 0.0015625 0.0125 0.0015625 0.0125 0.3 0.1453125 0.3 0.1453125 0.0015625
0 0.003125 0.05625 0.0015625 0.05625 0.0015625 0.0859375 0.003125 0.0859375 0.003125 0.05625
0 0.4140625 0.0015625 0.2203125 0.0015625 0.2203125 0.29375 0.4140625 0.29375 0.4140625 0.0015625
0 0.5796875 0.9890625 0.534375 0.9890625 0.534375 1.0 0.5796875 1.0 0.5796875 0.9890625
0 1.0 0.5640625 0.7296875 0.5640625 0.7296875 0.86875 1.0 0.86875 1.0 0.5640625
0 0.496875 0.0015625 0.3875 0.0015625 0.3875 0.1171875 0.496875 0.1171875 0.496875 0.0015625
0 1.0 0.7828125 0.8953125 0.7828125 0.8953125 0.9171875 1.0 0.9171875 1.0 0.7828125
0 0.103125 0.0015625 0.00625 0.0015625 0.00625 0.078125 0.103125 0.078125 0.103125 0.0015625
0 0.9734375 0.7609375 0.7921875 0.7609375 0.7921875 0.8328125 0.9734375 0.8328125 0.9734375 0.7609375
0 0.6796875 0.1796875 0.4953125 0.1796875 0.4953125 0.2875 0.6796875 0.2875 0.6796875 0.1796875
0 0.81875 0.0015625 0.6578125 0.0015625 0.6578125 0.0953125 0.81875 0.0953125 0.81875 0.0015625
0 0.9625 0.0015625 0.940625 0.0015625 0.940625 0.0203125 0.9625 0.0203125 0.9625 0.0015625
0 0.3875 0.9578125 0.359375 0.9578125 0.359375 1.0 0.3875 1.0 0.3875 0.9578125
0 0.10625 0.0015625 0.0015625 0.0015625 0.0015625 0.2640625 0.10625 0.2640625 0.10625 0.0015625
0 0.0515625 0.0015625 0.0265625 0.0015625 0.0265625 0.009375 0.0515625 0.009375 0.0515625 0.0015625
0 0.1765625 0.675 0.0046875 0.675 0.0046875 0.940625 0.1765625 0.940625 0.1765625 0.675
0 0.4140625 0.5203125 0.2828125 0.5203125 0.2828125 0.671875 0.4140625 0.671875 0.4140625 0.5203125
0 0.4125 0.234375 0.2171875 0.234375 0.2171875 0.4046875 0.4125 0.4046875 0.4125 0.234375
0 0.271875 0.1109375 0.1703125 0.1109375 0.1703125 0.2359375 0.271875 0.2359375 0.271875 0.1109375
0 0.440625 0.0015625 0.2484375 0.0015625 0.2484375 0.1703125 0.440625 0.1703125 0.440625 0.0015625
0 0.2296875 0.0015625 0.18125 0.0015625 0.18125 0.0640625 0.2296875 0.0640625 0.2296875 0.0015625
0 0.7203125 0.940625 0.653125 0.940625 0.653125 1.0 0.7203125 1.0 0.7203125 0.940625
0 0.5203125 0.9375 0.4421875 0.9375 0.4421875 1.0 0.5203125 1.0 0.5203125 0.9375
0 0.9765625 0.79375 0.7171875 0.79375 0.7171875 1.0 0.9765625 1.0 0.9765625 0.79375
0 0.9234375 0.5609375 0.6265625 0.5609375 0.6265625 0.7359375 0.9234375 0.7359375 0.9234375 0.5609375
0 0.5140625 0.540625 0.4140625 0.540625 0.4140625 0.653125 0.5140625 0.653125 0.5140625 0.540625
0 0.5984375 0.0015625 0.4953125 0.0015625 0.4953125 0.121875 0.5984375 0.121875 0.5984375 0.0015625
0 1.0 0.559375 0.8703125 0.559375 0.8703125 0.7421875 1.0 0.7421875 1.0 0.559375
0 1.0 0.353125 0.8140625 0.353125 0.8140625 0.5703125 1.0 0.5703125 1.0 0.353125
0 0.26875 0.053125 0.159375 0.053125 0.159375 0.1515625 0.26875 0.1515625 0.26875 0.053125
0 0.9390625 0.4703125 0.784375 0.4703125 0.784375 0.60625 0.9390625 0.60625 0.9390625 0.4703125
0 0.525 0.5328125 0.3484375 0.5328125 0.3484375 0.9734375 0.525 0.9734375 0.525 0.5328125
0 0.746875 0.3109375 0.5921875 0.3109375 0.5921875 0.5515625 0.746875 0.5515625 0.746875 0.3109375
0 0.784375 0.1015625 0.5890625 0.1015625 0.5890625 0.2046875 0.784375 0.2046875 0.784375 0.1015625
0 1.0 0.0546875 0.8078125 0.0546875 0.8078125 0.1921875 1.0 0.1921875 1.0 0.0546875
0 0.79375 0.0328125 0.6609375 0.0328125 0.6609375 0.1640625 0.79375 0.1640625 0.79375 0.0328125
0 0.925 0.0015625 0.8296875 0.0015625 0.8296875 0.078125 0.925 0.078125 0.925 0.0015625
0 0.5859375 0.3984375 0.490625 0.3984375 0.490625 0.4921875 0.5859375 0.4921875 0.5859375 0.3984375
0 0.6828125 0.259375 0.496875 0.259375 0.496875 0.390625 0.6828125 0.390625 0.6828125 0.259375
0 1.0 0.0015625 0.85625 0.0015625 0.85625 0.11875 1.0 0.11875 1.0 0.0015625
0 0.5390625 0.98125 0.5125 0.98125 0.5125 1.0 0.5390625 1.0 0.5390625 0.98125
0 0.49375 0.85 0.3828125 0.85 0.3828125 0.95625 0.49375 0.95625 0.49375 0.85
0 0.2921875 0.6046875 0.13125 0.6046875 0.13125 0.821875 0.2921875 0.821875 0.2921875 0.6046875
0 0.121875 0.6625 0.0015625 0.6625 0.0015625 0.796875 0.121875 0.796875 0.121875 0.6625
0 0.071875 0.50625 0.0015625 0.50625 0.0015625 0.5578125 0.071875 0.5578125 0.071875 0.50625
0 0.1578125 0.309375 0.0015625 0.309375 0.0015625 0.49375 0.1578125 0.49375 0.1578125 0.309375
0 0.2109375 0.0015625 0.140625 0.0015625 0.140625 0.275 0.2109375 0.275 0.2109375 0.0015625
0 1.0 0.8859375 0.9328125 0.8859375 0.9328125 1.0 1.0 1.0 1.0 0.8859375
0 1.0 0.48125 0.8984375 0.48125 0.8984375 0.5765625 1.0 0.5765625 1.0 0.48125
0 0.3046875 0.853125 0.171875 0.853125 0.171875 0.9859375 0.3046875 0.9859375 0.3046875 0.853125
0 0.809375 0.6234375 0.659375 0.6234375 0.659375 0.8265625 0.809375 0.8265625 0.809375 0.6234375
0 0.4484375 0.4234375 0.3203125 0.4234375 0.3203125 0.546875 0.4484375 0.546875 0.4484375 0.4234375
0 0.7609375 0.409375 0.6140625 0.409375 0.6140625 0.5390625 0.7609375 0.5390625 0.7609375 0.409375
0 0.696875 0.19375 0.565625 0.19375 0.565625 0.4375 0.696875 0.4375 0.696875 0.19375
0 0.83125 0.05625 0.7015625 0.05625 0.7015625 0.15625 0.83125 0.15625 0.83125 0.05625
0 0.8921875 0.565625 0.775 0.565625 0.775 0.6609375 0.8921875 0.6609375 0.8921875 0.565625
0 0.8328125 0.1625 0.715625 0.1625 0.715625 0.28125 0.8328125 0.28125 0.8328125 0.1625
0 0.5359375 0.584375 0.4265625 0.584375 0.4265625 0.7484375 0.5359375 0.7484375 0.5359375 0.584375
0 0.1546875 0.459375 0.0015625 0.459375 0.0015625 0.7359375 0.1546875 0.7359375 0.1546875 0.459375
0 0.3546875 0.8359375 0.028125 0.8359375 0.028125 1.0 0.3546875 1.0 0.3546875 0.8359375
0 0.2140625 0.859375 0.065625 0.859375 0.065625 0.9609375 0.2140625 0.9609375 0.2140625 0.859375
0 0.0171875 0.546875 0.0015625 0.546875 0.0015625 0.59375 0.0171875 0.59375 0.0171875 0.546875
0 0.3484375 0.35 0.1625 0.35 0.1625 0.771875 0.3484375 0.771875 0.3484375 0.35
0 0.1 0.2140625 0.0015625 0.2140625 0.0015625 0.328125 0.1 0.328125 0.1 0.2140625
0 0.159375 0.0015625 0.1140625 0.0015625 0.1140625 0.265625 0.159375 0.265625 0.159375 0.0015625
0 0.76875 0.7140625 0.653125 0.7140625 0.653125 1.0 0.76875 1.0 0.76875 0.7140625
0 0.46875 0.9359375 0.378125 0.9359375 0.378125 1.0 0.46875 1.0 0.46875 0.9359375
0 0.6984375 0.2703125 0.446875 0.2703125 0.446875 1.0 0.6984375 1.0 0.6984375 0.2703125
0 0.6265625 0.015625 0.4578125 0.015625 0.4578125 0.2640625 0.6265625 0.2640625 0.6265625 0.015625
0 0.66875 0.0015625 0.584375 0.0015625 0.584375 0.1609375 0.66875 0.1609375 0.66875 0.0015625
