0 0.0625 0.475 0.0015625 0.475 0.0015625 0.6796875 0.0625 0.6796875 0.0625 0.475
0 0.034375 0.3765625 0.0015625 0.3765625 0.0015625 0.4765625 0.034375 0.4765625 0.034375 0.3765625
0 0.15 0.1078125 0.0015625 0.1078125 0.0015625 0.3015625 0.15 0.3015625 0.15 0.1078125
0 0.6984375 0.46875 0.6046875 0.46875 0.6046875 0.6125 0.6984375 0.6125 0.6984375 0.46875
0 0.5921875 0.253125 0.3625 0.253125 0.3625 0.64375 0.5921875 0.64375 0.5921875 0.253125
0 0.0703125 0.1265625 0.0015625 0.1265625 0.0015625 0.284375 0.0703125 0.284375 0.0703125 0.1265625
0 0.125 0.296875 0.0015625 0.296875 0.0015625 0.528125 0.125 0.528125 0.125 0.296875
0 0.0953125 0.0015625 0.0015625 0.0015625 0.0015625 0.11875 0.0953125 0.11875 0.0953125 0.0015625
0 0.728125 0.3875 0.571875 0.3875 0.571875 0.5984375 0.728125 0.5984375 0.728125 0.3875
0 0.3125 0.9578125 0.284375 0.9578125 0.284375 1.0 0.3125 1.0 0.3125 0.9578125
0 0.59375 0.7828125 0.33125 0.7828125 0.33125 1.0 0.59375 1.0 0.59375 0.7828125
0 0.3984375 0.7625 0.2421875 0.7625 0.2421875 0.9015625 0.3984375 0.9015625 0.3984375 0.7625
0 0.4421875 0.628125 0.328125 0.628125 0.328125 0.8046875 0.4421875 0.8046875 0.4421875 0.628125
0 0.4390625 0.396875 0.2984375 0.396875 0.2984375 0.615625 0.4390625 0.615625 0.4390625 0.396875
0 0.2875 0.3265625 0.19375 0.3265625 0.19375 0.4359375 0.2875 0.4359375 0.2875 0.3265625
0 0.8765625 0.0015625 0.4328125 0.0015625 0.4328125 0.365625 0.8765625 0.365625 0.8765625 0.0015625
0 0.7546875 0.890625 0.6609375 0.890625 0.6609375 1.0 0.7546875 1.0 0.7546875 0.890625
0 1.0 0.734375 0.9515625 0.734375 0.9515625 0.846875 1.0 0.846875 1.0 0.734375
0 0.5953125 0.534375 0.471875 0.534375 0.471875 0.64375 0.5953125 0.64375 0.5953125 0.534375
0 0.8890625 0.290625 0.78125 0.290625 0.78125 0.465625 0.8890625 0.465625 0.8890625 0.290625
0 0.7640625 0.30625 0.69375 0.30625 0.69375 0.4375 0.7640625 0.4375 0.7640625 0.30625
0 0.5890625 0.0015625 0.0015625 0.0015625 0.0015625 1.0 0.5890625 1.0 0.5890625 0.0015625
0 0.7765625 0.8984375 0.7171875 0.8984375 0.7171875 1.0 0.7765625 1.0 0.7765625 0.8984375
0 0.4 0.703125 0.225 0.703125 0.225 0.8296875 0.4 0.8296875 0.4 0.703125
0 0.11875 0.1859375 0.0015625 0.1859375 0.0015625 0.375 0.11875 0.375 0.11875 0.1859375
0 1.0 0.1875 0.54375 0.1875 0.54375 0.91875 1.0 0.91875 1.0 0.1875
0 1.0 0.6625 0.928125 0.6625 0.928125 0.8328125 1.0 0.8328125 1.0 0.6625
0 0.9953125 0.0015625 0.865625 0.0015625 0.865625 0.23125 0.9953125 0.23125 0.9953125 0.0015625
