0 0.234375 0.94375 0.178125 0.94375 0.178125 1.0 0.234375 1.0 0.234375 0.94375
0 0.996875 0.0015625 0.86875 0.0015625 0.86875 0.1515625 0.996875 0.1515625 0.996875 0.0015625
0 0.38125 0.0015625 0.2828125 0.0015625 0.2828125 0.084375 0.38125 0.084375 0.38125 0.0015625
0 0.7328125 0.80625 0.6390625 0.80625 0.6390625 0.9828125 0.7328125 0.9828125 0.7328125 0.80625
0 0.478125 0.8 0.3828125 0.8 0.3828125 0.9671875 0.478125 0.9671875 0.478125 0.8
0 0.5578125 0.7046875 0.4890625 0.7046875 0.4890625 0.9921875 0.5578125 0.9921875 0.5578125 0.7046875
0 0.0671875 0.0015625 0.0578125 0.0015625 0.0578125 0.003125 0.0671875 0.003125 0.0671875 0.0015625
0 0.0828125 0.94375 0.0015625 0.94375 0.0015625 1.0 0.0828125 1.0 0.0828125 0.94375
0 0.125 0.4421875 0.0453125 0.4421875 0.0453125 0.584375 0.125 0.584375 0.125 0.4421875
0 0.48125 0.99375 0.45625 0.99375 0.45625 1.0 0.48125 1.0 0.48125 0.99375
0 0.80625 0.8515625 0.6921875 0.8515625 0.6921875 1.0 0.80625 1.0 0.80625 0.8515625
0 0.653125 0.903125 0.590625 0.903125 0.590625 1.0 0.653125 1.0 0.653125 0.903125
0 0.6328125 0.7515625 0.5453125 0.7515625 0.5453125 0.8953125 0.6328125 0.8953125 0.6328125 0.7515625
0 0.89375 0.0015625 0.0015625 0.0015625 0.0015625 1.0 0.89375 1.0 0.89375 0.0015625
0 1.0 0.4453125 0.7546875 0.4453125 0.7546875 0.6734375 1.0 0.6734375 1.0 0.4453125
