0 0.3921875 0.6078125 0.246875 0.6078125 0.246875 0.9296875 0.3921875 0.9296875 0.3921875 0.6078125
0 0.24375 0.2328125 0.15625 0.2328125 0.15625 0.3546875 0.24375 0.3546875 0.24375 0.2328125
0 0.2 0.0015625 0.1328125 0.0015625 0.1328125 0.1828125 0.2 0.1828125 0.2 0.0015625
0 0.9203125 0.7546875 0.8328125 0.7546875 0.8328125 0.9203125 0.9203125 0.9203125 0.9203125 0.7546875
0 1.0 0.7328125 0.9359375 0.7328125 0.9359375 0.878125 1.0 0.878125 1.0 0.7328125
0 0.3078125 0.1609375 0.1046875 0.1609375 0.1046875 0.5890625 0.3078125 0.5890625 0.3078125 0.1609375
0 0.09375 0.0015625 0.0171875 0.0015625 0.0171875 0.1375 0.09375 0.1375 0.09375 0.0015625
0 0.91875 0.41875 0.5046875 0.41875 0.5046875 1.0 0.91875 1.0 0.91875 0.41875
0 0.3875 0.565625 0.171875 0.565625 0.171875 0.865625 0.3875 0.865625 0.3875 0.565625
0 1.0 0.8203125 0.871875 0.8203125 0.871875 1.0 1.0 1.0 1.0 0.8203125
0 0.990625 0.0015625 0.9484375 0.0015625 0.9484375 0.0203125 0.990625 0.0203125 0.990625 0.0015625
0 0.953125 0.0015625 0.0015625 0.0015625 0.0015625 1.0 0.953125 1.0 0.953125 0.0015625
0 0.334375 0.725 0.23125 0.725 0.23125 0.871875 0.334375 0.871875 0.334375 0.725
0 0.709375 0.6625 0.434375 0.6625 0.434375 1.0 0.709375 1.0 0.709375 0.6625
0 0.55 0.35 0.4265625 0.35 0.4265625 0.61875 0.55 0.61875 0.55 0.35
0 1.0 0.328125 0.7765625 0.328125 0.7765625 0.990625 1.0 0.990625 1.0 0.328125
0 0.859375 0.94375 0.7890625 0.94375 0.7890625 1.0 0.859375 1.0 0.859375 0.94375
0 0.765625 0.5015625 0.6421875 0.5015625 0.6421875 0.7625 0.765625 0.7625 0.765625 0.5015625
0 1.0 0.0359375 0.9140625 0.0359375 0.9140625 0.1265625 1.0 0.1265625 1.0 0.0359375
