0 0.840625 0.0015625 0.76875 0.0015625 0.76875 0.075 0.840625 0.075 0.840625 0.0015625
0 0.96875 0.884375 0.8765625 0.884375 0.8765625 1.0 0.96875 1.0 0.96875 0.884375
0 0.103125 0.86875 0.0328125 0.86875 0.0328125 1.0 0.103125 1.0 0.103125 0.86875
0 0.0125 0.0765625 0.0015625 0.0765625 0.0015625 0.1171875 0.0125 0.1171875 0.0125 0.0765625
0 0.6953125 0.7375 0.590625 0.7375 0.590625 1.0 0.6953125 1.0 0.6953125 0.7375
0 0.40625 0.0015625 0.0015625 0.0015625 0.0015625 1.0 0.40625 1.0 0.40625 0.0015625
0 0.384375 0.9359375 0.3140625 0.9359375 0.3140625 1.0 0.384375 1.0 0.384375 0.9359375
0 0.4046875 0.0015625 0.0375 0.0015625 0.0375 0.7234375 0.4046875 0.7234375 0.4046875 0.0015625
0 0.528125 0.7578125 0.459375 0.7578125 0.459375 0.928125 0.528125 0.928125 0.528125 0.7578125
0 0.678125 0.503125 0.5265625 0.503125 0.5265625 0.8390625 0.678125 0.8390625 0.678125 0.503125
0 0.6875 0.3921875 0.553125 0.3921875 0.553125 0.5796875 0.6875 0.5796875 0.6875 0.3921875
0 0.6875 0.2109375 0.4609375 0.2109375 0.4609375 0.3625 0.6875 0.3625 0.6875 0.2109375
0 0.55625 0.00625 0.434375 0.00625 0.434375 0.190625 0.55625 0.190625 0.55625 0.00625
0 0.69375 0.0015625 0.621875 0.0015625 0.621875 0.2546875 0.69375 0.2546875 0.69375 0.0015625
0 1.0 0.0015625 0.9078125 0.0015625 0.9078125 0.1890625 1.0 0.1890625 1.0 0.0015625
0 0.3640625 0.2375 0.240625 0.2375 0.240625 0.5046875 0.3640625 0.5046875 0.3640625 0.2375
0 0.196875 0.134375 0.1484375 0.134375 0.1484375 0.4328125 0.196875 0.4328125 0.196875 0.134375
