0 1.0 0.1546875 0.9078125 0.1546875 0.9078125 0.2875 1.0 0.2875 1.0 0.1546875
0 0.421875 0.1171875 0.2203125 0.1171875 0.2203125 0.2296875 0.421875 0.2296875 0.421875 0.1171875
0 0.375 0.0015625 0.2953125 0.0015625 0.2953125 0.0984375 0.375 0.0984375 0.375 0.0015625
0 0.05 0.0890625 0.0015625 0.0890625 0.0015625 0.2578125 0.05 0.2578125 0.05 0.0890625
0 0.19375 0.0015625 0.0828125 0.0015625 0.0828125 0.146875 0.19375 0.146875 0.19375 0.0015625
0 0.053125 0.0015625 0.0015625 0.0015625 0.0015625 0.0953125 0.053125 0.0953125 0.053125 0.0015625
0 0.3703125 0.0015625 0.253125 0.0015625 0.253125 0.1296875 0.3703125 0.1296875 0.3703125 0.0015625
0 0.434375 0.0015625 0.3125 0.0015625 0.3125 0.0734375 0.434375 0.0734375 0.434375 0.0015625
0 0.01875 0.25 0.0015625 0.25 0.0015625 0.2875 0.01875 0.2875 0.01875 0.25
0 0.1234375 0.0015625 0.034375 0.0015625 0.034375 0.14375 0.1234375 0.14375 0.1234375 0.0015625
0 0.2515625 0.0015625 0.1421875 0.0015625 0.1421875 0.05 0.2515625 0.05 0.2515625 0.0015625
0 0.909375 0.0546875 0.79375 0.0546875 0.79375 0.1578125 0.909375 0.1578125 0.909375 0.0546875
0 0.7625 0.9203125 0.49375 0.9203125 0.49375 1.0 0.7625 1.0 0.7625 0.9203125
0 0.1734375 0.584375 0.075 0.584375 0.075 0.8109375 0.1734375 0.8109375 0.1734375 0.584375
0 0.7046875 0.603125 0.515625 0.603125 0.515625 0.8953125 0.7046875 0.8953125 0.7046875 0.603125
0 0.128125 0.14375 0.01875 0.14375 0.01875 0.2640625 0.128125 0.2640625 0.128125 0.14375
0 0.1109375 0.5875 0.0015625 0.5875 0.0015625 0.8 0.1109375 0.8 0.1109375 0.5875
0 0.2875 0.96875 0.253125 0.96875 0.253125 1.0 0.2875 1.0 0.2875 0.96875
0 0.090625 0.6703125 0.0015625 0.6703125 0.0015625 0.9546875 0.090625 0.9546875 0.090625 0.6703125
0 0.01875 0.44375 0.0015625 0.44375 0.0015625 0.4890625 0.01875 0.4890625 0.01875 0.44375
0 0.396875 0.9890625 0.359375 0.9890625 0.359375 1.0 0.396875 1.0 0.396875 0.9890625
0 0.646875 0.8953125 0.4625 0.8953125 0.4625 1.0 0.646875 1.0 0.646875 0.8953125
0 0.528125 0.5125 0.415625 0.5125 0.415625 0.7296875 0.528125 0.7296875 0.528125 0.5125
0 0.1515625 0.86875 0.0453125 0.86875 0.0453125 1.0 0.1515625 1.0 0.1515625 0.86875
0 0.51875 0.0015625 0.3625 0.0015625 0.3625 0.1390625 0.51875 0.1390625 0.51875 0.0015625
0 0.278125 0.809375 0.0625 0.809375 0.0625 0.975 0.278125 0.975 0.278125 0.809375
0 0.2390625 0.290625 0.0109375 0.290625 0.0109375 0.771875 0.2390625 0.771875 0.2390625 0.290625
0 0.1328125 0.490625 0.0015625 0.490625 0.0015625 0.6765625 0.1328125 0.6765625 0.1328125 0.490625
0 0.3203125 0.2 0.1546875 0.2 0.1546875 0.4 0.3203125 0.4 0.3203125 0.2
0 0.609375 0.0015625 0.3828125 0.0015625 0.3828125 0.2328125 0.609375 0.2328125 0.609375 0.0015625
0 0.8515625 0.6078125 0.684375 0.6078125 0.684375 0.9109375 0.8515625 0.9109375 0.8515625 0.6078125
0 0.0859375 0.9328125 0.015625 0.9328125 0.015625 1.0 0.0859375 1.0 0.0859375 0.9328125
0 0.228125 0.9078125 0.1421875 0.9078125 0.1421875 1.0 0.228125 1.0 0.228125 0.9078125
0 0.5265625 0.4671875 0.08125 0.4671875 0.08125 0.990625 0.5265625 0.990625 0.5265625 0.4671875
0 0.7625 0.5578125 0.63125 0.5578125 0.63125 0.7015625 0.7625 0.7015625 0.7625 0.5578125
0 0.628125 0.4375 0.55625 0.4375 0.55625 0.5875 0.628125 0.5875 0.628125 0.4375
0 0.26875 0.4296875 0.1625 0.4296875 0.1625 0.5859375 0.26875 0.5859375 0.26875 0.4296875
0 0.8125 0.365625 0.7265625 0.365625 0.7265625 0.4734375 0.8125 0.4734375 0.8125 0.365625
0 0.553125 0.184375 0.5015625 0.184375 0.5015625 0.3578125 0.553125 0.3578125 0.553125 0.184375
0 0.975 0.95625 0.8078125 0.95625 0.8078125 1.0 0.975 1.0 0.975 0.95625
0 0.9796875 0.75625 0.7125 0.75625 0.7125 0.9375 0.9796875 0.9375 0.9796875 0.75625
0 0.91875 0.540625 0.778125 0.540625 0.778125 0.790625 0.91875 0.790625 0.91875 0.540625
0 0.4828125 0.9203125 0.3984375 0.9203125 0.3984375 1.0 0.4828125 1.0 0.4828125 0.9203125
0 0.25625 0.9609375 0.2109375 0.9609375 0.2109375 1.0 0.25625 1.0 0.25625 0.9609375
0 0.378125 0.9390625 0.2703125 0.9390625 0.2703125 1.0 0.378125 1.0 0.378125 0.9390625
0 0.653125 0.628125 0.4640625 0.628125 0.4640625 0.9171875 0.653125 0.9171875 0.653125 0.628125
0 0.78125 0.6796875 0.628125 0.6796875 0.628125 0.89375 0.78125 0.89375 0.78125 0.6796875
0 0.228125 0.2328125 0.134375 0.2328125 0.134375 0.525 0.228125 0.525 0.228125 0.2328125
0 0.4046875 0.2796875 0.2140625 0.2796875 0.2140625 0.3984375 0.4046875 0.3984375 0.4046875 0.2796875
0 0.13125 0.0015625 0.0015625 0.0015625 0.0015625 0.196875 0.13125 0.196875 0.13125 0.0015625
0 0.99375 0.0015625 0.940625 0.0015625 0.940625 0.0203125 0.99375 0.0203125 0.99375 0.0015625
0 0.8 0.0015625 0.753125 0.0015625 0.753125 0.01875 0.8 0.01875 0.8 0.0015625
0 0.0109375 0.7921875 0.0015625 0.7921875 0.0015625 0.8109375 0.0109375 0.8109375 0.0109375 0.7921875
0 0.328125 0.5234375 0.16875 0.5234375 0.16875 0.8171875 0.328125 0.8171875 0.328125 0.5234375
0 0.0890625 0.328125 0.0015625 0.328125 0.0015625 0.4546875 0.0890625 0.4546875 0.0890625 0.328125
0 0.5203125 0.0765625 0.109375 0.0765625 0.109375 0.5109375 0.5203125 0.5109375 0.5203125 0.0765625
0 1.0 0.0015625 0.4859375 0.0015625 0.4859375 1.0 1.0 1.0 1.0 0.0015625
0 0.53125 0.721875 0.3953125 0.721875 0.3953125 0.9515625 0.53125 0.9515625 0.53125 0.721875
0 0.7921875 0.534375 0.5109375 0.534375 0.5109375 0.6265625 0.7921875 0.6265625 0.7921875 0.534375
0 0.93125 0.365625 0.8390625 0.365625 0.8390625 0.565625 0.93125 0.565625 0.93125 0.365625
