0 0.2421875 0.89375 0.159375 0.89375 0.159375 1.0 0.2421875 1.0 0.2421875 0.89375
0 0.4328125 0.559375 0.3015625 0.559375 0.3015625 0.6671875 0.4328125 0.6671875 0.4328125 0.559375
0 1.0 0.9828125 0.846875 0.9828125 0.846875 1.0 1.0 1.0 1.0 0.9828125
0 1.0 0.8265625 0.940625 0.8265625 0.940625 0.9703125 1.0 0.9703125 1.0 0.8265625
0 0.284375 0.8296875 0.1921875 0.8296875 0.1921875 0.940625 0.284375 0.940625 0.284375 0.8296875
0 0.0140625 0.35 0.0015625 0.35 0.0015625 0.396875 0.0140625 0.396875 0.0140625 0.35
0 0.3625 0.9328125 0.2125 0.9328125 0.2125 1.0 0.3625 1.0 0.3625 0.9328125
0 1.0 0.7546875 0.8203125 0.7546875 0.8203125 1.0 1.0 1.0 1.0 0.7546875
0 0.3609375 0.584375 0.140625 0.584375 0.140625 1.0 0.3609375 1.0 0.3609375 0.584375
0 0.2296875 0.4890625 0.1 0.4890625 0.1 0.8 0.2296875 0.8 0.2296875 0.4890625
0 1.0 0.971875 0.984375 0.971875 0.984375 0.99375 1.0 0.99375 1.0 0.971875
0 0.090625 0.5875 0.0015625 0.5875 0.0015625 1.0 0.090625 1.0 0.090625 0.5875
0 1.0 0.31875 0.3109375 0.31875 0.3109375 1.0 1.0 1.0 1.0 0.31875
0 1.0 0.428125 0.975 0.428125 0.975 0.45625 1.0 0.45625 1.0 0.428125
0 0.315625 0.5234375 0.075 0.5234375 0.075 1.0 0.315625 1.0 0.315625 0.5234375
0 0.009375 0.396875 0.0015625 0.396875 0.0015625 0.434375 0.009375 0.434375 0.009375 0.396875
0 0.459375 0.5234375 0.2328125 0.5234375 0.2328125 0.984375 0.459375 0.984375 0.459375 0.5234375
0 0.8171875 0.39375 0.49375 0.39375 0.49375 1.0 0.8171875 1.0 0.8171875 0.39375
0 0.96875 0.790625 0.8671875 0.790625 0.8671875 0.9171875 0.96875 0.9171875 0.96875 0.790625
