0 0.640625 0.89375 0.5359375 0.89375 0.5359375 1.0 0.640625 1.0 0.640625 0.89375
0 0.34375 0.740625 0.203125 0.740625 0.203125 0.9671875 0.34375 0.9671875 0.34375 0.740625
0 0.603125 0.0015625 0.571875 0.0015625 0.571875 0.025 0.603125 0.025 0.603125 0.0015625
0 0.759375 0.8734375 0.7125 0.8734375 0.7125 1.0 0.759375 1.0 0.759375 0.8734375
0 0.690625 0.9125 0.584375 0.9125 0.584375 1.0 0.690625 1.0 0.690625 0.9125
0 0.83125 0.125 0.7328125 0.125 0.7328125 0.321875 0.83125 0.321875 0.83125 0.125
0 0.5984375 0.46875 0.5125 0.46875 0.5125 0.659375 0.5984375 0.659375 0.5984375 0.46875
0 0.109375 0.0671875 0.0015625 0.0671875 0.0015625 0.5734375 0.109375 0.5734375 0.109375 0.0671875
0 0.2828125 0.5953125 0.1421875 0.5953125 0.1421875 0.76875 0.2828125 0.76875 0.2828125 0.5953125
0 0.6859375 0.0359375 0.61875 0.0359375 0.61875 0.31875 0.6859375 0.31875 0.6859375 0.0359375
0 0.1578125 0.0515625 0.0953125 0.0515625 0.0953125 0.2359375 0.1578125 0.2359375 0.1578125 0.0515625
0 0.6421875 0.1796875 0.55 0.1796875 0.55 0.3625 0.6421875 0.3625 0.6421875 0.1796875
0 0.8734375 0.0015625 0.740625 0.0015625 0.740625 0.1234375 0.8734375 0.1234375 0.8734375 0.0015625
0 0.4125 0.7 0.296875 0.7 0.296875 0.8375 0.4125 0.8375 0.4125 0.7
0 0.35 0.3828125 0.190625 0.3828125 0.190625 0.6125 0.35 0.6125 0.35 0.3828125
0 0.8796875 0.271875 0.8203125 0.271875 0.8203125 0.515625 0.8796875 0.515625 0.8796875 0.271875
0 0.96875 0.7125 0.8609375 0.7125 0.8609375 0.88125 0.96875 0.88125 0.96875 0.7125
0 0.29375 0.8484375 0.2125 0.8484375 0.2125 1.0 0.29375 1.0 0.29375 0.8484375
0 0.634375 0.0015625 0.5890625 0.0015625 0.5890625 0.0703125 0.634375 0.0703125 0.634375 0.0015625
0 0.8390625 0.0078125 0.728125 0.0078125 0.728125 0.159375 0.8390625 0.159375 0.8390625 0.0078125
0 0.3125 0.3015625 0.1546875 0.3015625 0.1546875 0.48125 0.3125 0.48125 0.3125 0.3015625
0 0.56875 0.125 0.4875 0.125 0.4875 0.3203125 0.56875 0.3203125 0.56875 0.125
0 0.9390625 0.7640625 0.7640625 0.7640625 0.7640625 0.984375 0.9390625 0.984375 0.9390625 0.7640625
0 1.0 0.678125 0.93125 0.678125 0.93125 0.8734375 1.0 0.8734375 1.0 0.678125
0 0.2078125 0.66875 0.1125 0.66875 0.1125 0.8796875 0.2078125 0.8796875 0.2078125 0.66875
0 0.659375 0.49375 0.5625 0.49375 0.5625 0.7796875 0.659375 0.7796875 0.659375 0.49375
0 0.94375 0.3453125 0.859375 0.3453125 0.859375 0.6453125 0.94375 0.6453125 0.94375 0.3453125
0 0.4671875 0.221875 0.3828125 0.221875 0.3828125 0.4015625 0.4671875 0.4015625 0.4671875 0.221875
0 0.928125 0.0015625 0.83125 0.0015625 0.83125 0.153125 0.928125 0.153125 0.928125 0.0015625
0 0.8328125 0.3171875 0.646875 0.3171875 0.646875 0.7328125 0.8328125 0.7328125 0.8328125 0.3171875
0 1.0 0.053125 0.9640625 0.053125 0.9640625 0.1328125 1.0 0.1328125 1.0 0.053125
0 0.421875 0.1796875 0.3484375 0.1796875 0.3484375 0.35 0.421875 0.35 0.421875 0.1796875
0 0.84375 0.70625 0.6375 0.70625 0.6375 0.90625 0.84375 0.90625 0.84375 0.70625
0 0.8953125 0.696875 0.809375 0.696875 0.809375 0.83125 0.8953125 0.83125 0.8953125 0.696875
0 0.559375 0.0015625 0.53125 0.0015625 0.53125 0.0203125 0.559375 0.0203125 0.559375 0.0015625
0 1.0 0.396875 0.9609375 0.396875 0.9609375 0.659375 1.0 0.659375 1.0 0.396875
0 0.6890625 0.0015625 0.6390625 0.0015625 0.6390625 0.0859375 0.6890625 0.0859375 0.6890625 0.0015625
0 0.4453125 0.3640625 0.39375 0.3640625 0.39375 0.5 0.4453125 0.5 0.4453125 0.3640625
0 0.8515625 0.2171875 0.7703125 0.2171875 0.7703125 0.365625 0.8515625 0.365625 0.8515625 0.2171875
0 0.93125 0.8578125 0.734375 0.8578125 0.734375 1.0 0.93125 1.0 0.93125 0.8578125
0 0.1578125 0.0015625 0.0015625 0.0015625 0.0015625 0.1453125 0.1578125 0.1453125 0.1578125 0.0015625
0 0.4765625 0.53125 0.3765625 0.53125 0.3765625 0.7125 0.4765625 0.7125 0.4765625 0.53125
0 0.4015625 0.3078125 0.3140625 0.3078125 0.3140625 0.4984375 0.4015625 0.4984375 0.4015625 0.3078125
0 0.33125 0.0015625 0.2203125 0.0015625 0.2203125 0.1109375 0.33125 0.1109375 0.33125 0.0015625
0 0.040625 0.978125 0.015625 0.978125 0.015625 1.0 0.040625 1.0 0.040625 0.978125
0 0.1421875 0.625 0.0015625 0.625 0.0015625 0.9484375 0.1421875 0.9484375 0.1421875 0.625
0 0.60625 0.6265625 0.4078125 0.6265625 0.4078125 0.9984375 0.60625 0.9984375 0.60625 0.6265625
0 0.1015625 0.503125 0.0015625 0.503125 0.0015625 0.6453125 0.1015625 0.6453125 0.1015625 0.503125
0 0.7015625 0.9015625 0.6015625 0.9015625 0.6015625 1.0 0.7015625 1.0 0.7015625 0.9015625
0 0.678125 0.0015625 0.575 0.0015625 0.575 0.16875 0.678125 0.16875 0.678125 0.0015625
0 0.3859375 0.85 0.1828125 0.85 0.1828125 1.0 0.3859375 1.0 0.3859375 0.85
0 0.1640625 0.5171875 0.0015625 0.5171875 0.0015625 0.8296875 0.1640625 0.8296875 0.1640625 0.5171875
0 0.371875 0.0015625 0.2890625 0.0015625 0.2890625 0.34375 0.371875 0.34375 0.371875 0.0015625
0 0.56875 0.325 0.421875 0.325 0.421875 0.6265625 0.56875 0.6265625 0.56875 0.325
0 0.8046875 0.05625 0.7125 0.05625 0.7125 0.609375 0.8046875 0.609375 0.8046875 0.05625
0 1.0 0.0015625 0.9109375 0.0015625 0.9109375 0.14375 1.0 0.14375 1.0 0.0015625
0 0.778125 0.7125 0.5515625 0.7125 0.5515625 1.0 0.778125 1.0 0.778125 0.7125
0 0.81875 0.546875 0.634375 0.546875 0.634375 0.7984375 0.81875 0.7984375 0.81875 0.546875
0 0.7078125 0.240625 0.434375 0.240625 0.434375 0.6046875 0.7078125 0.6046875 0.7078125 0.240625
0 0.60625 0.0015625 0.475 0.0015625 0.475 0.1578125 0.60625 0.1578125 0.60625 0.0015625
0 1.0 0.128125 0.834375 0.128125 0.834375 0.4296875 1.0 0.4296875 1.0 0.128125
0 1.0 0.3859375 0.8921875 0.3859375 0.8921875 0.6859375 1.0 0.6859375 1.0 0.3859375
0 0.8625 0.3203125 0.7265625 0.3203125 0.7265625 0.596875 0.8625 0.596875 0.8625 0.3203125
