0 0.8484375 0.0015625 0.790625 0.0015625 0.790625 0.028125 0.8484375 0.028125 0.8484375 0.0015625
0 1.0 0.83125 0.984375 0.83125 0.984375 0.8484375 1.0 0.8484375 1.0 0.83125
0 1.0 0.3421875 0.9328125 0.3421875 0.9328125 0.528125 1.0 0.528125 1.0 0.3421875
0 0.621875 0.0015625 0.546875 0.0015625 0.546875 0.253125 0.621875 0.253125 0.621875 0.0015625
0 0.725 0.5953125 0.5703125 0.5953125 0.5703125 0.68125 0.725 0.68125 0.725 0.5953125
0 0.70625 0.4296875 0.6390625 0.4296875 0.6390625 0.5671875 0.70625 0.5671875 0.70625 0.4296875
0 0.278125 0.6734375 0.0375 0.6734375 0.0375 1.0 0.278125 1.0 0.278125 0.6734375
0 1.0 0.65625 0.78125 0.65625 0.78125 1.0 1.0 1.0 1.0 0.65625
0 0.9578125 0.2734375 0.6 0.2734375 0.6 0.4796875 0.9578125 0.4796875 0.9578125 0.2734375
0 0.9390625 0.1796875 0.78125 0.1796875 0.78125 0.2875 0.9390625 0.2875 0.9390625 0.1796875
0 0.940625 0.0015625 0.7171875 0.0015625 0.7171875 0.153125 0.940625 0.153125 0.940625 0.0015625
0 1.0 0.6234375 0.825 0.6234375 0.825 0.825 1.0 0.825 1.0 0.6234375
0 1.0 0.365625 0.9078125 0.365625 0.9078125 0.6 1.0 0.6 1.0 0.365625
0 0.2765625 0.4171875 0.0015625 0.4171875 0.0015625 0.646875 0.2765625 0.646875 0.2765625 0.4171875
0 0.8890625 0.09375 0.3625 0.09375 0.3625 0.596875 0.8890625 0.596875 0.8890625 0.09375
0 0.803125 0.0015625 0.5671875 0.0015625 0.5671875 0.2859375 0.803125 0.2859375 0.803125 0.0015625
0 0.93125 0.084375 0.759375 0.084375 0.759375 0.1765625 0.93125 0.1765625 0.93125 0.084375
0 0.6484375 0.4671875 0.559375 0.4671875 0.559375 0.6265625 0.6484375 0.6265625 0.6484375 0.4671875
0 0.7703125 0.996875 0.759375 0.996875 0.759375 1.0 0.7703125 1.0 0.7703125 0.996875
0 0.8546875 0.4 0.734375 0.4 0.734375 0.5390625 0.8546875 0.5390625 0.8546875 0.4
0 0.0359375 0.66875 0.0015625 0.66875 0.0015625 0.7984375 0.0359375 0.7984375 0.0359375 0.66875
0 0.128125 0.0015625 0.0015625 0.0015625 0.0015625 0.1953125 0.128125 0.1953125 0.128125 0.0015625
0 0.459375 0.771875 0.09375 0.771875 0.09375 1.0 0.459375 1.0 0.459375 0.771875
0 0.2859375 0.575 0.0890625 0.575 0.0890625 0.7859375 0.2859375 0.7859375 0.2859375 0.575
0 0.490625 0.0375 0.371875 0.0375 0.371875 0.1640625 0.490625 0.1640625 0.490625 0.0375
0 0.9203125 0.409375 0.0015625 0.409375 0.0015625 1.0 0.9203125 1.0 0.9203125 0.409375
0 1.0 0.0015625 0.928125 0.0015625 0.928125 0.54375 1.0 0.54375 1.0 0.0015625
0 1.0 0.828125 0.9328125 0.828125 0.9328125 0.9234375 1.0 0.9234375 1.0 0.828125
