0 0.9734375 0.0765625 0.915625 0.0765625 0.915625 0.3578125 0.9734375 0.3578125 0.9734375 0.0765625
0 0.9671875 0.984375 0.9125 0.984375 0.9125 1.0 0.9671875 1.0 0.9671875 0.984375
0 0.821875 0.7421875 0.6515625 0.7421875 0.6515625 0.9796875 0.821875 0.9796875 0.821875 0.7421875
0 0.75625 0.528125 0.628125 0.528125 0.628125 0.653125 0.75625 0.653125 0.75625 0.528125
0 0.38125 0.246875 0.2515625 0.246875 0.2515625 0.3359375 0.38125 0.3359375 0.38125 0.246875
0 0.61875 0.271875 0.509375 0.271875 0.509375 0.446875 0.61875 0.446875 0.61875 0.271875
0 0.4140625 0.3125 0.30625 0.3125 0.30625 0.4578125 0.4140625 0.4578125 0.4140625 0.3125
0 0.6703125 0.0015625 0.6453125 0.0015625 0.6453125 0.0484375 0.6703125 0.0484375 0.6703125 0.0015625
0 0.8171875 0.7796875 0.365625 0.7796875 0.365625 1.0 0.8171875 1.0 0.8171875 0.7796875
0 0.5375 0.5359375 0.3546875 0.5359375 0.3546875 0.85625 0.5375 0.85625 0.5375 0.5359375
0 0.6734375 0.6640625 0.5125 0.6640625 0.5125 0.83125 0.6734375 0.83125 0.6734375 0.6640625
0 0.4640625 0.4296875 0.271875 0.4296875 0.271875 0.6296875 0.4640625 0.6296875 0.4640625 0.4296875
0 0.434375 0.2171875 0.2515625 0.2171875 0.2515625 0.3109375 0.434375 0.3109375 0.434375 0.2171875
0 0.83125 0.61875 0.7 0.61875 0.7 0.7421875 0.83125 0.7421875 0.83125 0.61875
0 0.365625 0.0015625 0.296875 0.0015625 0.296875 0.0984375 0.365625 0.0984375 0.365625 0.0015625
0 0.4890625 0.975 0.45625 0.975 0.45625 1.0 0.4890625 1.0 0.4890625 0.975
0 0.7421875 0.971875 0.6359375 0.971875 0.6359375 1.0 0.7421875 1.0 0.7421875 0.971875
0 0.4390625 0.8890625 0.328125 0.8890625 0.328125 1.0 0.4390625 1.0 0.4390625 0.8890625
0 0.315625 0.51875 0.2140625 0.51875 0.2140625 0.6828125 0.315625 0.6828125 0.315625 0.51875
0 0.6421875 0.5140625 0.534375 0.5140625 0.534375 0.6625 0.6421875 0.6625 0.6421875 0.5140625
0 0.890625 0.275 0.74375 0.275 0.74375 0.5078125 0.890625 0.5078125 0.890625 0.275
0 0.3765625 0.215625 0.190625 0.215625 0.190625 0.4109375 0.3765625 0.4109375 0.3765625 0.215625
0 0.4390625 0.2546875 0.384375 0.2546875 0.384375 0.4078125 0.4390625 0.4078125 0.4390625 0.2546875
0 0.4390625 0.1109375 0.246875 0.1109375 0.246875 0.278125 0.4390625 0.278125 0.4390625 0.1109375
0 1.0 0.159375 0.9546875 0.159375 0.9546875 0.2125 1.0 0.2125 1.0 0.159375
0 0.3015625 0.071875 0.171875 0.071875 0.171875 0.1890625 0.3015625 0.1890625 0.3015625 0.071875
0 0.8890625 0.0015625 0.715625 0.0015625 0.715625 0.165625 0.8890625 0.165625 0.8890625 0.0015625
0 0.525 0.0015625 0.428125 0.0015625 0.428125 0.05625 0.525 0.05625 0.525 0.0015625
0 0.728125 0.63125 0.4625 0.63125 0.4625 1.0 0.728125 1.0 0.728125 0.63125
0 0.8421875 0.8546875 0.746875 0.8546875 0.746875 0.9625 0.8421875 0.9625 0.8421875 0.8546875
0 0.571875 0.4046875 0.3328125 0.4046875 0.3328125 0.7515625 0.571875 0.7515625 0.571875 0.4046875
0 0.8 0.3453125 0.6578125 0.3453125 0.6578125 0.4671875 0.8 0.4671875 0.8 0.3453125
0 0.3703125 0.0015625 0.2546875 0.0015625 0.2546875 0.125 0.3703125 0.125 0.3703125 0.0015625
0 0.6765625 0.0171875 0.4859375 0.0171875 0.4859375 0.1296875 0.6765625 0.1296875 0.6765625 0.0171875
0 0.978125 0.675 0.8953125 0.675 0.8953125 0.784375 0.978125 0.784375 0.978125 0.675
0 0.8890625 0.1515625 0.7890625 0.1515625 0.7890625 0.265625 0.8890625 0.265625 0.8890625 0.1515625
0 0.353125 0.5109375 0.265625 0.5109375 0.265625 0.6546875 0.353125 0.6546875 0.353125 0.5109375
0 0.384375 0.0015625 0.2359375 0.0015625 0.2359375 0.1828125 0.384375 0.1828125 0.384375 0.0015625
0 0.8453125 0.4875 0.6859375 0.4875 0.6859375 0.646875 0.8453125 0.646875 0.8453125 0.4875
0 1.0 0.371875 0.9765625 0.371875 0.9765625 0.4390625 1.0 0.4390625 1.0 0.371875
0 1.0 0.159375 0.9296875 0.159375 0.9296875 0.321875 1.0 0.321875 1.0 0.159375
0 0.890625 0.1140625 0.6109375 0.1140625 0.6109375 0.2953125 0.890625 0.2953125 0.890625 0.1140625
0 0.890625 0.0828125 0.753125 0.0828125 0.753125 0.2046875 0.890625 0.2046875 0.890625 0.0828125
0 1.0 0.6578125 0.9640625 0.6578125 0.9640625 0.76875 1.0 0.76875 1.0 0.6578125
0 1.0 0.4921875 0.9140625 0.4921875 0.9140625 0.5703125 1.0 0.5703125 1.0 0.4921875
0 0.4578125 0.959375 0.3453125 0.959375 0.3453125 1.0 0.4578125 1.0 0.4578125 0.959375
0 0.396875 0.396875 0.2578125 0.396875 0.2578125 0.5421875 0.396875 0.5421875 0.396875 0.396875
0 0.4703125 0.3984375 0.403125 0.3984375 0.403125 0.54375 0.4703125 0.54375 0.4703125 0.3984375
0 0.2609375 0.0015625 0.21875 0.0015625 0.21875 0.0796875 0.2609375 0.0796875 0.2609375 0.0015625
0 0.9203125 0.8359375 0.8671875 0.8359375 0.8671875 1.0 0.9203125 1.0 0.9203125 0.8359375
0 0.73125 0.21875 0.6171875 0.21875 0.6171875 0.4046875 0.73125 0.4046875 0.73125 0.21875
0 0.0171875 0.41875 0.0015625 0.41875 0.0015625 0.5953125 0.0171875 0.5953125 0.0171875 0.41875
0 0.3640625 0.6578125 0.1921875 0.6578125 0.1921875 0.9671875 0.3640625 0.9671875 0.3640625 0.6578125
0 0.0984375 0.5109375 0.034375 0.5109375 0.034375 0.6765625 0.0984375 0.6765625 0.0984375 0.5109375
0 0.2859375 0.4703125 0.1734375 0.4703125 0.1734375 0.6453125 0.2859375 0.6453125 0.2859375 0.4703125
0 0.8625 0.371875 0.7265625 0.371875 0.7265625 0.5546875 0.8625 0.5546875 0.8625 0.371875
0 0.103125 0.3703125 0.034375 0.3703125 0.034375 0.5015625 0.103125 0.5015625 0.103125 0.3703125
0 0.6296875 0.2890625 0.503125 0.2890625 0.503125 0.4734375 0.6296875 0.4734375 0.6296875 0.2890625
0 0.6203125 0.0015625 0.53125 0.0015625 0.53125 0.078125 0.6203125 0.078125 0.6203125 0.0015625
0 0.815625 0.0015625 0.678125 0.0015625 0.678125 0.090625 0.815625 0.090625 0.815625 0.0015625
0 0.696875 0.0015625 0.671875 0.0015625 0.671875 0.0078125 0.696875 0.0078125 0.696875 0.0015625
0 1.0 0.690625 0.9 0.690625 0.9 0.875 1.0 0.875 1.0 0.690625
0 1.0 0.003125 0.9484375 0.003125 0.9484375 0.1640625 1.0 0.1640625 1.0 0.003125
0 0.0890625 0.7265625 0.0015625 0.7265625 0.0015625 1.0 0.0890625 1.0 0.0890625 0.7265625
0 0.2875 0.3703125 0.0015625 0.3703125 0.0015625 0.6765625 0.2875 0.6765625 0.2875 0.3703125
0 0.7171875 0.0015625 0.6671875 0.0015625 0.6671875 0.0609375 0.7171875 0.0609375 0.7171875 0.0015625
0 0.040625 0.64375 0.0015625 0.64375 0.0015625 0.8796875 0.040625 0.8796875 0.040625 0.64375
0 0.21875 0.6921875 0.046875 0.6921875 0.046875 1.0 0.21875 1.0 0.21875 0.6921875
0 0.3328125 0.50625 0.09375 0.50625 0.09375 1.0 0.3328125 1.0 0.3328125 0.50625
0 0.2390625 0.359375 0.04375 0.359375 0.04375 0.4984375 0.2390625 0.4984375 0.2390625 0.359375
0 0.2828125 0.0015625 0.0015625 0.0015625 0.0015625 0.3 0.2828125 0.3 0.2828125 0.0015625
0 0.59375 0.0015625 0.3875 0.0015625 0.3875 0.46875 0.59375 0.46875 0.59375 0.0015625
0 1.0 0.0015625 0.915625 0.0015625 0.915625 0.1390625 1.0 0.1390625 1.0 0.0015625
0 1.0 0.903125 0.959375 0.903125 0.959375 1.0 1.0 1.0 1.0 0.903125
0 0.9875 0.7484375 0.88125 0.7484375 0.88125 0.9 0.9875 0.9 0.9875 0.7484375
