0 0.415625 0.1375 0.29375 0.1375 0.29375 0.440625 0.415625 0.440625 0.415625 0.1375
0 0.975 0.609375 0.7609375 0.609375 0.7609375 0.928125 0.975 0.928125 0.975 0.609375
0 0.1234375 0.0015625 0.009375 0.0015625 0.009375 0.3 0.1234375 0.3 0.1234375 0.0015625
0 0.2859375 0.9984375 0.2828125 0.9984375 0.2828125 1.0 0.2859375 1.0 0.2859375 0.9984375
0 0.9875 0.865625 0.7015625 0.865625 0.7015625 1.0 0.9875 1.0 0.9875 0.865625
0 0.35625 0.109375 0.303125 0.109375 0.303125 0.4015625 0.35625 0.4015625 0.35625 0.109375
0 0.290625 0.94375 0.153125 0.94375 0.153125 1.0 0.290625 1.0 0.290625 0.94375
0 0.6984375 0.8515625 0.50625 0.8515625 0.50625 0.95625 0.6984375 0.95625 0.6984375 0.8515625
0 0.8921875 0.934375 0.76875 0.934375 0.76875 1.0 0.8921875 1.0 0.8921875 0.934375
0 0.090625 0.18125 0.0015625 0.18125 0.0015625 0.6234375 0.090625 0.6234375 0.090625 0.18125
0 0.440625 0.9171875 0.3484375 0.9171875 0.3484375 1.0 0.440625 1.0 0.440625 0.9171875
0 0.809375 0.8765625 0.6421875 0.8765625 0.6421875 1.0 0.809375 1.0 0.809375 0.8765625
0 0.421875 0.4 0.2765625 0.4 0.2765625 0.6140625 0.421875 0.6140625 0.421875 0.4
0 1.0 0.9546875 0.9734375 0.9546875 0.9734375 1.0 1.0 1.0 1.0 0.9546875
0 0.4484375 0.946875 0.4140625 0.946875 0.4140625 1.0 0.4484375 1.0 0.4484375 0.946875
0 0.578125 0.0015625 0.5546875 0.0015625 0.5546875 0.015625 0.578125 0.015625 0.578125 0.0015625
0 1.0 0.8484375 0.9609375 0.8484375 0.9609375 0.9359375 1.0 0.9359375 1.0 0.8484375
0 1.0 0.5390625 0.9203125 0.5390625 0.9203125 0.7125 1.0 0.7125 1.0 0.5390625
0 0.8484375 0.48125 0.690625 0.48125 0.690625 0.6171875 0.8484375 0.6171875 0.8484375 0.48125
0 0.9625 0.290625 0.8765625 0.290625 0.8765625 0.471875 0.9625 0.471875 0.9625 0.290625
0 0.6125 0.003125 0.5671875 0.003125 0.5671875 0.4140625 0.6125 0.4140625 0.6125 0.003125
0 0.0484375 0.0703125 0.0015625 0.0703125 0.0015625 0.159375 0.0484375 0.159375 0.0484375 0.0703125
0 0.36875 0.9515625 0.225 0.9515625 0.225 1.0 0.36875 1.0 0.36875 0.9515625
0 0.4078125 0.01875 0.2109375 0.01875 0.2109375 0.5015625 0.4078125 0.5015625 0.4078125 0.01875
0 0.7859375 0.23125 0.678125 0.23125 0.678125 0.3109375 0.7859375 0.3109375 0.7859375 0.23125
0 1.0 0.8765625 0.8296875 0.8765625 0.8296875 0.9625 1.0 0.9625 1.0 0.8765625
0 0.9953125 0.959375 0.9296875 0.959375 0.9296875 1.0 0.9953125 1.0 0.9953125 0.959375
0 0.9671875 0.775 0.8234375 0.775 0.8234375 0.896875 0.9671875 0.896875 0.9671875 0.775
0 0.890625 0.5640625 0.7765625 0.5640625 0.7765625 0.721875 0.890625 0.721875 0.890625 0.5640625
0 1.0 0.3578125 0.9140625 0.3578125 0.9140625 0.553125 1.0 0.553125 1.0 0.3578125
0 0.10625 0.075 0.0015625 0.075 0.0015625 0.234375 0.10625 0.234375 0.10625 0.075
0 0.68125 0.990625 0.5359375 0.990625 0.5359375 1.0 0.68125 1.0 0.68125 0.990625
0 0.2359375 0.075 0.0046875 0.075 0.0046875 0.5640625 0.2359375 0.5640625 0.2359375 0.075
0 0.66875 0.05625 0.5984375 0.05625 0.5984375 0.39375 0.66875 0.39375 0.66875 0.05625
0 0.3109375 0.021875 0.19375 0.021875 0.19375 0.40625 0.3109375 0.40625 0.3109375 0.021875
0 0.6765625 0.0015625 0.6 0.0015625 0.6 0.0515625 0.6765625 0.0515625 0.6765625 0.0015625
0 0.821875 0.0015625 0.7390625 0.0015625 0.7390625 0.4375 0.821875 0.4375 0.821875 0.0015625
0 0.05 0.865625 0.0015625 0.865625 0.0015625 1.0 0.05 1.0 0.05 0.865625
0 0.3390625 0.3375 0.1 0.3375 0.1 0.6421875 0.3390625 0.6421875 0.3390625 0.3375
0 0.228125 0.16875 0.090625 0.16875 0.090625 0.334375 0.228125 0.334375 0.228125 0.16875
0 0.3125 0.9984375 0.30625 0.9984375 0.30625 1.0 0.3125 1.0 0.3125 0.9984375
0 1.0 0.0015625 0.371875 0.0015625 0.371875 0.9765625 1.0 0.9765625 1.0 0.0015625
0 0.478125 0.1921875 0.3703125 0.1921875 0.3703125 0.3984375 0.478125 0.3984375 0.478125 0.1921875
0 0.5546875 0.0015625 0.5390625 0.0015625 0.5390625 0.009375 0.5546875 0.009375 0.5546875 0.0015625
0 0.228125 0.240625 0.134375 0.240625 0.134375 0.415625 0.228125 0.415625 0.228125 0.240625
0 0.753125 0.990625 0.6875 0.990625 0.6875 1.0 0.753125 1.0 0.753125 0.990625
0 0.7296875 0.9140625 0.5359375 0.9140625 0.5359375 1.0 0.7296875 1.0 0.7296875 0.9140625
0 0.7875 0.96875 0.7546875 0.96875 0.7546875 1.0 0.7875 1.0 0.7875 0.96875
