0 1.0 0.459375 0.915625 0.459375 0.915625 0.575 1.0 0.575 1.0 0.459375
0 0.3953125 0.5921875 0.246875 0.5921875 0.246875 0.8015625 0.3953125 0.8015625 0.3953125 0.5921875
0 0.9890625 0.53125 0.8515625 0.53125 0.8515625 0.65 0.9890625 0.65 0.9890625 0.53125
0 0.4 0.4453125 0.1625 0.4453125 0.1625 0.5328125 0.4 0.5328125 0.4 0.4453125
0 0.109375 0.2359375 0.0015625 0.2359375 0.0015625 0.4078125 0.109375 0.4078125 0.109375 0.2359375
0 0.9234375 0.2390625 0.6046875 0.2390625 0.6046875 0.3234375 0.9234375 0.3234375 0.9234375 0.2390625
0 1.0 0.4828125 0.9734375 0.4828125 0.9734375 0.625 1.0 0.625 1.0 0.4828125
0 1.0 0.2453125 0.8140625 0.2453125 0.8140625 0.4296875 1.0 0.4296875 1.0 0.2453125
0 0.034375 0.5453125 0.0015625 0.5453125 0.0015625 0.6484375 0.034375 0.6484375 0.034375 0.5453125
0 0.140625 0.334375 0.0015625 0.334375 0.0015625 0.490625 0.140625 0.490625 0.140625 0.334375
0 0.7234375 0.30625 0.6 0.30625 0.6 0.4296875 0.7234375 0.4296875 0.7234375 0.30625
0 0.4015625 0.240625 0.246875 0.240625 0.246875 0.3796875 0.4015625 0.3796875 0.4015625 0.240625
0 0.5234375 0.196875 0.3984375 0.196875 0.3984375 0.3390625 0.5234375 0.3390625 0.5234375 0.196875
0 0.8421875 0.059375 0.5203125 0.059375 0.5203125 0.28125 0.8421875 0.28125 0.8421875 0.059375
0 1.0 0.71875 0.9921875 0.71875 0.9921875 0.8015625 1.0 0.8015625 1.0 0.71875
0 1.0 0.4984375 0.8078125 0.4984375 0.8078125 0.6671875 1.0 0.6671875 1.0 0.4984375
0 0.928125 0.2765625 0.721875 0.2765625 0.721875 0.34375 0.928125 0.34375 0.928125 0.2765625
0 0.153125 0.5875 0.025 0.5875 0.025 0.771875 0.153125 0.771875 0.153125 0.5875
0 0.1328125 0.6453125 0.0015625 0.6453125 0.0015625 0.8046875 0.1328125 0.8046875 0.1328125 0.6453125
0 0.5390625 0.0140625 0.3765625 0.0140625 0.3765625 0.203125 0.5390625 0.203125 0.5390625 0.0140625
0 0.878125 0.365625 0.528125 0.365625 0.528125 0.7046875 0.878125 0.7046875 0.878125 0.365625
0 0.015625 0.2609375 0.0015625 0.2609375 0.0015625 0.30625 0.015625 0.30625 0.015625 0.2609375
0 0.4296875 0.5578125 0.271875 0.5578125 0.271875 0.6921875 0.4296875 0.6921875 0.4296875 0.5578125
0 0.6625 0.325 0.2078125 0.325 0.2078125 0.48125 0.6625 0.48125 0.6625 0.325
0 0.490625 0.084375 0.315625 0.084375 0.315625 0.1859375 0.490625 0.1859375 0.490625 0.084375
0 1.0 0.1125 0.75625 0.1125 0.75625 0.2609375 1.0 0.2609375 1.0 0.1125
0 0.0734375 0.2984375 0.0015625 0.2984375 0.0015625 0.43125 0.0734375 0.43125 0.0734375 0.2984375
0 0.4890625 0.1625 0.3078125 0.1625 0.3078125 0.334375 0.4890625 0.334375 0.4890625 0.1625
0 0.0609375 0.9859375 0.025 0.9859375 0.025 1.0 0.0609375 1.0 0.0609375 0.9859375
0 0.815625 0.9265625 0.6453125 0.9265625 0.6453125 1.0 0.815625 1.0 0.815625 0.9265625
0 0.2640625 0.0734375 0.1171875 0.0734375 0.1171875 0.190625 0.2640625 0.190625 0.2640625 0.0734375
0 0.575 0.6984375 0.4609375 0.6984375 0.4609375 0.796875 0.575 0.796875 0.575 0.6984375
0 0.721875 0.109375 0.6375 0.109375 0.6375 0.228125 0.721875 0.228125 0.721875 0.109375
0 1.0 0.6609375 0.9953125 0.6609375 0.9953125 0.66875 1.0 0.66875 1.0 0.6609375
0 0.759375 0.0015625 0.0015625 0.0015625 0.0015625 0.403125 0.759375 0.403125 0.759375 0.0015625
0 0.8265625 0.43125 0.0015625 0.43125 0.0015625 1.0 0.8265625 1.0 0.8265625 0.43125
0 0.1140625 0.7734375 0.0015625 0.7734375 0.0015625 0.84375 0.1140625 0.84375 0.1140625 0.7734375
0 1.0 0.7 0.7171875 0.7 0.7171875 1.0 1.0 1.0 1.0 0.7
0 0.3796875 0.0015625 0.0765625 0.0015625 0.0765625 0.103125 0.3796875 0.103125 0.3796875 0.0015625
