0 0.3078125 0.2890625 0.021875 0.2890625 0.021875 0.44375 0.3078125 0.44375 0.3078125 0.2890625
0 1.0 0.7 0.934375 0.7 0.934375 0.821875 1.0 0.821875 1.0 0.7
0 0.9265625 0.275 0.7703125 0.275 0.7703125 0.409375 0.9265625 0.409375 0.9265625 0.275
0 0.4640625 0.23125 0.36875 0.23125 0.36875 0.3375 0.4640625 0.3375 0.4640625 0.23125
0 0.671875 0.165625 0.5546875 0.165625 0.5546875 0.265625 0.671875 0.265625 0.671875 0.165625
0 0.7359375 0.0015625 0.621875 0.0015625 0.621875 0.0625 0.7359375 0.0625 0.7359375 0.0015625
0 0.4328125 0.3078125 0.2953125 0.3078125 0.2953125 0.440625 0.4328125 0.440625 0.4328125 0.3078125
0 0.95 0.2265625 0.778125 0.2265625 0.778125 0.3234375 0.95 0.3234375 0.95 0.2265625
0 0.715625 0.1734375 0.584375 0.1734375 0.584375 0.290625 0.715625 0.290625 0.715625 0.1734375
0 0.3625 0.0015625 0.2203125 0.0015625 0.2203125 0.1640625 0.3625 0.1640625 0.3625 0.0015625
0 0.7 0.3734375 0.453125 0.3734375 0.453125 0.565625 0.7 0.565625 0.7 0.3734375
0 1.0 0.909375 0.978125 0.909375 0.978125 0.9734375 1.0 0.9734375 1.0 0.909375
0 0.8453125 0.71875 0.7171875 0.71875 0.7171875 0.8421875 0.8453125 0.8421875 0.8453125 0.71875
0 1.0 0.3578125 0.96875 0.3578125 0.96875 0.4234375 1.0 0.4234375 1.0 0.3578125
0 0.7578125 0.2359375 0.6203125 0.2359375 0.6203125 0.309375 0.7578125 0.309375 0.7578125 0.2359375
0 1.0 0.0890625 0.9171875 0.0890625 0.9171875 0.184375 1.0 0.184375 1.0 0.0890625
0 0.715625 0.55625 0.60625 0.55625 0.60625 0.665625 0.715625 0.665625 0.715625 0.55625
0 0.5515625 0.3234375 0.3921875 0.3234375 0.3921875 0.5140625 0.5515625 0.5140625 0.5515625 0.3234375
0 1.0 0.8140625 0.8609375 0.8140625 0.8609375 1.0 1.0 1.0 1.0 0.8140625
0 0.1078125 0.8359375 0.0015625 0.8359375 0.0015625 1.0 0.1078125 1.0 0.1078125 0.8359375
0 0.1921875 0.4109375 0.0890625 0.4109375 0.0890625 0.60625 0.1921875 0.60625 0.1921875 0.4109375
0 0.3875 0.9578125 0.228125 0.9578125 0.228125 1.0 0.3875 1.0 0.3875 0.9578125
0 0.8984375 0.815625 0.5671875 0.815625 0.5671875 1.0 0.8984375 1.0 0.8984375 0.815625
0 0.5359375 0.7296875 0.23125 0.7296875 0.23125 0.903125 0.5359375 0.903125 0.5359375 0.7296875
0 0.5921875 0.1921875 0.415625 0.1921875 0.415625 0.390625 0.5921875 0.390625 0.5921875 0.1921875
0 1.0 0.0015625 0.5578125 0.0015625 0.5578125 0.296875 1.0 0.296875 1.0 0.0015625
0 0.53125 0.7234375 0.4296875 0.7234375 0.4296875 0.8625 0.53125 0.8625 0.53125 0.7234375
0 0.3484375 0.384375 0.2125 0.384375 0.2125 0.44375 0.3484375 0.44375 0.3484375 0.384375
0 0.996875 0.0796875 0.8375 0.0796875 0.8375 0.2625 0.996875 0.2625 0.996875 0.0796875
0 0.6203125 0.4328125 0.3359375 0.4328125 0.3359375 0.6453125 0.6203125 0.6453125 0.6203125 0.4328125
0 0.346875 0.125 0.215625 0.125 0.215625 0.2375 0.346875 0.2375 0.346875 0.125
0 0.5015625 0.0015625 0.31875 0.0015625 0.31875 0.128125 0.5015625 0.128125 0.5015625 0.0015625
0 1.0 0.8640625 0.9359375 0.8640625 0.9359375 1.0 1.0 1.0 1.0 0.8640625
0 0.9734375 0.7328125 0.8359375 0.7328125 0.8359375 0.984375 0.9734375 0.984375 0.9734375 0.7328125
0 0.775 0.63125 0.5296875 0.63125 0.5296875 0.815625 0.775 0.815625 0.775 0.63125
0 1.0 0.3296875 0.853125 0.3296875 0.853125 0.5359375 1.0 0.5359375 1.0 0.3296875
0 0.6515625 0.3046875 0.4390625 0.3046875 0.4390625 0.4828125 0.6515625 0.4828125 0.6515625 0.3046875
0 1.0 0.75625 0.9546875 0.75625 0.9546875 0.859375 1.0 0.859375 1.0 0.75625
0 0.4375 0.6140625 0.3140625 0.6140625 0.3140625 0.715625 0.4375 0.715625 0.4375 0.6140625
0 0.86875 0.4296875 0.7390625 0.4296875 0.7390625 0.5875 0.86875 0.5875 0.86875 0.4296875
0 0.7296875 0.284375 0.5625 0.284375 0.5625 0.4453125 0.7296875 0.4453125 0.7296875 0.284375
0 1.0 0.2640625 0.909375 0.2640625 0.909375 0.39375 1.0 0.39375 1.0 0.2640625
0 0.4546875 0.1921875 0.28125 0.1921875 0.28125 0.35 0.4546875 0.35 0.4546875 0.1921875
0 0.8609375 0.0015625 0.6453125 0.0015625 0.6453125 0.1 0.8609375 0.1 0.8609375 0.0015625
0 0.5578125 0.0015625 0.4328125 0.0015625 0.4328125 0.1 0.5578125 0.1 0.5578125 0.0015625
0 0.165625 0.0015625 0.078125 0.0015625 0.078125 0.0859375 0.165625 0.0859375 0.165625 0.0015625
0 0.684375 0.0015625 0.0015625 0.0015625 0.0015625 1.0 0.684375 1.0 0.684375 0.0015625
0 1.0 0.0015625 0.6078125 0.0015625 0.6078125 0.16875 1.0 0.16875 1.0 0.0015625
0 0.71875 0.778125 0.24375 0.778125 0.24375 1.0 0.71875 1.0 0.71875 0.778125
0 0.559375 0.128125 0.45625 0.128125 0.45625 0.3 0.559375 0.3 0.559375 0.128125
0 0.409375 0.0859375 0.3296875 0.0859375 0.3296875 0.196875 0.409375 0.196875 0.409375 0.0859375
0 0.503125 0.0015625 0.3765625 0.0015625 0.3765625 0.0640625 0.503125 0.0640625 0.503125 0.0015625
0 0.85 0.934375 0.596875 0.934375 0.596875 1.0 0.85 1.0 0.85 0.934375
0 0.865625 0.815625 0.6875 0.815625 0.6875 1.0 0.865625 1.0 0.865625 0.815625
0 1.0 0.39375 0.609375 0.39375 0.609375 0.809375 1.0 0.809375 1.0 0.39375
0 0.9125 0.271875 0.6265625 0.271875 0.6265625 0.484375 0.9125 0.484375 0.9125 0.271875
0 0.6578125 0.0125 0.4640625 0.0125 0.4640625 0.19375 0.6578125 0.19375 0.6578125 0.0125
0 0.9640625 0.990625 0.9265625 0.990625 0.9265625 1.0 0.9640625 1.0 0.9640625 0.990625
