0 1.0 0.915625 0.909375 0.915625 0.909375 1.0 1.0 1.0 1.0 0.915625
0 0.503125 0.7703125 0.35 0.7703125 0.35 0.925 0.503125 0.925 0.503125 0.7703125
0 0.6171875 0.4828125 0.5109375 0.4828125 0.5109375 0.6015625 0.6171875 0.6015625 0.6171875 0.4828125
0 0.4375 0.45 0.3296875 0.45 0.3296875 0.5796875 0.4375 0.5796875 0.4375 0.45
0 1.0 0.0015625 0.96875 0.0015625 0.96875 0.046875 1.0 0.046875 1.0 0.0015625
0 0.8078125 0.0015625 0.7703125 0.0015625 0.7703125 0.009375 0.8078125 0.009375 0.8078125 0.0015625
0 1.0 0.0015625 0.9359375 0.0015625 0.9359375 0.059375 1.0 0.059375 1.0 0.0015625
0 0.6859375 0.2796875 0.4078125 0.2796875 0.4078125 0.4234375 0.6859375 0.4234375 0.6859375 0.2796875
0 0.984375 0.2265625 0.809375 0.2265625 0.809375 0.3265625 0.984375 0.3265625 0.984375 0.2265625
0 0.13125 0.159375 0.0015625 0.159375 0.0015625 0.3359375 0.13125 0.3359375 0.13125 0.159375
0 0.0265625 0.0828125 0.0015625 0.0828125 0.0015625 0.2015625 0.0265625 0.2015625 0.0265625 0.0828125
0 0.9328125 0.1125 0.8390625 0.1125 0.8390625 0.23125 0.9328125 0.23125 0.9328125 0.1125
0 0.8265625 0.109375 0.7375 0.109375 0.7375 0.21875 0.8265625 0.21875 0.8265625 0.109375
0 0.76875 0.0015625 0.353125 0.0015625 0.353125 0.1359375 0.76875 0.1359375 0.76875 0.0015625
0 0.1140625 0.2296875 0.0015625 0.2296875 0.0015625 0.359375 0.1140625 0.359375 0.1140625 0.2296875
0 0.8 0.5828125 0.50625 0.5828125 0.50625 0.6234375 0.8 0.6234375 0.8 0.5828125
0 0.596875 0.2296875 0.459375 0.2296875 0.459375 0.325 0.596875 0.325 0.596875 0.2296875
0 0.65 0.425 0.584375 0.425 0.584375 0.5609375 0.65 0.5609375 0.65 0.425
0 1.0 0.65 0.9796875 0.65 0.9796875 0.7171875 1.0 0.7171875 1.0 0.65
0 0.7296875 0.996875 0.721875 0.996875 0.721875 1.0 0.7296875 1.0 0.7296875 0.996875
0 0.9875 0.903125 0.8703125 0.903125 0.8703125 1.0 0.9875 1.0 0.9875 0.903125
0 0.7328125 0.865625 0.671875 0.865625 0.671875 1.0 0.7328125 1.0 0.7328125 0.865625
0 0.190625 0.7984375 0.0296875 0.7984375 0.0296875 1.0 0.190625 1.0 0.190625 0.7984375
0 0.9796875 0.778125 0.909375 0.778125 0.909375 0.8859375 0.9796875 0.8859375 0.9796875 0.778125
0 0.971875 0.6515625 0.825 0.6515625 0.825 0.784375 0.971875 0.784375 0.971875 0.6515625
0 0.046875 0.565625 0.0015625 0.565625 0.0015625 0.6875 0.046875 0.6875 0.046875 0.565625
0 0.1890625 0.028125 0.053125 0.028125 0.053125 0.0984375 0.1890625 0.0984375 0.1890625 0.028125
0 0.703125 0.1109375 0.6015625 0.1109375 0.6015625 0.29375 0.703125 0.29375 0.703125 0.1109375
0 0.7390625 0.0078125 0.5625 0.0078125 0.5625 0.1046875 0.7390625 0.1046875 0.7390625 0.0078125
0 0.8984375 0.7171875 0.83125 0.7171875 0.83125 0.8859375 0.8984375 0.8859375 0.8984375 0.7171875
0 0.6515625 0.6109375 0.5265625 0.6109375 0.5265625 0.7390625 0.6515625 0.7390625 0.6515625 0.6109375
0 0.3 0.5765625 0.13125 0.5765625 0.13125 0.71875 0.3 0.71875 0.3 0.5765625
0 0.521875 0.5171875 0.4125 0.5171875 0.4125 0.6046875 0.521875 0.6046875 0.521875 0.5171875
0 0.7140625 0.3921875 0.615625 0.3921875 0.615625 0.596875 0.7140625 0.596875 0.7140625 0.3921875
0 0.36875 0.3734375 0.240625 0.3734375 0.240625 0.49375 0.36875 0.49375 0.36875 0.3734375
0 0.575 0.0015625 0.428125 0.0015625 0.428125 0.0453125 0.575 0.0453125 0.575 0.0015625
0 0.5625 0.7375 0.4734375 0.7375 0.4734375 0.928125 0.5625 0.928125 0.5625 0.7375
0 0.853125 0.065625 0.7390625 0.065625 0.7390625 0.13125 0.853125 0.13125 0.853125 0.065625
0 0.228125 0.965625 0.1171875 0.965625 0.1171875 1.0 0.228125 1.0 0.228125 0.965625
0 0.2671875 0.8421875 0.184375 0.8421875 0.184375 1.0 0.2671875 1.0 0.2671875 0.8421875
0 0.0203125 0.80625 0.0015625 0.80625 0.0015625 0.9140625 0.0203125 0.9140625 0.0203125 0.80625
0 0.0953125 0.728125 0.0015625 0.728125 0.0015625 0.84375 0.0953125 0.84375 0.0953125 0.728125
0 0.8359375 0.928125 0.73125 0.928125 0.73125 1.0 0.8359375 1.0 0.8359375 0.928125
0 0.6515625 0.1875 0.575 0.1875 0.575 0.33125 0.6515625 0.33125 0.6515625 0.1875
0 1.0 0.359375 0.9609375 0.359375 0.9609375 0.5453125 1.0 0.5453125 1.0 0.359375
0 0.64375 0.0796875 0.54375 0.0796875 0.54375 0.290625 0.64375 0.290625 0.64375 0.0796875
0 1.0 0.0015625 0.0015625 0.0015625 0.0015625 1.0 1.0 1.0 1.0 0.0015625
0 1.0 0.90625 0.9859375 0.90625 0.9859375 1.0 1.0 1.0 1.0 0.90625
0 1.0 0.2765625 0.8046875 0.2765625 0.8046875 0.5828125 1.0 0.5828125 1.0 0.2765625
0 0.6078125 0.0015625 0.5765625 0.0015625 0.5765625 0.0078125 0.6078125 0.0078125 0.6078125 0.0015625
