0 0.2234375 0.40625 0.1 0.40625 0.1 0.74375 0.2234375 0.74375 0.2234375 0.40625
0 1.0 0.934375 0.825 0.934375 0.825 1.0 1.0 1.0 1.0 0.934375
0 1.0 0.49375 0.903125 0.49375 0.903125 0.5765625 1.0 0.5765625 1.0 0.49375
0 1.0 0.425 0.9328125 0.425 0.9328125 0.4859375 1.0 0.4859375 1.0 0.425
0 0.45625 0.378125 0.3828125 0.378125 0.3828125 0.5078125 0.45625 0.5078125 0.45625 0.378125
0 0.8671875 0.0015625 0.7703125 0.0015625 0.7703125 0.1 0.8671875 0.1 0.8671875 0.0015625
0 0.284375 0.396875 0.0015625 0.396875 0.0015625 0.9375 0.284375 0.9375 0.284375 0.396875
0 0.1 0.2640625 0.0015625 0.2640625 0.0015625 0.5421875 0.1 0.5421875 0.1 0.2640625
0 0.53125 0.996875 0.515625 0.996875 0.515625 1.0 0.53125 1.0 0.53125 0.996875
0 0.5484375 0.9078125 0.346875 0.9078125 0.346875 1.0 0.5484375 1.0 0.5484375 0.9078125
0 0.9015625 0.7328125 0.55 0.7328125 0.55 1.0 0.9015625 1.0 0.9015625 0.7328125
0 0.565625 0.2125 0.3046875 0.2125 0.3046875 0.56875 0.565625 0.56875 0.565625 0.2125
0 0.671875 0.0015625 0.5796875 0.0015625 0.5796875 0.0484375 0.671875 0.0484375 0.671875 0.0015625
0 1.0 0.340625 0.8375 0.340625 0.8375 1.0 1.0 1.0 1.0 0.340625
0 1.0 0.4796875 0.7796875 0.4796875 0.7796875 0.7578125 1.0 0.7578125 1.0 0.4796875
0 0.9140625 0.0015625 0.6328125 0.0015625 0.6328125 0.3921875 0.9140625 0.3921875 0.9140625 0.0015625
0 1.0 0.0015625 0.0015625 0.0015625 0.0015625 1.0 1.0 1.0 1.0 0.0015625
