0 0.1671875 0.7234375 0.0015625 0.7234375 0.0015625 0.9359375 0.1671875 0.9359375 0.1671875 0.7234375
0 0.4015625 0.528125 0.2671875 0.528125 0.2671875 0.634375 0.4015625 0.634375 0.4015625 0.528125
0 0.771875 0.996875 0.7671875 0.996875 0.7671875 1.0 0.771875 1.0 0.771875 0.996875
0 0.6390625 0.0015625 0.6140625 0.0015625 0.6140625 0.0078125 0.6390625 0.0078125 0.6390625 0.0015625
0 0.9125 0.9859375 0.846875 0.9859375 0.846875 1.0 0.9125 1.0 0.9125 0.9859375
0 0.159375 0.0015625 0.0375 0.0015625 0.0375 0.0921875 0.159375 0.0921875 0.159375 0.0015625
0 0.615625 0.946875 0.5265625 0.946875 0.5265625 1.0 0.615625 1.0 0.615625 0.946875
0 0.209375 0.85 0.075 0.85 0.075 0.975 0.209375 0.975 0.209375 0.85
0 0.7578125 0.3 0.6421875 0.3 0.6421875 0.4828125 0.7578125 0.4828125 0.7578125 0.3
0 0.984375 0.9546875 0.8453125 0.9546875 0.8453125 1.0 0.984375 1.0 0.984375 0.9546875
0 0.5921875 0.415625 0.4015625 0.415625 0.4015625 0.5390625 0.5921875 0.5390625 0.5921875 0.415625
