0 0.315625 0.271875 0.1390625 0.271875 0.1390625 0.6 0.315625 0.6 0.315625 0.271875
0 0.140625 0.4890625 0.0015625 0.4890625 0.0015625 0.565625 0.140625 0.565625 0.140625 0.4890625
0 0.0671875 0.771875 0.0015625 0.771875 0.0015625 0.8671875 0.0671875 0.8671875 0.0671875 0.771875
0 0.2109375 0.6890625 0.025 0.6890625 0.025 0.8125 0.2109375 0.8125 0.2109375 0.6890625
0 0.2515625 0.615625 0.0546875 0.615625 0.0546875 0.7578125 0.2515625 0.7578125 0.2515625 0.615625
0 0.1625 0.01875 0.0015625 0.01875 0.0015625 0.3046875 0.1625 0.3046875 0.1625 0.01875
0 0.1828125 0.509375 0.0015625 0.509375 0.0015625 0.7609375 0.1828125 0.7609375 0.1828125 0.509375
0 0.0671875 0.0015625 0.0015625 0.0015625 0.0015625 0.2296875 0.0671875 0.2296875 0.0671875 0.0015625
0 0.3890625 0.5109375 0.271875 0.5109375 0.271875 0.64375 0.3890625 0.64375 0.3890625 0.5109375
0 0.165625 0.275 0.046875 0.275 0.046875 0.5375 0.165625 0.5375 0.165625 0.275
0 0.45 0.309375 0.2546875 0.309375 0.2546875 0.509375 0.45 0.509375 0.45 0.309375
0 0.1265625 0.0015625 0.0890625 0.0015625 0.0890625 0.0328125 0.1265625 0.0328125 0.1265625 0.0015625
0 0.1125 0.81875 0.0015625 0.81875 0.0015625 1.0 0.1125 1.0 0.1125 0.81875
0 0.0921875 0.0015625 0.034375 0.0015625 0.034375 0.0625 0.0921875 0.0625 0.0921875 0.0015625
0 0.15625 0.2265625 0.0015625 0.2265625 0.0015625 0.503125 0.15625 0.503125 0.15625 0.2265625
0 0.296875 0.553125 0.04375 0.553125 0.04375 0.915625 0.296875 0.915625 0.296875 0.553125
0 0.2984375 0.428125 0.2015625 0.428125 0.2015625 0.540625 0.2984375 0.540625 0.2984375 0.428125
