0 0.16875 0.1546875 0.0015625 0.1546875 0.0015625 0.9640625 0.16875 0.9640625 0.16875 0.1546875
0 1.0 0.0015625 0.0234375 0.0015625 0.0234375 1.0 1.0 1.0 1.0 0.0015625
0 0.228125 0.0015625 0.0703125 0.0015625 0.0703125 0.19375 0.228125 0.19375 0.228125 0.0015625
0 0.4875 0.8953125 0.3796875 0.8953125 0.3796875 1.0 0.4875 1.0 0.4875 0.8953125
0 0.6578125 0.965625 0.60625 0.965625 0.60625 1.0 0.6578125 1.0 0.6578125 0.965625
0 0.7515625 0.6453125 0.465625 0.6453125 0.465625 0.9 0.7515625 0.9 0.7515625 0.6453125
0 0.7796875 0.34375 0.2734375 0.34375 0.2734375 0.8 0.7796875 0.8 0.7796875 0.34375
0 1.0 0.4734375 0.84375 0.4734375 0.84375 0.859375 1.0 0.859375 1.0 0.4734375
0 0.93125 0.25 0.7765625 0.25 0.7765625 0.4296875 0.93125 0.4296875 0.93125 0.25
0 0.8453125 0.0015625 0.5671875 0.0015625 0.5671875 0.13125 0.8453125 0.13125 0.8453125 0.0015625
0 0.9484375 0.0015625 0.375 0.0015625 0.375 0.134375 0.9484375 0.134375 0.9484375 0.0015625
0 0.321875 0.1609375 0.009375 0.1609375 0.009375 1.0 0.321875 1.0 0.321875 0.1609375
0 0.3015625 0.0015625 0.121875 0.0015625 0.121875 0.4640625 0.3015625 0.4640625 0.3015625 0.0015625
0 0.121875 0.0015625 0.0015625 0.0015625 0.0015625 0.1640625 0.121875 0.1640625 0.121875 0.0015625
0 0.4390625 0.0015625 0.2984375 0.0015625 0.2984375 0.1640625 0.4390625 0.1640625 0.4390625 0.0015625
0 1.0 0.984375 0.9890625 0.984375 0.9890625 1.0 1.0 1.0 1.0 0.984375
0 0.8765625 0.6671875 0.771875 0.6671875 0.771875 1.0 0.8765625 1.0 0.8765625 0.6671875
0 0.54375 0.3140625 0.421875 0.3140625 0.421875 0.484375 0.54375 0.484375 0.54375 0.3140625
0 0.575 0.1203125 0.4515625 0.1203125 0.4515625 0.3015625 0.575 0.3015625 0.575 0.1203125
0 1.0 0.9 1.0 0.9 1.0 0.903125 1.0 0.903125 1.0 0.9
0 0.4296875 0.325 0.2875 0.325 0.2875 0.54375 0.4296875 0.54375 0.4296875 0.325
0 0.5109375 0.0578125 0.3796875 0.0578125 0.3796875 0.3 0.5109375 0.3 0.5109375 0.0578125
0 0.25 0.1203125 0.1265625 0.1203125 0.1265625 0.5375 0.25 0.5375 0.25 0.1203125
0 0.703125 0.0015625 0.496875 0.0015625 0.496875 0.14375 0.703125 0.14375 0.703125 0.0015625
