0 0.365625 0.2671875 0.2953125 0.2671875 0.2953125 0.428125 0.365625 0.428125 0.365625 0.2671875
0 0.509375 0.0015625 0.409375 0.0015625 0.409375 0.0796875 0.509375 0.0796875 0.509375 0.0015625
0 0.6265625 0.0015625 0.415625 0.0015625 0.415625 0.3984375 0.6265625 0.3984375 0.6265625 0.0015625
0 0.8734375 0.0015625 0.7734375 0.0015625 0.7734375 0.053125 0.8734375 0.053125 0.8734375 0.0015625
0 0.8890625 0.5390625 0.79375 0.5390625 0.79375 0.6828125 0.8890625 0.6828125 0.8890625 0.5390625
0 0.9265625 0.684375 0.790625 0.684375 0.790625 0.9890625 0.9265625 0.9890625 0.9265625 0.684375
0 0.4015625 0.434375 0.2875 0.434375 0.2875 0.55 0.4015625 0.55 0.4015625 0.434375
0 0.615625 0.7734375 0.4546875 0.7734375 0.4546875 1.0 0.615625 1.0 0.615625 0.7734375
0 0.5203125 0.50625 0.4046875 0.50625 0.4046875 0.7734375 0.5203125 0.7734375 0.5203125 0.50625
0 0.9015625 0.2125 0.771875 0.2125 0.771875 0.45 0.9015625 0.45 0.9015625 0.2125
0 0.9953125 0.690625 0.8640625 0.690625 0.8640625 0.8703125 0.9953125 0.8703125 0.9953125 0.690625
0 0.93125 0.571875 0.85625 0.571875 0.85625 0.7328125 0.93125 0.7328125 0.93125 0.571875
0 0.0875 0.2203125 0.0015625 0.2203125 0.0015625 0.415625 0.0875 0.415625 0.0875 0.2203125
0 0.2671875 0.265625 0.11875 0.265625 0.11875 0.6140625 0.2671875 0.6140625 0.2671875 0.265625
0 0.3515625 0.1796875 0.0640625 0.1796875 0.0640625 0.3265625 0.3515625 0.3265625 0.3515625 0.1796875
0 0.178125 0.0015625 0.115625 0.0015625 0.115625 0.078125 0.178125 0.078125 0.178125 0.0015625
0 1.0 0.6140625 0.9890625 0.6140625 0.9890625 0.6375 1.0 0.6375 1.0 0.6140625
0 1.0 0.84375 0.978125 0.84375 0.978125 0.9578125 1.0 0.9578125 1.0 0.84375
0 1.0 0.6234375 0.903125 0.6234375 0.903125 0.7484375 1.0 0.7484375 1.0 0.6234375
0 0.815625 0.6734375 0.7140625 0.6734375 0.7140625 0.859375 0.815625 0.859375 0.815625 0.6734375
0 0.8046875 0.209375 0.7078125 0.209375 0.7078125 0.346875 0.8046875 0.346875 0.8046875 0.209375
0 0.240625 0.11875 0.0875 0.11875 0.0875 0.2375 0.240625 0.2375 0.240625 0.11875
0 0.53125 0.9765625 0.5015625 0.9765625 0.5015625 1.0 0.53125 1.0 0.53125 0.9765625
0 0.159375 0.4109375 0.0390625 0.4109375 0.0390625 0.5390625 0.159375 0.5390625 0.159375 0.4109375
0 0.2640625 0.1953125 0.1671875 0.1953125 0.1671875 0.3703125 0.2640625 0.3703125 0.2640625 0.1953125
0 0.4171875 0.0015625 0.2359375 0.0015625 0.2359375 0.0953125 0.4171875 0.0953125 0.4171875 0.0015625
0 0.7421875 0.6734375 0.671875 0.6734375 0.671875 0.840625 0.7421875 0.840625 0.7421875 0.6734375
0 1.0 0.415625 0.9640625 0.415625 0.9640625 0.4609375 1.0 0.4609375 1.0 0.415625
0 0.9875 0.35 0.9140625 0.35 0.9140625 0.5203125 0.9875 0.5203125 0.9875 0.35
0 0.7609375 0.2203125 0.6671875 0.2203125 0.6671875 0.503125 0.7609375 0.503125 0.7609375 0.2203125
0 0.7578125 0.0015625 0.6484375 0.0015625 0.6484375 0.0984375 0.7578125 0.0984375 0.7578125 0.0015625
0 0.30625 0.0015625 0.290625 0.0015625 0.290625 0.0171875 0.30625 0.0171875 0.30625 0.0015625
0 1.0 0.703125 0.896875 0.703125 0.896875 0.853125 1.0 0.853125 1.0 0.703125
0 0.3953125 0.3671875 0.24375 0.3671875 0.24375 0.6015625 0.3953125 0.6015625 0.3953125 0.3671875
0 0.4140625 0.190625 0.284375 0.190625 0.284375 0.3484375 0.4140625 0.3484375 0.4140625 0.190625
0 0.7296875 0.81875 0.640625 0.81875 0.640625 0.9890625 0.7296875 0.9890625 0.7296875 0.81875
0 0.9 0.7375 0.821875 0.7375 0.821875 0.8921875 0.9 0.8921875 0.9 0.7375
0 0.55625 0.29375 0.4921875 0.29375 0.4921875 0.5046875 0.55625 0.5046875 0.55625 0.29375
0 0.8453125 0.0015625 0.834375 0.0015625 0.834375 0.0203125 0.8453125 0.0203125 0.8453125 0.0015625
0 1.0 0.0046875 0.9265625 0.0046875 0.9265625 0.1671875 1.0 0.1671875 1.0 0.0046875
0 0.2859375 0.79375 0.15625 0.79375 0.15625 0.934375 0.2859375 0.934375 0.2859375 0.79375
0 0.253125 0.5234375 0.146875 0.5234375 0.146875 0.6890625 0.253125 0.6890625 0.253125 0.5234375
0 0.209375 0.16875 0.0015625 0.16875 0.0015625 0.5921875 0.209375 0.5921875 0.209375 0.16875
0 0.3421875 0.3125 0.21875 0.3125 0.21875 0.45 0.3421875 0.45 0.3421875 0.3125
0 0.0078125 0.2140625 0.0015625 0.2140625 0.0015625 0.2296875 0.0078125 0.2296875 0.0078125 0.2140625
0 0.325 0.2046875 0.2203125 0.2046875 0.2203125 0.3375 0.325 0.3375 0.325 0.2046875
0 0.2328125 0.0015625 0.2078125 0.0015625 0.2078125 0.028125 0.2328125 0.028125 0.2328125 0.0015625
0 0.66875 0.296875 0.4984375 0.296875 0.4984375 1.0 0.66875 1.0 0.66875 0.296875
0 1.0 0.7390625 0.8890625 0.7390625 0.8890625 1.0 1.0 1.0 1.0 0.7390625
0 0.94375 0.64375 0.8203125 0.64375 0.8203125 0.8171875 0.94375 0.8171875 0.94375 0.64375
0 0.8109375 0.309375 0.70625 0.309375 0.70625 0.684375 0.8109375 0.684375 0.8109375 0.309375
0 0.5078125 0.021875 0.3421875 0.021875 0.3421875 0.5078125 0.5078125 0.5078125 0.5078125 0.021875
0 1.0 0.0015625 0.5328125 0.0015625 0.5328125 0.3359375 1.0 0.3359375 1.0 0.0015625
0 0.9328125 0.4328125 0.846875 0.4328125 0.846875 0.628125 0.9328125 0.628125 0.9328125 0.4328125
