0 1.0 0.13125 0.7640625 0.13125 0.7640625 0.46875 1.0 0.46875 1.0 0.13125
0 0.9703125 0.0015625 0.7421875 0.0015625 0.7421875 0.1359375 0.9703125 0.1359375 0.9703125 0.0015625
0 0.775 0.0015625 0.0015625 0.0015625 0.0015625 0.546875 0.775 0.546875 0.775 0.0015625
0 1.0 0.45 0.3921875 0.45 0.3921875 1.0 1.0 1.0 1.0 0.45
0 0.4328125 0.2609375 0.215625 0.2609375 0.215625 0.384375 0.4328125 0.384375 0.4328125 0.2609375
0 0.5890625 0.15625 0.4625 0.15625 0.4625 0.2859375 0.5890625 0.2859375 0.5890625 0.15625
0 0.35 0.0984375 0.1390625 0.0984375 0.1390625 0.2015625 0.35 0.2015625 0.35 0.0984375
0 1.0 0.0015625 0.0015625 0.0015625 0.0015625 1.0 1.0 1.0 1.0 0.0015625
0 0.265625 0.0015625 0.0015625 0.0015625 0.0015625 0.4796875 0.265625 0.4796875 0.265625 0.0015625
0 1.0 0.91875 0.8984375 0.91875 0.8984375 1.0 1.0 1.0 1.0 0.91875
0 0.8046875 0.8609375 0.71875 0.8609375 0.71875 1.0 0.8046875 1.0 0.8046875 0.8609375
0 0.85625 0.675 0.7390625 0.675 0.7390625 0.81875 0.85625 0.81875 0.85625 0.675
0 0.9125 0.853125 0.79375 0.853125 0.79375 1.0 0.9125 1.0 0.9125 0.853125
0 0.6453125 0.45625 0.4640625 0.45625 0.4640625 0.6125 0.6453125 0.6125 0.6453125 0.45625
0 0.6671875 0.0015625 0.5703125 0.0015625 0.5703125 0.0265625 0.6671875 0.0265625 0.6671875 0.0015625
