0 0.071875 0.5796875 0.0015625 0.5796875 0.0015625 0.7671875 0.071875 0.7671875 0.071875 0.5796875
0 0.940625 0.0015625 0.74375 0.0015625 0.74375 0.1078125 0.940625 0.1078125 0.940625 0.0015625
0 0.09375 0.46875 0.0046875 0.46875 0.0046875 0.6390625 0.09375 0.6390625 0.09375 0.46875
0 0.415625 0.053125 0.2140625 0.053125 0.2140625 0.2453125 0.415625 0.2453125 0.415625 0.053125
0 0.5328125 0.0921875 0.415625 0.0921875 0.415625 0.2015625 0.5328125 0.2015625 0.5328125 0.0921875
0 0.2609375 0.059375 0.0015625 0.059375 0.0015625 0.221875 0.2609375 0.221875 0.2609375 0.059375
0 0.6515625 0.0015625 0.490625 0.0015625 0.490625 0.1375 0.6515625 0.1375 0.6515625 0.0015625
0 0.7703125 0.0015625 0.6390625 0.0015625 0.6390625 0.1546875 0.7703125 0.1546875 0.7703125 0.0015625
0 1.0 0.0015625 0.921875 0.0015625 0.921875 0.0484375 1.0 0.0484375 1.0 0.0015625
0 0.053125 0.8109375 0.0015625 0.8109375 0.0015625 0.9015625 0.053125 0.9015625 0.053125 0.8109375
0 0.5328125 0.0015625 0.5265625 0.0015625 0.5265625 0.009375 0.5328125 0.009375 0.5328125 0.0015625
0 0.415625 0.0015625 0.3203125 0.0015625 0.3203125 0.05625 0.415625 0.05625 0.415625 0.0015625
0 0.6203125 0.0015625 0.5359375 0.0015625 0.5359375 0.0203125 0.6203125 0.0203125 0.6203125 0.0015625
0 0.321875 0.9546875 0.2703125 0.9546875 0.2703125 1.0 0.321875 1.0 0.321875 0.9546875
0 0.5234375 0.153125 0.31875 0.153125 0.31875 0.3765625 0.5234375 0.3765625 0.5234375 0.153125
0 0.425 0.0015625 0.2921875 0.0015625 0.2921875 0.1 0.425 0.1 0.425 0.0015625
0 0.2921875 0.0015625 0.2265625 0.0015625 0.2265625 0.1015625 0.2921875 0.1015625 0.2921875 0.0015625
0 0.15625 0.0015625 0.06875 0.0015625 0.06875 0.0828125 0.15625 0.0828125 0.15625 0.0015625
0 1.0 0.896875 0.8984375 0.896875 0.8984375 1.0 1.0 1.0 1.0 0.896875
0 0.7015625 0.76875 0.6328125 0.76875 0.6328125 0.8984375 0.7015625 0.8984375 0.7015625 0.76875
0 1.0 0.1484375 0.74375 0.1484375 0.74375 0.8140625 1.0 0.8140625 1.0 0.1484375
0 0.8578125 0.55625 0.703125 0.55625 0.703125 0.703125 0.8578125 0.703125 0.8578125 0.55625
0 0.546875 0.2234375 0.48125 0.2234375 0.48125 0.353125 0.546875 0.353125 0.546875 0.2234375
0 0.5265625 0.675 0.3078125 0.675 0.3078125 1.0 0.5265625 1.0 0.5265625 0.675
0 0.4171875 0.340625 0.25625 0.340625 0.25625 0.6875 0.4171875 0.6875 0.4171875 0.340625
0 0.625 0.209375 0.390625 0.209375 0.390625 0.5671875 0.625 0.5671875 0.625 0.209375
0 0.2625 0.25 0.109375 0.25 0.109375 0.40625 0.2625 0.40625 0.2625 0.25
0 0.3609375 0.209375 0.2546875 0.209375 0.2546875 0.3296875 0.3609375 0.3296875 0.3609375 0.209375
0 0.1984375 0.0015625 0.0015625 0.0015625 0.0015625 0.16875 0.1984375 0.16875 0.1984375 0.0015625
0 0.434375 0.20625 0.0015625 0.20625 0.0015625 0.409375 0.434375 0.409375 0.434375 0.20625
0 0.3359375 0.7609375 0.1921875 0.7609375 0.1921875 0.9 0.3359375 0.9 0.3359375 0.7609375
0 0.2703125 0.359375 0.1 0.359375 0.1 0.6 0.2703125 0.6 0.2703125 0.359375
0 0.63125 0.0296875 0.4984375 0.0296875 0.4984375 0.3875 0.63125 0.3875 0.63125 0.0296875
0 1.0 0.0171875 0.7015625 0.0171875 0.7015625 0.2609375 1.0 0.2609375 1.0 0.0171875
0 0.796875 0.0015625 0.5546875 0.0015625 0.5546875 0.1109375 0.796875 0.1109375 0.796875 0.0015625
0 1.0 0.546875 0.878125 0.546875 0.878125 0.8640625 1.0 0.8640625 1.0 0.546875
0 0.309375 0.9984375 0.3046875 0.9984375 0.3046875 1.0 0.309375 1.0 0.309375 0.9984375
0 0.278125 0.0015625 0.2109375 0.0015625 0.2109375 0.040625 0.278125 0.040625 0.278125 0.0015625
