0 0.6265625 0.784375 0.4921875 0.784375 0.4921875 0.9875 0.6265625 0.9875 0.6265625 0.784375
0 0.003125 0.99375 0.0015625 0.99375 0.0015625 1.0 0.003125 1.0 0.003125 0.99375
0 0.0515625 0.7 0.0015625 0.7 0.0015625 1.0 0.0515625 1.0 0.0515625 0.7
0 0.371875 0.6859375 0.2796875 0.6859375 0.2796875 0.95625 0.371875 0.95625 0.371875 0.6859375
0 0.09375 0.2921875 0.0015625 0.2921875 0.0015625 0.4578125 0.09375 0.4578125 0.09375 0.2921875
0 0.025 0.103125 0.0015625 0.103125 0.0015625 0.18125 0.025 0.18125 0.025 0.103125
0 0.1984375 0.0015625 0.18125 0.0015625 0.18125 0.0078125 0.1984375 0.0078125 0.1984375 0.0015625
0 0.540625 0.246875 0.45 0.246875 0.45 0.3828125 0.540625 0.3828125 0.540625 0.246875
0 0.7625 0.83125 0.63125 0.83125 0.63125 0.9921875 0.7625 0.9921875 0.7625 0.83125
0 0.2390625 0.678125 0.0734375 0.678125 0.0734375 0.753125 0.2390625 0.753125 0.2390625 0.678125
0 0.5609375 0.959375 0.5109375 0.959375 0.5109375 1.0 0.5609375 1.0 0.5609375 0.959375
0 0.6828125 0.9359375 0.571875 0.9359375 0.571875 1.0 0.6828125 1.0 0.6828125 0.9359375
0 0.390625 0.875 0.3046875 0.875 0.3046875 1.0 0.390625 1.0 0.390625 0.875
0 0.1234375 0.8484375 0.05 0.8484375 0.05 1.0 0.1234375 1.0 0.1234375 0.8484375
0 0.1859375 0.7859375 0.1140625 0.7859375 0.1140625 0.975 0.1859375 0.975 0.1859375 0.7859375
0 0.08125 0.440625 0.0015625 0.440625 0.0015625 0.609375 0.08125 0.609375 0.08125 0.440625
0 0.203125 0.0015625 0.0171875 0.0015625 0.0171875 0.2359375 0.203125 0.2359375 0.203125 0.0015625
0 1.0 0.8671875 0.975 0.8671875 0.975 1.0 1.0 1.0 1.0 0.8671875
0 0.0078125 0.8453125 0.0015625 0.8453125 0.0015625 0.8765625 0.0078125 0.8765625 0.0078125 0.8453125
0 0.3015625 0.1359375 0.0015625 0.1359375 0.0015625 0.6859375 0.3015625 0.6859375 0.3015625 0.1359375
0 0.4953125 0.2578125 0.3203125 0.2578125 0.3203125 0.4609375 0.4953125 0.4609375 0.4953125 0.2578125
0 0.0859375 0.0015625 0.0015625 0.0015625 0.0015625 0.103125 0.0859375 0.103125 0.0859375 0.0015625
0 0.3234375 0.0015625 0.203125 0.0015625 0.203125 0.115625 0.3234375 0.115625 0.3234375 0.0015625
0 0.4625 0.0015625 0.353125 0.0015625 0.353125 0.0453125 0.4625 0.0453125 0.4625 0.0015625
0 0.90625 0.7125 0.85625 0.7125 0.85625 0.871875 0.90625 0.871875 0.90625 0.7125
0 0.71875 0.0015625 0.6546875 0.0015625 0.6546875 0.028125 0.71875 0.028125 0.71875 0.0015625
0 0.784375 0.909375 0.7109375 0.909375 0.7109375 1.0 0.784375 1.0 0.784375 0.909375
0 0.796875 0.7546875 0.66875 0.7546875 0.66875 0.8546875 0.796875 0.8546875 0.796875 0.7546875
0 0.2578125 0.9421875 0.2359375 0.9421875 0.2359375 1.0 0.2578125 1.0 0.2578125 0.9421875
0 1.0 0.159375 0.0015625 0.159375 0.0015625 1.0 1.0 1.0 1.0 0.159375
0 0.0546875 0.065625 0.0015625 0.065625 0.0015625 0.209375 0.0546875 0.209375 0.0546875 0.065625
0 0.1078125 0.0015625 0.0015625 0.0015625 0.0015625 0.0546875 0.1078125 0.0546875 0.1078125 0.0015625
0 0.2421875 0.309375 0.0875 0.309375 0.0875 0.6109375 0.2421875 0.6109375 0.2421875 0.309375
0 0.53125 0.0015625 0.1390625 0.0015625 0.1390625 0.409375 0.53125 0.409375 0.53125 0.0015625
0 0.7421875 0.0015625 0.4609375 0.0015625 0.4609375 0.078125 0.7421875 0.078125 0.7421875 0.0015625
0 1.0 0.3328125 0.9328125 0.3328125 0.9328125 0.5859375 1.0 0.5859375 1.0 0.3328125
0 1.0 0.0015625 0.9578125 0.0015625 0.9578125 0.1703125 1.0 0.1703125 1.0 0.0015625
