0 0.2640625 0.90625 0.1390625 0.90625 0.1390625 1.0 0.2640625 1.0 0.2640625 0.90625
0 0.60625 0.9734375 0.5875 0.9734375 0.5875 1.0 0.60625 1.0 0.60625 0.9734375
0 0.7140625 0.865625 0.6125 0.865625 0.6125 1.0 0.7140625 1.0 0.7140625 0.865625
0 0.1734375 0.778125 0.015625 0.778125 0.015625 0.90625 0.1734375 0.90625 0.1734375 0.778125
0 0.56875 0.796875 0.4609375 0.796875 0.4609375 0.871875 0.56875 0.871875 0.56875 0.796875
0 0.5390625 0.16875 0.446875 0.16875 0.446875 0.3984375 0.5390625 0.3984375 0.5390625 0.16875
0 0.73125 0.0640625 0.5875 0.0640625 0.5875 0.1609375 0.73125 0.1609375 0.73125 0.0640625
0 1.0 0.053125 0.91875 0.053125 0.91875 0.159375 1.0 0.159375 1.0 0.053125
0 0.15 0.9984375 0.1390625 0.9984375 0.1390625 1.0 0.15 1.0 0.15 0.9984375
0 0.621875 0.8921875 0.4640625 0.8921875 0.4640625 1.0 0.621875 1.0 0.621875 0.8921875
0 0.1078125 0.903125 0.0046875 0.903125 0.0046875 1.0 0.1078125 1.0 0.1078125 0.903125
0 0.046875 0.778125 0.0015625 0.778125 0.0015625 0.84375 0.046875 0.84375 0.046875 0.778125
0 0.4578125 0.7390625 0.2921875 0.7390625 0.2921875 0.9078125 0.4578125 0.9078125 0.4578125 0.7390625
0 0.853125 0.675 0.6390625 0.675 0.6390625 0.871875 0.853125 0.871875 0.853125 0.675
0 1.0 0.7796875 0.9765625 0.7796875 0.9765625 0.8140625 1.0 0.8140625 1.0 0.7796875
0 0.1296875 0.3390625 0.0015625 0.3390625 0.0015625 0.7765625 0.1296875 0.7765625 0.1296875 0.3390625
0 0.671875 0.584375 0.5265625 0.584375 0.5265625 0.7046875 0.671875 0.7046875 0.671875 0.584375
0 0.446875 0.4203125 0.246875 0.4203125 0.246875 0.6390625 0.446875 0.6390625 0.446875 0.4203125
0 0.8203125 0.4375 0.715625 0.4375 0.715625 0.571875 0.8203125 0.571875 0.8203125 0.4375
0 0.2234375 0.43125 0.115625 0.43125 0.115625 0.5671875 0.2234375 0.5671875 0.2234375 0.43125
0 0.7125 0.159375 0.625 0.159375 0.625 0.3 0.7125 0.3 0.7125 0.159375
0 0.43125 0.0671875 0.2859375 0.0671875 0.2859375 0.1625 0.43125 0.1625 0.43125 0.0671875
0 0.184375 0.0484375 0.0890625 0.0484375 0.0890625 0.1765625 0.184375 0.1765625 0.184375 0.0484375
0 0.86875 0.0015625 0.809375 0.0015625 0.809375 0.0578125 0.86875 0.0578125 0.86875 0.0015625
0 0.5015625 0.0015625 0.4546875 0.0015625 0.4546875 0.0296875 0.5015625 0.0296875 0.5015625 0.0015625
0 0.0234375 0.8265625 0.0015625 0.8265625 0.0015625 0.9578125 0.0234375 0.9578125 0.0234375 0.8265625
0 0.8484375 0.6265625 0.4765625 0.6265625 0.4765625 0.875 0.8484375 0.875 0.8484375 0.6265625
0 0.328125 0.3859375 0.1703125 0.3859375 0.1703125 0.675 0.328125 0.675 0.328125 0.3859375
0 0.6390625 0.4046875 0.41875 0.4046875 0.41875 0.575 0.6390625 0.575 0.6390625 0.4046875
0 0.18125 0.1 0.003125 0.1 0.003125 0.3890625 0.18125 0.3890625 0.18125 0.1
0 0.3421875 0.10625 0.2515625 0.10625 0.2515625 0.2765625 0.3421875 0.2765625 0.3421875 0.10625
0 0.2625 0.865625 0.1078125 0.865625 0.1078125 0.9796875 0.2625 0.9796875 0.2625 0.865625
0 0.696875 0.8328125 0.5625 0.8328125 0.5625 0.9078125 0.696875 0.9078125 0.696875 0.8328125
0 0.1609375 0.584375 0.0734375 0.584375 0.0734375 0.809375 0.1609375 0.809375 0.1609375 0.584375
0 0.54375 0.528125 0.35 0.528125 0.35 0.7484375 0.54375 0.7484375 0.54375 0.528125
0 0.3171875 0.4796875 0.228125 0.4796875 0.228125 0.7 0.3171875 0.7 0.3171875 0.4796875
0 0.515625 0.10625 0.0453125 0.10625 0.0453125 0.5953125 0.515625 0.5953125 0.515625 0.10625
0 0.775 0.2734375 0.5203125 0.2734375 0.5203125 0.55 0.775 0.55 0.775 0.2734375
0 0.409375 0.3 0.278125 0.3 0.278125 0.3984375 0.409375 0.3984375 0.409375 0.3
0 0.0140625 0.15625 0.0015625 0.15625 0.0015625 0.2484375 0.0140625 0.2484375 0.0140625 0.15625
0 0.78125 0.0171875 0.6609375 0.0171875 0.6609375 0.2671875 0.78125 0.2671875 0.78125 0.0171875
0 0.1140625 0.0015625 0.0015625 0.0015625 0.0015625 0.11875 0.1140625 0.11875 0.1140625 0.0015625
0 0.35 0.0015625 0.140625 0.0015625 0.140625 0.1125 0.35 0.1125 0.35 0.0015625
0 0.659375 0.0015625 0.528125 0.0015625 0.528125 0.109375 0.659375 0.109375 0.659375 0.0015625
0 0.4703125 0.0015625 0.3640625 0.0015625 0.3640625 0.10625 0.4703125 0.10625 0.4703125 0.0015625
0 0.8640625 0.8625 0.7203125 0.8625 0.7203125 1.0 0.8640625 1.0 0.8640625 0.8625
0 1.0 0.8765625 0.9359375 0.8765625 0.9359375 1.0 1.0 1.0 1.0 0.8765625
0 1.0 0.6796875 0.9734375 0.6796875 0.9734375 0.7328125 1.0 0.7328125 1.0 0.6796875
0 1.0 0.23125 0.8953125 0.23125 0.8953125 0.5140625 1.0 0.5140625 1.0 0.23125
0 0.6671875 0.8828125 0.546875 0.8828125 0.546875 1.0 0.6671875 1.0 0.6671875 0.8828125
0 0.04375 0.95 0.0015625 0.95 0.0015625 1.0 0.04375 1.0 0.04375 0.95
0 0.778125 0.8453125 0.659375 0.8453125 0.659375 1.0 0.778125 1.0 0.778125 0.8453125
0 0.45625 0.0015625 0.203125 0.0015625 0.203125 0.1484375 0.45625 0.1484375 0.45625 0.0015625
0 1.0 0.0015625 0.4140625 0.0015625 0.4140625 1.0 1.0 1.0 1.0 0.0015625
0 0.0765625 0.5640625 0.0015625 0.5640625 0.0015625 0.884375 0.0765625 0.884375 0.0765625 0.5640625
0 0.4765625 0.0015625 0.0015625 0.0015625 0.0015625 1.0 0.4765625 1.0 0.4765625 0.0015625
0 0.5359375 0.2625 0.15 0.2625 0.15 0.5890625 0.5359375 0.5890625 0.5359375 0.2625
0 0.29375 0.0640625 0.18125 0.0640625 0.18125 0.3328125 0.29375 0.3328125 0.29375 0.0640625
0 0.1671875 0.103125 0.0515625 0.103125 0.0515625 0.2328125 0.1671875 0.2328125 0.1671875 0.103125
0 0.759375 0.0015625 0.340625 0.0015625 0.340625 0.359375 0.759375 0.359375 0.759375 0.0015625
0 1.0 0.1203125 0.9171875 0.1203125 0.9171875 0.3359375 1.0 0.3359375 1.0 0.1203125
