0 0.9640625 0.5671875 0.725 0.5671875 0.725 0.7484375 0.9640625 0.7484375 0.9640625 0.5671875
0 0.884375 0.3484375 0.6875 0.3484375 0.6875 0.540625 0.884375 0.540625 0.884375 0.3484375
0 0.95625 0.0234375 0.8734375 0.0234375 0.8734375 0.24375 0.95625 0.24375 0.95625 0.0234375
0 0.946875 0.6859375 0.8328125 0.6859375 0.8328125 0.9328125 0.946875 0.9328125 0.946875 0.6859375
0 0.94375 0.4875 0.8125 0.4875 0.8125 0.5921875 0.94375 0.5921875 0.94375 0.4875
0 0.7875 0.428125 0.6359375 0.428125 0.6359375 0.5640625 0.7875 0.5640625 0.7875 0.428125
0 0.934375 0.1984375 0.7796875 0.1984375 0.7796875 0.3796875 0.934375 0.3796875 0.934375 0.1984375
0 0.8640625 0.05625 0.7890625 0.05625 0.7890625 0.1859375 0.8640625 0.1859375 0.8640625 0.05625
0 0.9984375 0.0015625 0.89375 0.0015625 0.89375 0.078125 0.9984375 0.078125 0.9984375 0.0015625
0 1.0 0.0015625 0.2609375 0.0015625 0.2609375 1.0 1.0 1.0 1.0 0.0015625
0 0.096875 0.9359375 0.0015625 0.9359375 0.0015625 1.0 0.096875 1.0 0.096875 0.9359375
0 0.25 0.353125 0.05625 0.353125 0.05625 0.83125 0.25 0.83125 0.25 0.353125
0 0.05 0.6046875 0.0015625 0.6046875 0.0015625 0.7859375 0.05 0.7859375 0.05 0.6046875
0 0.20625 0.1453125 0.0078125 0.1453125 0.0078125 0.4078125 0.20625 0.4078125 0.20625 0.1453125
0 0.2359375 0.0015625 0.125 0.0015625 0.125 0.1203125 0.2359375 0.1203125 0.2359375 0.0015625
0 0.421875 0.5890625 0.253125 0.5890625 0.253125 0.884375 0.421875 0.884375 0.421875 0.5890625
