0 0.0359375 0.9859375 0.025 0.9859375 0.025 1.0 0.0359375 1.0 0.0359375 0.9859375
0 0.740625 0.7453125 0.6515625 0.7453125 0.6515625 0.9484375 0.740625 0.9484375 0.740625 0.7453125
0 0.1515625 0.5984375 0.0015625 0.5984375 0.0015625 0.71875 0.1515625 0.71875 0.1515625 0.5984375
0 0.9671875 0.953125 0.85625 0.953125 0.85625 1.0 0.9671875 1.0 0.9671875 0.953125
0 0.5390625 0.9984375 0.5296875 0.9984375 0.5296875 1.0 0.5390625 1.0 0.5390625 0.9984375
0 0.6640625 0.7296875 0.3078125 0.7296875 0.3078125 1.0 0.6640625 1.0 0.6640625 0.7296875
0 0.403125 0.5859375 0.2234375 0.5859375 0.2234375 0.734375 0.403125 0.734375 0.403125 0.5859375
0 0.075 0.68125 0.0015625 0.68125 0.0015625 1.0 0.075 1.0 0.075 0.68125
0 0.90625 0.8109375 0.809375 0.8109375 0.809375 1.0 0.90625 1.0 0.90625 0.8109375
0 1.0 0.971875 0.9859375 0.971875 0.9859375 0.9953125 1.0 0.9953125 1.0 0.971875
0 1.0 0.6984375 0.0015625 0.6984375 0.0015625 1.0 1.0 1.0 1.0 0.6984375
0 0.271875 0.428125 0.0015625 0.428125 0.0015625 0.6984375 0.271875 0.6984375 0.271875 0.428125
0 0.59375 0.796875 0.51875 0.796875 0.51875 0.9921875 0.59375 0.9921875 0.59375 0.796875
0 0.3734375 0.93125 0.2984375 0.93125 0.2984375 1.0 0.3734375 1.0 0.3734375 0.93125
0 0.640625 0.984375 0.515625 0.984375 0.515625 1.0 0.640625 1.0 0.640625 0.984375
