0 1.0 0.0015625 0.0015625 0.0015625 0.0015625 1.0 1.0 1.0 1.0 0.0015625
0 0.209375 0.8609375 0.0546875 0.8609375 0.0546875 1.0 0.209375 1.0 0.209375 0.8609375
0 1.0 0.3703125 0.78125 0.3703125 0.78125 0.628125 1.0 0.628125 1.0 0.3703125
0 0.4234375 0.24375 0.0015625 0.24375 0.0015625 0.6125 0.4234375 0.6125 0.4234375 0.24375
0 0.553125 0.2640625 0.3546875 0.2640625 0.3546875 0.50625 0.553125 0.50625 0.553125 0.2640625
0 0.9171875 0.0015625 0.8984375 0.0015625 0.8984375 0.00625 0.9171875 0.00625 0.9171875 0.0015625
0 0.75625 0.5375 0.40625 0.5375 0.40625 1.0 0.75625 1.0 0.75625 0.5375
0 0.3875 0.6125 0.0015625 0.6125 0.0015625 0.7921875 0.3875 0.7921875 0.3875 0.6125
0 0.3671875 0.9078125 0.1828125 0.9078125 0.1828125 1.0 0.3671875 1.0 0.3671875 0.9078125
0 0.9109375 0.7625 0.7796875 0.7625 0.7796875 1.0 0.9109375 1.0 0.9109375 0.7625
0 0.2625 0.0015625 0.025 0.0015625 0.025 0.2765625 0.2625 0.2765625 0.2625 0.0015625
