0 0.71875 0.7703125 0.5984375 0.7703125 0.5984375 0.8625 0.71875 0.8625 0.71875 0.7703125
0 0.9296875 0.6671875 0.8359375 0.6671875 0.8359375 0.7953125 0.9296875 0.7953125 0.9296875 0.6671875
0 0.065625 0.0015625 0.0015625 0.0015625 0.0015625 0.096875 0.065625 0.096875 0.065625 0.0015625
0 0.9609375 0.9453125 0.8703125 0.9453125 0.8703125 1.0 0.9609375 1.0 0.9609375 0.9453125
0 0.1640625 0.1375 0.0796875 0.1375 0.0796875 0.3734375 0.1640625 0.3734375 0.1640625 0.1375
0 0.9421875 0.125 0.8328125 0.125 0.8328125 0.26875 0.9421875 0.26875 0.9421875 0.125
0 1.0 0.7140625 0.9375 0.7140625 0.9375 0.803125 1.0 0.803125 1.0 0.7140625
0 0.9546875 0.0359375 0.8328125 0.0359375 0.8328125 0.1625 0.9546875 0.1625 0.9546875 0.0359375
0 0.115625 0.8890625 0.0015625 0.8890625 0.0015625 1.0 0.115625 1.0 0.115625 0.8890625
0 0.259375 0.7953125 0.1125 0.7953125 0.1125 1.0 0.259375 1.0 0.259375 0.7953125
0 0.5984375 0.7265625 0.3796875 0.7265625 0.3796875 1.0 0.5984375 1.0 0.5984375 0.7265625
0 0.1625 0.2078125 0.0015625 0.2078125 0.0015625 0.6515625 0.1625 0.6515625 0.1625 0.2078125
0 0.309375 0.690625 0.171875 0.690625 0.171875 0.8078125 0.309375 0.8078125 0.309375 0.690625
0 0.45 0.565625 0.25 0.565625 0.25 0.7859375 0.45 0.7859375 0.45 0.565625
0 0.1359375 0.009375 0.0203125 0.009375 0.0203125 0.1703125 0.1359375 0.1703125 0.1359375 0.009375
0 0.8234375 0.8421875 0.5859375 0.8421875 0.5859375 1.0 0.8234375 1.0 0.8234375 0.8421875
0 0.0703125 0.0015625 0.059375 0.0015625 0.059375 0.0078125 0.0703125 0.0078125 0.0703125 0.0015625
0 0.03125 0.015625 0.0015625 0.015625 0.0015625 0.1578125 0.03125 0.1578125 0.03125 0.015625
0 0.253125 0.0015625 0.096875 0.0015625 0.096875 0.1265625 0.253125 0.1265625 0.253125 0.0015625
0 0.89375 0.95625 0.8046875 0.95625 0.8046875 1.0 0.89375 1.0 0.89375 0.95625
0 0.8046875 0.0015625 0.7359375 0.0015625 0.7359375 0.1171875 0.8046875 0.1171875 0.8046875 0.0015625
0 1.0 0.0015625 0.0015625 0.0015625 0.0015625 1.0 1.0 1.0 1.0 0.0015625
0 0.075 0.128125 0.0015625 0.128125 0.0015625 0.215625 0.075 0.215625 0.075 0.128125
0 0.140625 0.0015625 0.06875 0.0015625 0.06875 0.0171875 0.140625 0.0171875 0.140625 0.0015625
