0 0.025 0.0359375 0.0015625 0.0359375 0.0015625 0.0796875 0.025 0.0796875 0.025 0.0359375
0 0.9734375 0.4453125 0.8328125 0.4453125 0.8328125 0.5703125 0.9734375 0.5703125 0.9734375 0.4453125
0 0.0671875 0.359375 0.0015625 0.359375 0.0015625 0.540625 0.0671875 0.540625 0.0671875 0.359375
0 0.0953125 0.803125 0.0015625 0.803125 0.0015625 0.9046875 0.0953125 0.9046875 0.0953125 0.803125
0 0.303125 0.4859375 0.1015625 0.4859375 0.1015625 0.740625 0.303125 0.740625 0.303125 0.4859375
0 0.8640625 0.459375 0.80625 0.459375 0.80625 0.7 0.8640625 0.7 0.8640625 0.459375
0 0.4078125 0.46875 0.334375 0.46875 0.334375 0.6140625 0.4078125 0.6140625 0.4078125 0.46875
0 0.7515625 0.2234375 0.6328125 0.2234375 0.6328125 0.49375 0.7515625 0.49375 0.7515625 0.2234375
0 0.6234375 0.28125 0.540625 0.28125 0.540625 0.4953125 0.6234375 0.4953125 0.6234375 0.28125
0 0.9546875 0.221875 0.7609375 0.221875 0.7609375 0.4171875 0.9546875 0.4171875 0.9546875 0.221875
0 0.4234375 0.2796875 0.33125 0.2796875 0.33125 0.3875 0.4234375 0.3875 0.4234375 0.2796875
0 0.121875 0.2625 0.0515625 0.2625 0.0515625 0.3671875 0.121875 0.3671875 0.121875 0.2625
0 0.24375 0.16875 0.1328125 0.16875 0.1328125 0.3296875 0.24375 0.3296875 0.24375 0.16875
0 0.459375 0.0734375 0.2953125 0.0734375 0.2953125 0.1984375 0.459375 0.1984375 0.459375 0.0734375
0 0.6125 0.0015625 0.5046875 0.0015625 0.5046875 0.0875 0.6125 0.0875 0.6125 0.0015625
0 1.0 0.0015625 0.959375 0.0015625 0.959375 0.146875 1.0 0.146875 1.0 0.0015625
0 0.1296875 0.6609375 0.0015625 0.6609375 0.0015625 0.86875 0.1296875 0.86875 0.1296875 0.6609375
0 0.009375 0.5171875 0.0015625 0.5171875 0.0015625 0.5875 0.009375 0.5875 0.009375 0.5171875
0 0.203125 0.0015625 0.028125 0.0015625 0.028125 0.6 0.203125 0.6 0.203125 0.0015625
0 0.0484375 0.2796875 0.0015625 0.2796875 0.0015625 0.3265625 0.0484375 0.3265625 0.0484375 0.2796875
0 0.08125 0.0015625 0.0546875 0.0015625 0.0546875 0.0171875 0.08125 0.0171875 0.08125 0.0015625
0 0.428125 0.6703125 0.328125 0.6703125 0.328125 0.8109375 0.428125 0.8109375 0.428125 0.6703125
0 0.3671875 0.19375 0.2796875 0.19375 0.2796875 0.328125 0.3671875 0.328125 0.3671875 0.19375
0 0.65 0.01875 0.4515625 0.01875 0.4515625 0.3296875 0.65 0.3296875 0.65 0.01875
0 0.3703125 0.0015625 0.2640625 0.0015625 0.2640625 0.146875 0.3703125 0.146875 0.3703125 0.0015625
0 0.4671875 0.0015625 0.3875 0.0015625 0.3875 0.0578125 0.4671875 0.0578125 0.4671875 0.0015625
0 1.0 0.1796875 0.9140625 0.1796875 0.9140625 0.334375 1.0 0.334375 1.0 0.1796875
0 0.2234375 0.9484375 0.0421875 0.9484375 0.0421875 1.0 0.2234375 1.0 0.2234375 0.9484375
0 0.0546875 0.540625 0.0015625 0.540625 0.0015625 0.6765625 0.0546875 0.6765625 0.0546875 0.540625
0 0.8765625 0.1796875 0.421875 0.1796875 0.421875 1.0 0.8765625 1.0 0.8765625 0.1796875
0 0.428125 0.275 0.20625 0.275 0.20625 0.5375 0.428125 0.5375 0.428125 0.275
0 0.490625 0.0015625 0.425 0.0015625 0.425 0.121875 0.490625 0.121875 0.490625 0.0015625
0 0.3515625 0.0015625 0.2640625 0.0015625 0.2640625 0.0921875 0.3515625 0.0921875 0.3515625 0.0015625
0 0.615625 0.5609375 0.546875 0.5609375 0.546875 0.70625 0.615625 0.70625 0.615625 0.5609375
0 0.9953125 0.4 0.834375 0.4 0.834375 0.5375 0.9953125 0.5375 0.9953125 0.4
0 0.6984375 0.0015625 0.59375 0.0015625 0.59375 0.2390625 0.6984375 0.2390625 0.6984375 0.0015625
0 0.73125 0.0015625 0.69375 0.0015625 0.69375 0.0671875 0.73125 0.0671875 0.73125 0.0015625
0 1.0 0.0015625 0.0015625 0.0015625 0.0015625 1.0 1.0 1.0 1.0 0.0015625
0 0.0328125 0.6015625 0.0015625 0.6015625 0.0015625 0.840625 0.0328125 0.840625 0.0328125 0.6015625
0 0.1375 0.0015625 0.0015625 0.0015625 0.0015625 0.55625 0.1375 0.55625 0.1375 0.0015625
0 0.2234375 0.4921875 0.0359375 0.4921875 0.0359375 0.809375 0.2234375 0.809375 0.2234375 0.4921875
0 0.30625 0.321875 0.15 0.321875 0.15 0.5015625 0.30625 0.5015625 0.30625 0.321875
0 0.3453125 0.2234375 0.2125 0.2234375 0.2125 0.4046875 0.3453125 0.4046875 0.3453125 0.2234375
0 0.6140625 0.1203125 0.5125 0.1203125 0.5125 0.2578125 0.6140625 0.2578125 0.6140625 0.1203125
0 0.6921875 0.2546875 0.584375 0.2546875 0.584375 0.4375 0.6921875 0.4375 0.6921875 0.2546875
