0 0.5734375 0.0015625 0.40625 0.0015625 0.40625 0.15 0.5734375 0.15 0.5734375 0.0015625
0 1.0 0.7984375 0.8953125 0.7984375 0.8953125 1.0 1.0 1.0 1.0 0.7984375
0 0.9828125 0.6328125 0.8421875 0.6328125 0.8421875 0.7875 0.9828125 0.7875 0.9828125 0.6328125
0 0.7546875 0.0078125 0.6296875 0.0078125 0.6296875 0.30625 0.7546875 0.30625 0.7546875 0.0078125
0 0.5609375 0.025 0.440625 0.025 0.440625 0.1828125 0.5609375 0.1828125 0.5609375 0.025
0 1.0 0.0171875 0.946875 0.0171875 0.946875 0.23125 1.0 0.23125 1.0 0.0171875
0 0.7203125 0.0953125 0.5 0.0953125 0.5 0.415625 0.7203125 0.415625 0.7203125 0.0953125
0 0.4953125 0.0015625 0.3859375 0.0015625 0.3859375 0.19375 0.4953125 0.19375 0.4953125 0.0015625
0 0.690625 0.0015625 0.528125 0.0015625 0.528125 0.14375 0.690625 0.14375 0.690625 0.0015625
0 1.0 0.0734375 0.8984375 0.0734375 0.8984375 0.459375 1.0 0.459375 1.0 0.0734375
0 0.7265625 0.0015625 0.6359375 0.0015625 0.6359375 0.0640625 0.7265625 0.0640625 0.7265625 0.0015625
0 0.5578125 0.0015625 0.5078125 0.0015625 0.5078125 0.046875 0.5578125 0.046875 0.5578125 0.0015625
0 0.796875 0.0015625 0.371875 0.0015625 0.371875 0.428125 0.796875 0.428125 0.796875 0.0015625
0 0.909375 0.953125 0.85625 0.953125 0.85625 1.0 0.909375 1.0 0.909375 0.953125
0 1.0 0.0015625 0.64375 0.0015625 0.64375 0.7453125 1.0 0.7453125 1.0 0.0015625
