0 0.078125 0.50625 0.0015625 0.50625 0.0015625 0.6375 0.078125 0.6375 0.078125 0.50625
0 0.2453125 0.209375 0.18125 0.209375 0.18125 0.359375 0.2453125 0.359375 0.2453125 0.209375
0 0.6953125 0.9796875 0.446875 0.9796875 0.446875 1.0 0.6953125 1.0 0.6953125 0.9796875
0 1.0 0.8234375 0.903125 0.8234375 0.903125 0.9546875 1.0 0.9546875 1.0 0.8234375
0 0.725 0.6703125 0.5921875 0.6703125 0.5921875 0.9046875 0.725 0.9046875 0.725 0.6703125
0 0.46875 0.5640625 0.3203125 0.5640625 0.3203125 0.721875 0.46875 0.721875 0.46875 0.5640625
0 0.9 0.55 0.775 0.55 0.775 0.65625 0.9 0.65625 0.9 0.55
0 0.1328125 0.0015625 0.0015625 0.0015625 0.0015625 0.25 0.1328125 0.25 0.1328125 0.0015625
0 0.471875 0.6578125 0.33125 0.6578125 0.33125 0.9359375 0.471875 0.9359375 0.471875 0.6578125
0 0.5640625 0.146875 0.3953125 0.146875 0.3953125 0.390625 0.5640625 0.390625 0.5640625 0.146875
0 0.5875 0.0015625 0.4859375 0.0015625 0.4859375 0.0625 0.5875 0.0625 0.5875 0.0015625
0 0.51875 0.4015625 0.325 0.4015625 0.325 0.590625 0.51875 0.590625 0.51875 0.4015625
0 0.375 0.0015625 0.2328125 0.0015625 0.2328125 0.125 0.375 0.125 0.375 0.0015625
0 0.9125 0.825 0.8078125 0.825 0.8078125 0.9125 0.9125 0.9125 0.9125 0.825
0 0.725 0.59375 0.6421875 0.59375 0.6421875 0.8078125 0.725 0.8078125 0.725 0.59375
0 0.7328125 0.2609375 0.5484375 0.2609375 0.5484375 0.5828125 0.7328125 0.5828125 0.7328125 0.2609375
0 0.8453125 0.1703125 0.728125 0.1703125 0.728125 0.3171875 0.8453125 0.3171875 0.8453125 0.1703125
0 0.0046875 0.3875 0.0015625 0.3875 0.0015625 0.403125 0.0046875 0.403125 0.0046875 0.3875
0 1.0 0.1859375 0.965625 0.1859375 0.965625 0.3453125 1.0 0.3453125 1.0 0.1859375
0 0.5171875 0.003125 0.375 0.003125 0.375 0.2953125 0.5171875 0.2953125 0.5171875 0.003125
0 0.9421875 0.1109375 0.753125 0.1109375 0.753125 0.2625 0.9421875 0.2625 0.9421875 0.1109375
0 1.0 0.0515625 0.98125 0.0515625 0.98125 0.140625 1.0 0.140625 1.0 0.0515625
0 0.9390625 0.8734375 0.8328125 0.8734375 0.8328125 1.0 0.9390625 1.0 0.9390625 0.8734375
0 0.8203125 0.634375 0.378125 0.634375 0.378125 1.0 0.8203125 1.0 0.8203125 0.634375
0 0.4859375 0.7109375 0.384375 0.7109375 0.384375 0.8953125 0.4859375 0.8953125 0.4859375 0.7109375
0 0.8890625 0.6578125 0.803125 0.6578125 0.803125 0.78125 0.8890625 0.78125 0.8890625 0.6578125
0 0.578125 0.7203125 0.4890625 0.7203125 0.4890625 0.8203125 0.578125 0.8203125 0.578125 0.7203125
0 0.8578125 0.6359375 0.7359375 0.6359375 0.7359375 0.7703125 0.8578125 0.7703125 0.8578125 0.6359375
0 0.025 0.3953125 0.0015625 0.3953125 0.0015625 0.5203125 0.025 0.5203125 0.025 0.3953125
0 0.36875 0.7140625 0.2765625 0.7140625 0.2765625 0.840625 0.36875 0.840625 0.36875 0.7140625
0 0.13125 0.603125 0.034375 0.603125 0.034375 0.7328125 0.13125 0.7328125 0.13125 0.603125
0 0.3859375 0.490625 0.25 0.490625 0.25 0.5984375 0.3859375 0.5984375 0.3859375 0.490625
0 0.2515625 0.0015625 0.2109375 0.0015625 0.2109375 0.0453125 0.2515625 0.0453125 0.2515625 0.0015625
0 1.0 0.8203125 0.9859375 0.8203125 0.9859375 0.8625 1.0 0.8625 1.0 0.8203125
0 0.790625 0.39375 0.4125 0.39375 0.4125 0.765625 0.790625 0.765625 0.790625 0.39375
0 0.9875 0.4390625 0.8265625 0.4390625 0.8265625 0.634375 0.9875 0.634375 0.9875 0.4390625
0 0.69375 0.0015625 0.4625 0.0015625 0.4625 0.265625 0.69375 0.265625 0.69375 0.0015625
0 0.9078125 0.09375 0.7234375 0.09375 0.7234375 0.175 0.9078125 0.175 0.9078125 0.09375
0 0.9796875 0.0015625 0.86875 0.0015625 0.86875 0.1265625 0.9796875 0.1265625 0.9796875 0.0015625
0 0.5390625 0.3453125 0.40625 0.3453125 0.40625 0.46875 0.5390625 0.46875 0.5390625 0.3453125
0 0.565625 0.05625 0.484375 0.05625 0.484375 0.20625 0.565625 0.20625 0.565625 0.05625
0 0.8109375 0.0015625 0.7171875 0.0015625 0.7171875 0.0625 0.8109375 0.0625 0.8109375 0.0015625
0 1.0 0.0015625 0.9671875 0.0015625 0.9671875 0.0453125 1.0 0.0453125 1.0 0.0015625
0 0.5640625 0.2765625 0.4703125 0.2765625 0.4703125 0.4046875 0.5640625 0.4046875 0.5640625 0.2765625
0 0.1078125 0.2296875 0.0015625 0.2296875 0.0015625 0.4046875 0.1078125 0.4046875 0.1078125 0.2296875
0 0.5390625 0.0015625 0.475 0.0015625 0.475 0.03125 0.5390625 0.03125 0.5390625 0.0015625
0 1.0 0.2484375 0.975 0.2484375 0.975 0.459375 1.0 0.459375 1.0 0.2484375
0 0.9546875 0.99375 0.915625 0.99375 0.915625 1.0 0.9546875 1.0 0.9546875 0.99375
0 0.865625 0.86875 0.7328125 0.86875 0.7328125 1.0 0.865625 1.0 0.865625 0.86875
0 1.0 0.953125 0.975 0.953125 0.975 1.0 1.0 1.0 1.0 0.953125
0 0.5640625 0.79375 0.46875 0.79375 0.46875 0.93125 0.5640625 0.93125 0.5640625 0.79375
0 0.01875 0.6328125 0.0015625 0.6328125 0.0015625 0.784375 0.01875 0.784375 0.01875 0.6328125
0 0.128125 0.446875 0.0359375 0.446875 0.0359375 0.5421875 0.128125 0.5421875 0.128125 0.446875
0 0.3796875 0.0609375 0.0015625 0.0609375 0.0015625 1.0 0.3796875 1.0 0.3796875 0.0609375
0 0.0015625 0.5515625 0.0015625 0.5515625 0.0015625 0.55625 0.0015625 0.55625 0.0015625 0.5515625
0 0.0078125 0.2609375 0.0015625 0.2609375 0.0015625 0.2984375 0.0078125 0.2984375 0.0078125 0.2609375
0 0.0140625 0.0015625 0.0015625 0.0015625 0.0015625 0.084375 0.0140625 0.084375 0.0140625 0.0015625
0 0.765625 0.8609375 0.2984375 0.8609375 0.2984375 1.0 0.765625 1.0 0.765625 0.8609375
0 0.3796875 0.553125 0.1 0.553125 0.1 1.0 0.3796875 1.0 0.3796875 0.553125
0 0.634375 0.55625 0.3515625 0.55625 0.3515625 0.9578125 0.634375 0.9578125 0.634375 0.55625
0 0.6390625 0.221875 0.471875 0.221875 0.471875 0.41875 0.6390625 0.41875 0.6390625 0.221875
0 0.4734375 0.0015625 0.3359375 0.0015625 0.3359375 0.3140625 0.4734375 0.3140625 0.4734375 0.0015625
0 1.0 0.6453125 0.8765625 0.6453125 0.8765625 0.890625 1.0 0.890625 1.0 0.6453125
0 0.6265625 0.5359375 0.5640625 0.5359375 0.5640625 0.6765625 0.6265625 0.6765625 0.6265625 0.5359375
0 0.8078125 0.26875 0.7453125 0.26875 0.7453125 0.43125 0.8078125 0.43125 0.8078125 0.26875
0 0.7375 0.021875 0.584375 0.021875 0.584375 0.3765625 0.7375 0.3765625 0.7375 0.021875
0 0.9515625 0.221875 0.821875 0.221875 0.821875 0.4078125 0.9515625 0.4078125 0.9515625 0.221875
0 1.0 0.1265625 0.896875 0.1265625 0.896875 0.228125 1.0 0.228125 1.0 0.1265625
0 0.6359375 0.0015625 0.6078125 0.0015625 0.6078125 0.0078125 0.6359375 0.0078125 0.6359375 0.0015625
0 1.0 0.0578125 0.9640625 0.0578125 0.9640625 0.1609375 1.0 0.1609375 1.0 0.0578125
