0 0.3046875 0.953125 0.2859375 0.953125 0.2859375 1.0 0.3046875 1.0 0.3046875 0.953125
0 0.2359375 0.9734375 0.171875 0.9734375 0.171875 1.0 0.2359375 1.0 0.2359375 0.9734375
0 0.125 0.2609375 0.0515625 0.2609375 0.0515625 0.421875 0.125 0.421875 0.125 0.2609375
0 0.9921875 0.6640625 0.840625 0.6640625 0.840625 0.8921875 0.9921875 0.8921875 0.9921875 0.6640625
0 0.040625 0.6953125 0.0015625 0.6953125 0.0015625 0.7984375 0.040625 0.7984375 0.040625 0.6953125
0 0.2046875 0.6890625 0.109375 0.6890625 0.109375 0.8078125 0.2046875 0.8078125 0.2046875 0.6890625
0 0.665625 0.7765625 0.5703125 0.7765625 0.5703125 0.946875 0.665625 0.946875 0.665625 0.7765625
0 1.0 0.8265625 0.859375 0.8265625 0.859375 0.9828125 1.0 0.9828125 1.0 0.8265625
0 0.846875 0.365625 0.765625 0.365625 0.765625 0.6078125 0.846875 0.6078125 0.846875 0.365625
0 1.0 0.21875 0.9359375 0.21875 0.9359375 0.3 1.0 0.3 1.0 0.21875
0 1.0 0.4765625 0.9390625 0.4765625 0.9390625 0.6140625 1.0 0.6140625 1.0 0.4765625
0 0.928125 0.5125 0.834375 0.5125 0.834375 0.684375 0.928125 0.684375 0.928125 0.5125
0 0.1734375 0.078125 0.0765625 0.078125 0.0765625 0.2390625 0.1734375 0.2390625 0.1734375 0.078125
0 1.0 0.6015625 0.9 0.6015625 0.9 0.915625 1.0 0.915625 1.0 0.6015625
0 0.8140625 0.3484375 0.73125 0.3484375 0.73125 0.565625 0.8140625 0.565625 0.8140625 0.3484375
0 1.0 0.6390625 0.9359375 0.6390625 0.9359375 0.7734375 1.0 0.7734375 1.0 0.6390625
0 1.0 0.240625 0.84375 0.240625 0.84375 0.5125 1.0 0.5125 1.0 0.240625
0 1.0 0.15625 0.953125 0.15625 0.953125 0.24375 1.0 0.24375 1.0 0.15625
0 0.6109375 0.0015625 0.58125 0.0015625 0.58125 0.0140625 0.6109375 0.0140625 0.6109375 0.0015625
0 0.2328125 0.85 0.0328125 0.85 0.0328125 0.9859375 0.2328125 0.9859375 0.2328125 0.85
0 0.596875 0.209375 0.4125 0.209375 0.4125 0.45625 0.596875 0.45625 0.596875 0.209375
0 1.0 0.0015625 0.903125 0.0015625 0.903125 0.0484375 1.0 0.0484375 1.0 0.0015625
0 0.6875 0.221875 0.5328125 0.221875 0.5328125 0.3796875 0.6875 0.3796875 0.6875 0.221875
0 1.0 0.821875 0.7265625 0.821875 0.7265625 1.0 1.0 1.0 1.0 0.821875
0 1.0 0.6875 0.978125 0.6875 0.978125 0.8625 1.0 0.8625 1.0 0.6875
0 0.84375 0.2859375 0.659375 0.2859375 0.659375 0.603125 0.84375 0.603125 0.84375 0.2859375
0 0.0640625 0.0890625 0.0015625 0.0890625 0.0015625 0.1890625 0.0640625 0.1890625 0.0640625 0.0890625
0 0.7546875 0.0578125 0.6203125 0.0578125 0.6203125 0.1828125 0.7546875 0.1828125 0.7546875 0.0578125
0 0.0625 0.703125 0.0015625 0.703125 0.0015625 0.975 0.0625 0.975 0.0625 0.703125
0 0.0359375 0.4234375 0.0015625 0.4234375 0.0015625 0.59375 0.0359375 0.59375 0.0359375 0.4234375
0 0.971875 0.9 0.803125 0.9 0.803125 1.0 0.971875 1.0 0.971875 0.9
0 0.9015625 0.7171875 0.803125 0.7171875 0.803125 0.8625 0.9015625 0.8625 0.9015625 0.7171875
0 0.13125 0.4578125 0.0125 0.4578125 0.0125 0.6484375 0.13125 0.6484375 0.13125 0.4578125
0 0.6296875 0.16875 0.4921875 0.16875 0.4921875 0.321875 0.6296875 0.321875 0.6296875 0.16875
0 0.9609375 0.1109375 0.7671875 0.1109375 0.7671875 0.334375 0.9609375 0.334375 0.9609375 0.1109375
0 0.1265625 0.0015625 0.0015625 0.0015625 0.0015625 0.2390625 0.1265625 0.2390625 0.1265625 0.0015625
0 0.56875 0.6140625 0.49375 0.6140625 0.49375 0.8609375 0.56875 0.8609375 0.56875 0.6140625
0 0.096875 0.190625 0.0015625 0.190625 0.0015625 0.3609375 0.096875 0.3609375 0.096875 0.190625
0 0.14375 0.0015625 0.0015625 0.0015625 0.0015625 0.2171875 0.14375 0.2171875 0.14375 0.0015625
0 0.9921875 0.046875 0.865625 0.046875 0.865625 0.1734375 0.9921875 0.1734375 0.9921875 0.046875
0 0.4953125 0.184375 0.2 0.184375 0.2 0.5546875 0.4953125 0.5546875 0.4953125 0.184375
0 0.8296875 0.1125 0.73125 0.1125 0.73125 0.203125 0.8296875 0.203125 0.8296875 0.1125
0 0.146875 0.55625 0.0015625 0.55625 0.0015625 0.840625 0.146875 0.840625 0.146875 0.55625
0 0.603125 0.0890625 0.4203125 0.0890625 0.4203125 0.2609375 0.603125 0.2609375 0.603125 0.0890625
0 0.0515625 0.5765625 0.0015625 0.5765625 0.0015625 0.7671875 0.0515625 0.7671875 0.0515625 0.5765625
0 0.4203125 0.6265625 0.03125 0.6265625 0.03125 1.0 0.4203125 1.0 0.4203125 0.6265625
0 0.284375 0.3546875 0.096875 0.3546875 0.096875 0.6484375 0.284375 0.6484375 0.284375 0.3546875
