0 0.84375 0.0015625 0.346875 0.0015625 0.346875 0.19375 0.84375 0.19375 0.84375 0.0015625
0 1.0 0.271875 0.0015625 0.271875 0.0015625 1.0 1.0 1.0 1.0 0.271875
0 0.365625 0.378125 0.0015625 0.378125 0.0015625 0.79375 0.365625 0.79375 0.365625 0.378125
0 0.1703125 0.19375 0.015625 0.19375 0.015625 0.315625 0.1703125 0.315625 0.1703125 0.19375
0 0.7125 0.390625 0.6109375 0.390625 0.6109375 0.5296875 0.7125 0.5296875 0.7125 0.390625
0 0.91875 0.1859375 0.440625 0.1859375 0.440625 0.5625 0.91875 0.5625 0.91875 0.1859375
0 0.175 0.903125 0.0015625 0.903125 0.0015625 1.0 0.175 1.0 0.175 0.903125
0 0.48125 0.8546875 0.3140625 0.8546875 0.3140625 0.9453125 0.48125 0.9453125 0.48125 0.8546875
0 0.5484375 0.196875 0.1578125 0.196875 0.1578125 0.5875 0.5484375 0.5875 0.5484375 0.196875
0 0.1375 0.290625 0.0015625 0.290625 0.0015625 0.3890625 0.1375 0.3890625 0.1375 0.290625
0 1.0 0.30625 0.8765625 0.30625 0.8765625 0.5359375 1.0 0.5359375 1.0 0.30625
0 0.0890625 0.2359375 0.0015625 0.2359375 0.0015625 0.3125 0.0890625 0.3125 0.0890625 0.2359375
0 0.434375 0.60625 0.2484375 0.60625 0.2484375 0.765625 0.434375 0.765625 0.434375 0.60625
0 0.809375 0.4078125 0.403125 0.4078125 0.403125 0.734375 0.809375 0.734375 0.809375 0.4078125
0 1.0 0.1203125 0.4375 0.1203125 0.4375 0.334375 1.0 0.334375 1.0 0.1203125
0 0.625 0.0015625 0.5375 0.0015625 0.5375 0.0609375 0.625 0.0609375 0.625 0.0015625
0 1.0 0.0625 0.9328125 0.0625 0.9328125 0.096875 1.0 0.096875 1.0 0.0625
0 1.0 0.0484375 0.9796875 0.0484375 0.9796875 0.0671875 1.0 0.0671875 1.0 0.0484375
0 0.05 0.15 0.0015625 0.15 0.0015625 0.1734375 0.05 0.1734375 0.05 0.15
0 1.0 0.0890625 0.8671875 0.0890625 0.8671875 0.1671875 1.0 0.1671875 1.0 0.0890625
0 0.39375 0.26875 0.2875 0.26875 0.2875 0.409375 0.39375 0.409375 0.39375 0.26875
0 0.221875 0.2765625 0.065625 0.2765625 0.065625 0.4859375 0.221875 0.4859375 0.221875 0.2765625
