0 0.5640625 0.0015625 0.4359375 0.0015625 0.4359375 0.05 0.5640625 0.05 0.5640625 0.0015625
0 0.34375 0.1796875 0.1765625 0.1796875 0.1765625 0.3609375 0.34375 0.3609375 0.34375 0.1796875
0 0.2140625 0.2609375 0.1015625 0.2609375 0.1015625 0.3765625 0.2140625 0.3765625 0.2140625 0.2609375
0 0.3484375 0.146875 0.2265625 0.146875 0.2265625 0.25625 0.3484375 0.25625 0.3484375 0.146875
0 0.1859375 0.0015625 0.1828125 0.0015625 0.1828125 0.0015625 0.1859375 0.0015625 0.1859375 0.0015625
0 0.6203125 0.25625 0.4953125 0.25625 0.4953125 0.3546875 0.6203125 0.3546875 0.6203125 0.25625
0 0.590625 0.13125 0.4515625 0.13125 0.4515625 0.240625 0.590625 0.240625 0.590625 0.13125
0 0.6875 0.1953125 0.5640625 0.1953125 0.5640625 0.2921875 0.6875 0.2921875 0.6875 0.1953125
0 1.0 0.8109375 0.890625 0.8109375 0.890625 0.953125 1.0 0.953125 1.0 0.8109375
0 0.7203125 0.690625 0.5671875 0.690625 0.5671875 0.7765625 0.7203125 0.7765625 0.7203125 0.690625
0 1.0 0.6046875 1.0 0.6046875 1.0 0.60625 1.0 0.60625 1.0 0.6046875
0 0.84375 0.0015625 0.4546875 0.0015625 0.4546875 0.428125 0.84375 0.428125 0.84375 0.0015625
0 0.4234375 0.278125 0.2953125 0.278125 0.2953125 0.4125 0.4234375 0.4125 0.4234375 0.278125
0 0.5734375 0.2140625 0.4625 0.2140625 0.4625 0.3234375 0.5734375 0.3234375 0.5734375 0.2140625
0 0.0296875 0.1359375 0.0015625 0.1359375 0.0015625 0.2640625 0.0296875 0.2640625 0.0296875 0.1359375
0 0.440625 0.0015625 0.340625 0.0015625 0.340625 0.0640625 0.440625 0.0640625 0.440625 0.0015625
0 0.015625 0.68125 0.0015625 0.68125 0.0015625 0.734375 0.015625 0.734375 0.015625 0.68125
0 0.440625 0.0390625 0.3296875 0.0390625 0.3296875 0.1875 0.440625 0.1875 0.440625 0.0390625
0 0.2984375 0.0015625 0.2484375 0.0015625 0.2484375 0.0390625 0.2984375 0.0390625 0.2984375 0.0015625
0 0.6890625 0.1328125 0.609375 0.1328125 0.609375 0.265625 0.6890625 0.265625 0.6890625 0.1328125
0 0.9171875 0.028125 0.721875 0.028125 0.721875 0.16875 0.9171875 0.16875 0.9171875 0.028125
0 0.5859375 0.4625 0.496875 0.4625 0.496875 0.596875 0.5859375 0.596875 0.5859375 0.4625
0 1.0 0.021875 0.915625 0.021875 0.915625 0.1609375 1.0 0.1609375 1.0 0.021875
0 0.19375 0.646875 0.0546875 0.646875 0.0546875 0.846875 0.19375 0.846875 0.19375 0.646875
0 0.6515625 0.6625 0.515625 0.6625 0.515625 0.734375 0.6515625 0.734375 0.6515625 0.6625
0 0.8015625 0.475 0.70625 0.475 0.70625 0.6375 0.8015625 0.6375 0.8015625 0.475
0 0.3671875 0.4125 0.246875 0.4125 0.246875 0.503125 0.3671875 0.503125 0.3671875 0.4125
0 0.63125 0.3609375 0.40625 0.3609375 0.40625 0.5 0.63125 0.5 0.63125 0.3609375
0 0.690625 0.00625 0.5515625 0.00625 0.5515625 0.1390625 0.690625 0.1390625 0.690625 0.00625
0 0.1484375 0.0015625 0.0296875 0.0015625 0.0296875 0.11875 0.1484375 0.11875 0.1484375 0.0015625
0 1.0 0.0015625 0.0015625 0.0015625 0.0015625 1.0 1.0 1.0 1.0 0.0015625
0 0.7046875 0.0015625 0.68125 0.0015625 0.68125 0.015625 0.7046875 0.015625 0.7046875 0.0015625
0 0.7234375 0.059375 0.5515625 0.059375 0.5515625 0.1859375 0.7234375 0.1859375 0.7234375 0.059375
0 1.0 0.0015625 0.803125 0.0015625 0.803125 0.08125 1.0 0.08125 1.0 0.0015625
