0 0.5 0.0015625 0.415625 0.0015625 0.415625 0.0171875 0.5 0.0171875 0.5 0.0015625
0 0.496875 0.8421875 0.396875 0.8421875 0.396875 1.0 0.496875 1.0 0.496875 0.8421875
0 0.2796875 0.7875 0.0015625 0.7875 0.0015625 1.0 0.2796875 1.0 0.2796875 0.7875
0 0.0046875 0.778125 0.0015625 0.778125 0.0015625 0.79375 0.0046875 0.79375 0.0046875 0.778125
0 0.0765625 0.5640625 0.0015625 0.5640625 0.0015625 0.665625 0.0765625 0.665625 0.0765625 0.5640625
0 0.4578125 0.7703125 0.38125 0.7703125 0.38125 0.9546875 0.4578125 0.9546875 0.4578125 0.7703125
0 0.2859375 0.0015625 0.2125 0.0015625 0.2125 0.04375 0.2859375 0.04375 0.2859375 0.0015625
0 1.0 0.878125 0.8546875 0.878125 0.8546875 0.9859375 1.0 0.9859375 1.0 0.878125
0 0.975 0.0015625 0.1046875 0.0015625 0.1046875 1.0 0.975 1.0 0.975 0.0015625
0 1.0 0.9265625 0.8171875 0.9265625 0.8171875 1.0 1.0 1.0 1.0 0.9265625
0 0.490625 0.3625 0.0015625 0.3625 0.0015625 1.0 0.490625 1.0 0.490625 0.3625
0 0.0171875 0.9671875 0.0015625 0.9671875 0.0015625 1.0 0.0171875 1.0 0.0171875 0.9671875
0 1.0 0.8 0.7921875 0.8 0.7921875 0.9640625 1.0 0.9640625 1.0 0.8
