0 1.0 0.228125 0.8890625 0.228125 0.8890625 0.5515625 1.0 0.5515625 1.0 0.228125
0 0.1296875 0.7453125 0.0015625 0.7453125 0.0015625 0.9953125 0.1296875 0.9953125 0.1296875 0.7453125
0 0.03125 0.6984375 0.0015625 0.6984375 0.0015625 0.740625 0.03125 0.740625 0.03125 0.6984375
0 0.0625 0.1578125 0.0015625 0.1578125 0.0015625 0.3078125 0.0625 0.3078125 0.0625 0.1578125
0 0.065625 0.0421875 0.0015625 0.0421875 0.0015625 0.1765625 0.065625 0.1765625 0.065625 0.0421875
0 0.0421875 0.0015625 0.0015625 0.0015625 0.0015625 0.028125 0.0421875 0.028125 0.0421875 0.0015625
0 0.375 0.71875 0.2765625 0.71875 0.2765625 0.871875 0.375 0.871875 0.375 0.71875
0 0.6671875 0.659375 0.459375 0.659375 0.459375 0.8140625 0.6671875 0.8140625 0.6671875 0.659375
0 1.0 0.0015625 0.6953125 0.0015625 0.6953125 0.83125 1.0 0.83125 1.0 0.0015625
0 0.4484375 0.578125 0.2765625 0.578125 0.2765625 0.7796875 0.4484375 0.7796875 0.4484375 0.578125
0 0.696875 0.309375 0.5296875 0.309375 0.5296875 0.76875 0.696875 0.76875 0.696875 0.309375
0 0.346875 0.03125 0.1140625 0.03125 0.1140625 0.4609375 0.346875 0.4609375 0.346875 0.03125
0 0.85625 0.0015625 0.6078125 0.0015625 0.6078125 0.3203125 0.85625 0.3203125 0.85625 0.0015625
0 0.65625 0.0015625 0.3625 0.0015625 0.3625 0.31875 0.65625 0.31875 0.65625 0.0015625
0 0.25 0.0015625 0.1890625 0.0015625 0.1890625 0.0421875 0.25 0.0421875 0.25 0.0015625
0 1.0 0.221875 0.9375 0.221875 0.9375 0.4203125 1.0 0.4203125 1.0 0.221875
0 0.71875 0.2765625 0.6328125 0.2765625 0.6328125 0.4875 0.71875 0.4875 0.71875 0.2765625
0 0.4828125 0.0015625 0.4234375 0.0015625 0.4234375 0.1140625 0.4828125 0.1140625 0.4828125 0.0015625
0 0.765625 0.0015625 0.6375 0.0015625 0.6375 0.0796875 0.765625 0.0796875 0.765625 0.0015625
0 1.0 0.8296875 0.9328125 0.8296875 0.9328125 0.88125 1.0 0.88125 1.0 0.8296875
0 0.103125 0.9921875 0.05625 0.9921875 0.05625 1.0 0.103125 1.0 0.103125 0.9921875
0 0.1765625 0.675 0.06875 0.675 0.06875 0.9125 0.1765625 0.9125 0.1765625 0.675
0 0.153125 0.575 0.0015625 0.575 0.0015625 0.7 0.153125 0.7 0.153125 0.575
0 0.109375 0.1875 0.0015625 0.1875 0.0015625 0.5578125 0.109375 0.5578125 0.109375 0.1875
0 0.265625 0.0015625 0.084375 0.0015625 0.084375 0.1375 0.265625 0.1375 0.265625 0.0015625
0 1.0 0.8078125 0.6109375 0.8078125 0.6109375 1.0 1.0 1.0 1.0 0.8078125
0 0.659375 0.79375 0.3671875 0.79375 0.3671875 1.0 0.659375 1.0 0.659375 0.79375
0 0.34375 0.925 0.2375 0.925 0.2375 1.0 0.34375 1.0 0.34375 0.925
0 0.45625 0.6484375 0.1921875 0.6484375 0.1921875 0.9359375 0.45625 0.9359375 0.45625 0.6484375
0 0.646875 0.6625 0.5453125 0.6625 0.5453125 0.7921875 0.646875 0.7921875 0.646875 0.6625
0 0.5921875 0.3875 0.3515625 0.3875 0.3515625 0.64375 0.5921875 0.64375 0.5921875 0.3875
0 0.346875 0.2765625 0.140625 0.2765625 0.140625 0.675 0.346875 0.675 0.346875 0.2765625
0 0.4796875 0.2359375 0.3484375 0.2359375 0.3484375 0.4125 0.4796875 0.4125 0.4796875 0.2359375
0 0.7265625 0.0015625 0.709375 0.0015625 0.709375 0.0046875 0.7265625 0.0046875 0.7265625 0.0015625
0 1.0 0.796875 0.971875 0.796875 0.971875 0.859375 1.0 0.859375 1.0 0.796875
0 0.85 0.646875 0.734375 0.646875 0.734375 0.7953125 0.85 0.7953125 0.85 0.646875
0 0.8828125 0.5515625 0.8109375 0.5515625 0.8109375 0.696875 0.8828125 0.696875 0.8828125 0.5515625
0 1.0 0.3796875 0.9859375 0.3796875 0.9859375 0.4609375 1.0 0.4609375 1.0 0.3796875
0 0.8890625 0.2921875 0.7890625 0.2921875 0.7890625 0.3796875 0.8890625 0.3796875 0.8890625 0.2921875
0 0.8734375 0.08125 0.809375 0.08125 0.809375 0.3 0.8734375 0.3 0.8734375 0.08125
0 0.775 0.053125 0.6734375 0.053125 0.6734375 0.2140625 0.775 0.2140625 0.775 0.053125
0 1.0 0.0015625 0.925 0.0015625 0.925 0.1234375 1.0 0.1234375 1.0 0.0015625
0 0.6609375 0.284375 0.5609375 0.284375 0.5609375 0.4484375 0.6609375 0.4484375 0.6609375 0.284375
0 0.8421875 0.1640625 0.753125 0.1640625 0.753125 0.2671875 0.8421875 0.2671875 0.8421875 0.1640625
0 0.553125 0.0015625 0.43125 0.0015625 0.43125 0.2546875 0.553125 0.2546875 0.553125 0.0015625
0 1.0 0.21875 0.996875 0.21875 0.996875 0.225 1.0 0.225 1.0 0.21875
0 1.0 0.0015625 0.0015625 0.0015625 0.0015625 1.0 1.0 1.0 1.0 0.0015625
0 0.41875 0.0015625 0.1046875 0.0015625 0.1046875 0.16875 0.41875 0.16875 0.41875 0.0015625
0 0.8734375 0.0015625 0.815625 0.0015625 0.815625 0.06875 0.8734375 0.06875 0.8734375 0.0015625
