0 0.5078125 0.8375 0.4125 0.8375 0.4125 1.0 0.5078125 1.0 0.5078125 0.8375
0 0.1125 0.478125 0.0015625 0.478125 0.0015625 0.63125 0.1125 0.63125 0.1125 0.478125
0 0.290625 0.0015625 0.1984375 0.0015625 0.1984375 0.128125 0.290625 0.128125 0.290625 0.0015625
0 0.1234375 0.0015625 0.0015625 0.0015625 0.0015625 0.4078125 0.1234375 0.4078125 0.1234375 0.0015625
0 0.609375 0.7671875 0.390625 0.7671875 0.390625 0.9609375 0.609375 0.9609375 0.609375 0.7671875
0 0.08125 0.5703125 0.0015625 0.5703125 0.0015625 0.6625 0.08125 0.6625 0.08125 0.5703125
0 0.2046875 0.2734375 0.05 0.2734375 0.05 0.49375 0.2046875 0.49375 0.2046875 0.2734375
0 0.3390625 0.0015625 0.19375 0.0015625 0.19375 0.2484375 0.3390625 0.2484375 0.3390625 0.0015625
0 0.084375 0.06875 0.0015625 0.06875 0.0015625 0.209375 0.084375 0.209375 0.084375 0.06875
0 0.0734375 0.575 0.0015625 0.575 0.0015625 0.7296875 0.0734375 0.7296875 0.0734375 0.575
0 0.359375 0.0015625 0.0015625 0.0015625 0.0015625 0.6484375 0.359375 0.6484375 0.359375 0.0015625
0 1.0 0.0265625 0.3375 0.0265625 0.3375 0.8640625 1.0 0.8640625 1.0 0.0265625
0 0.4765625 0.7921875 0.3578125 0.7921875 0.3578125 1.0 0.4765625 1.0 0.4765625 0.7921875
0 0.715625 0.0015625 0.3109375 0.0015625 0.3109375 0.4015625 0.715625 0.4015625 0.715625 0.0015625
0 1.0 0.8125 0.7828125 0.8125 0.7828125 1.0 1.0 1.0 1.0 0.8125
