0 1.0 0.3296875 0.9265625 0.3296875 0.9265625 0.3953125 1.0 0.3953125 1.0 0.3296875
0 0.1390625 0.8546875 0.003125 0.8546875 0.003125 1.0 0.1390625 1.0 0.1390625 0.8546875
0 0.371875 0.6859375 0.2828125 0.6859375 0.2828125 0.8421875 0.371875 0.8421875 0.371875 0.6859375
0 0.5125 0.6625 0.421875 0.6625 0.421875 0.8046875 0.5125 0.8046875 0.5125 0.6625
0 0.5984375 0.64375 0.5125 0.64375 0.5125 0.809375 0.5984375 0.809375 0.5984375 0.64375
0 0.3234375 0.5515625 0.23125 0.5515625 0.23125 0.7109375 0.3234375 0.7109375 0.3234375 0.5515625
0 0.196875 0.384375 0.10625 0.384375 0.10625 0.478125 0.196875 0.478125 0.196875 0.384375
0 0.5609375 0.721875 0.4546875 0.721875 0.4546875 1.0 0.5609375 1.0 0.5609375 0.721875
0 0.1078125 0.4421875 0.0015625 0.4421875 0.0015625 0.6015625 0.1078125 0.6015625 0.1078125 0.4421875
0 1.0 0.6015625 0.9984375 0.6015625 0.9984375 0.6078125 1.0 0.6078125 1.0 0.6015625
0 0.503125 0.55 0.390625 0.55 0.390625 0.646875 0.503125 0.646875 0.503125 0.55
0 0.1640625 0.403125 0.0015625 0.403125 0.0015625 0.6015625 0.1640625 0.6015625 0.1640625 0.403125
0 0.3890625 0.3234375 0.1640625 0.3234375 0.1640625 0.478125 0.3890625 0.478125 0.3890625 0.3234375
0 0.55625 0.2703125 0.4078125 0.2703125 0.4078125 0.36875 0.55625 0.36875 0.55625 0.2703125
0 0.2875 0.1765625 0.1546875 0.1765625 0.1546875 0.346875 0.2875 0.346875 0.2875 0.1765625
0 0.5640625 0.0015625 0.428125 0.0015625 0.428125 0.26875 0.5640625 0.26875 0.5640625 0.0015625
0 0.45625 0.0890625 0.3375 0.0890625 0.3375 0.265625 0.45625 0.265625 0.45625 0.0890625
0 0.05 0.0015625 0.0015625 0.0015625 0.0015625 0.0640625 0.05 0.0640625 0.05 0.0015625
0 1.0 0.940625 0.971875 0.940625 0.971875 1.0 1.0 1.0 1.0 0.940625
0 0.8828125 0.6375 0.7828125 0.6375 0.7828125 0.76875 0.8828125 0.76875 0.8828125 0.6375
0 0.765625 0.5765625 0.634375 0.5765625 0.634375 0.6734375 0.765625 0.6734375 0.765625 0.5765625
0 0.69375 0.4203125 0.5578125 0.4203125 0.5578125 0.6359375 0.69375 0.6359375 0.69375 0.4203125
0 0.9390625 0.4578125 0.8375 0.4578125 0.8375 0.5578125 0.9390625 0.5578125 0.9390625 0.4578125
0 1.0 0.4078125 0.96875 0.4078125 0.96875 0.4609375 1.0 0.4609375 1.0 0.4078125
0 0.759375 0.2875 0.6125 0.2875 0.6125 0.4453125 0.759375 0.4453125 0.759375 0.2875
0 0.8875 0.0015625 0.85625 0.0015625 0.85625 0.01875 0.8875 0.01875 0.8875 0.0015625
0 0.8765625 0.2734375 0.6453125 0.2734375 0.6453125 0.4171875 0.8765625 0.4171875 0.8765625 0.2734375
0 0.6609375 0.0015625 0.55 0.0015625 0.55 0.1328125 0.6609375 0.1328125 0.6609375 0.0015625
0 0.809375 0.0015625 0.7125 0.0015625 0.7125 0.115625 0.809375 0.115625 0.809375 0.0015625
0 0.9203125 0.5328125 0.8203125 0.5328125 0.8203125 0.6328125 0.9203125 0.6328125 0.9203125 0.5328125
0 0.2 0.0015625 0.128125 0.0015625 0.128125 0.1390625 0.2 0.1390625 0.2 0.0015625
0 1.0 0.48125 0.9546875 0.48125 0.9546875 0.58125 1.0 0.58125 1.0 0.48125
0 0.09375 0.5921875 0.0015625 0.5921875 0.0015625 0.7359375 0.09375 0.7359375 0.09375 0.5921875
0 0.7203125 0.8609375 0.6 0.8609375 0.6 1.0 0.7203125 1.0 0.7203125 0.8609375
0 0.8625 0.79375 0.725 0.79375 0.725 1.0 0.8625 1.0 0.8625 0.79375
0 0.2671875 0.9828125 0.225 0.9828125 0.225 1.0 0.2671875 1.0 0.2671875 0.9828125
0 0.215625 0.8828125 0.159375 0.8828125 0.159375 1.0 0.215625 1.0 0.215625 0.8828125
0 0.1234375 0.6234375 0.0015625 0.6234375 0.0015625 0.878125 0.1234375 0.878125 0.1234375 0.6234375
0 0.7640625 0.3046875 0.271875 0.3046875 0.271875 0.65 0.7640625 0.65 0.7640625 0.3046875
0 0.0640625 0.2953125 0.0015625 0.2953125 0.0015625 0.425 0.0640625 0.425 0.0640625 0.2953125
0 0.2078125 0.2890625 0.0734375 0.2890625 0.0734375 0.4171875 0.2078125 0.4171875 0.2078125 0.2890625
0 0.359375 0.1453125 0.125 0.1453125 0.125 0.3609375 0.359375 0.3609375 0.359375 0.1453125
0 0.7296875 0.0015625 0.340625 0.0015625 0.340625 0.2921875 0.7296875 0.2921875 0.7296875 0.0015625
0 0.946875 0.3296875 0.840625 0.3296875 0.840625 0.4984375 0.946875 0.4984375 0.946875 0.3296875
0 0.2359375 0.0015625 0.20625 0.0015625 0.20625 0.05 0.2359375 0.05 0.2359375 0.0015625
0 1.0 0.3625 0.940625 0.3625 0.940625 0.5046875 1.0 0.5046875 1.0 0.3625
0 0.85625 0.471875 0.759375 0.471875 0.759375 0.6359375 0.85625 0.6359375 0.85625 0.471875
0 0.8828125 0.9359375 0.809375 0.9359375 0.809375 1.0 0.8828125 1.0 0.8828125 0.9359375
0 1.0 0.8015625 0.875 0.8015625 0.875 1.0 1.0 1.0 1.0 0.8015625
0 0.40625 0.5625 0.315625 0.5625 0.315625 0.6828125 0.40625 0.6828125 0.40625 0.5625
0 0.6796875 0.4640625 0.0015625 0.4640625 0.0015625 1.0 0.6796875 1.0 0.6796875 0.4640625
0 0.0484375 0.5421875 0.0015625 0.5421875 0.0015625 0.728125 0.0484375 0.728125 0.0484375 0.5421875
0 0.2203125 0.0015625 0.0015625 0.0015625 0.0015625 0.359375 0.2203125 0.359375 0.2203125 0.0015625
0 0.565625 0.43125 0.440625 0.43125 0.440625 0.5109375 0.565625 0.5109375 0.565625 0.43125
0 0.40625 0.403125 0.296875 0.403125 0.296875 0.490625 0.40625 0.490625 0.40625 0.403125
0 0.53125 0.0015625 0.315625 0.0015625 0.315625 0.3453125 0.53125 0.3453125 0.53125 0.0015625
0 0.4265625 0.0015625 0.2125 0.0015625 0.2125 0.1875 0.4265625 0.1875 0.4265625 0.0015625
0 1.0 0.16875 0.834375 0.16875 0.834375 1.0 1.0 1.0 1.0 0.16875
0 0.8234375 0.6984375 0.6171875 0.6984375 0.6171875 1.0 0.8234375 1.0 0.8234375 0.6984375
0 0.8578125 0.371875 0.6109375 0.371875 0.6109375 0.6734375 0.8578125 0.6734375 0.8578125 0.371875
0 0.6515625 0.2578125 0.553125 0.2578125 0.553125 0.371875 0.6515625 0.371875 0.6515625 0.2578125
0 0.76875 0.01875 0.65 0.01875 0.65 0.1890625 0.76875 0.1890625 0.76875 0.01875
