0 0.9953125 0.0015625 0.871875 0.0015625 0.871875 0.16875 0.9953125 0.16875 0.9953125 0.0015625
0 0.259375 0.846875 0.0015625 0.846875 0.0015625 1.0 0.259375 1.0 0.259375 0.846875
0 0.425 0.81875 0.2828125 0.81875 0.2828125 0.9390625 0.425 0.9390625 0.425 0.81875
0 0.5078125 0.625 0.3671875 0.625 0.3671875 0.7484375 0.5078125 0.7484375 0.5078125 0.625
0 0.0109375 0.43125 0.0015625 0.43125 0.0015625 0.45 0.0109375 0.45 0.0109375 0.43125
0 1.0 0.9078125 0.9015625 0.9078125 0.9015625 1.0 1.0 1.0 1.0 0.9078125
0 0.91875 0.7296875 0.79375 0.7296875 0.79375 0.8484375 0.91875 0.8484375 0.91875 0.7296875
0 1.0 0.2578125 0.8828125 0.2578125 0.8828125 0.584375 1.0 0.584375 1.0 0.2578125
0 0.86875 0.203125 0.775 0.203125 0.775 0.31875 0.86875 0.31875 0.86875 0.203125
0 0.5984375 0.0015625 0.475 0.0015625 0.475 0.0734375 0.5984375 0.0734375 0.5984375 0.0015625
0 0.140625 0.528125 0.0015625 0.528125 0.0015625 0.6734375 0.140625 0.6734375 0.140625 0.528125
0 0.3109375 0.8046875 0.228125 0.8046875 0.228125 0.9796875 0.3109375 0.9796875 0.3109375 0.8046875
0 0.5015625 0.76875 0.34375 0.76875 0.34375 0.8796875 0.5015625 0.8796875 0.5015625 0.76875
0 0.4234375 0.4578125 0.3140625 0.4578125 0.3140625 0.603125 0.4234375 0.603125 0.4234375 0.4578125
0 0.9515625 1.0 0.9328125 1.0 0.9328125 1.0 0.9515625 1.0 0.9515625 1.0
0 1.0 0.753125 0.9046875 0.753125 0.9046875 0.9078125 1.0 0.9078125 1.0 0.753125
0 0.9609375 0.3765625 0.8140625 0.3765625 0.8140625 0.7296875 0.9609375 0.7296875 0.9609375 0.3765625
0 0.646875 0.1375 0.5578125 0.1375 0.5578125 0.28125 0.646875 0.28125 0.646875 0.1375
0 0.540625 0.709375 0.4203125 0.709375 0.4203125 0.8390625 0.540625 0.8390625 0.540625 0.709375
0 0.709375 0.5609375 0.4953125 0.5609375 0.4953125 0.728125 0.709375 0.728125 0.709375 0.5609375
0 0.4328125 0.0015625 0.0015625 0.0015625 0.0015625 0.5671875 0.4328125 0.5671875 0.4328125 0.0015625
0 0.0765625 0.11875 0.0015625 0.11875 0.0015625 0.2984375 0.0765625 0.2984375 0.0765625 0.11875
0 0.1875 0.0015625 0.0015625 0.0015625 0.0015625 0.1140625 0.1875 0.1140625 0.1875 0.0015625
0 0.284375 0.4671875 0.00625 0.4671875 0.00625 0.9546875 0.284375 0.9546875 0.284375 0.4671875
0 0.13125 0.165625 0.0015625 0.165625 0.0015625 0.4359375 0.13125 0.4359375 0.13125 0.165625
0 0.3640625 0.0015625 0.1984375 0.0015625 0.1984375 0.290625 0.3640625 0.290625 0.3640625 0.0015625
0 0.0734375 0.0328125 0.0015625 0.0328125 0.0015625 0.13125 0.0734375 0.13125 0.0734375 0.0328125
0 1.0 0.0015625 0.0015625 0.0015625 0.0015625 1.0 1.0 1.0 1.0 0.0015625
0 0.9921875 0.0015625 0.60625 0.0015625 0.60625 0.428125 0.9921875 0.428125 0.9921875 0.0015625
