0 0.6984375 0.55 0.5984375 0.55 0.5984375 0.675 0.6984375 0.675 0.6984375 0.55
0 0.1421875 0.8140625 0.04375 0.8140625 0.04375 1.0 0.1421875 1.0 0.1421875 0.8140625
0 0.109375 0.63125 0.0015625 0.63125 0.0015625 0.759375 0.109375 0.759375 0.109375 0.63125
0 0.45625 0.053125 0.31875 0.053125 0.31875 0.196875 0.45625 0.196875 0.45625 0.053125
0 0.33125 0.015625 0.2203125 0.015625 0.2203125 0.2109375 0.33125 0.2109375 0.33125 0.015625
0 0.70625 0.3140625 0.6 0.3140625 0.6 0.6015625 0.70625 0.6015625 0.70625 0.3140625
0 0.6265625 0.890625 0.590625 0.890625 0.590625 1.0 0.6265625 1.0 0.6265625 0.890625
0 0.6796875 0.5921875 0.425 0.5921875 0.425 0.89375 0.6796875 0.89375 0.6796875 0.5921875
0 0.640625 0.3296875 0.5734375 0.3296875 0.5734375 0.6109375 0.640625 0.6109375 0.640625 0.3296875
0 0.5546875 0.3515625 0.4703125 0.3515625 0.4703125 0.56875 0.5546875 0.56875 0.5546875 0.3515625
0 0.2265625 0.1921875 0.1640625 0.1921875 0.1640625 0.425 0.2265625 0.425 0.2265625 0.1921875
0 0.303125 0.9390625 0.25 0.9390625 0.25 1.0 0.303125 1.0 0.303125 0.9390625
0 0.321875 0.79375 0.11875 0.79375 0.11875 0.909375 0.321875 0.909375 0.321875 0.79375
0 0.1328125 0.634375 0.0484375 0.634375 0.0484375 0.778125 0.1328125 0.778125 0.1328125 0.634375
0 0.4828125 0.0015625 0.2640625 0.0015625 0.2640625 0.1390625 0.4828125 0.1390625 0.4828125 0.0015625
0 0.9203125 0.8453125 0.859375 0.8453125 0.859375 1.0 0.9203125 1.0 0.9203125 0.8453125
0 0.9609375 0.634375 0.8734375 0.634375 0.8734375 0.8875 0.9609375 0.8875 0.9609375 0.634375
0 0.41875 0.5578125 0.3359375 0.5578125 0.3359375 0.753125 0.41875 0.753125 0.41875 0.5578125
0 0.9953125 0.3640625 0.89375 0.3640625 0.89375 0.6359375 0.9953125 0.6359375 0.9953125 0.3640625
0 0.4109375 0.225 0.315625 0.225 0.315625 0.3484375 0.4109375 0.3484375 0.4109375 0.225
0 0.5859375 0.0015625 0.5296875 0.0015625 0.5296875 0.059375 0.5859375 0.059375 0.5859375 0.0015625
0 0.578125 0.753125 0.4546875 0.753125 0.4546875 0.9390625 0.578125 0.9390625 0.578125 0.753125
0 0.5921875 0.2765625 0.4765625 0.2765625 0.4765625 0.3828125 0.5921875 0.3828125 0.5921875 0.2765625
0 0.1953125 0.1484375 0.1203125 0.1484375 0.1203125 0.3109375 0.1953125 0.3109375 0.1953125 0.1484375
0 0.4875 0.8265625 0.33125 0.8265625 0.33125 1.0 0.4875 1.0 0.4875 0.8265625
0 0.1078125 0.8625 0.0015625 0.8625 0.0015625 1.0 0.1078125 1.0 0.1078125 0.8625
0 0.3328125 0.846875 0.1296875 0.846875 0.1296875 1.0 0.3328125 1.0 0.3328125 0.846875
0 0.109375 0.746875 0.0015625 0.746875 0.0015625 0.8765625 0.109375 0.8765625 0.109375 0.746875
0 0.0625 0.578125 0.0015625 0.578125 0.0015625 0.74375 0.0625 0.74375 0.0625 0.578125
0 0.3859375 0.35625 0.3109375 0.35625 0.3109375 0.5484375 0.3859375 0.5484375 0.3859375 0.35625
0 0.4578125 0.0015625 0.340625 0.0015625 0.340625 0.0359375 0.4578125 0.0359375 0.4578125 0.0015625
0 1.0 0.8734375 0.909375 0.8734375 0.909375 1.0 1.0 1.0 1.0 0.8734375
0 1.0 0.975 0.990625 0.975 0.990625 1.0 1.0 1.0 1.0 0.975
0 0.903125 0.66875 0.7875 0.66875 0.7875 0.878125 0.903125 0.878125 0.903125 0.66875
0 0.99375 0.5875 0.9140625 0.5875 0.9140625 0.821875 0.99375 0.821875 0.99375 0.5875
0 1.0 0.146875 0.90625 0.146875 0.90625 0.5125 1.0 0.5125 1.0 0.146875
0 0.6609375 0.0015625 0.534375 0.0015625 0.534375 0.1 0.6609375 0.1 0.6609375 0.0015625
0 0.3921875 0.0015625 0.2046875 0.0015625 0.2046875 0.0578125 0.3921875 0.0578125 0.3921875 0.0015625
0 0.5359375 0.4953125 0.459375 0.4953125 0.459375 0.634375 0.5359375 0.634375 0.5359375 0.4953125
0 0.328125 0.4046875 0.2796875 0.4046875 0.2796875 0.6625 0.328125 0.6625 0.328125 0.4046875
0 0.490625 0.40625 0.4015625 0.40625 0.4015625 0.50625 0.490625 0.50625 0.490625 0.40625
0 1.0 0.0015625 0.0015625 0.0015625 0.0015625 1.0 1.0 1.0 1.0 0.0015625
0 0.328125 0.0015625 0.2375 0.0015625 0.2375 0.0390625 0.328125 0.0390625 0.328125 0.0015625
0 0.6078125 0.3140625 0.4984375 0.3140625 0.4984375 0.65625 0.6078125 0.65625 0.6078125 0.3140625
