0 0.4296875 0.01875 0.3375 0.01875 0.3375 0.159375 0.4296875 0.159375 0.4296875 0.01875
0 0.3359375 0.6875 0.2578125 0.6875 0.2578125 0.846875 0.3359375 0.846875 0.3359375 0.6875
0 0.41875 0.234375 0.30625 0.234375 0.30625 0.40625 0.41875 0.40625 0.41875 0.234375
0 0.284375 0.1875 0.1953125 0.1875 0.1953125 0.3375 0.284375 0.3375 0.284375 0.1875
0 0.446875 0.4625 0.2984375 0.4625 0.2984375 0.6296875 0.446875 0.6296875 0.446875 0.4625
0 0.503125 0.178125 0.3515625 0.178125 0.3515625 0.3171875 0.503125 0.3171875 0.503125 0.178125
0 0.5078125 0.009375 0.40625 0.009375 0.40625 0.1828125 0.5078125 0.1828125 0.5078125 0.009375
0 0.49375 0.0015625 0.375 0.0015625 0.375 0.0484375 0.49375 0.0484375 0.49375 0.0015625
0 0.021875 0.8546875 0.0015625 0.8546875 0.0015625 0.965625 0.021875 0.965625 0.021875 0.8546875
0 0.0328125 0.4421875 0.0015625 0.4421875 0.0015625 0.73125 0.0328125 0.73125 0.0328125 0.4421875
0 0.425 0.634375 0.2015625 0.634375 0.2015625 1.0 0.425 1.0 0.425 0.634375
0 0.0921875 0.953125 0.034375 0.953125 0.034375 1.0 0.0921875 1.0 0.0921875 0.953125
0 0.1984375 0.79375 0.0578125 0.79375 0.0578125 0.9671875 0.1984375 0.9671875 0.1984375 0.79375
0 0.2828125 0.415625 0.090625 0.415625 0.090625 0.7359375 0.2828125 0.7359375 0.2828125 0.415625
0 0.2390625 0.1453125 0.0640625 0.1453125 0.0640625 0.4296875 0.2390625 0.4296875 0.2390625 0.1453125
0 0.5046875 0.0390625 0.0015625 0.0390625 0.0015625 1.0 0.5046875 1.0 0.5046875 0.0390625
0 0.0421875 0.0625 0.0015625 0.0625 0.0015625 0.190625 0.0421875 0.190625 0.0421875 0.0625
0 0.2203125 0.0015625 0.0015625 0.0015625 0.0015625 0.1171875 0.2203125 0.1171875 0.2203125 0.0015625
