0 1.0 0.228125 0.8921875 0.228125 0.8921875 0.5375 1.0 0.5375 1.0 0.228125
0 0.221875 0.5875 0.071875 0.5875 0.071875 0.765625 0.221875 0.765625 0.221875 0.5875
0 0.134375 0.8703125 0.01875 0.8703125 0.01875 0.978125 0.134375 0.978125 0.134375 0.8703125
0 0.1890625 0.6203125 0.0015625 0.6203125 0.0015625 0.753125 0.1890625 0.753125 0.1890625 0.6203125
0 0.375 0.26875 0.23125 0.26875 0.23125 0.365625 0.375 0.365625 0.375 0.26875
0 0.2515625 0.9234375 0.1453125 0.9234375 0.1453125 1.0 0.2515625 1.0 0.2515625 0.9234375
0 0.70625 0.9296875 0.5703125 0.9296875 0.5703125 1.0 0.70625 1.0 0.70625 0.9296875
0 0.5546875 0.0015625 0.3671875 0.0015625 0.3671875 0.10625 0.5546875 0.10625 0.5546875 0.0015625
0 1.0 0.490625 0.9796875 0.490625 0.9796875 0.584375 1.0 0.584375 1.0 0.490625
0 0.996875 0.20625 0.859375 0.20625 0.859375 0.4375 0.996875 0.4375 0.996875 0.20625
0 0.8921875 0.0015625 0.7890625 0.0015625 0.7890625 0.0296875 0.8921875 0.0296875 0.8921875 0.0015625
0 0.125 0.7890625 0.0015625 0.7890625 0.0015625 1.0 0.125 1.0 0.125 0.7890625
0 0.0625 0.33125 0.0015625 0.33125 0.0015625 0.4625 0.0625 0.4625 0.0625 0.33125
0 0.0546875 0.0390625 0.0015625 0.0390625 0.0015625 0.31875 0.0546875 0.31875 0.0546875 0.0390625
0 0.590625 0.8484375 0.4765625 0.8484375 0.4765625 1.0 0.590625 1.0 0.590625 0.8484375
0 1.0 0.6984375 0.9234375 0.6984375 0.9234375 0.7984375 1.0 0.7984375 1.0 0.6984375
0 0.76875 0.55 0.6515625 0.55 0.6515625 0.6640625 0.76875 0.6640625 0.76875 0.55
0 0.078125 0.765625 0.0015625 0.765625 0.0015625 0.8609375 0.078125 0.8609375 0.078125 0.765625
0 0.9609375 0.6484375 0.4703125 0.6484375 0.4703125 1.0 0.9609375 1.0 0.9609375 0.6484375
0 0.3015625 0.6796875 0.0765625 0.6796875 0.0765625 0.7953125 0.3015625 0.7953125 0.3015625 0.6796875
0 0.6078125 0.3578125 0.409375 0.3578125 0.409375 0.6390625 0.6078125 0.6390625 0.6078125 0.3578125
0 0.8984375 0.36875 0.7578125 0.36875 0.7578125 0.54375 0.8984375 0.54375 0.8984375 0.36875
0 0.9984375 0.0015625 0.74375 0.0015625 0.74375 0.309375 0.9984375 0.309375 0.9984375 0.0015625
0 0.0265625 0.1859375 0.0015625 0.1859375 0.0015625 0.2734375 0.0265625 0.2734375 0.0265625 0.1859375
0 0.2953125 0.78125 0.1421875 0.78125 0.1421875 0.8921875 0.2953125 0.8921875 0.2953125 0.78125
0 0.4203125 0.7140625 0.3328125 0.7140625 0.3328125 0.83125 0.4203125 0.83125 0.4203125 0.7140625
0 0.2046875 0.2234375 0.04375 0.2234375 0.04375 0.425 0.2046875 0.425 0.2046875 0.2234375
0 1.0 0.9328125 0.9890625 0.9328125 0.9890625 0.978125 1.0 0.978125 1.0 0.9328125
0 0.5421875 0.096875 0.4109375 0.096875 0.4109375 0.190625 0.5421875 0.190625 0.5421875 0.096875
0 1.0 0.9734375 0.9875 0.9734375 0.9875 1.0 1.0 1.0 1.0 0.9734375
0 1.0 0.303125 0.9265625 0.303125 0.9265625 0.59375 1.0 0.59375 1.0 0.303125
0 1.0 0.0015625 0.9890625 0.0015625 0.9890625 0.0421875 1.0 0.0421875 1.0 0.0015625
0 1.0 0.5640625 0.93125 0.5640625 0.93125 0.684375 1.0 0.684375 1.0 0.5640625
0 0.378125 0.8 0.0015625 0.8 0.0015625 1.0 0.378125 1.0 0.378125 0.8
0 0.1703125 0.4125 0.0015625 0.4125 0.0015625 0.6765625 0.1703125 0.6765625 0.1703125 0.4125
0 0.371875 0.39375 0.2375 0.39375 0.2375 0.5828125 0.371875 0.5828125 0.371875 0.39375
0 0.8515625 0.93125 0.671875 0.93125 0.671875 1.0 0.8515625 1.0 0.8515625 0.93125
0 0.6921875 0.734375 0.509375 0.734375 0.509375 0.9140625 0.6921875 0.9140625 0.6921875 0.734375
0 0.8546875 0.6640625 0.6625 0.6640625 0.6625 0.8375 0.8546875 0.8375 0.8546875 0.6640625
0 0.0828125 0.734375 0.0015625 0.734375 0.0015625 0.8078125 0.0828125 0.8078125 0.0828125 0.734375
0 0.24375 0.440625 0.040625 0.440625 0.040625 0.6078125 0.24375 0.6078125 0.24375 0.440625
0 0.309375 0.2890625 0.1296875 0.2890625 0.1296875 0.4578125 0.309375 0.4578125 0.309375 0.2890625
0 0.15 0.259375 0.0015625 0.259375 0.0015625 0.3546875 0.15 0.3546875 0.15 0.259375
0 0.9375 0.040625 0.746875 0.040625 0.746875 0.2796875 0.9375 0.2796875 0.9375 0.040625
0 1.0 0.0015625 0.0015625 0.0015625 0.0015625 1.0 1.0 1.0 1.0 0.0015625
0 0.0578125 0.6546875 0.0015625 0.6546875 0.0015625 0.7015625 0.0578125 0.7015625 0.0578125 0.6546875
0 0.2875 0.3625 0.0625 0.3625 0.0625 0.5484375 0.2875 0.5484375 0.2875 0.3625
0 0.8875 0.9328125 0.75 0.9328125 0.75 1.0 0.8875 1.0 0.8875 0.9328125
0 1.0 0.8578125 0.8875 0.8578125 0.8875 1.0 1.0 1.0 1.0 0.8578125
