0 0.803125 0.5125 0.5859375 0.5125 0.5859375 0.671875 0.803125 0.671875 0.803125 0.5125
0 0.309375 0.0015625 0.1 0.0015625 0.1 0.0953125 0.309375 0.0953125 0.309375 0.0015625
0 0.8828125 0.80625 0.7609375 0.80625 0.7609375 0.975 0.8828125 0.975 0.8828125 0.80625
0 0.1890625 0.16875 0.09375 0.16875 0.09375 0.29375 0.1890625 0.29375 0.1890625 0.16875
0 0.0484375 0.8953125 0.0015625 0.8953125 0.0015625 1.0 0.0484375 1.0 0.0484375 0.8953125
0 0.7765625 0.5984375 0.60625 0.5984375 0.60625 0.734375 0.7765625 0.734375 0.7765625 0.5984375
0 0.75 0.3875 0.6515625 0.3875 0.6515625 0.5421875 0.75 0.5421875 0.75 0.3875
0 0.934375 0.2234375 0.684375 0.2234375 0.684375 0.4828125 0.934375 0.4828125 0.934375 0.2234375
0 0.246875 0.309375 0.15625 0.309375 0.15625 0.4078125 0.246875 0.4078125 0.246875 0.309375
0 0.8515625 0.13125 0.7234375 0.13125 0.7234375 0.203125 0.8515625 0.203125 0.8515625 0.13125
0 0.6578125 0.0015625 0.553125 0.0015625 0.553125 0.08125 0.6578125 0.08125 0.6578125 0.0015625
0 0.7578125 0.55 0.4859375 0.55 0.4859375 0.665625 0.7578125 0.665625 0.7578125 0.55
0 0.91875 0.0015625 0.8140625 0.0015625 0.8140625 0.078125 0.91875 0.078125 0.91875 0.0015625
0 0.815625 0.0015625 0.6578125 0.0015625 0.6578125 0.046875 0.815625 0.046875 0.815625 0.0015625
0 0.221875 0.24375 0.0015625 0.24375 0.0015625 0.4265625 0.221875 0.4265625 0.221875 0.24375
0 0.0359375 0.0015625 0.0015625 0.0015625 0.0015625 0.096875 0.0359375 0.096875 0.0359375 0.0015625
0 0.3234375 0.0015625 0.103125 0.0015625 0.103125 0.11875 0.3234375 0.11875 0.3234375 0.0015625
0 0.821875 0.9484375 0.73125 0.9484375 0.73125 1.0 0.821875 1.0 0.821875 0.9484375
0 0.9828125 0.9609375 0.8734375 0.9609375 0.8734375 1.0 0.9828125 1.0 0.9828125 0.9609375
0 0.8703125 0.0015625 0.8125 0.0015625 0.8125 0.025 0.8703125 0.025 0.8703125 0.0015625
0 0.6515625 0.896875 0.553125 0.896875 0.553125 1.0 0.6515625 1.0 0.6515625 0.896875
0 0.8953125 0.6640625 0.7875 0.6640625 0.7875 0.7765625 0.8953125 0.7765625 0.8953125 0.6640625
0 1.0 0.0015625 0.9984375 0.0015625 0.9984375 0.0046875 1.0 0.0046875 1.0 0.0015625
0 0.040625 0.6078125 0.0015625 0.6078125 0.0015625 0.7390625 0.040625 0.7390625 0.040625 0.6078125
0 0.615625 0.521875 0.5 0.521875 0.5 0.61875 0.615625 0.61875 0.615625 0.521875
0 0.803125 0.3234375 0.6765625 0.3234375 0.6765625 0.525 0.803125 0.525 0.803125 0.3234375
0 0.715625 0.2453125 0.5546875 0.2453125 0.5546875 0.465625 0.715625 0.465625 0.715625 0.2453125
0 0.2046875 0.2703125 0.1 0.2703125 0.1 0.3734375 0.2046875 0.3734375 0.2046875 0.2703125
0 0.090625 0.5828125 0.0015625 0.5828125 0.0015625 0.8265625 0.090625 0.8265625 0.090625 0.5828125
0 0.9140625 0.75625 0.6234375 0.75625 0.6234375 1.0 0.9140625 1.0 0.9140625 0.75625
0 0.5734375 0.9453125 0.346875 0.9453125 0.346875 1.0 0.5734375 1.0 0.5734375 0.9453125
0 0.40625 0.49375 0.321875 0.49375 0.321875 0.646875 0.40625 0.646875 0.40625 0.49375
0 0.978125 0.8375 0.871875 0.8375 0.871875 0.996875 0.978125 0.996875 0.978125 0.8375
0 0.6625 0.7953125 0.5640625 0.7953125 0.5640625 0.934375 0.6625 0.934375 0.6625 0.7953125
0 0.9703125 0.496875 0.7359375 0.496875 0.7359375 0.5828125 0.9703125 0.5828125 0.9703125 0.496875
0 0.4921875 0.0015625 0.3921875 0.0015625 0.3921875 0.0859375 0.4921875 0.0859375 0.4921875 0.0015625
0 0.5421875 0.8375 0.440625 0.8375 0.440625 1.0 0.5421875 1.0 0.5421875 0.8375
0 0.4796875 0.709375 0.384375 0.709375 0.384375 0.809375 0.4796875 0.809375 0.4796875 0.709375
0 0.4953125 0.615625 0.403125 0.615625 0.403125 0.7046875 0.4953125 0.7046875 0.4953125 0.615625
0 0.5359375 0.4078125 0.3671875 0.4078125 0.3671875 0.5421875 0.5359375 0.5421875 0.5359375 0.4078125
0 0.04375 0.153125 0.0015625 0.153125 0.0015625 0.228125 0.04375 0.228125 0.04375 0.153125
0 0.365625 0.10625 0.2625 0.10625 0.2625 0.2140625 0.365625 0.2140625 0.365625 0.10625
0 0.0421875 0.103125 0.0015625 0.103125 0.0015625 0.1375 0.0421875 0.1375 0.0421875 0.103125
0 0.653125 0.0015625 0.4515625 0.0015625 0.4515625 0.09375 0.653125 0.09375 0.653125 0.0015625
0 0.1046875 0.0015625 0.096875 0.0015625 0.096875 0.0203125 0.1046875 0.0203125 0.1046875 0.0015625
0 0.7171875 0.765625 0.5515625 0.765625 0.5515625 0.9515625 0.7171875 0.9515625 0.7171875 0.765625
0 0.7453125 0.6328125 0.5296875 0.6328125 0.5296875 0.7734375 0.7453125 0.7734375 0.7453125 0.6328125
0 0.9453125 0.521875 0.7453125 0.521875 0.7453125 0.6015625 0.9453125 0.6015625 0.9453125 0.521875
0 0.928125 0.378125 0.7609375 0.378125 0.7609375 0.54375 0.928125 0.54375 0.928125 0.378125
0 0.7125 0.40625 0.5796875 0.40625 0.5796875 0.553125 0.7125 0.553125 0.7125 0.40625
0 0.828125 0.0375 0.69375 0.0375 0.69375 0.228125 0.828125 0.228125 0.828125 0.0375
0 0.925 0.0015625 0.840625 0.0015625 0.840625 0.159375 0.925 0.159375 0.925 0.0015625
0 0.740625 0.240625 0.61875 0.240625 0.61875 0.3609375 0.740625 0.3609375 0.740625 0.240625
0 0.5515625 0.0015625 0.3984375 0.0015625 0.3984375 0.140625 0.5515625 0.140625 0.5515625 0.0015625
