0 0.5234375 0.2359375 0.4328125 0.2359375 0.4328125 0.409375 0.5234375 0.409375 0.5234375 0.2359375
0 0.7828125 0.26875 0.6828125 0.26875 0.6828125 0.3640625 0.7828125 0.3640625 0.7828125 0.26875
0 0.428125 0.8578125 0.24375 0.8578125 0.24375 0.9515625 0.428125 0.9515625 0.428125 0.8578125
0 0.5171875 0.6953125 0.315625 0.6953125 0.315625 0.7953125 0.5171875 0.7953125 0.5171875 0.6953125
0 0.66875 0.4390625 0.6015625 0.4390625 0.6015625 0.609375 0.66875 0.609375 0.66875 0.4390625
0 0.7171875 0.0015625 0.54375 0.0015625 0.54375 0.06875 0.7171875 0.06875 0.7171875 0.0015625
0 0.5203125 0.9109375 0.31875 0.9109375 0.31875 1.0 0.5203125 1.0 0.5203125 0.9109375
0 0.49375 0.7375 0.3015625 0.7375 0.3015625 0.8671875 0.49375 0.8671875 0.49375 0.7375
0 0.678125 0.021875 0.5421875 0.021875 0.5421875 0.36875 0.678125 0.36875 0.678125 0.021875
0 0.246875 0.0015625 0.0875 0.0015625 0.0875 0.1046875 0.246875 0.1046875 0.246875 0.0015625
0 0.35 0.9140625 0.1875 0.9140625 0.1875 1.0 0.35 1.0 0.35 0.9140625
0 0.00625 0.86875 0.0015625 0.86875 0.0015625 0.9203125 0.00625 0.9203125 0.00625 0.86875
0 0.0609375 0.675 0.0015625 0.675 0.0015625 0.8484375 0.0609375 0.8484375 0.0609375 0.675
0 0.15 0.3125 0.0734375 0.3125 0.0734375 0.475 0.15 0.475 0.15 0.3125
0 0.396875 0.0015625 0.2640625 0.0015625 0.2640625 0.259375 0.396875 0.259375 0.396875 0.0015625
0 0.59375 0.7328125 0.4890625 0.7328125 0.4890625 0.85625 0.59375 0.85625 0.59375 0.7328125
0 0.5234375 0.6734375 0.2953125 0.6734375 0.2953125 0.7765625 0.5234375 0.7765625 0.5234375 0.6734375
0 0.6265625 0.1421875 0.45625 0.1421875 0.45625 0.459375 0.6265625 0.459375 0.6265625 0.1421875
0 0.465625 0.240625 0.346875 0.240625 0.346875 0.4734375 0.465625 0.4734375 0.465625 0.240625
0 0.6078125 0.0015625 0.3796875 0.0015625 0.3796875 0.2375 0.6078125 0.2375 0.6078125 0.0015625
0 0.7296875 0.01875 0.653125 0.01875 0.653125 0.1875 0.7296875 0.1875 0.7296875 0.01875
0 0.0828125 0.6640625 0.0015625 0.6640625 0.0015625 0.7578125 0.0828125 0.7578125 0.0828125 0.6640625
0 0.1296875 0.4171875 0.0015625 0.4171875 0.0015625 0.5671875 0.1296875 0.5671875 0.1296875 0.4171875
0 0.66875 0.896875 0.53125 0.896875 0.53125 1.0 0.66875 1.0 0.66875 0.896875
0 0.3375 0.7453125 0.225 0.7453125 0.225 1.0 0.3375 1.0 0.3375 0.7453125
0 0.5515625 0.59375 0.384375 0.59375 0.384375 0.7421875 0.5515625 0.7421875 0.5515625 0.59375
0 0.4453125 0.2453125 0.2921875 0.2453125 0.2921875 0.4171875 0.4453125 0.4171875 0.4453125 0.2453125
0 0.1921875 0.0015625 0.0515625 0.0015625 0.0515625 0.090625 0.1921875 0.090625 0.1921875 0.0015625
0 1.0 0.0015625 0.2 0.0015625 0.2 1.0 1.0 1.0 1.0 0.0015625
0 0.7046875 0.0015625 0.6546875 0.0015625 0.6546875 0.0140625 0.7046875 0.0140625 0.7046875 0.0015625
0 0.1078125 0.0015625 0.0015625 0.0015625 0.0015625 0.4515625 0.1078125 0.4515625 0.1078125 0.0015625
0 0.275 0.0015625 0.15625 0.0015625 0.15625 0.1296875 0.275 0.1296875 0.275 0.0015625
0 0.65 0.0015625 0.3703125 0.0015625 0.3703125 0.2578125 0.65 0.2578125 0.65 0.0015625
0 0.7390625 0.2171875 0.6171875 0.2171875 0.6171875 0.353125 0.7390625 0.353125 0.7390625 0.2171875
