0 0.9109375 0.0984375 0.803125 0.0984375 0.803125 0.265625 0.9109375 0.265625 0.9109375 0.0984375
0 0.096875 0.9734375 0.046875 0.9734375 0.046875 1.0 0.096875 1.0 0.096875 0.9734375
0 0.5875 0.81875 0.5390625 0.81875 0.5390625 1.0 0.5875 1.0 0.5875 0.81875
0 0.6953125 0.5828125 0.5765625 0.5828125 0.5765625 0.8734375 0.6953125 0.8734375 0.6953125 0.5828125
0 0.796875 0.409375 0.6640625 0.409375 0.6640625 0.56875 0.796875 0.56875 0.796875 0.409375
0 0.5765625 0.0015625 0.121875 0.0015625 0.121875 0.5453125 0.5765625 0.5453125 0.5765625 0.0015625
0 0.3453125 0.2625 0.2296875 0.2625 0.2296875 0.4078125 0.3453125 0.4078125 0.3453125 0.2625
0 0.825 0.0578125 0.7578125 0.0578125 0.7578125 0.2875 0.825 0.2875 0.825 0.0578125
0 0.5859375 0.0015625 0.5328125 0.0015625 0.5328125 0.1015625 0.5859375 0.1015625 0.5859375 0.0015625
0 1.0 0.040625 0.953125 0.040625 0.953125 0.2171875 1.0 0.2171875 1.0 0.040625
0 0.4390625 0.7234375 0.3484375 0.7234375 0.3484375 0.875 0.4390625 0.875 0.4390625 0.7234375
0 0.915625 0.9171875 0.796875 0.9171875 0.796875 1.0 0.915625 1.0 0.915625 0.9171875
0 0.79375 0.0015625 0.7671875 0.0015625 0.7671875 0.0484375 0.79375 0.0484375 0.79375 0.0015625
0 0.040625 0.1328125 0.0015625 0.1328125 0.0015625 0.20625 0.040625 0.20625 0.040625 0.1328125
0 0.5859375 0.534375 0.5046875 0.534375 0.5046875 0.8171875 0.5859375 0.8171875 0.5859375 0.534375
0 0.0265625 0.453125 0.0015625 0.453125 0.0015625 0.5453125 0.0265625 0.5453125 0.0265625 0.453125
0 0.328125 0.140625 0.08125 0.140625 0.08125 0.3015625 0.328125 0.3015625 0.328125 0.140625
0 1.0 0.0015625 0.4 0.0015625 0.4 0.1734375 1.0 0.1734375 1.0 0.0015625
0 0.596875 0.84375 0.5796875 0.84375 0.5796875 1.0 0.596875 1.0 0.596875 0.84375
0 0.7765625 0.809375 0.653125 0.809375 0.653125 1.0 0.7765625 1.0 0.7765625 0.809375
0 1.0 0.46875 0.8984375 0.46875 0.8984375 0.56875 1.0 0.56875 1.0 0.46875
0 0.8390625 0.2953125 0.68125 0.2953125 0.68125 0.51875 0.8390625 0.51875 0.8390625 0.2953125
0 1.0 0.2359375 0.946875 0.2359375 0.946875 0.29375 1.0 0.29375 1.0 0.2359375
0 0.778125 0.059375 0.6953125 0.059375 0.6953125 0.1875 0.778125 0.1875 0.778125 0.059375
0 0.628125 0.0015625 0.5796875 0.0015625 0.5796875 0.1265625 0.628125 0.1265625 0.628125 0.0015625
0 0.8421875 0.0015625 0.7828125 0.0015625 0.7828125 0.140625 0.8421875 0.140625 0.8421875 0.0015625
0 0.0703125 0.7453125 0.0015625 0.7453125 0.0015625 0.953125 0.0703125 0.953125 0.0703125 0.7453125
0 0.0078125 0.6359375 0.0015625 0.6359375 0.0015625 0.690625 0.0078125 0.690625 0.0078125 0.6359375
0 0.09375 0.5453125 0.0015625 0.5453125 0.0015625 0.6546875 0.09375 0.6546875 0.09375 0.5453125
0 0.1 0.3640625 0.0265625 0.3640625 0.0265625 0.5375 0.1 0.5375 0.1 0.3640625
0 0.1703125 0.9625 0.0890625 0.9625 0.0890625 1.0 0.1703125 1.0 0.1703125 0.9625
0 0.46875 0.2640625 0.39375 0.2640625 0.39375 0.43125 0.46875 0.43125 0.46875 0.2640625
0 0.271875 0.275 0.0828125 0.275 0.0828125 0.378125 0.271875 0.378125 0.271875 0.275
0 0.2859375 0.18125 0.1609375 0.18125 0.1609375 0.2640625 0.2859375 0.2640625 0.2859375 0.18125
0 0.2984375 0.0015625 0.225 0.0015625 0.225 0.0609375 0.2984375 0.0609375 0.2984375 0.0015625
0 1.0 0.51875 0.96875 0.51875 0.96875 0.6265625 1.0 0.6265625 1.0 0.51875
0 1.0 0.2734375 0.8828125 0.2734375 0.8828125 0.4359375 1.0 0.4359375 1.0 0.2734375
0 1.0 0.0015625 0.9546875 0.0015625 0.9546875 0.0328125 1.0 0.0328125 1.0 0.0015625
0 0.0375 0.990625 0.0015625 0.990625 0.0015625 1.0 0.0375 1.0 0.0375 0.990625
0 0.159375 0.79375 0.034375 0.79375 0.034375 0.9546875 0.159375 0.9546875 0.159375 0.79375
0 0.1375 0.5421875 0.0625 0.5421875 0.0625 0.8375 0.1375 0.8375 0.1375 0.5421875
0 0.003125 0.8734375 0.0015625 0.8734375 0.0015625 0.88125 0.003125 0.88125 0.003125 0.8734375
0 0.1984375 0.0015625 0.0015625 0.0015625 0.0015625 1.0 0.1984375 1.0 0.1984375 0.0015625
0 0.4671875 0.09375 0.271875 0.09375 0.271875 0.446875 0.4671875 0.446875 0.4671875 0.09375
0 0.765625 0.0015625 0.5765625 0.0015625 0.5765625 0.3765625 0.765625 0.3765625 0.765625 0.0015625
0 0.5359375 0.0015625 0.3796875 0.0015625 0.3796875 0.209375 0.5359375 0.209375 0.5359375 0.0015625
0 0.7046875 0.0015625 0.6890625 0.0015625 0.6890625 0.003125 0.7046875 0.003125 0.7046875 0.0015625
0 0.978125 0.625 0.7015625 0.625 0.7015625 1.0 0.978125 1.0 0.978125 0.625
0 0.753125 0.9234375 0.671875 0.9234375 0.671875 1.0 0.753125 1.0 0.753125 0.9234375
0 0.88125 0.4828125 0.796875 0.4828125 0.796875 0.6078125 0.88125 0.6078125 0.88125 0.4828125
0 1.0 0.0640625 0.821875 0.0640625 0.821875 0.3234375 1.0 0.3234375 1.0 0.0640625
0 0.9171875 0.0015625 0.88125 0.0015625 0.88125 0.0125 0.9171875 0.0125 0.9171875 0.0015625
