0 0.6828125 0.0984375 0.4421875 0.0984375 0.4421875 0.3703125 0.6828125 0.3703125 0.6828125 0.0984375
0 0.30625 0.0328125 0.1625 0.0328125 0.1625 0.3421875 0.30625 0.3421875 0.30625 0.0328125
0 0.53125 0.3984375 0.471875 0.3984375 0.471875 0.603125 0.53125 0.603125 0.53125 0.3984375
0 0.675 0.3328125 0.58125 0.3328125 0.58125 0.4578125 0.675 0.4578125 0.675 0.3328125
0 0.8015625 0.1546875 0.6609375 0.1546875 0.6609375 0.396875 0.8015625 0.396875 0.8015625 0.1546875
0 1.0 0.084375 0.896875 0.084375 0.896875 0.215625 1.0 0.215625 1.0 0.084375
0 0.48125 0.0015625 0.4671875 0.0015625 0.4671875 0.0078125 0.48125 0.0078125 0.48125 0.0015625
0 0.25 0.41875 0.115625 0.41875 0.115625 0.528125 0.25 0.528125 0.25 0.41875
0 0.2234375 0.0015625 0.2015625 0.0015625 0.2015625 0.0109375 0.2234375 0.0109375 0.2234375 0.0015625
0 0.1875 0.7453125 0.09375 0.7453125 0.09375 0.9109375 0.1875 0.9109375 0.1875 0.7453125
0 0.653125 0.60625 0.51875 0.60625 0.51875 0.7125 0.653125 0.7125 0.653125 0.60625
0 0.55625 0.3671875 0.4828125 0.3671875 0.4828125 0.58125 0.55625 0.58125 0.55625 0.3671875
0 0.221875 0.2625 0.125 0.2625 0.125 0.3515625 0.221875 0.3515625 0.221875 0.2625
0 0.225 0.0015625 0.0859375 0.0015625 0.0859375 0.040625 0.225 0.040625 0.225 0.0015625
0 0.984375 0.0015625 0.959375 0.0015625 0.959375 0.00625 0.984375 0.00625 0.984375 0.0015625
0 0.009375 0.3203125 0.0015625 0.3203125 0.0015625 0.3375 0.009375 0.3375 0.009375 0.3203125
0 0.0515625 0.0015625 0.0015625 0.0015625 0.0015625 0.1109375 0.0515625 0.1109375 0.0515625 0.0015625
0 0.6609375 0.5359375 0.5578125 0.5359375 0.5578125 0.6171875 0.6609375 0.6171875 0.6609375 0.5359375
0 0.6703125 0.8 0.496875 0.8 0.496875 0.9046875 0.6703125 0.9046875 0.6703125 0.8
0 0.1109375 0.734375 0.0015625 0.734375 0.0015625 0.921875 0.1109375 0.921875 0.1109375 0.734375
0 0.2859375 0.5421875 0.128125 0.5421875 0.128125 0.8609375 0.2859375 0.8609375 0.2859375 0.5421875
0 0.1078125 0.6140625 0.0296875 0.6140625 0.0296875 0.7140625 0.1078125 0.7140625 0.1078125 0.6140625
0 0.015625 0.6015625 0.0015625 0.6015625 0.0015625 0.6265625 0.015625 0.6265625 0.015625 0.6015625
0 1.0 0.659375 0.959375 0.659375 0.959375 0.721875 1.0 0.721875 1.0 0.659375
0 0.8578125 0.40625 0.628125 0.40625 0.628125 0.5328125 0.8578125 0.5328125 0.8578125 0.40625
0 0.0390625 0.3328125 0.0015625 0.3328125 0.0015625 0.5328125 0.0390625 0.5328125 0.0390625 0.3328125
0 0.2640625 0.309375 0.05625 0.309375 0.05625 0.44375 0.2640625 0.44375 0.2640625 0.309375
0 1.0 0.0125 0.8640625 0.0125 0.8640625 0.3359375 1.0 0.3359375 1.0 0.0125
0 0.6875 0.115625 0.459375 0.115625 0.459375 0.36875 0.6875 0.36875 0.6875 0.115625
0 0.675 0.08125 0.409375 0.08125 0.409375 0.3703125 0.675 0.3703125 0.675 0.08125
0 1.0 0.090625 0.9984375 0.090625 0.9984375 0.0984375 1.0 0.0984375 1.0 0.090625
0 1.0 0.0015625 0.9859375 0.0015625 0.9859375 0.03125 1.0 0.03125 1.0 0.0015625
0 0.81875 0.0015625 0.6140625 0.0015625 0.6140625 0.128125 0.81875 0.128125 0.81875 0.0015625
0 0.19375 0.9078125 0.075 0.9078125 0.075 1.0 0.19375 1.0 0.19375 0.9078125
0 0.615625 0.9328125 0.578125 0.9328125 0.578125 1.0 0.615625 1.0 0.615625 0.9328125
0 0.9015625 0.8171875 0.5671875 0.8171875 0.5671875 0.9421875 0.9015625 0.9421875 0.9015625 0.8171875
0 0.4890625 0.48125 0.315625 0.48125 0.315625 0.7453125 0.4890625 0.7453125 0.4890625 0.48125
0 0.8171875 0.309375 0.4140625 0.309375 0.4140625 0.640625 0.8171875 0.640625 0.8171875 0.309375
0 0.5984375 0.1171875 0.4453125 0.1171875 0.4453125 0.284375 0.5984375 0.284375 0.5984375 0.1171875
0 0.3421875 0.034375 0.271875 0.034375 0.271875 0.2546875 0.3421875 0.2546875 0.3421875 0.034375
0 0.2515625 0.0015625 0.221875 0.0015625 0.221875 0.071875 0.2515625 0.071875 0.2515625 0.0015625
0 0.9234375 0.0015625 0.840625 0.0015625 0.840625 0.1 0.9234375 0.1 0.9234375 0.0015625
0 0.159375 0.5953125 0.0015625 0.5953125 0.0015625 1.0 0.159375 1.0 0.159375 0.5953125
0 0.3390625 0.7546875 0.2640625 0.7546875 0.2640625 0.9421875 0.3390625 0.9421875 0.3390625 0.7546875
0 0.215625 0.025 0.0015625 0.025 0.0015625 0.5609375 0.215625 0.5609375 0.215625 0.025
0 0.2953125 0.396875 0.228125 0.396875 0.228125 0.5125 0.2953125 0.5125 0.2953125 0.396875
0 0.3609375 0.2765625 0.2484375 0.2765625 0.2484375 0.49375 0.3609375 0.49375 0.3609375 0.2765625
0 0.31875 0.05625 0.2125 0.05625 0.2125 0.265625 0.31875 0.265625 0.31875 0.05625
0 0.590625 0.91875 0.5484375 0.91875 0.5484375 1.0 0.590625 1.0 0.590625 0.91875
0 0.9078125 0.8421875 0.6640625 0.8421875 0.6640625 1.0 0.9078125 1.0 0.9078125 0.8421875
0 0.7046875 0.91875 0.596875 0.91875 0.596875 1.0 0.7046875 1.0 0.7046875 0.91875
0 1.0 0.7 0.9578125 0.7 0.9578125 0.8578125 1.0 0.8578125 1.0 0.7
0 0.9640625 0.553125 0.5109375 0.553125 0.5109375 0.89375 0.9640625 0.89375 0.9640625 0.553125
0 0.51875 0.7046875 0.4109375 0.7046875 0.4109375 0.834375 0.51875 0.834375 0.51875 0.7046875
0 0.5109375 0.5109375 0.3796875 0.5109375 0.3796875 0.6015625 0.5109375 0.6015625 0.5109375 0.5109375
0 0.9796875 0.371875 0.8265625 0.371875 0.8265625 0.5875 0.9796875 0.5875 0.9796875 0.371875
0 0.49375 0.3875 0.4078125 0.3875 0.4078125 0.509375 0.49375 0.509375 0.49375 0.3875
0 0.7171875 0.178125 0.4921875 0.178125 0.4921875 0.3796875 0.7171875 0.3796875 0.7171875 0.178125
0 0.8765625 0.0734375 0.7859375 0.0734375 0.7859375 0.221875 0.8765625 0.221875 0.8765625 0.0734375
0 1.0 0.0015625 0.91875 0.0015625 0.91875 0.128125 1.0 0.128125 1.0 0.0015625
0 0.809375 0.0015625 0.6765625 0.0015625 0.6765625 0.05 0.809375 0.05 0.809375 0.0015625
0 0.275 0.85 0.234375 0.85 0.234375 1.0 0.275 1.0 0.275 0.85
0 0.253125 0.84375 0.1421875 0.84375 0.1421875 1.0 0.253125 1.0 0.253125 0.84375
0 0.5328125 0.925 0.4 0.925 0.4 1.0 0.5328125 1.0 0.5328125 0.925
0 0.725 0.8703125 0.5875 0.8703125 0.5875 1.0 0.725 1.0 0.725 0.8703125
0 1.0 0.771875 0.971875 0.771875 0.971875 0.91875 1.0 0.91875 1.0 0.771875
0 0.7609375 0.6078125 0.5953125 0.6078125 0.5953125 0.728125 0.7609375 0.728125 0.7609375 0.6078125
0 0.8484375 0.46875 0.6125 0.46875 0.6125 0.603125 0.8484375 0.603125 0.8484375 0.46875
0 1.0 0.346875 0.9734375 0.346875 0.9734375 0.4234375 1.0 0.4234375 1.0 0.346875
0 0.88125 0.1515625 0.7609375 0.1515625 0.7609375 0.2984375 0.88125 0.2984375 0.88125 0.1515625
0 0.396875 0.25625 0.0015625 0.25625 0.0015625 1.0 0.396875 1.0 0.396875 0.25625
0 0.5796875 0.7 0.3234375 0.7 0.3234375 1.0 0.5796875 1.0 0.5796875 0.7
0 0.35625 0.759375 0.2546875 0.759375 0.2546875 1.0 0.35625 1.0 0.35625 0.759375
0 0.675 0.2359375 0.54375 0.2359375 0.54375 0.378125 0.675 0.378125 0.675 0.2359375
0 0.9171875 0.0015625 0.4921875 0.0015625 0.4921875 0.1765625 0.9171875 0.1765625 0.9171875 0.0015625
