0 0.4515625 0.03125 0.371875 0.03125 0.371875 0.2265625 0.4515625 0.2265625 0.4515625 0.03125
0 0.609375 0.2953125 0.534375 0.2953125 0.534375 0.584375 0.609375 0.584375 0.609375 0.2953125
0 0.490625 0.1640625 0.403125 0.1640625 0.403125 0.340625 0.490625 0.340625 0.490625 0.1640625
0 0.6703125 0.0015625 0.640625 0.0015625 0.640625 0.0453125 0.6703125 0.0453125 0.6703125 0.0015625
0 0.125 0.753125 0.0015625 0.753125 0.0015625 0.93125 0.125 0.93125 0.125 0.753125
0 0.275 0.2859375 0.0015625 0.2859375 0.0015625 1.0 0.275 1.0 0.275 0.2859375
0 0.04375 0.2828125 0.0015625 0.2828125 0.0015625 0.503125 0.04375 0.503125 0.04375 0.2828125
0 0.00625 0.0015625 0.0015625 0.0015625 0.0015625 0.0078125 0.00625 0.0078125 0.00625 0.0015625
0 0.5875 0.0015625 0.0578125 0.0015625 0.0578125 1.0 0.5875 1.0 0.5875 0.0015625
0 0.671875 0.0015625 0.525 0.0015625 0.525 0.2109375 0.671875 0.2109375 0.671875 0.0015625
0 0.6125 0.3296875 0.0015625 0.3296875 0.0015625 1.0 0.6125 1.0 0.6125 0.3296875
0 0.259375 0.9890625 0.2265625 0.9890625 0.2265625 1.0 0.259375 1.0 0.259375 0.9890625
0 0.0890625 0.2640625 0.0015625 0.2640625 0.0015625 0.5515625 0.0890625 0.5515625 0.0890625 0.2640625
0 0.3484375 0.121875 0.21875 0.121875 0.21875 0.5890625 0.3484375 0.5890625 0.3484375 0.121875
0 0.3921875 0.0015625 0.321875 0.0015625 0.321875 0.2421875 0.3921875 0.2421875 0.3921875 0.0015625
0 0.6953125 0.0015625 0.425 0.0015625 0.425 0.3125 0.6953125 0.3125 0.6953125 0.0015625
0 0.1796875 0.0015625 0.0015625 0.0015625 0.0015625 0.06875 0.1796875 0.06875 0.1796875 0.0015625
0 0.81875 0.0015625 0.6859375 0.0015625 0.6859375 0.2609375 0.81875 0.2609375 0.81875 0.0015625
0 0.9609375 0.0015625 0.8046875 0.0015625 0.8046875 0.2234375 0.9609375 0.2234375 0.9609375 0.0015625
0 0.7453125 0.8234375 0.609375 0.8234375 0.609375 1.0 0.7453125 1.0 0.7453125 0.8234375
0 0.6421875 0.0015625 0.5640625 0.0015625 0.5640625 0.05 0.6421875 0.05 0.6421875 0.0015625
