0 0.0890625 0.246875 0.0015625 0.246875 0.0015625 0.5265625 0.0890625 0.5265625 0.0890625 0.246875
0 0.059375 0.15 0.0015625 0.15 0.0015625 0.2796875 0.059375 0.2796875 0.059375 0.15
0 0.5046875 0.5515625 0.33125 0.5515625 0.33125 0.6859375 0.5046875 0.6859375 0.5046875 0.5515625
0 0.3546875 0.4328125 0.271875 0.4328125 0.271875 0.5390625 0.3546875 0.5390625 0.3546875 0.4328125
0 0.646875 0.2921875 0.5375 0.2921875 0.5375 0.471875 0.646875 0.471875 0.646875 0.2921875
0 0.2078125 0.1265625 0.0953125 0.1265625 0.0953125 0.2421875 0.2078125 0.2421875 0.2078125 0.1265625
0 0.025 0.0015625 0.0015625 0.0015625 0.0015625 0.0203125 0.025 0.0203125 0.025 0.0015625
0 0.3796875 0.0015625 0.3703125 0.0015625 0.3703125 0.0046875 0.3796875 0.0046875 0.3796875 0.0015625
0 0.378125 0.0015625 0.0015625 0.0015625 0.0015625 0.134375 0.378125 0.134375 0.378125 0.0015625
0 0.640625 0.0828125 0.459375 0.0828125 0.459375 0.325 0.640625 0.325 0.640625 0.0828125
0 1.0 0.25 0.9359375 0.25 0.9359375 0.3703125 1.0 0.3703125 1.0 0.25
0 1.0 0.0015625 0.990625 0.0015625 0.990625 0.203125 1.0 0.203125 1.0 0.0015625
0 0.13125 0.7125 0.0015625 0.7125 0.0015625 0.784375 0.13125 0.784375 0.13125 0.7125
0 0.25625 0.1828125 0.0328125 0.1828125 0.0328125 0.58125 0.25625 0.58125 0.25625 0.1828125
0 0.384375 0.0015625 0.090625 0.0015625 0.090625 0.1671875 0.384375 0.1671875 0.384375 0.0015625
0 0.10625 0.0015625 0.0015625 0.0015625 0.0015625 0.0828125 0.10625 0.0828125 0.10625 0.0015625
0 0.5171875 0.0015625 0.3734375 0.0015625 0.3734375 0.1625 0.5171875 0.1625 0.5171875 0.0015625
0 0.71875 0.0015625 0.51875 0.0015625 0.51875 0.1625 0.71875 0.1625 0.71875 0.0015625
0 0.5546875 0.0015625 0.540625 0.0015625 0.540625 0.0078125 0.5546875 0.0078125 0.5546875 0.0015625
0 1.0 0.0015625 0.0015625 0.0015625 0.0015625 1.0 1.0 1.0 1.0 0.0015625
0 0.1609375 0.321875 0.0015625 0.321875 0.0015625 0.5015625 0.1609375 0.5015625 0.1609375 0.321875
