0 0.353125 0.0015625 0.26875 0.0015625 0.26875 0.084375 0.353125 0.084375 0.353125 0.0015625
0 0.70625 0.6328125 0.6046875 0.6328125 0.6046875 0.821875 0.70625 0.821875 0.70625 0.6328125
0 0.5390625 0.0015625 0.4765625 0.0015625 0.4765625 0.0609375 0.5390625 0.0609375 0.5390625 0.0015625
0 0.8984375 0.1953125 0.8140625 0.1953125 0.8140625 0.3734375 0.8984375 0.3734375 0.8984375 0.1953125
0 0.85625 0.1890625 0.7421875 0.1890625 0.7421875 0.3734375 0.85625 0.3734375 0.85625 0.1890625
0 0.9203125 0.74375 0.796875 0.74375 0.796875 0.8421875 0.9203125 0.8421875 0.9203125 0.74375
0 0.7234375 0.5 0.6421875 0.5 0.6421875 0.6671875 0.7234375 0.6671875 0.7234375 0.5
0 0.915625 0.3796875 0.803125 0.3796875 0.803125 0.546875 0.915625 0.546875 0.915625 0.3796875
0 0.515625 0.0015625 0.3921875 0.0015625 0.3921875 0.1015625 0.515625 0.1015625 0.515625 0.0015625
0 0.8953125 0.6921875 0.778125 0.6921875 0.778125 0.76875 0.8953125 0.76875 0.8953125 0.6921875
0 0.896875 0.3453125 0.7625 0.3453125 0.7625 0.4453125 0.896875 0.4453125 0.896875 0.3453125
0 0.6234375 0.0015625 0.4328125 0.0015625 0.4328125 0.1765625 0.6234375 0.1765625 0.6234375 0.0015625
0 0.446875 0.0015625 0.284375 0.0015625 0.284375 0.0859375 0.446875 0.0859375 0.446875 0.0015625
0 0.3015625 0.0015625 0.259375 0.0015625 0.259375 0.028125 0.3015625 0.028125 0.3015625 0.0015625
0 0.76875 0.6625 0.64375 0.6625 0.64375 0.8328125 0.76875 0.8328125 0.76875 0.6625
0 1.0 0.0015625 0.59375 0.0015625 0.59375 0.9625 1.0 0.9625 1.0 0.0015625
0 0.528125 0.05 0.4109375 0.05 0.4109375 0.14375 0.528125 0.14375 0.528125 0.05
0 0.85 0.3984375 0.7640625 0.3984375 0.7640625 0.5265625 0.85 0.5265625 0.85 0.3984375
