0 0.234375 0.9703125 0.0453125 0.9703125 0.0453125 1.0 0.234375 1.0 0.234375 0.9703125
0 0.165625 0.9015625 0.0015625 0.9015625 0.0015625 1.0 0.165625 1.0 0.165625 0.9015625
0 0.475 0.0015625 0.3671875 0.0015625 0.3671875 0.065625 0.475 0.065625 0.475 0.0015625
0 0.03125 0.8765625 0.0015625 0.8765625 0.0015625 0.9390625 0.03125 0.9390625 0.03125 0.8765625
0 0.0296875 0.16875 0.0015625 0.16875 0.0015625 0.2015625 0.0296875 0.2015625 0.0296875 0.16875
0 0.3890625 0.0015625 0.0015625 0.0015625 0.0015625 0.5390625 0.3890625 0.5390625 0.3890625 0.0015625
0 0.0265625 0.0015625 0.0015625 0.0015625 0.0015625 0.1265625 0.0265625 0.1265625 0.0265625 0.0015625
0 1.0 0.8703125 0.753125 0.8703125 0.753125 1.0 1.0 1.0 1.0 0.8703125
0 0.9765625 0.4421875 0.2953125 0.4421875 0.2953125 0.984375 0.9765625 0.984375 0.9765625 0.4421875
0 0.696875 0.0015625 0.2640625 0.0015625 0.2640625 0.70625 0.696875 0.70625 0.696875 0.0015625
0 1.0 0.378125 0.953125 0.378125 0.953125 0.49375 1.0 0.49375 1.0 0.378125
0 1.0 0.0015625 0.6921875 0.0015625 0.6921875 0.35 1.0 0.35 1.0 0.0015625
0 0.25625 0.0015625 0.0015625 0.0015625 0.0015625 0.1828125 0.25625 0.1828125 0.25625 0.0015625
0 0.3375 0.0015625 0.2921875 0.0015625 0.2921875 0.0296875 0.3375 0.0296875 0.3375 0.0015625
0 0.5765625 0.2671875 0.2421875 0.2671875 0.2421875 0.6 0.5765625 0.6 0.5765625 0.2671875
0 0.7453125 0.1625 0.640625 0.1625 0.640625 0.290625 0.7453125 0.290625 0.7453125 0.1625
0 0.209375 0.375 0.06875 0.375 0.06875 0.528125 0.209375 0.528125 0.209375 0.375
0 0.51875 0.7671875 0.2046875 0.7671875 0.2046875 0.896875 0.51875 0.896875 0.51875 0.7671875
0 1.0 0.796875 0.9703125 0.796875 0.9703125 0.8296875 1.0 0.8296875 1.0 0.796875
