0 0.3984375 0.70625 0.3234375 0.70625 0.3234375 0.8390625 0.3984375 0.8390625 0.3984375 0.70625
0 1.0 0.9125 0.990625 0.9125 0.990625 1.0 1.0 1.0 1.0 0.9125
0 0.0859375 0.725 0.0140625 0.725 0.0140625 0.8703125 0.0859375 0.8703125 0.0859375 0.725
0 0.8421875 0.9125 0.678125 0.9125 0.678125 1.0 0.8421875 1.0 0.8421875 0.9125
0 0.5640625 0.8234375 0.4796875 0.8234375 0.4796875 0.95625 0.5640625 0.95625 0.5640625 0.8234375
0 0.884375 0.7421875 0.7453125 0.7421875 0.7453125 0.8328125 0.884375 0.8328125 0.884375 0.7421875
0 0.5984375 0.6625 0.4609375 0.6625 0.4609375 0.7984375 0.5984375 0.7984375 0.5984375 0.6625
0 0.11875 0.234375 0.0015625 0.234375 0.0015625 0.4484375 0.11875 0.4484375 0.11875 0.234375
0 0.9203125 0.9578125 0.740625 0.9578125 0.740625 1.0 0.9203125 1.0 0.9203125 0.9578125
0 0.4265625 0.93125 0.296875 0.93125 0.296875 1.0 0.4265625 1.0 0.4265625 0.93125
0 0.6171875 0.9296875 0.58125 0.9296875 0.58125 1.0 0.6171875 1.0 0.6171875 0.9296875
0 0.5640625 0.9203125 0.4796875 0.9203125 0.4796875 1.0 0.5640625 1.0 0.5640625 0.9203125
0 0.8640625 0.80625 0.7265625 0.80625 0.7265625 0.8734375 0.8640625 0.8734375 0.8640625 0.80625
0 1.0 0.628125 0.9109375 0.628125 0.9109375 0.975 1.0 0.975 1.0 0.628125
0 0.771875 0.546875 0.5890625 0.546875 0.5890625 0.709375 0.771875 0.709375 0.771875 0.546875
0 0.8453125 0.5203125 0.7125 0.5203125 0.7125 0.69375 0.8453125 0.69375 0.8453125 0.5203125
0 0.378125 0.35625 0.3125 0.35625 0.3125 0.571875 0.378125 0.571875 0.378125 0.35625
0 1.0 0.35 0.91875 0.35 0.91875 0.4484375 1.0 0.4484375 1.0 0.35
0 0.4625 0.1171875 0.2875 0.1171875 0.2875 0.2640625 0.4625 0.2640625 0.4625 0.1171875
0 0.18125 0.0015625 0.0359375 0.0015625 0.0359375 0.1515625 0.18125 0.1515625 0.18125 0.0015625
0 0.446875 0.0015625 0.328125 0.0015625 0.328125 0.090625 0.446875 0.090625 0.446875 0.0015625
0 0.25 0.8328125 0.14375 0.8328125 0.14375 0.934375 0.25 0.934375 0.25 0.8328125
0 0.23125 0.0015625 0.1390625 0.0015625 0.1390625 0.140625 0.23125 0.140625 0.23125 0.0015625
0 0.9875 0.7859375 0.8140625 0.7859375 0.8140625 0.9609375 0.9875 0.9609375 0.9875 0.7859375
0 0.0875 0.3671875 0.0015625 0.3671875 0.0015625 0.56875 0.0875 0.56875 0.0875 0.3671875
0 0.1234375 0.553125 0.0015625 0.553125 0.0015625 0.828125 0.1234375 0.828125 0.1234375 0.553125
0 0.2671875 0.56875 0.171875 0.56875 0.171875 0.734375 0.2671875 0.734375 0.2671875 0.56875
0 0.803125 0.8140625 0.5625 0.8140625 0.5625 1.0 0.803125 1.0 0.803125 0.8140625
0 0.5828125 0.48125 0.3296875 0.48125 0.3296875 0.8421875 0.5828125 0.8421875 0.5828125 0.48125
0 1.0 0.4125 0.778125 0.4125 0.778125 0.8046875 1.0 0.8046875 1.0 0.4125
0 0.775 0.4640625 0.53125 0.4640625 0.53125 0.6390625 0.775 0.6390625 0.775 0.4640625
0 1.0 0.078125 0.9265625 0.078125 0.9265625 0.3890625 1.0 0.3890625 1.0 0.078125
0 0.9859375 0.0015625 0.909375 0.0015625 0.909375 0.1 0.9859375 0.1 0.9859375 0.0015625
0 0.0359375 0.6390625 0.0015625 0.6390625 0.0015625 0.74375 0.0359375 0.74375 0.0359375 0.6390625
0 0.7953125 0.51875 0.671875 0.51875 0.671875 0.69375 0.7953125 0.69375 0.7953125 0.51875
0 0.3421875 0.2890625 0.225 0.2890625 0.225 0.5828125 0.3421875 0.5828125 0.3421875 0.2890625
0 0.0046875 0.296875 0.0015625 0.296875 0.0015625 0.3359375 0.0046875 0.3359375 0.0046875 0.296875
0 0.4171875 0.1859375 0.3 0.1859375 0.3 0.2828125 0.4171875 0.2828125 0.4171875 0.1859375
0 0.471875 0.0015625 0.3703125 0.0015625 0.3703125 0.1875 0.471875 0.1875 0.471875 0.0015625
0 0.965625 0.0015625 0.80625 0.0015625 0.80625 0.1015625 0.965625 0.1015625 0.965625 0.0015625
0 0.5859375 0.0015625 0.5234375 0.0015625 0.5234375 0.0671875 0.5859375 0.0671875 0.5859375 0.0015625
0 0.1765625 0.625 0.1015625 0.625 0.1015625 0.7734375 0.1765625 0.7734375 0.1765625 0.625
0 0.490625 0.7953125 0.378125 0.7953125 0.378125 0.91875 0.490625 0.91875 0.490625 0.7953125
0 1.0 0.503125 0.9015625 0.503125 0.9015625 0.578125 1.0 0.578125 1.0 0.503125
0 0.9765625 0.21875 0.865625 0.21875 0.865625 0.4 0.9765625 0.4 0.9765625 0.21875
0 0.740625 0.053125 0.64375 0.053125 0.64375 0.2078125 0.740625 0.2078125 0.740625 0.053125
0 0.115625 0.6640625 0.0015625 0.6640625 0.0015625 1.0 0.115625 1.0 0.115625 0.6640625
0 0.6640625 0.8828125 0.115625 0.8828125 0.115625 1.0 0.6640625 1.0 0.6640625 0.8828125
0 0.2296875 0.7921875 0.0171875 0.7921875 0.0171875 0.9359375 0.2296875 0.9359375 0.2296875 0.7921875
0 0.3953125 0.0015625 0.0015625 0.0015625 0.0015625 0.790625 0.3953125 0.790625 0.3953125 0.0015625
0 0.6109375 0.7421875 0.4265625 0.7421875 0.4265625 0.8921875 0.6109375 0.8921875 0.6109375 0.7421875
0 0.4625 0.6828125 0.2890625 0.6828125 0.2890625 0.8109375 0.4625 0.8109375 0.4625 0.6828125
0 0.9109375 0.60625 0.5140625 0.60625 0.5140625 0.9953125 0.9109375 0.9953125 0.9109375 0.60625
0 0.965625 0.0015625 0.3671875 0.0015625 0.3671875 0.59375 0.965625 0.59375 0.965625 0.0015625
0 0.6015625 0.146875 0.490625 0.146875 0.490625 0.2859375 0.6015625 0.2859375 0.6015625 0.146875
0 0.6171875 0.0015625 0.5140625 0.0015625 0.5140625 0.13125 0.6171875 0.13125 0.6171875 0.0015625
