0 0.028125 0.8953125 0.0015625 0.8953125 0.0015625 1.0 0.028125 1.0 0.028125 0.8953125
0 0.7109375 0.64375 0.6234375 0.64375 0.6234375 0.821875 0.7109375 0.821875 0.7109375 0.64375
0 0.5546875 0.259375 0.4328125 0.259375 0.4328125 0.40625 0.5546875 0.40625 0.5546875 0.259375
0 0.1421875 0.73125 0.04375 0.73125 0.04375 0.98125 0.1421875 0.98125 0.1421875 0.73125
0 0.046875 0.4453125 0.0015625 0.4453125 0.0015625 0.68125 0.046875 0.68125 0.046875 0.4453125
0 0.3359375 0.1171875 0.1875 0.1171875 0.1875 0.2703125 0.3359375 0.2703125 0.3359375 0.1171875
0 0.24375 0.0171875 0.0015625 0.0171875 0.0015625 0.2640625 0.24375 0.2640625 0.24375 0.0171875
0 0.3328125 0.0015625 0.253125 0.0015625 0.253125 0.10625 0.3328125 0.10625 0.3328125 0.0015625
0 0.7453125 0.8078125 0.60625 0.8078125 0.60625 1.0 0.7453125 1.0 0.7453125 0.8078125
0 0.5046875 0.9046875 0.440625 0.9046875 0.440625 1.0 0.5046875 1.0 0.5046875 0.9046875
0 0.8703125 0.9515625 0.825 0.9515625 0.825 1.0 0.8703125 1.0 0.8703125 0.9515625
0 0.6078125 0.959375 0.5765625 0.959375 0.5765625 1.0 0.6078125 1.0 0.6078125 0.959375
0 0.6484375 0.778125 0.4734375 0.778125 0.4734375 0.8546875 0.6484375 0.8546875 0.6484375 0.778125
0 0.59375 0.54375 0.4609375 0.54375 0.4609375 0.628125 0.59375 0.628125 0.59375 0.54375
0 0.6796875 0.2609375 0.5296875 0.2609375 0.5296875 0.7015625 0.6796875 0.7015625 0.6796875 0.2609375
0 0.9265625 0.4515625 0.85625 0.4515625 0.85625 0.60625 0.9265625 0.60625 0.9265625 0.4515625
0 0.0109375 0.9890625 0.0015625 0.9890625 0.0015625 1.0 0.0109375 1.0 0.0109375 0.9890625
0 0.24375 0.8640625 0.0984375 0.8640625 0.0984375 1.0 0.24375 1.0 0.24375 0.8640625
0 0.28125 0.7390625 0.1046875 0.7390625 0.1046875 0.940625 0.28125 0.940625 0.28125 0.7390625
0 0.0859375 0.665625 0.0015625 0.665625 0.0015625 0.9359375 0.0859375 0.9359375 0.0859375 0.665625
0 0.340625 0.7 0.103125 0.7 0.103125 0.9671875 0.340625 0.9671875 0.340625 0.7
0 0.3421875 0.296875 0.0609375 0.296875 0.0609375 0.703125 0.3421875 0.703125 0.3421875 0.296875
0 0.059375 0.3375 0.0015625 0.3375 0.0015625 0.6484375 0.059375 0.6484375 0.059375 0.3375
0 0.0375 0.0015625 0.0015625 0.0015625 0.0015625 0.1546875 0.0375 0.1546875 0.0375 0.0015625
0 0.2453125 0.0828125 0.0453125 0.0828125 0.0453125 0.28125 0.2453125 0.28125 0.2453125 0.0828125
0 0.2625 0.0015625 0.1359375 0.0015625 0.1359375 0.065625 0.2625 0.065625 0.2625 0.0015625
0 0.628125 0.8515625 0.490625 0.8515625 0.490625 1.0 0.628125 1.0 0.628125 0.8515625
0 0.821875 0.8484375 0.715625 0.8484375 0.715625 1.0 0.821875 1.0 0.821875 0.8484375
0 1.0 0.8515625 0.925 0.8515625 0.925 1.0 1.0 1.0 1.0 0.8515625
0 0.965625 0.75625 0.778125 0.75625 0.778125 1.0 0.965625 1.0 0.965625 0.75625
0 0.6359375 0.36875 0.34375 0.36875 0.34375 0.9875 0.6359375 0.9875 0.6359375 0.36875
0 0.434375 0.5796875 0.359375 0.5796875 0.359375 0.90625 0.434375 0.90625 0.434375 0.5796875
0 0.8984375 0.5265625 0.7 0.5265625 0.7 0.76875 0.8984375 0.76875 0.8984375 0.5265625
0 0.421875 0.2453125 0.1921875 0.2453125 0.1921875 0.4859375 0.421875 0.4859375 0.421875 0.2453125
0 0.8125 0.159375 0.6421875 0.159375 0.6421875 0.4890625 0.8125 0.4890625 0.8125 0.159375
0 0.6234375 0.0015625 0.275 0.0015625 0.275 0.3265625 0.6234375 0.3265625 0.6234375 0.0015625
0 0.8265625 0.0015625 0.64375 0.0015625 0.64375 0.30625 0.8265625 0.30625 0.8265625 0.0015625
0 1.0 0.0015625 0.8609375 0.0015625 0.8609375 0.3046875 1.0 0.3046875 1.0 0.0015625
0 1.0 0.409375 1.0 0.409375 1.0 0.4140625 1.0 0.4140625 1.0 0.409375
0 1.0 0.0015625 0.0015625 0.0015625 0.0015625 1.0 1.0 1.0 1.0 0.0015625
0 0.7140625 0.9609375 0.678125 0.9609375 0.678125 1.0 0.7140625 1.0 0.7140625 0.9609375
0 0.6765625 0.671875 0.5984375 0.671875 0.5984375 0.8875 0.6765625 0.8875 0.6765625 0.671875
