0 0.9 0.928125 0.853125 0.928125 0.853125 1.0 0.9 1.0 0.9 0.928125
0 1.0 0.940625 0.98125 0.940625 0.98125 0.9890625 1.0 0.9890625 1.0 0.940625
0 0.9203125 0.734375 0.8125 0.734375 0.8125 0.85625 0.9203125 0.85625 0.9203125 0.734375
0 0.8078125 0.5546875 0.646875 0.5546875 0.646875 0.703125 0.8078125 0.703125 0.8078125 0.5546875
0 0.665625 0.9796875 0.56875 0.9796875 0.56875 1.0 0.665625 1.0 0.665625 0.9796875
0 1.0 0.4703125 0.8515625 0.4703125 0.8515625 0.83125 1.0 0.83125 1.0 0.4703125
0 0.4109375 0.584375 0.19375 0.584375 0.19375 0.7265625 0.4109375 0.7265625 0.4109375 0.584375
0 0.9125 0.9984375 0.903125 0.9984375 0.903125 1.0 0.9125 1.0 0.9125 0.9984375
0 1.0 0.3421875 0.91875 0.3421875 0.91875 0.45625 1.0 0.45625 1.0 0.3421875
0 0.7859375 0.678125 0.63125 0.678125 0.63125 0.875 0.7859375 0.875 0.7859375 0.678125
0 0.8703125 0.928125 0.784375 0.928125 0.784375 1.0 0.8703125 1.0 0.8703125 0.928125
0 0.971875 0.6640625 0.8828125 0.6640625 0.8828125 0.8015625 0.971875 0.8015625 0.971875 0.6640625
0 1.0 0.5328125 1.0 0.5328125 1.0 0.5328125 1.0 0.5328125 1.0 0.5328125
0 0.7125 0.865625 0.571875 0.865625 0.571875 0.9953125 0.7125 0.9953125 0.7125 0.865625
0 0.7015625 0.6375 0.55625 0.6375 0.55625 0.85625 0.7015625 0.85625 0.7015625 0.6375
0 0.775 0.725 0.696875 0.725 0.696875 0.834375 0.775 0.834375 0.775 0.725
0 0.8703125 0.590625 0.715625 0.590625 0.715625 0.73125 0.8703125 0.73125 0.8703125 0.590625
0 1.0 0.2796875 0.88125 0.2796875 0.88125 0.3859375 1.0 0.3859375 1.0 0.2796875
0 0.5578125 0.7421875 0.459375 0.7421875 0.459375 0.8796875 0.5578125 0.8796875 0.5578125 0.7421875
0 0.8109375 0.775 0.6765625 0.775 0.6765625 0.9125 0.8109375 0.9125 0.8109375 0.775
0 1.0 0.978125 0.965625 0.978125 0.965625 1.0 1.0 1.0 1.0 0.978125
0 0.9984375 0.9328125 0.8796875 0.9328125 0.8796875 1.0 0.9984375 1.0 0.9984375 0.9328125
0 1.0 0.3765625 0.9546875 0.3765625 0.9546875 0.5421875 1.0 0.5421875 1.0 0.3765625
0 0.075 0.9828125 0.0421875 0.9828125 0.0421875 1.0 0.075 1.0 0.075 0.9828125
0 0.4515625 0.5859375 0.1328125 0.5859375 0.1328125 1.0 0.4515625 1.0 0.4515625 0.5859375
0 0.5765625 0.653125 0.4125 0.653125 0.4125 0.796875 0.5765625 0.796875 0.5765625 0.653125
0 0.6890625 0.4734375 0.371875 0.4734375 0.371875 0.678125 0.6890625 0.678125 0.6890625 0.4734375
0 0.184375 0.828125 0.0484375 0.828125 0.0484375 1.0 0.184375 1.0 0.184375 0.828125
0 0.478125 0.5890625 0.1796875 0.5890625 0.1796875 1.0 0.478125 1.0 0.478125 0.5890625
0 0.9125 0.7453125 0.690625 0.7453125 0.690625 1.0 0.9125 1.0 0.9125 0.7453125
0 1.0 0.928125 0.925 0.928125 0.925 1.0 1.0 1.0 1.0 0.928125
0 0.5375 0.878125 0.384375 0.878125 0.384375 1.0 0.5375 1.0 0.5375 0.878125
0 1.0 0.7546875 0.971875 0.7546875 0.971875 0.8 1.0 0.8 1.0 0.7546875
0 0.6984375 0.5671875 0.5703125 0.5671875 0.5703125 0.74375 0.6984375 0.74375 0.6984375 0.5671875
0 1.0 0.5140625 0.809375 0.5140625 0.809375 0.6765625 1.0 0.6765625 1.0 0.5140625
