0 0.0640625 0.4859375 0.0015625 0.4859375 0.0015625 0.678125 0.0640625 0.678125 0.0640625 0.4859375
0 0.5984375 0.0890625 0.4578125 0.0890625 0.4578125 0.19375 0.5984375 0.19375 0.5984375 0.0890625
0 0.9609375 0.0609375 0.8578125 0.0609375 0.8578125 0.203125 0.9609375 0.203125 0.9609375 0.0609375
0 0.315625 0.2734375 0.0765625 0.2734375 0.0765625 0.61875 0.315625 0.61875 0.315625 0.2734375
0 0.0015625 0.3140625 0.0015625 0.3140625 0.0015625 0.3203125 0.0015625 0.3203125 0.0015625 0.3140625
0 0.6078125 0.1265625 0.278125 0.1265625 0.278125 0.4515625 0.6078125 0.4515625 0.6078125 0.1265625
0 0.0234375 0.1578125 0.0015625 0.1578125 0.0015625 0.26875 0.0234375 0.26875 0.0234375 0.1578125
0 0.26875 0.0015625 0.0015625 0.0015625 0.0015625 0.3125 0.26875 0.3125 0.26875 0.0015625
0 0.4 0.0015625 0.246875 0.0015625 0.246875 0.10625 0.4 0.10625 0.4 0.0015625
0 0.9015625 0.91875 0.8203125 0.91875 0.8203125 1.0 0.9015625 1.0 0.9015625 0.91875
0 1.0 0.2 0.7734375 0.2 0.7734375 0.475 1.0 0.475 1.0 0.2
0 0.5796875 0.0078125 0.3984375 0.0078125 0.3984375 0.1546875 0.5796875 0.1546875 0.5796875 0.0078125
0 0.7671875 0.0015625 0.5640625 0.0015625 0.5640625 0.1265625 0.7671875 0.1265625 0.7671875 0.0015625
0 0.4484375 0.04375 0.25 0.04375 0.25 0.290625 0.4484375 0.290625 0.4484375 0.04375
0 0.140625 0.06875 0.0015625 0.06875 0.0015625 0.171875 0.140625 0.171875 0.140625 0.06875
0 1.0 0.196875 0.9859375 0.196875 0.9859375 0.315625 1.0 0.315625 1.0 0.196875
0 0.803125 0.2546875 0.6734375 0.2546875 0.6734375 0.43125 0.803125 0.43125 0.803125 0.2546875
0 1.0 0.0015625 0.0015625 0.0015625 0.0015625 1.0 1.0 1.0 1.0 0.0015625
