0 0.6171875 0.3 0.425 0.3 0.425 0.36875 0.6171875 0.36875 0.6171875 0.3
0 0.75625 0.059375 0.6484375 0.059375 0.6484375 0.165625 0.75625 0.165625 0.75625 0.059375
0 0.60625 0.35 0.503125 0.35 0.503125 0.5515625 0.60625 0.5515625 0.60625 0.35
0 0.2890625 0.334375 0.1796875 0.334375 0.1796875 0.4984375 0.2890625 0.4984375 0.2890625 0.334375
0 0.121875 1.0 0.1171875 1.0 0.1171875 1.0 0.121875 1.0 0.121875 1.0
0 0.0515625 0.278125 0.0015625 0.278125 0.0015625 0.4234375 0.0515625 0.4234375 0.0515625 0.278125
0 0.215625 0.28125 0.115625 0.28125 0.115625 0.36875 0.215625 0.36875 0.215625 0.28125
0 0.19375 0.0015625 0.1078125 0.0015625 0.1078125 0.0625 0.19375 0.0625 0.19375 0.0015625
0 0.38125 0.4890625 0.184375 0.4890625 0.184375 1.0 0.38125 1.0 0.38125 0.4890625
0 0.1796875 0.8375 0.0921875 0.8375 0.0921875 0.9765625 0.1796875 0.9765625 0.1796875 0.8375
0 0.125 0.0015625 0.0625 0.0015625 0.0625 0.13125 0.125 0.13125 0.125 0.0015625
0 0.5640625 0.315625 0.46875 0.315625 0.46875 0.4671875 0.5640625 0.4671875 0.5640625 0.315625
0 0.8875 0.590625 0.63125 0.590625 0.63125 0.8578125 0.8875 0.8578125 0.8875 0.590625
0 0.321875 0.1609375 0.1828125 0.1609375 0.1828125 0.40625 0.321875 0.40625 0.321875 0.1609375
0 0.221875 0.04375 0.0015625 0.04375 0.0015625 0.1859375 0.221875 0.1859375 0.221875 0.04375
0 0.8328125 0.4203125 0.7484375 0.4203125 0.7484375 0.6421875 0.8328125 0.6421875 0.8328125 0.4203125
0 1.0 0.3421875 0.94375 0.3421875 0.94375 0.446875 1.0 0.446875 1.0 0.3421875
0 0.509375 0.3109375 0.40625 0.3109375 0.40625 0.4609375 0.509375 0.4609375 0.509375 0.3109375
0 0.0640625 0.8984375 0.0015625 0.8984375 0.0015625 1.0 0.0640625 1.0 0.0640625 0.8984375
0 0.084375 0.775 0.0015625 0.775 0.0015625 0.90625 0.084375 0.90625 0.084375 0.775
0 0.01875 0.5 0.0015625 0.5 0.0015625 0.584375 0.01875 0.584375 0.01875 0.5
0 0.040625 0.171875 0.0015625 0.171875 0.0015625 0.290625 0.040625 0.290625 0.040625 0.171875
0 0.2890625 0.9796875 0.2734375 0.9796875 0.2734375 1.0 0.2890625 1.0 0.2890625 0.9796875
0 0.4 0.40625 0.2484375 0.40625 0.2484375 0.7171875 0.4 0.7171875 0.4 0.40625
0 0.5234375 0.30625 0.36875 0.30625 0.36875 0.5890625 0.5234375 0.5890625 0.5234375 0.30625
0 0.865625 0.8640625 0.690625 0.8640625 0.690625 1.0 0.865625 1.0 0.865625 0.8640625
0 1.0 0.2125 0.9171875 0.2125 0.9171875 0.3078125 1.0 0.3078125 1.0 0.2125
0 0.840625 0.0015625 0.0015625 0.0015625 0.0015625 1.0 0.840625 1.0 0.840625 0.0015625
0 0.2015625 0.3359375 0.1140625 0.3359375 0.1140625 0.4796875 0.2015625 0.4796875 0.2015625 0.3359375
0 0.525 0.7078125 0.2890625 0.7078125 0.2890625 1.0 0.525 1.0 0.525 0.7078125
0 0.7234375 0.478125 0.509375 0.478125 0.509375 0.953125 0.7234375 0.953125 0.7234375 0.478125
0 0.8953125 0.0015625 0.8125 0.0015625 0.8125 0.275 0.8953125 0.275 0.8953125 0.0015625
0 0.9859375 0.9375 0.9578125 0.9375 0.9578125 1.0 0.9859375 1.0 0.9859375 0.9375
0 1.0 0.78125 0.9921875 0.78125 0.9921875 0.896875 1.0 0.896875 1.0 0.78125
0 1.0 0.496875 0.984375 0.496875 0.984375 0.665625 1.0 0.665625 1.0 0.496875
0 1.0 0.0015625 0.8421875 0.0015625 0.8421875 0.5953125 1.0 0.5953125 1.0 0.0015625
