0 0.859375 0.0015625 0.746875 0.0015625 0.746875 0.2296875 0.859375 0.2296875 0.859375 0.0015625
0 0.0984375 0.546875 0.0015625 0.546875 0.0015625 0.653125 0.0984375 0.653125 0.0984375 0.546875
0 0.328125 0.059375 0.134375 0.059375 0.134375 0.2890625 0.328125 0.2890625 0.328125 0.059375
0 0.378125 0.8203125 0.209375 0.8203125 0.209375 1.0 0.378125 1.0 0.378125 0.8203125
0 0.1734375 0.315625 0.01875 0.315625 0.01875 0.4953125 0.1734375 0.4953125 0.1734375 0.315625
0 0.6765625 0.996875 0.6671875 0.996875 0.6671875 1.0 0.6765625 1.0 0.6765625 0.996875
0 0.8953125 0.0015625 0.89375 0.0015625 0.89375 0.0015625 0.8953125 0.0015625 0.8953125 0.0015625
0 0.871875 0.9515625 0.74375 0.9515625 0.74375 1.0 0.871875 1.0 0.871875 0.9515625
0 0.84375 0.859375 0.6453125 0.859375 0.6453125 0.9578125 0.84375 0.9578125 0.84375 0.859375
0 0.5203125 0.8484375 0.3625 0.8484375 0.3625 0.965625 0.5203125 0.965625 0.5203125 0.8484375
0 0.15 0.64375 0.0015625 0.64375 0.0015625 0.9390625 0.15 0.9390625 0.15 0.64375
0 0.5171875 0.6578125 0.3734375 0.6578125 0.3734375 0.7625 0.5171875 0.7625 0.5171875 0.6578125
0 0.315625 0.2203125 0.184375 0.2203125 0.184375 0.328125 0.315625 0.328125 0.315625 0.2203125
0 0.55625 0.0015625 0.409375 0.0015625 0.409375 0.08125 0.55625 0.08125 0.55625 0.0015625
0 1.0 0.825 0.94375 0.825 0.94375 0.9203125 1.0 0.9203125 1.0 0.825
0 1.0 0.5 0.9359375 0.5 0.9359375 0.55625 1.0 0.55625 1.0 0.5
0 0.13125 0.565625 0.0015625 0.565625 0.0015625 0.78125 0.13125 0.78125 0.13125 0.565625
0 0.0953125 0.2875 0.0015625 0.2875 0.0015625 0.5265625 0.0953125 0.5265625 0.0953125 0.2875
0 0.2046875 0.01875 0.0015625 0.01875 0.0015625 0.2234375 0.2046875 0.2234375 0.2046875 0.01875
0 0.7578125 0.959375 0.634375 0.959375 0.634375 1.0 0.7578125 1.0 0.7578125 0.959375
0 0.9875 0.8421875 0.75 0.8421875 0.75 1.0 0.9875 1.0 0.9875 0.8421875
0 0.4 0.6296875 0.1890625 0.6296875 0.1890625 0.9046875 0.4 0.9046875 0.4 0.6296875
0 0.534375 0.3625 0.3265625 0.3625 0.3265625 0.471875 0.534375 0.471875 0.534375 0.3625
0 0.3421875 0.18125 0.1296875 0.18125 0.1296875 0.4890625 0.3421875 0.4890625 0.3421875 0.18125
0 0.6046875 0.25625 0.521875 0.25625 0.521875 0.378125 0.6046875 0.378125 0.6046875 0.25625
0 0.6546875 0.134375 0.55 0.134375 0.55 0.228125 0.6546875 0.228125 0.6546875 0.134375
0 0.40625 0.065625 0.2734375 0.065625 0.2734375 0.2 0.40625 0.2 0.40625 0.065625
0 0.8375 0.0296875 0.7640625 0.0296875 0.7640625 0.19375 0.8375 0.19375 0.8375 0.0296875
0 0.490625 0.0015625 0.4578125 0.0015625 0.4578125 0.021875 0.490625 0.021875 0.490625 0.0015625
0 0.9296875 0.0015625 0.840625 0.0015625 0.840625 0.140625 0.9296875 0.140625 0.9296875 0.0015625
0 0.1578125 0.0015625 0.0015625 0.0015625 0.0015625 0.1140625 0.1578125 0.1140625 0.1578125 0.0015625
0 0.6546875 0.9625 0.6 0.9625 0.6 1.0 0.6546875 1.0 0.6546875 0.9625
0 0.1640625 0.9703125 0.1046875 0.9703125 0.1046875 1.0 0.1640625 1.0 0.1640625 0.9703125
0 0.4984375 0.953125 0.425 0.953125 0.425 1.0 0.4984375 1.0 0.4984375 0.953125
0 0.315625 0.7984375 0.1625 0.7984375 0.1625 1.0 0.315625 1.0 0.315625 0.7984375
0 1.0 0.7359375 0.8578125 0.7359375 0.8578125 0.8375 1.0 0.8375 1.0 0.7359375
0 0.5078125 0.409375 0.2375 0.409375 0.2375 0.6703125 0.5078125 0.6703125 0.5078125 0.409375
0 0.5484375 0.2640625 0.421875 0.2640625 0.421875 0.3703125 0.5484375 0.3703125 0.5484375 0.2640625
0 0.76875 0.0984375 0.621875 0.0984375 0.621875 0.3953125 0.76875 0.3953125 0.76875 0.0984375
0 0.55 0.0015625 0.321875 0.0015625 0.321875 0.303125 0.55 0.303125 0.55 0.0015625
0 0.1546875 0.159375 0.0125 0.159375 0.0125 0.25625 0.1546875 0.25625 0.1546875 0.159375
0 0.921875 0.1078125 0.8328125 0.1078125 0.8328125 0.2109375 0.921875 0.2109375 0.921875 0.1078125
0 0.4578125 0.0015625 0.4234375 0.0015625 0.4234375 0.03125 0.4578125 0.03125 0.4578125 0.0015625
0 1.0 0.915625 0.95 0.915625 0.95 1.0 1.0 1.0 1.0 0.915625
0 1.0 0.2125 0.9703125 0.2125 0.9703125 0.4015625 1.0 0.4015625 1.0 0.2125
0 0.20625 0.953125 0.13125 0.953125 0.13125 1.0 0.20625 1.0 0.20625 0.953125
0 0.0125 0.7171875 0.0015625 0.7171875 0.0015625 0.8046875 0.0125 0.8046875 0.0125 0.7171875
0 0.19375 0.71875 0.0546875 0.71875 0.0546875 0.91875 0.19375 0.91875 0.19375 0.71875
0 0.46875 0.4671875 0.3703125 0.4671875 0.3703125 0.665625 0.46875 0.665625 0.46875 0.4671875
0 0.15625 0.209375 0.0015625 0.209375 0.0015625 0.40625 0.15625 0.40625 0.15625 0.209375
0 0.246875 0.0015625 0.13125 0.0015625 0.13125 0.0640625 0.246875 0.0640625 0.246875 0.0015625
0 1.0 0.7265625 0.9859375 0.7265625 0.9859375 0.7734375 1.0 0.7734375 1.0 0.7265625
0 1.0 0.5765625 0.9203125 0.5765625 0.9203125 0.7390625 1.0 0.7390625 1.0 0.5765625
0 0.79375 0.615625 0.6453125 0.615625 0.6453125 0.7171875 0.79375 0.7171875 0.79375 0.615625
0 0.76875 0.265625 0.625 0.265625 0.625 0.61875 0.76875 0.61875 0.76875 0.265625
0 0.9 0.2359375 0.759375 0.2359375 0.759375 0.459375 0.9 0.459375 0.9 0.2359375
0 1.0 0.2515625 0.9171875 0.2515625 0.9171875 0.4140625 1.0 0.4140625 1.0 0.2515625
0 0.465625 0.8453125 0.0015625 0.8453125 0.0015625 1.0 0.465625 1.0 0.465625 0.8453125
0 0.7328125 0.8796875 0.4796875 0.8796875 0.4796875 1.0 0.7328125 1.0 0.7328125 0.8796875
0 0.484375 0.684375 0.278125 0.684375 0.278125 0.93125 0.484375 0.93125 0.484375 0.684375
0 0.3421875 0.3734375 0.0015625 0.3734375 0.0015625 0.8375 0.3421875 0.8375 0.3421875 0.3734375
0 0.6859375 0.0921875 0.3625 0.0921875 0.3625 0.7734375 0.6859375 0.7734375 0.6859375 0.0921875
0 0.446875 0.0015625 0.1890625 0.0015625 0.1890625 0.1453125 0.446875 0.1453125 0.446875 0.0015625
0 1.0 0.4671875 0.5515625 0.4671875 0.5515625 0.9390625 1.0 0.9390625 1.0 0.4671875
0 1.0 0.0015625 0.709375 0.0015625 0.709375 0.528125 1.0 0.528125 1.0 0.0015625
0 0.75625 0.275 0.665625 0.275 0.665625 0.4515625 0.75625 0.4515625 0.75625 0.275
0 0.64375 0.0015625 0.55625 0.0015625 0.55625 0.0640625 0.64375 0.0640625 0.64375 0.0015625
0 1.0 0.4421875 0.884375 0.4421875 0.884375 0.5390625 1.0 0.5390625 1.0 0.4421875
0 0.71875 0.703125 0.4859375 0.703125 0.4859375 0.95625 0.71875 0.95625 0.71875 0.703125
0 0.0921875 0.9359375 0.0015625 0.9359375 0.0015625 1.0 0.0921875 1.0 0.0921875 0.9359375
