0 0.565625 0.8296875 0.4515625 0.8296875 0.4515625 0.940625 0.565625 0.940625 0.565625 0.8296875
0 0.615625 0.4125 0.4234375 0.4125 0.4234375 0.4984375 0.615625 0.4984375 0.615625 0.4125
0 0.5734375 0.0015625 0.4546875 0.0015625 0.4546875 0.1078125 0.5734375 0.1078125 0.5734375 0.0015625
0 0.99375 0.64375 0.8171875 0.64375 0.8171875 0.9421875 0.99375 0.9421875 0.99375 0.64375
0 0.8890625 0.4875 0.7234375 0.4875 0.7234375 0.86875 0.8890625 0.86875 0.8890625 0.4875
0 1.0 0.4296875 0.9609375 0.4296875 0.9609375 0.46875 1.0 0.46875 1.0 0.4296875
0 1.0 0.0015625 0.8828125 0.0015625 0.8828125 0.4265625 1.0 0.4265625 1.0 0.0015625
0 0.10625 0.9515625 0.0015625 0.9515625 0.0015625 1.0 0.10625 1.0 0.10625 0.9515625
0 0.090625 0.8234375 0.0015625 0.8234375 0.0015625 0.9296875 0.090625 0.9296875 0.090625 0.8234375
0 0.2578125 0.4734375 0.0015625 0.4734375 0.0015625 0.6828125 0.2578125 0.6828125 0.2578125 0.4734375
0 0.559375 0.0015625 0.0015625 0.0015625 0.0015625 0.2515625 0.559375 0.2515625 0.559375 0.0015625
0 0.1453125 0.0453125 0.0015625 0.0453125 0.0015625 0.165625 0.1453125 0.165625 0.1453125 0.0453125
0 0.378125 0.8890625 0.20625 0.8890625 0.20625 1.0 0.378125 1.0 0.378125 0.8890625
0 0.628125 0.3578125 0.2859375 0.3578125 0.2859375 0.81875 0.628125 0.81875 0.628125 0.3578125
0 0.3046875 0.2171875 0.0234375 0.2171875 0.0234375 0.4859375 0.3046875 0.4859375 0.3046875 0.2171875
0 0.696875 0.2015625 0.28125 0.2015625 0.28125 0.3546875 0.696875 0.3546875 0.696875 0.2015625
0 0.8890625 0.134375 0.7640625 0.134375 0.7640625 0.321875 0.8890625 0.321875 0.8890625 0.134375
0 0.7859375 0.009375 0.659375 0.009375 0.659375 0.115625 0.7859375 0.115625 0.7859375 0.009375
0 0.4234375 0.0015625 0.36875 0.0015625 0.36875 0.015625 0.4234375 0.015625 0.4234375 0.0015625
0 0.1734375 0.0015625 0.1515625 0.0015625 0.1515625 0.015625 0.1734375 0.015625 0.1734375 0.0015625
0 0.384375 0.9265625 0.271875 0.9265625 0.271875 1.0 0.384375 1.0 0.384375 0.9265625
0 0.196875 0.703125 0.0015625 0.703125 0.0015625 0.9609375 0.196875 0.9609375 0.196875 0.703125
0 0.571875 0.4828125 0.221875 0.4828125 0.221875 0.9328125 0.571875 0.9328125 0.571875 0.4828125
0 0.771875 0.36875 0.534375 0.36875 0.534375 0.646875 0.771875 0.646875 0.771875 0.36875
0 0.25 0.4203125 0.1640625 0.4203125 0.1640625 0.5921875 0.25 0.5921875 0.25 0.4203125
0 0.4859375 0.3078125 0.2203125 0.3078125 0.2203125 0.465625 0.4859375 0.465625 0.4859375 0.3078125
0 0.00625 0.1609375 0.0015625 0.1609375 0.0015625 0.16875 0.00625 0.16875 0.00625 0.1609375
0 0.5046875 0.0765625 0.4078125 0.0765625 0.4078125 0.221875 0.5046875 0.221875 0.5046875 0.0765625
0 0.1546875 0.0015625 0.0015625 0.0015625 0.0015625 0.04375 0.1546875 0.04375 0.1546875 0.0015625
0 0.6296875 0.63125 0.54375 0.63125 0.54375 0.8796875 0.6296875 0.8796875 0.6296875 0.63125
0 1.0 0.4671875 0.8390625 0.4671875 0.8390625 0.6375 1.0 0.6375 1.0 0.4671875
0 0.69375 0.9015625 0.5421875 0.9015625 0.5421875 1.0 0.69375 1.0 0.69375 0.9015625
0 0.821875 0.696875 0.7203125 0.696875 0.7203125 0.8984375 0.821875 0.8984375 0.821875 0.696875
0 0.2046875 0.9640625 0.1046875 0.9640625 0.1046875 1.0 0.2046875 1.0 0.2046875 0.9640625
0 0.5125 0.9046875 0.3484375 0.9046875 0.3484375 1.0 0.5125 1.0 0.5125 0.9046875
0 0.2765625 0.7359375 0.209375 0.7359375 0.209375 0.8921875 0.2765625 0.8921875 0.2765625 0.7359375
0 0.6703125 0.6890625 0.58125 0.6890625 0.58125 0.86875 0.6703125 0.86875 0.6703125 0.6890625
0 0.178125 0.6859375 0.0265625 0.6859375 0.0265625 0.78125 0.178125 0.78125 0.178125 0.6859375
0 0.3796875 0.5828125 0.2625 0.5828125 0.2625 0.7515625 0.3796875 0.7515625 0.3796875 0.5828125
0 0.8625 0.2640625 0.746875 0.2640625 0.746875 0.3765625 0.8625 0.3765625 0.8625 0.2640625
0 0.38125 0.0015625 0.0015625 0.0015625 0.0015625 0.19375 0.38125 0.19375 0.38125 0.0015625
0 0.4875 0.06875 0.0015625 0.06875 0.0015625 0.6328125 0.4875 0.6328125 0.4875 0.06875
0 1.0 0.0015625 0.05 0.0015625 0.05 1.0 1.0 1.0 1.0 0.0015625
0 0.0828125 0.7859375 0.0015625 0.7859375 0.0015625 1.0 0.0828125 1.0 0.0828125 0.7859375
0 0.1046875 0.65625 0.0015625 0.65625 0.0015625 0.79375 0.1046875 0.79375 0.1046875 0.65625
0 0.525 0.6359375 0.33125 0.6359375 0.33125 0.7828125 0.525 0.7828125 0.525 0.6359375
0 0.2796875 0.6015625 0.0984375 0.6015625 0.0984375 0.7625 0.2796875 0.7625 0.2796875 0.6015625
0 0.0546875 0.0015625 0.0015625 0.0015625 0.0015625 0.1078125 0.0546875 0.1078125 0.0546875 0.0015625
0 1.0 0.4796875 0.8078125 0.4796875 0.8078125 1.0 1.0 1.0 1.0 0.4796875
0 0.5484375 0.7703125 0.36875 0.7703125 0.36875 0.925 0.5484375 0.925 0.5484375 0.7703125
0 0.540625 0.5515625 0.428125 0.5515625 0.428125 0.63125 0.540625 0.63125 0.540625 0.5515625
0 0.7078125 0.2578125 0.4875 0.2578125 0.4875 0.3953125 0.7078125 0.3953125 0.7078125 0.2578125
