0 0.3921875 0.0015625 0.303125 0.0015625 0.303125 0.1125 0.3921875 0.1125 0.3921875 0.0015625
0 0.253125 0.0015625 0.0828125 0.0015625 0.0828125 0.1125 0.253125 0.1125 0.253125 0.0015625
0 0.4015625 0.0015625 0.396875 0.0015625 0.396875 0.0015625 0.4015625 0.0015625 0.4015625 0.0015625
0 0.9484375 0.0015625 0.740625 0.0015625 0.740625 0.5859375 0.9484375 0.5859375 0.9484375 0.0015625
0 0.65625 0.1765625 0.5484375 0.1765625 0.5484375 0.2875 0.65625 0.2875 0.65625 0.1765625
0 0.4796875 0.0015625 0.3859375 0.0015625 0.3859375 0.1953125 0.4796875 0.1953125 0.4796875 0.0015625
0 0.43125 0.8109375 0.003125 0.8109375 0.003125 1.0 0.43125 1.0 0.43125 0.8109375
0 0.9546875 0.959375 0.921875 0.959375 0.921875 1.0 0.9546875 1.0 0.9546875 0.959375
0 1.0 0.7109375 0.9671875 0.7109375 0.9671875 0.9390625 1.0 0.9390625 1.0 0.7109375
0 0.6265625 0.5203125 0.4046875 0.5203125 0.4046875 0.74375 0.6265625 0.74375 0.6265625 0.5203125
0 0.3140625 0.55 0.21875 0.55 0.21875 0.66875 0.3140625 0.66875 0.3140625 0.55
0 0.9890625 0.65625 0.84375 0.65625 0.84375 0.871875 0.9890625 0.871875 0.9890625 0.65625
