0 0.453125 0.684375 0.1609375 0.684375 0.1609375 1.0 0.453125 1.0 0.453125 0.684375
0 0.05625 0.8328125 0.0015625 0.8328125 0.0015625 1.0 0.05625 1.0 0.05625 0.8328125
0 1.0 0.8734375 0.7171875 0.8734375 0.7171875 0.9875 1.0 0.9875 1.0 0.8734375
0 0.06875 0.6484375 0.0015625 0.6484375 0.0015625 0.7890625 0.06875 0.7890625 0.06875 0.6484375
0 0.9796875 0.6 0.79375 0.6 0.79375 0.8234375 0.9796875 0.8234375 0.9796875 0.6
0 0.109375 0.484375 0.0015625 0.484375 0.0015625 0.621875 0.109375 0.621875 0.109375 0.484375
0 0.034375 0.190625 0.0015625 0.190625 0.0015625 0.2796875 0.034375 0.2796875 0.034375 0.190625
0 0.3328125 0.4421875 0.23125 0.4421875 0.23125 0.5734375 0.3328125 0.5734375 0.3328125 0.4421875
0 0.1265625 0.3515625 0.0015625 0.3515625 0.0015625 0.4546875 0.1265625 0.4546875 0.1265625 0.3515625
0 0.4140625 0.1703125 0.209375 0.1703125 0.209375 0.396875 0.4140625 0.396875 0.4140625 0.1703125
0 0.675 0.0890625 0.5296875 0.0890625 0.5296875 0.371875 0.675 0.371875 0.675 0.0890625
0 0.284375 0.146875 0.16875 0.146875 0.16875 0.253125 0.284375 0.253125 0.284375 0.146875
0 0.846875 0.0453125 0.715625 0.0453125 0.715625 0.2140625 0.846875 0.2140625 0.846875 0.0453125
0 0.46875 0.0015625 0.4171875 0.0015625 0.4171875 0.084375 0.46875 0.084375 0.46875 0.0015625
0 0.5671875 0.0015625 0.4984375 0.0015625 0.4984375 0.0453125 0.5671875 0.0453125 0.5671875 0.0015625
0 0.7171875 0.0015625 0.6515625 0.0015625 0.6515625 0.0171875 0.7171875 0.0171875 0.7171875 0.0015625
0 0.0234375 0.0015625 0.0015625 0.0015625 0.0015625 0.01875 0.0234375 0.01875 0.0234375 0.0015625
0 1.0 0.0015625 0.8546875 0.0015625 0.8546875 0.1390625 1.0 0.1390625 1.0 0.0015625
0 1.0 0.521875 0.953125 0.521875 0.953125 0.6234375 1.0 0.6234375 1.0 0.521875
0 0.9 0.4921875 0.7734375 0.4921875 0.7734375 0.590625 0.9 0.590625 0.9 0.4921875
0 0.06875 0.759375 0.0015625 0.759375 0.0015625 0.871875 0.06875 0.871875 0.06875 0.759375
0 0.165625 0.3078125 0.0015625 0.3078125 0.0015625 0.3765625 0.165625 0.3765625 0.165625 0.3078125
0 0.1734375 0.1171875 0.0015625 0.1171875 0.0015625 0.3078125 0.1734375 0.3078125 0.1734375 0.1171875
0 0.153125 0.0015625 0.0015625 0.0015625 0.0015625 0.153125 0.153125 0.153125 0.153125 0.0015625
0 0.3640625 0.0015625 0.2296875 0.0015625 0.2296875 0.0875 0.3640625 0.0875 0.3640625 0.0015625
0 0.6703125 0.85 0.49375 0.85 0.49375 1.0 0.6703125 1.0 0.6703125 0.85
0 0.5796875 0.375 0.3609375 0.375 0.3609375 0.675 0.5796875 0.675 0.5796875 0.375
0 0.540625 0.06875 0.2265625 0.06875 0.2265625 0.2984375 0.540625 0.2984375 0.540625 0.06875
0 0.7421875 0.0515625 0.653125 0.0515625 0.653125 0.1546875 0.7421875 0.1546875 0.7421875 0.0515625
0 0.5078125 0.0015625 0.46875 0.0015625 0.46875 0.0609375 0.5078125 0.0609375 0.5078125 0.0015625
0 0.46875 0.0015625 0.3984375 0.0015625 0.3984375 0.090625 0.46875 0.090625 0.46875 0.0015625
0 0.875 0.0015625 0.7734375 0.0015625 0.7734375 0.025 0.875 0.025 0.875 0.0015625
0 0.4296875 0.4703125 0.2515625 0.4703125 0.2515625 0.628125 0.4296875 0.628125 0.4296875 0.4703125
0 0.209375 0.3 0.00625 0.3 0.00625 0.6140625 0.209375 0.6140625 0.209375 0.3
0 0.246875 0.2078125 0.134375 0.2078125 0.134375 0.309375 0.246875 0.309375 0.246875 0.2078125
0 0.0109375 0.090625 0.0015625 0.090625 0.0015625 0.146875 0.0109375 0.146875 0.0109375 0.090625
0 0.25 0.0015625 0.1546875 0.0015625 0.1546875 0.0890625 0.25 0.0890625 0.25 0.0015625
0 0.6515625 0.0015625 0.4609375 0.0015625 0.4609375 0.1234375 0.6515625 0.1234375 0.6515625 0.0015625
0 0.403125 0.0015625 0.365625 0.0015625 0.365625 0.040625 0.403125 0.040625 0.403125 0.0015625
0 0.9234375 0.990625 0.884375 0.990625 0.884375 1.0 0.9234375 1.0 0.9234375 0.990625
0 1.0 0.90625 0.9609375 0.90625 0.9609375 1.0 1.0 1.0 1.0 0.90625
0 0.428125 0.0015625 0.0015625 0.0015625 0.0015625 0.1328125 0.428125 0.1328125 0.428125 0.0015625
0 0.2828125 0.759375 0.046875 0.759375 0.046875 1.0 0.2828125 1.0 0.2828125 0.759375
0 0.1234375 0.54375 0.0015625 0.54375 0.0015625 0.73125 0.1234375 0.73125 0.1234375 0.54375
0 0.06875 0.415625 0.0015625 0.415625 0.0015625 0.484375 0.06875 0.484375 0.06875 0.415625
0 0.2859375 0.1875 0.0015625 0.1875 0.0015625 0.346875 0.2859375 0.346875 0.2859375 0.1875
0 0.00625 0.1859375 0.0015625 0.1859375 0.0015625 0.196875 0.00625 0.196875 0.00625 0.1859375
0 0.9375 0.3203125 0.2640625 0.3203125 0.2640625 0.946875 0.9375 0.946875 0.9375 0.3203125
0 0.421875 0.3765625 0.1328125 0.3765625 0.1328125 0.7453125 0.421875 0.7453125 0.421875 0.3765625
0 0.215625 0.3125 0.1234375 0.3125 0.1234375 0.53125 0.215625 0.53125 0.215625 0.3125
0 1.0 0.0015625 0.584375 0.0015625 0.584375 0.64375 1.0 0.64375 1.0 0.0015625
0 0.9734375 0.9234375 0.8765625 0.9234375 0.8765625 1.0 0.9734375 1.0 0.9734375 0.9234375
0 0.721875 0.9609375 0.6796875 0.9609375 0.6796875 1.0 0.721875 1.0 0.721875 0.9609375
0 1.0 0.76875 0.740625 0.76875 0.740625 0.9546875 1.0 0.9546875 1.0 0.76875
0 0.8921875 0.36875 0.7265625 0.36875 0.7265625 0.5109375 0.8921875 0.5109375 0.8921875 0.36875
