0 0.49375 0.0015625 0.4140625 0.0015625 0.4140625 0.025 0.49375 0.025 0.49375 0.0015625
0 0.58125 0.14375 0.5 0.14375 0.5 0.3140625 0.58125 0.3140625 0.58125 0.14375
0 0.521875 0.196875 0.3953125 0.196875 0.3953125 0.3140625 0.521875 0.3140625 0.521875 0.196875
0 0.6703125 0.8671875 0.4109375 0.8671875 0.4109375 1.0 0.6703125 1.0 0.6703125 0.8671875
0 0.5296875 0.1359375 0.40625 0.1359375 0.40625 0.2421875 0.5296875 0.2421875 0.5296875 0.1359375
0 0.6703125 0.0078125 0.5265625 0.0078125 0.5265625 0.2640625 0.6703125 0.2640625 0.6703125 0.0078125
0 0.83125 0.0015625 0.8109375 0.0015625 0.8109375 0.009375 0.83125 0.009375 0.83125 0.0015625
0 0.440625 0.93125 0.403125 0.93125 0.403125 1.0 0.440625 1.0 0.440625 0.93125
0 0.5671875 0.2578125 0.440625 0.2578125 0.440625 0.396875 0.5671875 0.396875 0.5671875 0.2578125
0 0.0140625 0.5734375 0.0015625 0.5734375 0.0015625 0.6 0.0140625 0.6 0.0140625 0.5734375
0 0.159375 0.3203125 0.0015625 0.3203125 0.0015625 0.515625 0.159375 0.515625 0.159375 0.3203125
0 0.4609375 0.284375 0.334375 0.284375 0.334375 0.4234375 0.4609375 0.4234375 0.4609375 0.284375
0 1.0 0.65 0.9125 0.65 0.9125 0.8671875 1.0 0.8671875 1.0 0.65
0 0.7109375 0.9390625 0.6671875 0.9390625 0.6671875 1.0 0.7109375 1.0 0.7109375 0.9390625
0 0.5140625 0.91875 0.4390625 0.91875 0.4390625 1.0 0.5140625 1.0 0.5140625 0.91875
0 0.5796875 0.0015625 0.384375 0.0015625 0.384375 0.178125 0.5796875 0.178125 0.5796875 0.0015625
0 0.9546875 0.0015625 0.865625 0.0015625 0.865625 0.1109375 0.9546875 0.1109375 0.9546875 0.0015625
0 0.9984375 0.0015625 0.9859375 0.0015625 0.9859375 0.003125 0.9984375 0.003125 0.9984375 0.0015625
0 1.0 0.0015625 0.0015625 0.0015625 0.0015625 1.0 1.0 1.0 1.0 0.0015625
0 0.6109375 0.0265625 0.4671875 0.0265625 0.4671875 0.171875 0.6109375 0.171875 0.6109375 0.0265625
0 0.78125 0.0015625 0.6703125 0.0015625 0.6703125 0.1484375 0.78125 0.1484375 0.78125 0.0015625
