0 0.74375 0.4421875 0.66875 0.4421875 0.66875 0.8140625 0.74375 0.8140625 0.74375 0.4421875
0 0.56875 0.0015625 0.3515625 0.0015625 0.3515625 0.0390625 0.56875 0.0390625 0.56875 0.0015625
0 0.128125 0.328125 0.0015625 0.328125 0.0015625 0.515625 0.128125 0.515625 0.128125 0.328125
0 1.0 0.7890625 0.9046875 0.7890625 0.9046875 0.853125 1.0 0.853125 1.0 0.7890625
0 1.0 0.0859375 0.953125 0.0859375 0.953125 0.2078125 1.0 0.2078125 1.0 0.0859375
0 0.846875 0.0015625 0.8171875 0.0015625 0.8171875 0.05625 0.846875 0.05625 0.846875 0.0015625
0 0.9265625 0.846875 0.878125 0.846875 0.878125 1.0 0.9265625 1.0 0.9265625 0.846875
0 1.0 0.8734375 0.9796875 0.8734375 0.9796875 0.93125 1.0 0.93125 1.0 0.8734375
0 0.5515625 0.225 0.4515625 0.225 0.4515625 0.484375 0.5515625 0.484375 0.5515625 0.225
0 0.359375 0.0015625 0.1796875 0.0015625 0.1796875 0.125 0.359375 0.125 0.359375 0.0015625
0 0.6921875 0.446875 0.565625 0.446875 0.565625 0.571875 0.6921875 0.571875 0.6921875 0.446875
0 0.65625 0.0015625 0.428125 0.0015625 0.428125 0.5046875 0.65625 0.5046875 0.65625 0.0015625
0 0.0375 0.0015625 0.0015625 0.0015625 0.0015625 0.1 0.0375 0.1 0.0375 0.0015625
0 0.7609375 0.9703125 0.70625 0.9703125 0.70625 1.0 0.7609375 1.0 0.7609375 0.9703125
0 0.0359375 0.24375 0.0015625 0.24375 0.0015625 0.278125 0.0359375 0.278125 0.0359375 0.24375
0 0.1453125 0.4125 0.0015625 0.4125 0.0015625 0.878125 0.1453125 0.878125 0.1453125 0.4125
0 0.0515625 0.2765625 0.0015625 0.2765625 0.0015625 0.4046875 0.0515625 0.4046875 0.0515625 0.2765625
0 0.1234375 0.096875 0.015625 0.096875 0.015625 0.2421875 0.1234375 0.2421875 0.1234375 0.096875
0 0.9296875 0.4421875 0.8390625 0.4421875 0.8390625 0.5484375 0.9296875 0.5484375 0.9296875 0.4421875
0 0.1390625 0.3265625 0.065625 0.3265625 0.065625 0.434375 0.1390625 0.434375 0.1390625 0.3265625
0 0.5046875 0.075 0.359375 0.075 0.359375 0.33125 0.5046875 0.33125 0.5046875 0.075
0 0.89375 0.1109375 0.7921875 0.1109375 0.7921875 0.3171875 0.89375 0.3171875 0.89375 0.1109375
0 0.5625 0.0015625 0.5453125 0.0015625 0.5453125 0.021875 0.5625 0.021875 0.5625 0.0015625
0 0.240625 0.578125 0.121875 0.578125 0.121875 0.709375 0.240625 0.709375 0.240625 0.578125
0 0.08125 0.4234375 0.0015625 0.4234375 0.0015625 0.64375 0.08125 0.64375 0.08125 0.4234375
0 0.6640625 0.5015625 0.6015625 0.5015625 0.6015625 0.6765625 0.6640625 0.6765625 0.6640625 0.5015625
0 0.103125 0.2359375 0.0015625 0.2359375 0.0015625 0.3453125 0.103125 0.3453125 0.103125 0.2359375
0 0.634375 0.0765625 0.540625 0.0765625 0.540625 0.21875 0.634375 0.21875 0.634375 0.0765625
0 0.553125 0.01875 0.4609375 0.01875 0.4609375 0.1671875 0.553125 0.1671875 0.553125 0.01875
0 0.1578125 0.0015625 0.00625 0.0015625 0.00625 0.11875 0.1578125 0.11875 0.1578125 0.0015625
0 1.0 0.971875 0.9421875 0.971875 0.9421875 1.0 1.0 1.0 1.0 0.971875
0 1.0 0.8390625 0.959375 0.8390625 0.959375 0.90625 1.0 0.90625 1.0 0.8390625
0 0.75 0.609375 0.6453125 0.609375 0.6453125 0.915625 0.75 0.915625 0.75 0.609375
0 1.0 0.0015625 0.98125 0.0015625 0.98125 0.00625 1.0 0.00625 1.0 0.0015625
0 0.209375 0.3953125 0.1234375 0.3953125 0.1234375 0.6203125 0.209375 0.6203125 0.209375 0.3953125
0 0.7546875 0.9015625 0.584375 0.9015625 0.584375 1.0 0.7546875 1.0 0.7546875 0.9015625
0 0.4953125 0.7734375 0.3984375 0.7734375 0.3984375 0.8703125 0.4953125 0.8703125 0.4953125 0.7734375
0 0.4078125 0.0578125 0.2375 0.0578125 0.2375 0.2953125 0.4078125 0.2953125 0.4078125 0.0578125
0 0.059375 0.9703125 0.003125 0.9703125 0.003125 1.0 0.059375 1.0 0.059375 0.9703125
0 0.3015625 0.6796875 0.1625 0.6796875 0.1625 0.9890625 0.3015625 0.9890625 0.3015625 0.6796875
0 0.69375 0.5015625 0.509375 0.5015625 0.509375 0.9484375 0.69375 0.9484375 0.69375 0.5015625
0 0.5109375 0.2375 0.178125 0.2375 0.178125 0.7109375 0.5109375 0.7109375 0.5109375 0.2375
0 0.890625 0.3953125 0.678125 0.3953125 0.678125 0.6578125 0.890625 0.6578125 0.890625 0.3953125
0 0.03125 0.078125 0.0015625 0.078125 0.0015625 0.146875 0.03125 0.146875 0.03125 0.078125
0 0.2203125 0.009375 0.0953125 0.009375 0.0953125 0.1078125 0.2203125 0.1078125 0.2203125 0.009375
0 0.665625 0.0015625 0.5796875 0.0015625 0.5796875 0.1390625 0.665625 0.1390625 0.665625 0.0015625
0 1.0 0.0015625 0.959375 0.0015625 0.959375 0.121875 1.0 0.121875 1.0 0.0015625
0 0.3453125 0.975 0.303125 0.975 0.303125 1.0 0.3453125 1.0 0.3453125 0.975
0 0.090625 0.825 0.0015625 0.825 0.0015625 1.0 0.090625 1.0 0.090625 0.825
0 0.2265625 0.7296875 0.115625 0.7296875 0.115625 1.0 0.2265625 1.0 0.2265625 0.7296875
0 0.3828125 0.690625 0.290625 0.690625 0.290625 0.840625 0.3828125 0.840625 0.3828125 0.690625
0 0.10625 0.6515625 0.0015625 0.6515625 0.0015625 0.8359375 0.10625 0.8359375 0.10625 0.6515625
0 0.359375 0.56875 0.2625 0.56875 0.2625 0.68125 0.359375 0.68125 0.359375 0.56875
0 0.253125 0.35 0.16875 0.35 0.16875 0.609375 0.253125 0.609375 0.253125 0.35
0 0.634375 0.309375 0.428125 0.309375 0.428125 0.8484375 0.634375 0.8484375 0.634375 0.309375
0 0.3859375 0.134375 0.2921875 0.134375 0.2921875 0.39375 0.3859375 0.39375 0.3859375 0.134375
0 0.2609375 0.1015625 0.0953125 0.1015625 0.0953125 0.303125 0.2609375 0.303125 0.2609375 0.1015625
0 0.609375 0.9421875 0.5625 0.9421875 0.5625 1.0 0.609375 1.0 0.609375 0.9421875
0 0.6234375 0.253125 0.4984375 0.253125 0.4984375 0.3609375 0.6234375 0.3609375 0.6234375 0.253125
0 0.725 0.6234375 0.0140625 0.6234375 0.0140625 1.0 0.725 1.0 0.725 0.6234375
0 0.075 0.6578125 0.0015625 0.6578125 0.0015625 0.8046875 0.075 0.8046875 0.075 0.6578125
0 0.121875 0.14375 0.0015625 0.14375 0.0015625 0.2640625 0.121875 0.2640625 0.121875 0.14375
0 0.275 0.0015625 0.234375 0.0015625 0.234375 0.021875 0.275 0.021875 0.275 0.0015625
0 1.0 0.0015625 0.5921875 0.0015625 0.5921875 1.0 1.0 1.0 1.0 0.0015625
0 0.509375 0.4296875 0.440625 0.4296875 0.440625 0.55 0.509375 0.55 0.509375 0.4296875
0 0.4984375 0.2046875 0.3984375 0.2046875 0.3984375 0.390625 0.4984375 0.390625 0.4984375 0.2046875
0 0.4984375 0.0015625 0.3625 0.0015625 0.3625 0.0921875 0.4984375 0.0921875 0.4984375 0.0015625
