0 0.8453125 0.9296875 0.6515625 0.9296875 0.6515625 1.0 0.8453125 1.0 0.8453125 0.9296875
0 0.203125 0.6609375 0.0015625 0.6609375 0.0015625 1.0 0.203125 1.0 0.203125 0.6609375
0 0.05 0.5109375 0.0015625 0.5109375 0.0015625 0.603125 0.05 0.603125 0.05 0.5109375
0 0.490625 0.8109375 0.271875 0.8109375 0.271875 1.0 0.490625 1.0 0.490625 0.8109375
0 0.8765625 0.7359375 0.6578125 0.7359375 0.6578125 0.9640625 0.8765625 0.9640625 0.8765625 0.7359375
0 0.553125 0.7796875 0.4765625 0.7796875 0.4765625 0.990625 0.553125 0.990625 0.553125 0.7796875
0 0.346875 0.0015625 0.1953125 0.0015625 0.1953125 0.0671875 0.346875 0.0671875 0.346875 0.0015625
0 0.8515625 0.0015625 0.70625 0.0015625 0.70625 0.103125 0.8515625 0.103125 0.8515625 0.0015625
0 1.0 0.478125 0.9078125 0.478125 0.9078125 0.603125 1.0 0.603125 1.0 0.478125
0 0.69375 0.853125 0.6171875 0.853125 0.6171875 1.0 0.69375 1.0 0.69375 0.853125
0 0.5515625 0.5375 0.040625 0.5375 0.040625 1.0 0.5515625 1.0 0.5515625 0.5375
0 0.025 0.909375 0.0015625 0.909375 0.0015625 0.9890625 0.025 0.9890625 0.025 0.909375
0 0.0890625 0.6515625 0.0015625 0.6515625 0.0015625 0.740625 0.0890625 0.740625 0.0890625 0.6515625
0 0.4328125 0.48125 0.05625 0.48125 0.05625 0.734375 0.4328125 0.734375 0.4328125 0.48125
0 0.1203125 0.371875 0.0015625 0.371875 0.0015625 0.525 0.1203125 0.525 0.1203125 0.371875
0 0.3140625 0.0015625 0.0015625 0.0015625 0.0015625 0.4125 0.3140625 0.4125 0.3140625 0.0015625
0 0.453125 0.0015625 0.4015625 0.0015625 0.4015625 0.0234375 0.453125 0.0234375 0.453125 0.0015625
0 1.0 0.0015625 0.5578125 0.0015625 0.5578125 1.0 1.0 1.0 1.0 0.0015625
0 0.79375 0.8734375 0.6765625 0.8734375 0.6765625 1.0 0.79375 1.0 0.79375 0.8734375
0 0.825 0.74375 0.734375 0.74375 0.734375 0.8390625 0.825 0.8390625 0.825 0.74375
0 0.6765625 0.5453125 0.54375 0.5453125 0.54375 0.64375 0.6765625 0.64375 0.6765625 0.5453125
0 0.4390625 0.34375 0.328125 0.34375 0.328125 0.4859375 0.4390625 0.4859375 0.4390625 0.34375
0 0.7859375 0.0015625 0.6703125 0.0015625 0.6703125 0.0328125 0.7859375 0.0328125 0.7859375 0.0015625
0 0.5515625 0.0015625 0.5 0.0015625 0.5 0.046875 0.5515625 0.046875 0.5515625 0.0015625
0 1.0 0.596875 0.9609375 0.596875 0.9609375 0.6640625 1.0 0.6640625 1.0 0.596875
0 1.0 0.0953125 0.9625 0.0953125 0.9625 0.209375 1.0 0.209375 1.0 0.0953125
0 1.0 0.2484375 0.753125 0.2484375 0.753125 1.0 1.0 1.0 1.0 0.2484375
0 1.0 0.003125 0.9 0.003125 0.9 0.4875 1.0 0.4875 1.0 0.003125
0 0.79375 0.0015625 0.0015625 0.0015625 0.0015625 1.0 0.79375 1.0 0.79375 0.0015625
0 0.3546875 0.978125 0.325 0.978125 0.325 1.0 0.3546875 1.0 0.3546875 0.978125
0 0.428125 0.615625 0.109375 0.615625 0.109375 1.0 0.428125 1.0 0.428125 0.615625
0 0.359375 0.8109375 0.2171875 0.8109375 0.2171875 0.9390625 0.359375 0.9390625 0.359375 0.8109375
0 0.215625 0.0015625 0.1390625 0.0015625 0.1390625 0.0546875 0.215625 0.0546875 0.215625 0.0015625
0 0.878125 0.0375 0.7796875 0.0375 0.7796875 0.1796875 0.878125 0.1796875 0.878125 0.0375
