0 0.109375 0.3140625 0.0015625 0.3140625 0.0015625 0.5359375 0.109375 0.5359375 0.109375 0.3140625
0 0.146875 0.0015625 0.059375 0.0015625 0.059375 0.1984375 0.146875 0.1984375 0.146875 0.0015625
0 0.8375 0.2203125 0.740625 0.2203125 0.740625 0.3578125 0.8375 0.3578125 0.8375 0.2203125
0 0.8296875 0.7453125 0.6921875 0.7453125 0.6921875 0.9734375 0.8296875 0.9734375 0.8296875 0.7453125
0 1.0 0.146875 0.9046875 0.146875 0.9046875 0.28125 1.0 0.28125 1.0 0.146875
0 0.9984375 0.0015625 0.8765625 0.0015625 0.8765625 0.05 0.9984375 0.05 0.9984375 0.0015625
0 0.896875 0.21875 0.8140625 0.21875 0.8140625 0.4328125 0.896875 0.4328125 0.896875 0.21875
0 0.9125 0.8328125 0.8375 0.8328125 0.8375 0.9640625 0.9125 0.9640625 0.9125 0.8328125
0 1.0 0.7609375 0.9171875 0.7609375 0.9171875 0.9296875 1.0 0.9296875 1.0 0.7609375
0 0.515625 0.578125 0.3625 0.578125 0.3625 0.871875 0.515625 0.871875 0.515625 0.578125
0 0.975 0.178125 0.7 0.178125 0.7 0.6015625 0.975 0.6015625 0.975 0.178125
0 0.1375 0.9359375 0.075 0.9359375 0.075 1.0 0.1375 1.0 0.1375 0.9359375
0 0.1515625 0.1796875 0.00625 0.1796875 0.00625 0.26875 0.1515625 0.26875 0.1515625 0.1796875
0 0.2359375 0.334375 0.0015625 0.334375 0.0015625 0.4453125 0.2359375 0.4453125 0.2359375 0.334375
0 0.678125 0.875 0.5171875 0.875 0.5171875 1.0 0.678125 1.0 0.678125 0.875
0 0.484375 0.8046875 0.2734375 0.8046875 0.2734375 1.0 0.484375 1.0 0.484375 0.8046875
0 0.678125 0.3609375 0.55625 0.3609375 0.55625 0.4625 0.678125 0.4625 0.678125 0.3609375
0 0.85625 0.0015625 0.809375 0.0015625 0.809375 0.040625 0.85625 0.040625 0.85625 0.0015625
0 1.0 0.2234375 0.4203125 0.2234375 0.4203125 0.990625 1.0 0.990625 1.0 0.2234375
0 0.7125 0.359375 0.4640625 0.359375 0.4640625 0.584375 0.7125 0.584375 0.7125 0.359375
0 0.2015625 0.4296875 0.0546875 0.4296875 0.0546875 0.5375 0.2015625 0.5375 0.2015625 0.4296875
0 0.809375 0.0015625 0.2640625 0.0015625 0.2640625 0.4875 0.809375 0.4875 0.809375 0.0015625
0 0.2453125 0.0015625 0.0125 0.0015625 0.0125 0.3328125 0.2453125 0.3328125 0.2453125 0.0015625
0 1.0 0.93125 0.95 0.93125 0.95 1.0 1.0 1.0 1.0 0.93125
0 0.821875 0.8953125 0.7203125 0.8953125 0.7203125 1.0 0.821875 1.0 0.821875 0.8953125
0 0.9171875 0.065625 0.7859375 0.065625 0.7859375 0.246875 0.9171875 0.246875 0.9171875 0.065625
0 0.09375 0.9296875 0.0015625 0.9296875 0.0015625 1.0 0.09375 1.0 0.09375 0.9296875
0 0.171875 0.9359375 0.0953125 0.9359375 0.0953125 1.0 0.171875 1.0 0.171875 0.9359375
0 0.1125 0.64375 0.0015625 0.64375 0.0015625 0.91875 0.1125 0.91875 0.1125 0.64375
0 0.209375 0.303125 0.0015625 0.303125 0.0015625 0.915625 0.209375 0.915625 0.209375 0.303125
0 0.2203125 0.50625 0.0828125 0.50625 0.0828125 0.6375 0.2203125 0.6375 0.2203125 0.50625
0 0.4671875 0.0015625 0.1515625 0.0015625 0.1515625 0.8390625 0.4671875 0.8390625 0.4671875 0.0015625
0 0.0171875 0.140625 0.0015625 0.140625 0.0015625 0.23125 0.0171875 0.23125 0.0171875 0.140625
0 0.54375 0.865625 0.3140625 0.865625 0.3140625 1.0 0.54375 1.0 0.54375 0.865625
0 0.6234375 0.9546875 0.55 0.9546875 0.55 1.0 0.6234375 1.0 0.6234375 0.9546875
0 1.0 0.6921875 0.8078125 0.6921875 0.8078125 1.0 1.0 1.0 1.0 0.6921875
0 0.775 0.5671875 0.55 0.5671875 0.55 0.85625 0.775 0.85625 0.775 0.5671875
0 0.7 0.1421875 0.3984375 0.1421875 0.3984375 0.459375 0.7 0.459375 0.7 0.1421875
0 0.7328125 0.3078125 0.5828125 0.3078125 0.5828125 0.4609375 0.7328125 0.4609375 0.7328125 0.3078125
0 0.9046875 0.0375 0.7125 0.0375 0.7125 0.275 0.9046875 0.275 0.9046875 0.0375
0 0.7578125 0.0015625 0.675 0.0015625 0.675 0.1046875 0.7578125 0.1046875 0.7578125 0.0015625
0 0.5015625 0.0015625 0.4578125 0.0015625 0.4578125 0.0515625 0.5015625 0.0515625 0.5015625 0.0015625
0 1.0 0.1375 0.99375 0.1375 0.99375 0.1640625 1.0 0.1640625 1.0 0.1375
0 0.4796875 0.90625 0.365625 0.90625 0.365625 1.0 0.4796875 1.0 0.4796875 0.90625
0 0.2953125 0.5625 0.1875 0.5625 0.1875 0.925 0.2953125 0.925 0.2953125 0.5625
0 0.9546875 0.8125 0.684375 0.8125 0.684375 1.0 0.9546875 1.0 0.9546875 0.8125
0 1.0 0.7578125 0.953125 0.7578125 0.953125 0.790625 1.0 0.790625 1.0 0.7578125
0 0.3671875 0.6171875 0.15 0.6171875 0.15 1.0 0.3671875 1.0 0.3671875 0.6171875
0 0.2015625 0.3671875 0.0015625 0.3671875 0.0015625 0.4921875 0.2015625 0.4921875 0.2015625 0.3671875
0 0.1546875 0.2328125 0.0015625 0.2328125 0.0015625 0.315625 0.1546875 0.315625 0.1546875 0.2328125
0 0.10625 0.0015625 0.0015625 0.0015625 0.0015625 0.2234375 0.10625 0.2234375 0.10625 0.0015625
0 0.2328125 0.0015625 0.1765625 0.0015625 0.1765625 0.1734375 0.2328125 0.1734375 0.2328125 0.0015625
0 0.1703125 0.0015625 0.0984375 0.0015625 0.0984375 0.1921875 0.1703125 0.1921875 0.1703125 0.0015625
0 0.5859375 0.4703125 0.36875 0.4703125 0.36875 0.7296875 0.5859375 0.7296875 0.5859375 0.4703125
0 0.83125 0.003125 0.66875 0.003125 0.66875 0.159375 0.83125 0.159375 0.83125 0.003125
0 0.4640625 0.0015625 0.384375 0.0015625 0.384375 0.0796875 0.4640625 0.0796875 0.4640625 0.0015625
0 1.0 0.6546875 0.9921875 0.6546875 0.9921875 0.69375 1.0 0.69375 1.0 0.6546875
0 0.9921875 0.0015625 0.834375 0.0015625 0.834375 0.0671875 0.9921875 0.0671875 0.9921875 0.0015625
0 1.0 0.0015625 0.9875 0.0015625 0.9875 0.0390625 1.0 0.0390625 1.0 0.0015625
0 0.34375 0.309375 0.165625 0.309375 0.165625 0.6640625 0.34375 0.6640625 0.34375 0.309375
0 0.6765625 0.853125 0.515625 0.853125 0.515625 0.975 0.6765625 0.975 0.6765625 0.853125
0 1.0 0.734375 0.89375 0.734375 0.89375 0.78125 1.0 0.78125 1.0 0.734375
