0 0.034375 0.9296875 0.0015625 0.9296875 0.0015625 0.9828125 0.034375 0.9828125 0.034375 0.9296875
0 0.109375 0.4734375 0.0015625 0.4734375 0.0015625 0.65625 0.109375 0.65625 0.109375 0.4734375
0 0.2078125 0.409375 0.1265625 0.409375 0.1265625 0.565625 0.2078125 0.565625 0.2078125 0.409375
0 0.3796875 0.278125 0.2140625 0.278125 0.2140625 0.425 0.3796875 0.425 0.3796875 0.278125
0 0.1578125 0.3265625 0.0453125 0.3265625 0.0453125 0.403125 0.1578125 0.403125 0.1578125 0.3265625
0 0.0890625 0.2 0.0015625 0.2 0.0015625 0.2953125 0.0890625 0.2953125 0.0890625 0.2
0 0.1703125 0.9890625 0.15 0.9890625 0.15 1.0 0.1703125 1.0 0.1703125 0.9890625
0 0.278125 0.85625 0.2015625 0.85625 0.2015625 1.0 0.278125 1.0 0.278125 0.85625
0 0.1734375 0.6203125 0.0578125 0.6203125 0.0578125 0.7859375 0.1734375 0.7859375 0.1734375 0.6203125
0 0.3078125 0.4890625 0.1953125 0.4890625 0.1953125 0.584375 0.3078125 0.584375 0.3078125 0.4890625
0 0.559375 0.934375 0.4703125 0.934375 0.4703125 1.0 0.559375 1.0 0.559375 0.934375
0 0.875 0.9 0.8140625 0.9 0.8140625 1.0 0.875 1.0 0.875 0.9
0 0.9046875 0.740625 0.7953125 0.740625 0.7953125 0.896875 0.9046875 0.896875 0.9046875 0.740625
0 1.0 0.2015625 0.9703125 0.2015625 0.9703125 0.34375 1.0 0.34375 1.0 0.2015625
0 0.6796875 0.0015625 0.625 0.0015625 0.625 0.0859375 0.6796875 0.0859375 0.6796875 0.0015625
0 0.9453125 0.978125 0.871875 0.978125 0.871875 1.0 0.9453125 1.0 0.9453125 0.978125
0 0.5953125 0.7890625 0.515625 0.7890625 0.515625 0.896875 0.5953125 0.896875 0.5953125 0.7890625
0 0.3609375 0.7625 0.23125 0.7625 0.23125 0.909375 0.3609375 0.909375 0.3609375 0.7625
0 0.0203125 0.6484375 0.0015625 0.6484375 0.0015625 0.690625 0.0203125 0.690625 0.0203125 0.6484375
0 0.0109375 0.9828125 0.0015625 0.9828125 0.0015625 1.0 0.0109375 1.0 0.0109375 0.9828125
0 0.965625 0.240625 0.8078125 0.240625 0.8078125 0.3921875 0.965625 0.3921875 0.965625 0.240625
0 0.0953125 0.2484375 0.0015625 0.2484375 0.0015625 0.340625 0.0953125 0.340625 0.0953125 0.2484375
0 0.4765625 0.9421875 0.3890625 0.9421875 0.3890625 1.0 0.4765625 1.0 0.4765625 0.9421875
0 0.209375 0.8609375 0.15 0.8609375 0.15 1.0 0.209375 1.0 0.209375 0.8609375
0 0.209375 0.659375 0.1078125 0.659375 0.1078125 0.8046875 0.209375 0.8046875 0.209375 0.659375
0 0.996875 0.0796875 0.359375 0.0796875 0.359375 0.4984375 0.996875 0.4984375 0.996875 0.0796875
0 0.653125 0.0359375 0.55625 0.0359375 0.55625 0.209375 0.653125 0.209375 0.653125 0.0359375
0 0.45625 0.734375 0.3875 0.734375 0.3875 0.8640625 0.45625 0.8640625 0.45625 0.734375
0 0.8015625 0.2265625 0.6265625 0.2265625 0.6265625 0.3765625 0.8015625 0.3765625 0.8015625 0.2265625
0 1.0 0.1484375 0.815625 0.1484375 0.815625 0.2453125 1.0 0.2453125 1.0 0.1484375
0 0.1296875 0.825 0.0015625 0.825 0.0015625 0.8953125 0.1296875 0.8953125 0.1296875 0.825
0 0.159375 0.2578125 0.0015625 0.2578125 0.0015625 0.39375 0.159375 0.39375 0.159375 0.2578125
0 0.49375 0.6484375 0.35625 0.6484375 0.35625 0.7421875 0.49375 0.7421875 0.49375 0.6484375
0 1.0 0.290625 0.0015625 0.290625 0.0015625 1.0 1.0 1.0 1.0 0.290625
0 0.1109375 0.0015625 0.0015625 0.0015625 0.0015625 0.2109375 0.1109375 0.2109375 0.1109375 0.0015625
0 0.7640625 0.0015625 0.5765625 0.0015625 0.5765625 0.1953125 0.7640625 0.1953125 0.7640625 0.0015625
0 0.59375 0.028125 0.459375 0.028125 0.459375 0.215625 0.59375 0.215625 0.59375 0.028125
0 0.49375 0.23125 0.2515625 0.23125 0.2515625 0.425 0.49375 0.425 0.49375 0.23125
0 0.34375 0.225 0.0015625 0.225 0.0015625 0.6109375 0.34375 0.6109375 0.34375 0.225
0 0.0890625 0.875 0.0015625 0.875 0.0015625 1.0 0.0890625 1.0 0.0890625 0.875
0 0.0171875 0.6890625 0.0015625 0.6890625 0.0015625 0.7375 0.0171875 0.7375 0.0171875 0.6890625
0 0.7953125 0.1703125 0.6 0.1703125 0.6 0.290625 0.7953125 0.290625 0.7953125 0.1703125
0 0.5828125 0.0015625 0.55 0.0015625 0.55 0.0078125 0.5828125 0.0078125 0.5828125 0.0015625
