0 0.9953125 0.74375 0.8421875 0.74375 0.8421875 0.853125 0.9953125 0.853125 0.9953125 0.74375
0 0.7359375 0.6265625 0.640625 0.6265625 0.640625 0.7625 0.7359375 0.7625 0.7359375 0.6265625
0 0.440625 0.5640625 0.3484375 0.5640625 0.3484375 0.71875 0.440625 0.71875 0.440625 0.5640625
0 0.3640625 0.9828125 0.31875 0.9828125 0.31875 1.0 0.3640625 1.0 0.3640625 0.9828125
0 1.0 0.1875 0.8609375 0.1875 0.8609375 0.2875 1.0 0.2875 1.0 0.1875
0 0.79375 0.8546875 0.625 0.8546875 0.625 1.0 0.79375 1.0 0.79375 0.8546875
0 0.1703125 0.83125 0.0609375 0.83125 0.0609375 0.9625 0.1703125 0.9625 0.1703125 0.83125
0 0.6 0.8953125 0.4671875 0.8953125 0.4671875 1.0 0.6 1.0 0.6 0.8953125
0 0.7296875 0.884375 0.5359375 0.884375 0.5359375 0.9921875 0.7296875 0.9921875 0.7296875 0.884375
0 1.0 0.30625 0.94375 0.30625 0.94375 0.3375 1.0 0.3375 1.0 0.30625
0 0.6859375 0.1546875 0.5 0.1546875 0.5 0.3921875 0.6859375 0.3921875 0.6859375 0.1546875
0 0.9453125 0.4734375 0.84375 0.4734375 0.84375 0.625 0.9453125 0.625 0.9453125 0.4734375
0 0.2265625 0.621875 0.0015625 0.621875 0.0015625 1.0 0.2265625 1.0 0.2265625 0.621875
0 0.6359375 0.925 0.5453125 0.925 0.5453125 1.0 0.6359375 1.0 0.6359375 0.925
0 1.0 0.0015625 0.2453125 0.0015625 0.2453125 0.921875 1.0 0.921875 1.0 0.0015625
0 0.6359375 0.0828125 0.4734375 0.0828125 0.4734375 0.2640625 0.6359375 0.2640625 0.6359375 0.0828125
