0 0.0953125 0.6234375 0.0015625 0.6234375 0.0015625 0.7734375 0.0953125 0.7734375 0.0953125 0.6234375
0 0.3828125 0.85625 0.3234375 0.85625 0.3234375 1.0 0.3828125 1.0 0.3828125 0.85625
0 0.6390625 0.74375 0.496875 0.74375 0.496875 0.8953125 0.6390625 0.8953125 0.6390625 0.74375
0 0.4109375 0.6859375 0.353125 0.6859375 0.353125 0.8484375 0.4109375 0.8484375 0.4109375 0.6859375
0 0.925 0.56875 0.7921875 0.56875 0.7921875 0.675 0.925 0.675 0.925 0.56875
0 0.9671875 0.3125 0.8671875 0.3125 0.8671875 0.5015625 0.9671875 0.5015625 0.9671875 0.3125
0 0.06875 0.1453125 0.0078125 0.1453125 0.0078125 0.2984375 0.06875 0.2984375 0.06875 0.1453125
0 0.8453125 0.0828125 0.75625 0.0828125 0.75625 0.209375 0.8453125 0.209375 0.8453125 0.0828125
0 0.1828125 0.503125 0.0015625 0.503125 0.0015625 0.5953125 0.1828125 0.5953125 0.1828125 0.503125
0 0.2921875 0.546875 0.175 0.546875 0.175 0.63125 0.2921875 0.63125 0.2921875 0.546875
0 0.6171875 0.1203125 0.49375 0.1203125 0.49375 0.215625 0.6171875 0.215625 0.6171875 0.1203125
0 1.0 0.0015625 0.9734375 0.0015625 0.9734375 0.0515625 1.0 0.0515625 1.0 0.0015625
0 0.225 0.8171875 0.04375 0.8171875 0.04375 1.0 0.225 1.0 0.225 0.8171875
0 0.1515625 0.0015625 0.0765625 0.0015625 0.0765625 0.10625 0.1515625 0.10625 0.1515625 0.0015625
0 0.3921875 0.9859375 0.3515625 0.9859375 0.3515625 1.0 0.3921875 1.0 0.3921875 0.9859375
0 1.0 0.990625 0.996875 0.990625 0.996875 1.0 1.0 1.0 1.0 0.990625
0 0.696875 0.8734375 0.4359375 0.8734375 0.4359375 1.0 0.696875 1.0 0.696875 0.8734375
0 0.89375 0.8546875 0.765625 0.8546875 0.765625 1.0 0.89375 1.0 0.89375 0.8546875
0 0.4078125 0.765625 0.3203125 0.765625 0.3203125 0.9375 0.4078125 0.9375 0.4078125 0.765625
0 0.8609375 0.45625 0.7421875 0.45625 0.7421875 0.834375 0.8609375 0.834375 0.8609375 0.45625
0 1.0 0.484375 0.925 0.484375 0.925 0.603125 1.0 0.603125 1.0 0.484375
0 0.921875 0.20625 0.6859375 0.20625 0.6859375 0.4546875 0.921875 0.4546875 0.921875 0.20625
0 0.3625 0.225 0.29375 0.225 0.29375 0.43125 0.3625 0.43125 0.3625 0.225
0 0.4328125 0.0015625 0.3625 0.0015625 0.3625 0.084375 0.4328125 0.084375 0.4328125 0.0015625
0 0.909375 0.0015625 0.803125 0.0015625 0.803125 0.053125 0.909375 0.053125 0.909375 0.0015625
0 0.178125 0.984375 0.159375 0.984375 0.159375 1.0 0.178125 1.0 0.178125 0.984375
0 0.5171875 0.9921875 0.503125 0.9921875 0.503125 1.0 0.5171875 1.0 0.5171875 0.9921875
0 0.0578125 0.9671875 0.00625 0.9671875 0.00625 1.0 0.0578125 1.0 0.0578125 0.9671875
0 0.5 0.6734375 0.409375 0.6734375 0.409375 0.884375 0.5 0.884375 0.5 0.6734375
0 0.7375 0.65625 0.4484375 0.65625 0.4484375 0.8265625 0.7375 0.8265625 0.7375 0.65625
0 0.39375 0.5390625 0.3015625 0.5390625 0.3015625 0.6609375 0.39375 0.6609375 0.39375 0.5390625
0 0.925 0.45625 0.7953125 0.45625 0.7953125 0.6609375 0.925 0.6609375 0.925 0.45625
0 0.703125 0.2625 0.5703125 0.2625 0.5703125 0.6609375 0.703125 0.6609375 0.703125 0.2625
0 0.934375 0.315625 0.8015625 0.315625 0.8015625 0.5625 0.934375 0.5625 0.934375 0.315625
0 0.440625 0.14375 0.3609375 0.14375 0.3609375 0.36875 0.440625 0.36875 0.440625 0.14375
0 0.2046875 0.1921875 0.059375 0.1921875 0.059375 0.3609375 0.2046875 0.3609375 0.2046875 0.1921875
0 0.0078125 0.253125 0.0015625 0.253125 0.0015625 0.2796875 0.0078125 0.2796875 0.0078125 0.253125
0 0.2078125 0.4328125 0.0015625 0.4328125 0.0015625 0.709375 0.2078125 0.709375 0.2078125 0.4328125
0 0.6671875 0.0671875 0.5484375 0.0671875 0.5484375 0.2796875 0.6671875 0.2796875 0.6671875 0.0671875
0 0.0828125 0.0015625 0.0015625 0.0015625 0.0015625 0.1359375 0.0828125 0.1359375 0.0828125 0.0015625
0 0.4453125 0.4109375 0.0015625 0.4109375 0.0015625 1.0 0.4453125 1.0 0.4453125 0.4109375
0 0.446875 0.0015625 0.0015625 0.0015625 0.0015625 0.5359375 0.446875 0.5359375 0.446875 0.0015625
0 0.540625 0.875 0.36875 0.875 0.36875 1.0 0.540625 1.0 0.540625 0.875
0 1.0 0.0015625 0.4171875 0.0015625 0.4171875 0.6578125 1.0 0.6578125 1.0 0.0015625
0 0.21875 0.58125 0.034375 0.58125 0.034375 0.640625 0.21875 0.640625 0.21875 0.58125
0 1.0 0.7125 0.8578125 0.7125 0.8578125 1.0 1.0 1.0 1.0 0.7125
0 0.8859375 0.4953125 0.6671875 0.4953125 0.6671875 1.0 0.8859375 1.0 0.8859375 0.4953125
0 0.7015625 0.7640625 0.5203125 0.7640625 0.5203125 0.9796875 0.7015625 0.9796875 0.7015625 0.7640625
0 0.628125 0.7328125 0.421875 0.7328125 0.421875 0.8765625 0.628125 0.8765625 0.628125 0.7328125
0 1.0 0.4 0.9625 0.4 0.9625 0.509375 1.0 0.509375 1.0 0.4
