0 0.5234375 0.95625 0.478125 0.95625 0.478125 1.0 0.5234375 1.0 0.5234375 0.95625
0 0.840625 0.8640625 0.69375 0.8640625 0.69375 1.0 0.840625 1.0 0.840625 0.8640625
0 0.496875 0.9796875 0.4015625 0.9796875 0.4015625 1.0 0.496875 1.0 0.496875 0.9796875
0 0.5484375 0.7828125 0.378125 0.7828125 0.378125 0.8984375 0.5484375 0.8984375 0.5484375 0.7828125
0 0.4796875 0.8078125 0.2640625 0.8078125 0.2640625 0.9796875 0.4796875 0.9796875 0.4796875 0.8078125
0 1.0 0.9859375 1.0 0.9859375 1.0 0.9875 1.0 0.9875 1.0 0.9859375
0 0.3 0.6390625 0.165625 0.6390625 0.165625 0.9140625 0.3 0.9140625 0.3 0.6390625
0 0.225 0.38125 0.0875 0.38125 0.0875 0.5328125 0.225 0.5328125 0.225 0.38125
0 0.0640625 0.16875 0.0015625 0.16875 0.0015625 0.31875 0.0640625 0.31875 0.0640625 0.16875
0 0.4421875 0.940625 0.2609375 0.940625 0.2609375 1.0 0.4421875 1.0 0.4421875 0.940625
0 0.503125 0.8484375 0.378125 0.8484375 0.378125 0.9140625 0.503125 0.9140625 0.503125 0.8484375
0 0.6 0.815625 0.5 0.815625 0.5 0.96875 0.6 0.96875 0.6 0.815625
0 0.80625 0.69375 0.665625 0.69375 0.665625 0.8140625 0.80625 0.8140625 0.80625 0.69375
0 0.1078125 0.6828125 0.015625 0.6828125 0.015625 0.7890625 0.1078125 0.7890625 0.1078125 0.6828125
0 0.2296875 0.578125 0.109375 0.578125 0.109375 0.6734375 0.2296875 0.6734375 0.2296875 0.578125
0 0.23125 0.128125 0.0015625 0.128125 0.0015625 0.5703125 0.23125 0.5703125 0.23125 0.128125
0 0.65625 0.9015625 0.4546875 0.9015625 0.4546875 1.0 0.65625 1.0 0.65625 0.9015625
0 0.7390625 0.65625 0.5921875 0.65625 0.5921875 0.775 0.7390625 0.775 0.7390625 0.65625
0 1.0 0.86875 0.965625 0.86875 0.965625 0.9078125 1.0 0.9078125 1.0 0.86875
0 1.0 0.0203125 0.0015625 0.0203125 0.0015625 1.0 1.0 1.0 1.0 0.0203125
0 0.1203125 0.2609375 0.0015625 0.2609375 0.0015625 0.4078125 0.1203125 0.4078125 0.1203125 0.2609375
