0 0.025 0.4296875 0.0015625 0.4296875 0.0015625 0.459375 0.025 0.459375 0.025 0.4296875
0 0.7859375 0.59375 0.6453125 0.59375 0.6453125 0.8921875 0.7859375 0.8921875 0.7859375 0.59375
0 0.63125 0.4453125 0.496875 0.4453125 0.496875 0.75625 0.63125 0.75625 0.63125 0.4453125
0 0.46875 0.3328125 0.321875 0.3328125 0.321875 0.4703125 0.46875 0.4703125 0.46875 0.3328125
0 0.81875 0.290625 0.63125 0.290625 0.63125 0.3875 0.81875 0.3875 0.81875 0.290625
0 0.0921875 0.55625 0.0015625 0.55625 0.0015625 0.778125 0.0921875 0.778125 0.0921875 0.55625
0 0.0921875 0.353125 0.0015625 0.353125 0.0015625 0.5546875 0.0921875 0.5546875 0.0921875 0.353125
0 0.5359375 0.1328125 0.4375 0.1328125 0.4375 0.303125 0.5359375 0.303125 0.5359375 0.1328125
0 0.090625 0.0015625 0.0015625 0.0015625 0.0015625 0.0984375 0.090625 0.0984375 0.090625 0.0015625
0 0.9484375 0.646875 0.8578125 0.646875 0.8578125 0.7578125 0.9484375 0.7578125 0.9484375 0.646875
0 0.728125 0.58125 0.6671875 0.58125 0.6671875 0.7671875 0.728125 0.7671875 0.728125 0.58125
0 0.409375 0.5125 0.3546875 0.5125 0.3546875 0.7578125 0.409375 0.7578125 0.409375 0.5125
0 0.5125 0.4203125 0.453125 0.4203125 0.453125 0.6671875 0.5125 0.6671875 0.5125 0.4203125
0 1.0 0.378125 0.85625 0.378125 0.85625 0.590625 1.0 0.590625 1.0 0.378125
0 0.6875 0.271875 0.621875 0.271875 0.621875 0.4609375 0.6875 0.4609375 0.6875 0.271875
0 0.078125 0.2984375 0.0015625 0.2984375 0.0015625 0.421875 0.078125 0.421875 0.078125 0.2984375
0 0.2375 0.0015625 0.0015625 0.0015625 0.0015625 0.2875 0.2375 0.2875 0.2375 0.0015625
0 0.4296875 0.0015625 0.1734375 0.0015625 0.1734375 0.265625 0.4296875 0.265625 0.4296875 0.0015625
0 0.5703125 0.0015625 0.0015625 0.0015625 0.0015625 0.1875 0.5703125 0.1875 0.5703125 0.0015625
0 1.0 0.2734375 0.896875 0.2734375 0.896875 0.3640625 1.0 0.3640625 1.0 0.2734375
0 0.5390625 0.15625 0.421875 0.15625 0.421875 0.3234375 0.5390625 0.3234375 0.5390625 0.15625
0 1.0 0.0359375 0.9890625 0.0359375 0.9890625 0.075 1.0 0.075 1.0 0.0359375
0 0.734375 0.0015625 0.6171875 0.0015625 0.6171875 0.0921875 0.734375 0.0921875 0.734375 0.0015625
0 0.6046875 0.0015625 0.5203125 0.0015625 0.5203125 0.0546875 0.6046875 0.0546875 0.6046875 0.0015625
0 0.4125 0.3828125 0.34375 0.3828125 0.34375 0.571875 0.4125 0.571875 0.4125 0.3828125
0 1.0 0.0015625 0.0015625 0.0015625 0.0015625 1.0 1.0 1.0 1.0 0.0015625
0 1.0 0.9265625 0.975 0.9265625 0.975 1.0 1.0 1.0 1.0 0.9265625
0 0.175 0.8671875 0.0890625 0.8671875 0.0890625 1.0 0.175 1.0 0.175 0.8671875
