0 0.4046875 0.6953125 0.253125 0.6953125 0.253125 0.8265625 0.4046875 0.8265625 0.4046875 0.6953125
0 0.4375 0.28125 0.34375 0.28125 0.34375 0.4359375 0.4375 0.4359375 0.4375 0.28125
0 0.54375 0.028125 0.41875 0.028125 0.41875 0.2046875 0.54375 0.2046875 0.54375 0.028125
0 0.2140625 0.0015625 0.0828125 0.0015625 0.0828125 0.059375 0.2140625 0.059375 0.2140625 0.0015625
0 0.9515625 0.0015625 0.8671875 0.0015625 0.8671875 0.084375 0.9515625 0.084375 0.9515625 0.0015625
0 0.7859375 0.709375 0.5890625 0.709375 0.5890625 0.871875 0.7859375 0.871875 0.7859375 0.709375
0 1.0 0.496875 0.940625 0.496875 0.940625 0.55625 1.0 0.55625 1.0 0.496875
0 0.3765625 0.65 0.1859375 0.65 0.1859375 0.7359375 0.3765625 0.7359375 0.3765625 0.65
0 0.8125 0.5484375 0.721875 0.5484375 0.721875 0.696875 0.8125 0.696875 0.8125 0.5484375
0 1.0 0.321875 0.9703125 0.321875 0.9703125 0.4140625 1.0 0.4140625 1.0 0.321875
0 0.1140625 0.8640625 0.0328125 0.8640625 0.0328125 1.0 0.1140625 1.0 0.1140625 0.8640625
0 0.5484375 0.5203125 0.4140625 0.5203125 0.4140625 0.7296875 0.5484375 0.7296875 0.5484375 0.5203125
0 0.384375 0.30625 0.19375 0.30625 0.19375 0.4109375 0.384375 0.4109375 0.384375 0.30625
0 0.6296875 0.1828125 0.50625 0.1828125 0.50625 0.2765625 0.6296875 0.2765625 0.6296875 0.1828125
0 0.6765625 0.053125 0.5765625 0.053125 0.5765625 0.178125 0.6765625 0.178125 0.6765625 0.053125
0 0.765625 0.609375 0.6625 0.609375 0.6625 0.8359375 0.765625 0.8359375 0.765625 0.609375
0 1.0 0.6328125 0.9609375 0.6328125 0.9609375 0.7125 1.0 0.7125 1.0 0.6328125
0 0.99375 0.353125 0.7578125 0.353125 0.7578125 0.4859375 0.99375 0.4859375 0.99375 0.353125
0 0.7984375 0.0015625 0.75 0.0015625 0.75 0.065625 0.7984375 0.065625 0.7984375 0.0015625
0 0.1359375 0.2578125 0.0015625 0.2578125 0.0015625 0.6234375 0.1359375 0.6234375 0.1359375 0.2578125
0 0.2140625 0.640625 0.0375 0.640625 0.0375 0.9453125 0.2140625 0.9453125 0.2140625 0.640625
0 0.065625 0.215625 0.0015625 0.215625 0.0015625 0.284375 0.065625 0.284375 0.065625 0.215625
0 0.203125 0.8828125 0.078125 0.8828125 0.078125 1.0 0.203125 1.0 0.203125 0.8828125
0 0.6953125 0.6421875 0.5078125 0.6421875 0.5078125 0.778125 0.6953125 0.778125 0.6953125 0.6421875
0 0.8625 0.321875 0.546875 0.321875 0.546875 0.7125 0.8625 0.7125 0.8625 0.321875
0 0.6640625 0.0015625 0.559375 0.0015625 0.559375 0.16875 0.6640625 0.16875 0.6640625 0.0015625
0 0.7546875 0.0015625 0.6609375 0.0015625 0.6609375 0.0078125 0.7546875 0.0078125 0.7546875 0.0015625
0 1.0 0.0671875 0.7859375 0.0671875 0.7859375 0.7921875 1.0 0.7921875 1.0 0.0671875
0 1.0 0.553125 0.8375 0.553125 0.8375 0.753125 1.0 0.753125 1.0 0.553125
0 0.83125 0.0015625 0.75625 0.0015625 0.75625 0.075 0.83125 0.075 0.83125 0.0015625
0 0.81875 0.2359375 0.6046875 0.2359375 0.6046875 0.4109375 0.81875 0.4109375 0.81875 0.2359375
0 0.946875 0.01875 0.8328125 0.01875 0.8328125 0.1296875 0.946875 0.1296875 0.946875 0.01875
0 0.5125 0.2421875 0.3359375 0.2421875 0.3359375 0.5578125 0.5125 0.5578125 0.5125 0.2421875
0 0.1046875 0.2 0.0015625 0.2 0.0015625 0.396875 0.1046875 0.396875 0.1046875 0.2
0 0.04375 0.0015625 0.0015625 0.0015625 0.0015625 0.08125 0.04375 0.08125 0.04375 0.0015625
0 0.3078125 0.9546875 0.25625 0.9546875 0.25625 1.0 0.3078125 1.0 0.3078125 0.9546875
0 0.2140625 0.8609375 0.0765625 0.8609375 0.0765625 1.0 0.2140625 1.0 0.2140625 0.8609375
0 0.828125 0.5921875 0.684375 0.5921875 0.684375 0.9578125 0.828125 0.9578125 0.828125 0.5921875
0 0.284375 0.6515625 0.0828125 0.6515625 0.0828125 0.9734375 0.284375 0.9734375 0.284375 0.6515625
0 0.4 0.35625 0.2203125 0.35625 0.2203125 0.6515625 0.4 0.6515625 0.4 0.35625
0 0.7265625 0.309375 0.4515625 0.309375 0.4515625 0.596875 0.7265625 0.596875 0.7265625 0.309375
0 1.0 0.321875 0.74375 0.321875 0.74375 0.7234375 1.0 0.7234375 1.0 0.321875
0 0.21875 0.3890625 0.140625 0.3890625 0.140625 0.4921875 0.21875 0.4921875 0.21875 0.3890625
0 0.6984375 0.0734375 0.4796875 0.0734375 0.4796875 0.2875 0.6984375 0.2875 0.6984375 0.0734375
0 1.0 0.1078125 0.7484375 0.1078125 0.7484375 0.3203125 1.0 0.3203125 1.0 0.1078125
0 0.6484375 0.0015625 0.5328125 0.0015625 0.5328125 0.06875 0.6484375 0.06875 0.6484375 0.0015625
0 0.74375 0.0015625 0.646875 0.0015625 0.646875 0.059375 0.74375 0.059375 0.74375 0.0015625
0 1.0 0.7984375 0.853125 0.7984375 0.853125 0.9984375 1.0 0.9984375 1.0 0.7984375
0 1.0 0.5328125 0.953125 0.5328125 0.953125 0.6 1.0 0.6 1.0 0.5328125
0 0.9765625 0.31875 0.8578125 0.31875 0.8578125 0.4703125 0.9765625 0.4703125 0.9765625 0.31875
0 0.36875 0.965625 0.3140625 0.965625 0.3140625 1.0 0.36875 1.0 0.36875 0.965625
0 0.3140625 0.88125 0.2234375 0.88125 0.2234375 1.0 0.3140625 1.0 0.3140625 0.88125
0 0.534375 0.7046875 0.2265625 0.7046875 0.2265625 0.9109375 0.534375 0.9109375 0.534375 0.7046875
0 0.4359375 0.0203125 0.0515625 0.0203125 0.0515625 0.7125 0.4359375 0.7125 0.4359375 0.0203125
0 0.45 0.3765625 0.3015625 0.3765625 0.3015625 0.55 0.45 0.55 0.45 0.3765625
0 0.5796875 0.29375 0.490625 0.29375 0.490625 0.4859375 0.5796875 0.4859375 0.5796875 0.29375
0 0.4984375 0.0015625 0.3375 0.0015625 0.3375 0.1671875 0.4984375 0.1671875 0.4984375 0.0015625
0 0.3078125 0.0015625 0.1953125 0.0015625 0.1953125 0.14375 0.3078125 0.14375 0.3078125 0.0015625
0 1.0 0.796875 0.5796875 0.796875 0.5796875 1.0 1.0 1.0 1.0 0.796875
0 0.88125 0.7296875 0.8109375 0.7296875 0.8109375 0.9609375 0.88125 0.9609375 0.88125 0.7296875
0 0.8796875 0.0015625 0.815625 0.0015625 0.815625 0.1375 0.8796875 0.1375 0.8796875 0.0015625
0 0.9921875 0.0015625 0.9203125 0.0015625 0.9203125 0.1078125 0.9921875 0.1078125 0.9921875 0.0015625
0 0.196875 0.0015625 0.0015625 0.0015625 0.0015625 0.1453125 0.196875 0.1453125 0.196875 0.0015625
0 0.4078125 0.0015625 0.0953125 0.0015625 0.0953125 0.1765625 0.4078125 0.1765625 0.4078125 0.0015625
0 0.503125 0.0015625 0.1921875 0.0015625 0.1921875 0.5171875 0.503125 0.5171875 0.503125 0.0015625
0 0.6125 0.2125 0.4625 0.2125 0.4625 0.46875 0.6125 0.46875 0.6125 0.2125
0 0.553125 0.0015625 0.4125 0.0015625 0.4125 0.21875 0.553125 0.21875 0.553125 0.0015625
0 0.990625 0.9390625 0.9 0.9390625 0.9 1.0 0.990625 1.0 0.990625 0.9390625
