0 0.2890625 0.0015625 0.16875 0.0015625 0.16875 0.3359375 0.2890625 0.3359375 0.2890625 0.0015625
0 1.0 0.684375 0.7875 0.684375 0.7875 1.0 1.0 1.0 1.0 0.684375
0 0.13125 0.5171875 0.0046875 0.5171875 0.0046875 0.6984375 0.13125 0.6984375 0.13125 0.5171875
0 0.0625 0.934375 0.0015625 0.934375 0.0015625 1.0 0.0625 1.0 0.0625 0.934375
0 1.0 0.115625 0.74375 0.115625 0.74375 0.25625 1.0 0.25625 1.0 0.115625
0 0.7453125 0.0015625 0.640625 0.0015625 0.640625 0.1265625 0.7453125 0.1265625 0.7453125 0.0015625
0 0.171875 0.690625 0.00625 0.690625 0.00625 0.853125 0.171875 0.853125 0.171875 0.690625
0 0.8171875 0.0015625 0.6578125 0.0015625 0.6578125 0.134375 0.8171875 0.134375 0.8171875 0.0015625
0 0.525 0.828125 0.3671875 0.828125 0.3671875 0.94375 0.525 0.94375 0.525 0.828125
0 1.0 0.95625 0.9828125 0.95625 0.9828125 1.0 1.0 1.0 1.0 0.95625
0 0.9984375 0.8125 0.9171875 0.8125 0.9171875 0.9578125 0.9984375 0.9578125 0.9984375 0.8125
0 0.5796875 0.478125 0.434375 0.478125 0.434375 0.703125 0.5796875 0.703125 0.5796875 0.478125
0 0.853125 0.41875 0.73125 0.41875 0.73125 0.5859375 0.853125 0.5859375 0.853125 0.41875
0 0.6 0.9171875 0.5 0.9171875 0.5 1.0 0.6 1.0 0.6 0.9171875
0 0.5109375 0.6609375 0.3265625 0.6609375 0.3265625 0.865625 0.5109375 0.865625 0.5109375 0.6609375
0 0.2609375 0.6140625 0.121875 0.6140625 0.121875 0.86875 0.2609375 0.86875 0.2609375 0.6140625
0 0.503125 0.353125 0.4234375 0.353125 0.4234375 0.5140625 0.503125 0.5140625 0.503125 0.353125
0 1.0 0.1484375 0.9359375 0.1484375 0.9359375 0.2609375 1.0 0.2609375 1.0 0.1484375
0 0.3265625 0.0015625 0.2453125 0.0015625 0.2453125 0.1515625 0.3265625 0.1515625 0.3265625 0.0015625
0 0.9828125 0.0015625 0.915625 0.0015625 0.915625 0.071875 0.9828125 0.071875 0.9828125 0.0015625
0 0.8671875 0.83125 0.653125 0.83125 0.653125 1.0 0.8671875 1.0 0.8671875 0.83125
0 0.6078125 0.55 0.396875 0.55 0.396875 0.9265625 0.6078125 0.9265625 0.6078125 0.55
0 0.2484375 0.5890625 0.071875 0.5890625 0.071875 0.753125 0.2484375 0.753125 0.2484375 0.5890625
0 0.5515625 0.0015625 0.434375 0.0015625 0.434375 0.4828125 0.5515625 0.4828125 0.5515625 0.0015625
0 0.3328125 0.1 0.1421875 0.1 0.1421875 0.4375 0.3328125 0.4375 0.3328125 0.1
0 1.0 0.890625 0.8484375 0.890625 0.8484375 1.0 1.0 1.0 1.0 0.890625
0 0.953125 0.709375 0.853125 0.709375 0.853125 0.8234375 0.953125 0.8234375 0.953125 0.709375
0 1.0 0.696875 0.9734375 0.696875 0.9734375 0.79375 1.0 0.79375 1.0 0.696875
0 1.0 0.0015625 0.8375 0.0015625 0.8375 0.1546875 1.0 0.1546875 1.0 0.0015625
0 0.4875 0.121875 0.4078125 0.121875 0.4078125 0.4015625 0.4875 0.4015625 0.4875 0.121875
0 0.3078125 0.975 0.1203125 0.975 0.1203125 1.0 0.3078125 1.0 0.3078125 0.975
0 0.5578125 0.915625 0.421875 0.915625 0.421875 1.0 0.5578125 1.0 0.5578125 0.915625
0 0.1125 0.9578125 0.0390625 0.9578125 0.0390625 1.0 0.1125 1.0 0.1125 0.9578125
0 0.33125 0.41875 0.159375 0.41875 0.159375 0.5546875 0.33125 0.5546875 0.33125 0.41875
0 0.1734375 0.0015625 0.0265625 0.0015625 0.0265625 0.315625 0.1734375 0.315625 0.1734375 0.0015625
0 0.8515625 0.3625 0.7125 0.3625 0.7125 0.478125 0.8515625 0.478125 0.8515625 0.3625
0 1.0 0.1453125 0.8859375 0.1453125 0.8859375 0.390625 1.0 0.390625 1.0 0.1453125
0 0.665625 0.440625 0.575 0.440625 0.575 0.7015625 0.665625 0.7015625 0.665625 0.440625
0 0.6875 0.0578125 0.615625 0.0578125 0.615625 0.3109375 0.6875 0.3109375 0.6875 0.0578125
0 0.253125 0.4484375 0.0765625 0.4484375 0.0765625 0.6171875 0.253125 0.6171875 0.253125 0.4484375
0 0.6359375 0.2109375 0.521875 0.2109375 0.521875 0.4203125 0.6359375 0.4203125 0.6359375 0.2109375
0 0.475 0.9640625 0.30625 0.9640625 0.30625 1.0 0.475 1.0 0.475 0.9640625
0 0.7875 0.9890625 0.746875 0.9890625 0.746875 1.0 0.7875 1.0 0.7875 0.9890625
0 0.95 0.80625 0.8546875 0.80625 0.8546875 0.9890625 0.95 0.9890625 0.95 0.80625
0 0.2203125 0.2390625 0.1171875 0.2390625 0.1171875 0.4078125 0.2203125 0.4078125 0.2203125 0.2390625
0 0.421875 0.1609375 0.3125 0.1609375 0.3125 0.38125 0.421875 0.38125 0.421875 0.1609375
0 0.2671875 0.0015625 0.253125 0.0015625 0.253125 0.01875 0.2671875 0.01875 0.2671875 0.0015625
0 0.8296875 0.0015625 0.7796875 0.0015625 0.7796875 0.071875 0.8296875 0.071875 0.8296875 0.0015625
0 0.384375 0.0015625 0.2984375 0.0015625 0.2984375 0.1953125 0.384375 0.1953125 0.384375 0.0015625
0 0.240625 0.0015625 0.0015625 0.0015625 0.0015625 0.284375 0.240625 0.284375 0.240625 0.0015625
0 0.490625 0.3359375 0.0015625 0.3359375 0.0015625 1.0 0.490625 1.0 0.490625 0.3359375
0 0.003125 0.69375 0.0015625 0.69375 0.0015625 0.7140625 0.003125 0.7140625 0.003125 0.69375
0 0.1125 0.596875 0.034375 0.596875 0.034375 0.74375 0.1125 0.74375 0.1125 0.596875
0 0.1140625 0.425 0.0015625 0.425 0.0015625 0.6296875 0.1140625 0.6296875 0.1140625 0.425
0 0.05625 0.2890625 0.0015625 0.2890625 0.0015625 0.3890625 0.05625 0.3890625 0.05625 0.2890625
0 0.2265625 0.396875 0.1140625 0.396875 0.1140625 0.5078125 0.2265625 0.5078125 0.2265625 0.396875
0 0.440625 0.0015625 0.2921875 0.0015625 0.2921875 0.30625 0.440625 0.30625 0.440625 0.0015625
0 0.6703125 0.9015625 0.53125 0.9015625 0.53125 1.0 0.6703125 1.0 0.6703125 0.9015625
0 1.0 0.0015625 0.55 0.0015625 0.55 0.9640625 1.0 0.9640625 1.0 0.0015625
0 1.0 0.75625 0.975 0.75625 0.975 0.8890625 1.0 0.8890625 1.0 0.75625
0 0.1234375 0.696875 0.0015625 0.696875 0.0015625 0.9203125 0.1234375 0.9203125 0.1234375 0.696875
0 0.025 0.3203125 0.0015625 0.3203125 0.0015625 0.3390625 0.025 0.3390625 0.025 0.3203125
0 0.728125 0.24375 0.63125 0.24375 0.63125 0.434375 0.728125 0.434375 0.728125 0.24375
0 0.10625 0.0625 0.0078125 0.0625 0.0078125 0.3359375 0.10625 0.3359375 0.10625 0.0625
0 0.18125 0.0015625 0.0625 0.0015625 0.0625 0.1203125 0.18125 0.1203125 0.18125 0.0015625
0 0.6390625 0.0015625 0.5109375 0.0015625 0.5109375 0.028125 0.6390625 0.028125 0.6390625 0.0015625
0 0.06875 0.7984375 0.0015625 0.7984375 0.0015625 0.925 0.06875 0.925 0.06875 0.7984375
0 0.659375 0.7 0.5953125 0.7 0.5953125 0.9140625 0.659375 0.9140625 0.659375 0.7
0 0.10625 0.6984375 0.0078125 0.6984375 0.0078125 0.8453125 0.10625 0.8453125 0.10625 0.6984375
0 0.04375 0.621875 0.0015625 0.621875 0.0015625 0.6953125 0.04375 0.6953125 0.04375 0.621875
0 0.075 0.19375 0.0015625 0.19375 0.0015625 0.278125 0.075 0.278125 0.075 0.19375
0 0.6546875 0.0015625 0.4953125 0.0015625 0.4953125 0.284375 0.6546875 0.284375 0.6546875 0.0015625
0 0.19375 0.0796875 0.0390625 0.0796875 0.0390625 0.2046875 0.19375 0.2046875 0.19375 0.0796875
0 0.996875 0.515625 0.7125 0.515625 0.7125 0.89375 0.996875 0.89375 0.996875 0.515625
0 0.159375 0.184375 0.0609375 0.184375 0.0609375 0.4578125 0.159375 0.4578125 0.159375 0.184375
