0 0.0078125 0.3078125 0.0015625 0.3078125 0.0015625 0.325 0.0078125 0.325 0.0078125 0.3078125
0 0.2828125 0.1734375 0.134375 0.1734375 0.134375 0.2765625 0.2828125 0.2765625 0.2828125 0.1734375
0 0.525 0.9390625 0.4421875 0.9390625 0.4421875 1.0 0.525 1.0 0.525 0.9390625
0 0.1109375 0.63125 0.028125 0.63125 0.028125 0.7921875 0.1109375 0.7921875 0.1109375 0.63125
0 0.0671875 0.61875 0.0015625 0.61875 0.0015625 0.7 0.0671875 0.7 0.0671875 0.61875
0 0.0625 0.2859375 0.0015625 0.2859375 0.0015625 0.428125 0.0625 0.428125 0.0625 0.2859375
0 1.0 0.41875 0.8171875 0.41875 0.8171875 0.5234375 1.0 0.5234375 1.0 0.41875
0 1.0 0.221875 0.91875 0.221875 0.91875 0.4265625 1.0 0.4265625 1.0 0.221875
0 0.128125 0.95 0.046875 0.95 0.046875 1.0 0.128125 1.0 0.128125 0.95
0 0.0765625 0.1578125 0.0015625 0.1578125 0.0015625 0.240625 0.0765625 0.240625 0.0765625 0.1578125
0 0.378125 0.965625 0.1953125 0.965625 0.1953125 1.0 0.378125 1.0 0.378125 0.965625
0 0.296875 0.671875 0.0421875 0.671875 0.0421875 0.9734375 0.296875 0.9734375 0.296875 0.671875
0 0.1 0.76875 0.0015625 0.76875 0.0015625 0.95 0.1 0.95 0.1 0.76875
0 0.4578125 0.7265625 0.30625 0.7265625 0.30625 0.9046875 0.4578125 0.9046875 0.4578125 0.7265625
0 0.0234375 0.6390625 0.0015625 0.6390625 0.0015625 0.675 0.0234375 0.675 0.0234375 0.6390625
0 0.4453125 0.2078125 0.078125 0.2078125 0.078125 0.6703125 0.4453125 0.6703125 0.4453125 0.2078125
0 0.484375 0.0015625 0.0078125 0.0015625 0.0078125 0.396875 0.484375 0.396875 0.484375 0.0015625
0 0.58125 0.7671875 0.46875 0.7671875 0.46875 1.0 0.58125 1.0 0.58125 0.7671875
0 0.9796875 0.509375 0.7234375 0.509375 0.7234375 0.8078125 0.9796875 0.8078125 0.9796875 0.509375
0 0.578125 0.4625 0.5 0.4625 0.5 0.66875 0.578125 0.66875 0.578125 0.4625
0 0.5875 0.1421875 0.440625 0.1421875 0.440625 0.3828125 0.5875 0.3828125 0.5875 0.1421875
0 1.0 0.16875 0.8265625 0.16875 0.8265625 0.3171875 1.0 0.3171875 1.0 0.16875
0 1.0 0.0015625 0.6328125 0.0015625 0.6328125 0.4171875 1.0 0.4171875 1.0 0.0015625
0 1.0 0.365625 0.9125 0.365625 0.9125 0.4609375 1.0 0.4609375 1.0 0.365625
0 1.0 0.0015625 0.0015625 0.0015625 0.0015625 1.0 1.0 1.0 1.0 0.0015625
0 0.06875 0.2328125 0.0015625 0.2328125 0.0015625 0.3125 0.06875 0.3125 0.06875 0.2328125
0 1.0 0.0015625 0.921875 0.0015625 0.921875 0.15625 1.0 0.15625 1.0 0.0015625
