0 0.28125 0.875 0.178125 0.875 0.178125 1.0 0.28125 1.0 0.28125 0.875
0 0.4109375 0.403125 0.3171875 0.403125 0.3171875 0.5109375 0.4109375 0.5109375 0.4109375 0.403125
0 0.0796875 0.975 0.0140625 0.975 0.0140625 1.0 0.0796875 1.0 0.0796875 0.975
0 0.8796875 0.75 0.7921875 0.75 0.7921875 0.85 0.8796875 0.85 0.8796875 0.75
0 0.1578125 0.05625 0.0015625 0.05625 0.0015625 0.2328125 0.1578125 0.2328125 0.1578125 0.05625
0 0.3921875 0.0015625 0.1625 0.0015625 0.1625 0.1109375 0.3921875 0.1109375 0.3921875 0.0015625
0 1.0 0.74375 0.8953125 0.74375 0.8953125 0.91875 1.0 0.91875 1.0 0.74375
0 0.040625 0.89375 0.0015625 0.89375 0.0015625 0.9734375 0.040625 0.9734375 0.040625 0.89375
0 0.0390625 0.8046875 0.0015625 0.8046875 0.0015625 0.878125 0.0390625 0.878125 0.0390625 0.8046875
0 0.7421875 0.0015625 0.0484375 0.0015625 0.0484375 0.584375 0.7421875 0.584375 0.7421875 0.0015625
0 1.0 0.734375 0.9625 0.734375 0.9625 1.0 1.0 1.0 1.0 0.734375
0 0.934375 0.7546875 0.5984375 0.7546875 0.5984375 1.0 0.934375 1.0 0.934375 0.7546875
0 0.9171875 0.6859375 0.5875 0.6859375 0.5875 0.853125 0.9171875 0.853125 0.9171875 0.6859375
0 1.0 0.0015625 0.7015625 0.0015625 0.7015625 0.6875 1.0 0.6875 1.0 0.0015625
0 0.6875 0.0015625 0.675 0.0015625 0.675 0.0078125 0.6875 0.0078125 0.6875 0.0015625
0 1.0 0.0015625 0.99375 0.0015625 0.99375 0.00625 1.0 0.00625 1.0 0.0015625
0 0.3078125 0.54375 0.1203125 0.54375 0.1203125 0.646875 0.3078125 0.646875 0.3078125 0.54375
0 0.4625 0.290625 0.36875 0.290625 0.36875 0.415625 0.4625 0.415625 0.4625 0.290625
0 0.878125 0.0015625 0.7046875 0.0015625 0.7046875 0.1203125 0.878125 0.1203125 0.878125 0.0015625
0 0.3109375 0.0015625 0.2828125 0.0015625 0.2828125 0.0109375 0.3109375 0.0109375 0.3109375 0.0015625
0 0.4421875 0.8 0.3328125 0.8 0.3328125 0.9921875 0.4421875 0.9921875 0.4421875 0.8
0 0.7328125 0.40625 0.3546875 0.40625 0.3546875 0.740625 0.7328125 0.740625 0.7328125 0.40625
0 0.61875 0.928125 0.5734375 0.928125 0.5734375 1.0 0.61875 1.0 0.61875 0.928125
0 0.65 0.8015625 0.4921875 0.8015625 0.4921875 0.9546875 0.65 0.9546875 0.65 0.8015625
0 0.7515625 0.0015625 0.6546875 0.0015625 0.6546875 0.0890625 0.7515625 0.0890625 0.7515625 0.0015625
0 0.9015625 0.0015625 0.8640625 0.0015625 0.8640625 0.1 0.9015625 0.1 0.9015625 0.0015625
0 0.1453125 0.6578125 0.0015625 0.6578125 0.0015625 0.909375 0.1453125 0.909375 0.1453125 0.6578125
0 0.0375 0.5859375 0.0015625 0.5859375 0.0015625 0.6234375 0.0375 0.6234375 0.0375 0.5859375
0 0.0578125 0.0953125 0.0015625 0.0953125 0.0015625 0.465625 0.0578125 0.465625 0.0578125 0.0953125
0 0.003125 0.040625 0.0015625 0.040625 0.0015625 0.0484375 0.003125 0.0484375 0.003125 0.040625
0 1.0 0.5578125 0.5546875 0.5578125 0.5546875 1.0 1.0 1.0 1.0 0.5578125
0 0.171875 0.89375 0.0328125 0.89375 0.0328125 1.0 0.171875 1.0 0.171875 0.89375
0 1.0 0.8140625 0.9265625 0.8140625 0.9265625 1.0 1.0 1.0 1.0 0.8140625
0 0.4734375 0.840625 0.3265625 0.840625 0.3265625 1.0 0.4734375 1.0 0.4734375 0.840625
0 0.4875 0.66875 0.3875 0.66875 0.3875 0.859375 0.4875 0.859375 0.4875 0.66875
0 0.7328125 0.715625 0.55 0.715625 0.55 0.8 0.7328125 0.8 0.7328125 0.715625
0 0.8546875 0.5078125 0.684375 0.5078125 0.684375 0.73125 0.8546875 0.73125 0.8546875 0.5078125
0 0.5453125 0.59375 0.4390625 0.59375 0.4390625 0.7890625 0.5453125 0.7890625 0.5453125 0.59375
0 0.6609375 0.6140625 0.5203125 0.6140625 0.5203125 0.7453125 0.6609375 0.7453125 0.6609375 0.6140625
0 0.775 0.4953125 0.5921875 0.4953125 0.5921875 0.621875 0.775 0.621875 0.775 0.4953125
0 0.3109375 0.353125 0.08125 0.353125 0.08125 0.6515625 0.3109375 0.6515625 0.3109375 0.353125
0 1.0 0.34375 0.8671875 0.34375 0.8671875 0.621875 1.0 0.621875 1.0 0.34375
0 0.915625 0.340625 0.83125 0.340625 0.83125 0.503125 0.915625 0.503125 0.915625 0.340625
0 0.190625 0.3265625 0.071875 0.3265625 0.071875 0.41875 0.190625 0.41875 0.190625 0.3265625
0 0.8046875 0.0484375 0.6453125 0.0484375 0.6453125 0.4671875 0.8046875 0.4671875 0.8046875 0.0484375
0 1.0 0.0015625 0.890625 0.0015625 0.890625 0.35 1.0 0.35 1.0 0.0015625
0 0.8828125 0.0015625 0.7578125 0.0015625 0.7578125 0.0890625 0.8828125 0.0890625 0.8828125 0.0015625
0 0.2828125 0.0015625 0.0953125 0.0015625 0.0953125 0.05 0.2828125 0.05 0.2828125 0.0015625
0 0.659375 0.0015625 0.6015625 0.0015625 0.6015625 0.0234375 0.659375 0.0234375 0.659375 0.0015625
0 0.2921875 0.13125 0.0015625 0.13125 0.0015625 0.9125 0.2921875 0.9125 0.2921875 0.13125
0 0.1046875 0.0015625 0.028125 0.0015625 0.028125 0.0609375 0.1046875 0.0609375 0.1046875 0.0015625
0 0.496875 0.740625 0.3234375 0.740625 0.3234375 0.9078125 0.496875 0.9078125 0.496875 0.740625
0 0.89375 0.3140625 0.8109375 0.3140625 0.8109375 0.528125 0.89375 0.528125 0.89375 0.3140625
0 0.0140625 0.0015625 0.0015625 0.0015625 0.0015625 0.0171875 0.0140625 0.0171875 0.0140625 0.0015625
0 0.340625 0.9703125 0.3171875 0.9703125 0.3171875 1.0 0.340625 1.0 0.340625 0.9703125
