0 0.2953125 0.0984375 0.2109375 0.0984375 0.2109375 0.25625 0.2953125 0.25625 0.2953125 0.0984375
0 0.525 0.49375 0.2828125 0.49375 0.2828125 0.659375 0.525 0.659375 0.525 0.49375
0 0.4265625 0.846875 0.2953125 0.846875 0.2953125 1.0 0.4265625 1.0 0.4265625 0.846875
0 0.215625 0.234375 0.1140625 0.234375 0.1140625 0.4125 0.215625 0.4125 0.215625 0.234375
0 0.484375 0.1625 0.3828125 0.1625 0.3828125 0.409375 0.484375 0.409375 0.484375 0.1625
0 0.9703125 0.2015625 0.8703125 0.2015625 0.8703125 0.58125 0.9703125 0.58125 0.9703125 0.2015625
0 0.509375 0.0015625 0.2625 0.0015625 0.2625 0.1265625 0.509375 0.1265625 0.509375 0.0015625
0 0.5984375 0.975 0.5640625 0.975 0.5640625 1.0 0.5984375 1.0 0.5984375 0.975
0 0.29375 0.0453125 0.16875 0.0453125 0.16875 0.2859375 0.29375 0.2859375 0.29375 0.0453125
0 0.3 0.515625 0.1640625 0.515625 0.1640625 0.8046875 0.3 0.8046875 0.3 0.515625
0 0.490625 0.103125 0.3859375 0.103125 0.3859375 0.2421875 0.490625 0.2421875 0.490625 0.103125
0 0.69375 0.0015625 0.61875 0.0015625 0.61875 0.2078125 0.69375 0.2078125 0.69375 0.0015625
0 1.0 0.7390625 0.975 0.7390625 0.975 0.79375 1.0 0.79375 1.0 0.7390625
0 1.0 0.3828125 0.9078125 0.3828125 0.9078125 0.54375 1.0 0.54375 1.0 0.3828125
0 0.9625 0.0015625 0.8140625 0.0015625 0.8140625 0.1203125 0.9625 0.1203125 0.9625 0.0015625
0 0.0203125 0.7765625 0.0015625 0.7765625 0.0015625 0.8859375 0.0203125 0.8859375 0.0203125 0.7765625
0 0.0640625 0.565625 0.0015625 0.565625 0.0015625 0.6859375 0.0640625 0.6859375 0.0640625 0.565625
0 0.8546875 0.94375 0.7359375 0.94375 0.7359375 1.0 0.8546875 1.0 0.8546875 0.94375
0 0.3296875 0.6484375 0.2 0.6484375 0.2 0.8421875 0.3296875 0.8421875 0.3296875 0.6484375
0 1.0 0.0015625 0.98125 0.0015625 0.98125 0.0296875 1.0 0.0296875 1.0 0.0015625
0 0.7734375 0.7265625 0.6203125 0.7265625 0.6203125 0.9828125 0.7734375 0.9828125 0.7734375 0.7265625
0 0.4984375 0.71875 0.390625 0.71875 0.390625 0.9 0.4984375 0.9 0.4984375 0.71875
0 0.5578125 0.4078125 0.0015625 0.4078125 0.0015625 1.0 0.5578125 1.0 0.5578125 0.4078125
0 0.1578125 0.0046875 0.0015625 0.0046875 0.0015625 0.2453125 0.1578125 0.2453125 0.1578125 0.0046875
0 0.196875 0.0015625 0.071875 0.0015625 0.071875 0.03125 0.196875 0.03125 0.196875 0.0015625
0 0.759375 0.63125 0.653125 0.63125 0.653125 0.8734375 0.759375 0.8734375 0.759375 0.63125
0 0.3296875 0.25625 0.146875 0.25625 0.146875 0.484375 0.3296875 0.484375 0.3296875 0.25625
0 0.921875 0.0015625 0.6453125 0.0015625 0.6453125 0.5515625 0.921875 0.5515625 0.921875 0.0015625
0 0.153125 0.26875 0.0453125 0.26875 0.0453125 0.375 0.153125 0.375 0.153125 0.26875
0 0.546875 0.175 0.4546875 0.175 0.4546875 0.325 0.546875 0.325 0.546875 0.175
0 0.45625 0.1796875 0.3890625 0.1796875 0.3890625 0.3859375 0.45625 0.3859375 0.45625 0.1796875
0 0.5796875 0.0015625 0.4875 0.0015625 0.4875 0.15 0.5796875 0.15 0.5796875 0.0015625
0 0.503125 0.0015625 0.3375 0.0015625 0.3375 0.109375 0.503125 0.109375 0.503125 0.0015625
0 0.3375 0.0015625 0.284375 0.0015625 0.284375 0.025 0.3375 0.025 0.3375 0.0015625
0 1.0 0.765625 0.871875 0.765625 0.871875 1.0 1.0 1.0 1.0 0.765625
0 1.0 0.5078125 0.9984375 0.5078125 0.9984375 0.5203125 1.0 0.5203125 1.0 0.5078125
0 0.9921875 0.0015625 0.9359375 0.0015625 0.9359375 0.1796875 0.9921875 0.1796875 0.9921875 0.0015625
0 0.6125 0.6125 0.5234375 0.6125 0.5234375 0.796875 0.6125 0.796875 0.6125 0.6125
0 0.11875 0.5625 0.03125 0.5625 0.03125 0.7625 0.11875 0.7625 0.11875 0.5625
0 0.29375 0.0015625 0.0421875 0.0015625 0.0421875 0.0921875 0.29375 0.0921875 0.29375 0.0015625
0 0.4125 0.1015625 0.28125 0.1015625 0.28125 0.31875 0.4125 0.31875 0.4125 0.1015625
0 1.0 0.0203125 0.9453125 0.0203125 0.9453125 0.296875 1.0 0.296875 1.0 0.0203125
0 0.184375 0.871875 0.0296875 0.871875 0.0296875 1.0 0.184375 1.0 0.184375 0.871875
0 1.0 0.8484375 0.9609375 0.8484375 0.9609375 0.9140625 1.0 0.9140625 1.0 0.8484375
0 0.0453125 0.6859375 0.0015625 0.6859375 0.0015625 0.86875 0.0453125 0.86875 0.0453125 0.6859375
0 0.9 0.546875 0.7375 0.546875 0.7375 0.79375 0.9 0.79375 0.9 0.546875
0 0.553125 0.3171875 0.44375 0.3171875 0.44375 0.45 0.553125 0.45 0.553125 0.3171875
0 0.215625 0.0453125 0.11875 0.0453125 0.11875 0.2375 0.215625 0.2375 0.215625 0.0453125
0 0.153125 0.48125 0.034375 0.48125 0.034375 0.5953125 0.153125 0.5953125 0.153125 0.48125
