0 0.9390625 0.0203125 0.821875 0.0203125 0.821875 0.2375 0.9390625 0.2375 0.9390625 0.0203125
0 0.8359375 0.0015625 0.753125 0.0015625 0.753125 0.190625 0.8359375 0.190625 0.8359375 0.0015625
0 0.696875 0.0015625 0.59375 0.0015625 0.59375 0.0796875 0.696875 0.0796875 0.696875 0.0015625
0 1.0 0.0796875 0.9421875 0.0796875 0.9421875 0.246875 1.0 0.246875 1.0 0.0796875
0 1.0 0.0015625 0.95625 0.0015625 0.95625 0.0734375 1.0 0.0734375 1.0 0.0015625
0 0.86875 0.2609375 0.7640625 0.2609375 0.7640625 0.35 0.86875 0.35 0.86875 0.2609375
0 0.98125 0.2328125 0.8703125 0.2328125 0.8703125 0.3609375 0.98125 0.3609375 0.98125 0.2328125
0 1.0 0.1796875 0.896875 0.1796875 0.896875 0.290625 1.0 0.290625 1.0 0.1796875
0 0.790625 0.034375 0.5984375 0.034375 0.5984375 0.2328125 0.790625 0.2328125 0.790625 0.034375
0 0.975 0.0015625 0.8875 0.0015625 0.8875 0.0671875 0.975 0.0671875 0.975 0.0015625
0 0.16875 0.9015625 0.0671875 0.9015625 0.0671875 1.0 0.16875 1.0 0.16875 0.9015625
0 0.284375 0.7359375 0.1859375 0.7359375 0.1859375 1.0 0.284375 1.0 0.284375 0.7359375
0 0.6265625 0.578125 0.3015625 0.578125 0.3015625 0.93125 0.6265625 0.93125 0.6265625 0.578125
0 1.0 0.5359375 0.934375 0.5359375 0.934375 0.790625 1.0 0.790625 1.0 0.5359375
0 0.9421875 0.4921875 0.784375 0.4921875 0.784375 0.7515625 0.9421875 0.7515625 0.9421875 0.4921875
0 0.7578125 0.503125 0.6421875 0.503125 0.6421875 0.6515625 0.7578125 0.6515625 0.7578125 0.503125
0 0.5640625 0.3953125 0.4546875 0.3953125 0.4546875 0.5109375 0.5640625 0.5109375 0.5640625 0.3953125
0 0.240625 0.125 0.13125 0.125 0.13125 0.2265625 0.240625 0.2265625 0.240625 0.125
0 0.2484375 0.7953125 0.1265625 0.7953125 0.1265625 1.0 0.2484375 1.0 0.2484375 0.7953125
0 0.4828125 0.9796875 0.446875 0.9796875 0.446875 1.0 0.4828125 1.0 0.4828125 0.9796875
0 0.7140625 0.9484375 0.6625 0.9484375 0.6625 1.0 0.7140625 1.0 0.7140625 0.9484375
0 0.4875 0.628125 0.3421875 0.628125 0.3421875 0.8125 0.4875 0.8125 0.4875 0.628125
0 1.0 0.859375 0.978125 0.859375 0.978125 0.9890625 1.0 0.9890625 1.0 0.859375
0 1.0 0.371875 0.790625 0.371875 0.790625 0.5140625 1.0 0.5140625 1.0 0.371875
0 0.0390625 0.6140625 0.0015625 0.6140625 0.0015625 0.715625 0.0390625 0.715625 0.0390625 0.6140625
0 0.01875 0.9859375 0.0015625 0.9859375 0.0015625 1.0 0.01875 1.0 0.01875 0.9859375
0 0.3734375 0.8421875 0.3015625 0.8421875 0.3015625 1.0 0.3734375 1.0 0.3734375 0.8421875
0 0.1296875 0.7875 0.0015625 0.7875 0.0015625 0.96875 0.1296875 0.96875 0.1296875 0.7875
0 0.7 0.75625 0.5171875 0.75625 0.5171875 0.9171875 0.7 0.9171875 0.7 0.75625
0 0.659375 0.4734375 0.51875 0.4734375 0.51875 0.653125 0.659375 0.653125 0.659375 0.4734375
0 0.471875 0.328125 0.140625 0.328125 0.140625 0.565625 0.471875 0.565625 0.471875 0.328125
0 0.425 0.175 0.2390625 0.175 0.2390625 0.309375 0.425 0.309375 0.425 0.175
0 0.640625 0.0703125 0.484375 0.0703125 0.484375 0.2796875 0.640625 0.2796875 0.640625 0.0703125
0 0.2375 0.0015625 0.0828125 0.0015625 0.0828125 0.20625 0.2375 0.20625 0.2375 0.0015625
0 0.796875 0.453125 0.696875 0.453125 0.696875 0.759375 0.796875 0.759375 0.796875 0.453125
0 1.0 0.4890625 0.89375 0.4890625 0.89375 0.58125 1.0 0.58125 1.0 0.4890625
0 0.98125 0.709375 0.3625 0.709375 0.3625 1.0 0.98125 1.0 0.98125 0.709375
0 0.740625 0.3046875 0.58125 0.3046875 0.58125 0.43125 0.740625 0.43125 0.740625 0.3046875
0 0.78125 0.2390625 0.5890625 0.2390625 0.5890625 0.459375 0.78125 0.459375 0.78125 0.2390625
0 1.0 0.0015625 0.875 0.0015625 0.875 0.0875 1.0 0.0875 1.0 0.0015625
0 0.7265625 0.440625 0.0015625 0.440625 0.0015625 1.0 0.7265625 1.0 0.7265625 0.440625
0 0.5921875 0.0015625 0.0015625 0.0015625 0.0015625 0.6390625 0.5921875 0.6390625 0.5921875 0.0015625
0 0.7390625 0.41875 0.5234375 0.41875 0.5234375 0.5359375 0.7390625 0.5359375 0.7390625 0.41875
0 0.828125 0.2109375 0.625 0.2109375 0.625 0.3734375 0.828125 0.3734375 0.828125 0.2109375
0 0.6046875 0.0015625 0.55625 0.0015625 0.55625 0.0875 0.6046875 0.0875 0.6046875 0.0015625
0 1.0 0.5609375 0.8609375 0.5609375 0.8609375 0.8125 1.0 0.8125 1.0 0.5609375
0 0.8890625 0.503125 0.765625 0.503125 0.765625 0.71875 0.8890625 0.71875 0.8890625 0.503125
0 0.9203125 0.296875 0.7734375 0.296875 0.7734375 0.4859375 0.9203125 0.4859375 0.9203125 0.296875
0 1.0 0.3609375 0.9921875 0.3609375 0.9921875 0.440625 1.0 0.440625 1.0 0.3609375
0 0.8921875 0.0015625 0.8921875 0.0015625 0.8921875 0.0015625 0.8921875 0.0015625 0.8921875 0.0015625
0 0.178125 0.475 0.0015625 0.475 0.0015625 0.728125 0.178125 0.728125 0.178125 0.475
