0 0.0484375 0.89375 0.0015625 0.89375 0.0015625 1.0 0.0484375 1.0 0.0484375 0.89375
0 0.0390625 0.2203125 0.0015625 0.2203125 0.0015625 0.3953125 0.0390625 0.3953125 0.0390625 0.2203125
0 0.9078125 0.76875 0.8203125 0.76875 0.8203125 1.0 0.9078125 1.0 0.9078125 0.76875
0 0.296875 0.365625 0.178125 0.365625 0.178125 0.51875 0.296875 0.51875 0.296875 0.365625
0 0.8 0.2203125 0.728125 0.2203125 0.728125 0.384375 0.8 0.384375 0.8 0.2203125
0 0.3671875 0.34375 0.2296875 0.34375 0.2296875 0.4703125 0.3671875 0.4703125 0.3671875 0.34375
0 0.4109375 0.6296875 0.315625 0.6296875 0.315625 0.7359375 0.4109375 0.7359375 0.4109375 0.6296875
0 0.428125 0.0625 0.334375 0.0625 0.334375 0.1984375 0.428125 0.1984375 0.428125 0.0625
0 0.6421875 0.6375 0.4921875 0.6375 0.4921875 0.725 0.6421875 0.725 0.6421875 0.6375
0 0.0671875 0.921875 0.0015625 0.921875 0.0015625 1.0 0.0671875 1.0 0.0671875 0.921875
0 0.5265625 0.8078125 0.25 0.8078125 0.25 1.0 0.5265625 1.0 0.5265625 0.8078125
0 0.5734375 0.115625 0.228125 0.115625 0.228125 0.721875 0.5734375 0.721875 0.5734375 0.115625
0 0.7109375 0.55625 0.45625 0.55625 0.45625 0.7015625 0.7109375 0.7015625 0.7109375 0.55625
0 0.5125 0.0015625 0.2 0.0015625 0.2 0.2421875 0.5125 0.2421875 0.5125 0.0015625
0 0.784375 0.6484375 0.53125 0.6484375 0.53125 0.9953125 0.784375 0.9953125 0.784375 0.6484375
0 0.8578125 0.0078125 0.7484375 0.0078125 0.7484375 0.153125 0.8578125 0.153125 0.8578125 0.0078125
0 0.4015625 0.753125 0.2078125 0.753125 0.2078125 0.975 0.4015625 0.975 0.4015625 0.753125
0 0.0546875 0.7328125 0.0015625 0.7328125 0.0015625 0.9203125 0.0546875 0.9203125 0.0546875 0.7328125
0 0.0484375 0.625 0.0015625 0.625 0.0015625 0.6734375 0.0484375 0.6734375 0.0484375 0.625
0 0.1734375 0.5359375 0.1 0.5359375 0.1 0.6734375 0.1734375 0.6734375 0.1734375 0.5359375
0 0.04375 0.440625 0.0015625 0.440625 0.0015625 0.575 0.04375 0.575 0.04375 0.440625
0 0.25625 0.1453125 0.1515625 0.1453125 0.1515625 0.3078125 0.25625 0.3078125 0.25625 0.1453125
0 0.1859375 0.79375 0.0734375 0.79375 0.0734375 1.0 0.1859375 1.0 0.1859375 0.79375
0 0.05 0.6578125 0.0015625 0.6578125 0.0015625 0.753125 0.05 0.753125 0.05 0.6578125
0 0.35 0.6734375 0.275 0.6734375 0.275 0.8421875 0.35 0.8421875 0.35 0.6734375
0 0.171875 0.3296875 0.0484375 0.3296875 0.0484375 0.6765625 0.171875 0.6765625 0.171875 0.3296875
0 0.2515625 0.4953125 0.1296875 0.4953125 0.1296875 0.6046875 0.2515625 0.6046875 0.2515625 0.4953125
0 0.221875 0.0625 0.034375 0.0625 0.034375 0.3203125 0.221875 0.3203125 0.221875 0.0625
0 1.0 0.0015625 0.0015625 0.0015625 0.0015625 1.0 1.0 1.0 1.0 0.0015625
0 0.2875 0.6109375 0.0015625 0.6109375 0.0015625 1.0 0.2875 1.0 0.2875 0.6109375
0 0.334375 0.4375 0.1421875 0.4375 0.1421875 0.8390625 0.334375 0.8390625 0.334375 0.4375
0 0.3953125 0.2515625 0.10625 0.2515625 0.10625 0.415625 0.3953125 0.415625 0.3953125 0.2515625
0 0.7921875 0.615625 0.6234375 0.615625 0.6234375 0.98125 0.7921875 0.98125 0.7921875 0.615625
0 1.0 0.24375 0.7734375 0.24375 0.7734375 1.0 1.0 1.0 1.0 0.24375
