0 0.0484375 0.5125 0.0015625 0.5125 0.0015625 0.5984375 0.0484375 0.5984375 0.0484375 0.5125
0 0.3265625 0.0390625 0.2171875 0.0390625 0.2171875 0.1265625 0.3265625 0.1265625 0.3265625 0.0390625
0 0.346875 0.0015625 0.334375 0.0015625 0.334375 0.009375 0.346875 0.009375 0.346875 0.0015625
0 0.0125 0.86875 0.0015625 0.86875 0.0015625 0.90625 0.0125 0.90625 0.0125 0.86875
0 0.1640625 0.0015625 0.1375 0.0015625 0.1375 0.0265625 0.1640625 0.0265625 0.1640625 0.0015625
0 0.159375 0.725 0.0015625 0.725 0.0015625 0.9609375 0.159375 0.9609375 0.159375 0.725
0 0.196875 0.4578125 0.0015625 0.4578125 0.0015625 0.7734375 0.196875 0.7734375 0.196875 0.4578125
0 0.253125 0.0015625 0.1546875 0.0015625 0.1546875 0.04375 0.253125 0.04375 0.253125 0.0015625
0 0.309375 0.0015625 0.2421875 0.0015625 0.2421875 0.0734375 0.309375 0.0734375 0.309375 0.0015625
0 0.309375 0.865625 0.1484375 0.865625 0.1484375 1.0 0.309375 1.0 0.309375 0.865625
0 0.403125 0.7890625 0.25625 0.7890625 0.25625 0.9921875 0.403125 0.9921875 0.403125 0.7890625
0 0.303125 0.6109375 0.2078125 0.6109375 0.2078125 0.765625 0.303125 0.765625 0.303125 0.6109375
0 0.340625 0.084375 0.1109375 0.084375 0.1109375 0.325 0.340625 0.325 0.340625 0.084375
0 0.49375 0.353125 0.4 0.353125 0.4 0.490625 0.49375 0.490625 0.49375 0.353125
0 0.090625 0.5953125 0.0015625 0.5953125 0.0015625 0.7328125 0.090625 0.7328125 0.090625 0.5953125
0 0.3828125 0.26875 0.1921875 0.26875 0.1921875 0.4484375 0.3828125 0.4484375 0.3828125 0.26875
0 0.25 0.021875 0.0921875 0.021875 0.0921875 0.184375 0.25 0.184375 0.25 0.021875
0 0.1921875 0.46875 0.021875 0.46875 0.021875 0.6921875 0.1921875 0.6921875 0.1921875 0.46875
0 0.2046875 0.9578125 0.0265625 0.9578125 0.0265625 1.0 0.2046875 1.0 0.2046875 0.9578125
0 0.2125 0.7390625 0.1265625 0.7390625 0.1265625 0.8875 0.2125 0.8875 0.2125 0.7390625
0 0.5359375 0.2984375 0.2375 0.2984375 0.2375 0.578125 0.5359375 0.578125 0.5359375 0.2984375
0 0.409375 0.3140625 0.1765625 0.3140625 0.1765625 0.484375 0.409375 0.484375 0.409375 0.3140625
0 0.26875 0.0296875 0.1640625 0.0296875 0.1640625 0.18125 0.26875 0.18125 0.26875 0.0296875
0 0.3796875 0.0015625 0.303125 0.0015625 0.303125 0.075 0.3796875 0.075 0.3796875 0.0015625
0 0.38125 0.3046875 0.2375 0.3046875 0.2375 0.4234375 0.38125 0.4234375 0.38125 0.3046875
0 0.128125 0.7515625 0.05 0.7515625 0.05 0.853125 0.128125 0.853125 0.128125 0.7515625
0 0.5078125 0.0140625 0.253125 0.0140625 0.253125 0.1703125 0.5078125 0.1703125 0.5078125 0.0140625
0 0.43125 0.4171875 0.3140625 0.4171875 0.3140625 0.5453125 0.43125 0.5453125 0.43125 0.4171875
0 0.3765625 0.1578125 0.2140625 0.1578125 0.2140625 0.296875 0.3765625 0.296875 0.3765625 0.1578125
0 0.3703125 0.753125 0.1984375 0.753125 0.1984375 1.0 0.3703125 1.0 0.3703125 0.753125
0 0.021875 0.690625 0.0015625 0.690625 0.0015625 0.8578125 0.021875 0.8578125 0.021875 0.690625
0 0.0140625 0.0578125 0.0015625 0.0578125 0.0015625 0.11875 0.0140625 0.11875 0.0140625 0.0578125
0 0.1078125 0.0015625 0.028125 0.0015625 0.028125 0.0765625 0.1078125 0.0765625 0.1078125 0.0015625
0 0.4125 0.9015625 0.146875 0.9015625 0.146875 1.0 0.4125 1.0 0.4125 0.9015625
0 0.1390625 0.896875 0.0015625 0.896875 0.0015625 1.0 0.1390625 1.0 0.1390625 0.896875
0 0.2390625 0.671875 0.153125 0.671875 0.153125 0.8640625 0.2390625 0.8640625 0.2390625 0.671875
0 0.4390625 0.0828125 0.3453125 0.0828125 0.3453125 0.1921875 0.4390625 0.1921875 0.4390625 0.0828125
0 0.525 0.165625 0.4078125 0.165625 0.4078125 0.2640625 0.525 0.2640625 0.525 0.165625
0 0.4890625 0.15625 0.359375 0.15625 0.359375 0.315625 0.4890625 0.315625 0.4890625 0.15625
0 0.034375 0.3359375 0.0015625 0.3359375 0.0015625 0.4703125 0.034375 0.4703125 0.034375 0.3359375
0 0.0921875 0.059375 0.0015625 0.059375 0.0015625 0.325 0.0921875 0.325 0.0921875 0.059375
0 0.0671875 0.0015625 0.0015625 0.0015625 0.0015625 0.0703125 0.0671875 0.0703125 0.0671875 0.0015625
0 0.275 0.5828125 0.121875 0.5828125 0.121875 0.7875 0.275 0.7875 0.275 0.5828125
0 0.3296875 0.325 0.146875 0.325 0.146875 0.51875 0.3296875 0.51875 0.3296875 0.325
0 0.1390625 0.0015625 0.08125 0.0015625 0.08125 0.0296875 0.1390625 0.0296875 0.1390625 0.0015625
0 0.0453125 0.959375 0.0015625 0.959375 0.0015625 1.0 0.0453125 1.0 0.0453125 0.959375
0 0.2375 0.30625 0.0015625 0.30625 0.0015625 0.625 0.2375 0.625 0.2375 0.30625
0 0.209375 0.05 0.0625 0.05 0.0625 0.340625 0.209375 0.340625 0.209375 0.05
0 0.4796875 0.246875 0.2875 0.246875 0.2875 0.3875 0.4796875 0.3875 0.4796875 0.246875
