0 0.0078125 0.0078125 0.0015625 0.0078125 0.0015625 0.015625 0.0078125 0.015625 0.0078125 0.0078125
0 0.9265625 0.3296875 0.740625 0.3296875 0.740625 0.4125 0.9265625 0.4125 0.9265625 0.3296875
0 0.303125 0.08125 0.2296875 0.08125 0.2296875 0.2453125 0.303125 0.2453125 0.303125 0.08125
0 0.040625 0.7796875 0.0015625 0.7796875 0.0015625 0.809375 0.040625 0.809375 0.040625 0.7796875
0 0.875 0.0015625 0.7421875 0.0015625 0.7421875 0.0953125 0.875 0.0953125 0.875 0.0015625
0 0.146875 0.88125 0.0015625 0.88125 0.0015625 1.0 0.146875 1.0 0.146875 0.88125
0 0.65 0.7265625 0.5546875 0.7265625 0.5546875 0.9875 0.65 0.9875 0.65 0.7265625
0 0.5640625 0.5984375 0.4234375 0.5984375 0.4234375 0.7265625 0.5640625 0.7265625 0.5640625 0.5984375
0 0.2296875 0.0015625 0.1015625 0.0015625 0.1015625 0.1703125 0.2296875 0.1703125 0.2296875 0.0015625
0 1.0 0.409375 0.98125 0.409375 0.98125 0.4421875 1.0 0.4421875 1.0 0.409375
0 0.6015625 0.1109375 0.3109375 0.1109375 0.3109375 0.3703125 0.6015625 0.3703125 0.6015625 0.1109375
0 0.765625 0.246875 0.684375 0.246875 0.684375 0.365625 0.765625 0.365625 0.765625 0.246875
0 0.684375 0.071875 0.6375 0.071875 0.6375 0.321875 0.684375 0.321875 0.684375 0.071875
0 0.8203125 0.0015625 0.7046875 0.0015625 0.7046875 0.0453125 0.8203125 0.0453125 0.8203125 0.0015625
0 1.0 0.0015625 0.98125 0.0015625 0.98125 0.0203125 1.0 0.0203125 1.0 0.0015625
0 0.25625 0.771875 0.175 0.771875 0.175 0.996875 0.25625 0.996875 0.25625 0.771875
0 0.021875 0.8609375 0.0015625 0.8609375 0.0015625 0.9 0.021875 0.9 0.021875 0.8609375
0 0.4109375 0.946875 0.3625 0.946875 0.3625 1.0 0.4109375 1.0 0.4109375 0.946875
0 0.4640625 0.5578125 0.3484375 0.5578125 0.3484375 0.821875 0.4640625 0.821875 0.4640625 0.5578125
0 0.1015625 0.0015625 0.0390625 0.0015625 0.0390625 0.0109375 0.1015625 0.0109375 0.1015625 0.0015625
0 0.6765625 0.9671875 0.55 0.9671875 0.55 1.0 0.6765625 1.0 0.6765625 0.9671875
0 0.95 0.0234375 0.821875 0.0234375 0.821875 0.1640625 0.95 0.1640625 0.95 0.0234375
0 0.9828125 0.0546875 0.88125 0.0546875 0.88125 0.1734375 0.9828125 0.1734375 0.9828125 0.0546875
0 0.928125 0.0015625 0.7453125 0.0015625 0.7453125 0.1890625 0.928125 0.1890625 0.928125 0.0015625
0 0.846875 0.19375 0.75 0.19375 0.75 0.3421875 0.846875 0.3421875 0.846875 0.19375
0 1.0 0.1375 0.91875 0.1375 0.91875 0.26875 1.0 0.26875 1.0 0.1375
0 0.875 0.7984375 0.7265625 0.7984375 0.7265625 0.9171875 0.875 0.9171875 0.875 0.7984375
0 1.0 0.5390625 0.8296875 0.5390625 0.8296875 0.7625 1.0 0.7625 1.0 0.5390625
0 0.7640625 0.653125 0.6421875 0.653125 0.6421875 0.75625 0.7640625 0.75625 0.7640625 0.653125
0 0.6390625 0.35 0.49375 0.35 0.49375 0.528125 0.6390625 0.528125 0.6390625 0.35
0 0.75 0.009375 0.634375 0.009375 0.634375 0.309375 0.75 0.309375 0.75 0.009375
0 0.8515625 0.0015625 0.728125 0.0015625 0.728125 0.0359375 0.8515625 0.0359375 0.8515625 0.0015625
0 0.9875 0.6671875 0.7203125 0.6671875 0.7203125 1.0 0.9875 1.0 0.9875 0.6671875
0 1.0 0.68125 0.9234375 0.68125 0.9234375 0.828125 1.0 0.828125 1.0 0.68125
0 0.9984375 0.4859375 0.89375 0.4859375 0.89375 0.6421875 0.9984375 0.6421875 0.9984375 0.4859375
0 1.0 0.3703125 0.8359375 0.3703125 0.8359375 0.45625 1.0 0.45625 1.0 0.3703125
0 0.8296875 0.109375 0.7421875 0.109375 0.7421875 0.259375 0.8296875 0.259375 0.8296875 0.109375
0 0.025 0.91875 0.0015625 0.91875 0.0015625 1.0 0.025 1.0 0.025 0.91875
0 0.1765625 0.0953125 0.084375 0.0953125 0.084375 0.3625 0.1765625 0.3625 0.1765625 0.0953125
0 0.059375 0.0703125 0.0015625 0.0703125 0.0015625 0.240625 0.059375 0.240625 0.059375 0.0703125
0 0.6921875 0.9609375 0.64375 0.9609375 0.64375 1.0 0.6921875 1.0 0.6921875 0.9609375
0 0.6390625 0.6546875 0.2328125 0.6546875 0.2328125 1.0 0.6390625 1.0 0.6390625 0.6546875
0 0.190625 0.8875 0.0703125 0.8875 0.0703125 1.0 0.190625 1.0 0.190625 0.8875
0 0.2140625 0.734375 0.1359375 0.734375 0.1359375 0.8546875 0.2140625 0.8546875 0.2140625 0.734375
0 0.1765625 0.5703125 0.0484375 0.5703125 0.0484375 0.7375 0.1765625 0.7375 0.1765625 0.5703125
0 0.4921875 0.0734375 0.3671875 0.0734375 0.3671875 0.16875 0.4921875 0.16875 0.4921875 0.0734375
0 0.8921875 0.7203125 0.578125 0.7203125 0.578125 1.0 0.8921875 1.0 0.8921875 0.7203125
0 1.0 0.478125 0.9703125 0.478125 0.9703125 0.54375 1.0 0.54375 1.0 0.478125
0 0.43125 0.0015625 0.3828125 0.0015625 0.3828125 0.0484375 0.43125 0.0484375 0.43125 0.0015625
0 0.1296875 0.6171875 0.0015625 0.6171875 0.0015625 0.728125 0.1296875 0.728125 0.1296875 0.6171875
0 0.8421875 0.0015625 0.0015625 0.0015625 0.0015625 1.0 0.8421875 1.0 0.8421875 0.0015625
0 0.2390625 0.9109375 0.0171875 0.9109375 0.0171875 1.0 0.2390625 1.0 0.2390625 0.9109375
0 0.39375 0.8546875 0.309375 0.8546875 0.309375 0.971875 0.39375 0.971875 0.39375 0.8546875
0 0.1953125 0.740625 0.0015625 0.740625 0.0015625 0.934375 0.1953125 0.934375 0.1953125 0.740625
0 0.446875 0.0015625 0.2953125 0.0015625 0.2953125 0.15 0.446875 0.15 0.446875 0.0015625
0 1.0 0.746875 0.728125 0.746875 0.728125 1.0 1.0 1.0 1.0 0.746875
0 1.0 0.3515625 0.6546875 0.3515625 0.6546875 0.4734375 1.0 0.4734375 1.0 0.3515625
0 0.521875 0.1921875 0.38125 0.1921875 0.38125 0.4953125 0.521875 0.4953125 0.521875 0.1921875
0 0.9375 0.0015625 0.7359375 0.0015625 0.7359375 0.115625 0.9375 0.115625 0.9375 0.0015625
0 1.0 0.634375 0.9765625 0.634375 0.9765625 0.7234375 1.0 0.7234375 1.0 0.634375
0 0.5328125 0.865625 0.46875 0.865625 0.46875 1.0 0.5328125 1.0 0.5328125 0.865625
