0 0.1078125 0.99375 0.0921875 0.99375 0.0921875 1.0 0.1078125 1.0 0.1078125 0.99375
0 0.3890625 0.825 0.2796875 0.825 0.2796875 1.0 0.3890625 1.0 0.3890625 0.825
0 0.240625 0.846875 0.14375 0.846875 0.14375 1.0 0.240625 1.0 0.240625 0.846875
0 0.59375 0.1984375 0.0375 0.1984375 0.0375 0.9828125 0.59375 0.9828125 0.59375 0.1984375
0 0.1421875 0.6046875 0.0390625 0.6046875 0.0390625 0.740625 0.1421875 0.740625 0.1421875 0.6046875
0 0.259375 0.5875 0.1171875 0.5875 0.1171875 0.7125 0.259375 0.7125 0.259375 0.5875
0 0.628125 0.16875 0.415625 0.16875 0.415625 0.2796875 0.628125 0.2796875 0.628125 0.16875
0 0.615625 0.0015625 0.5328125 0.0015625 0.5328125 0.1359375 0.615625 0.1359375 0.615625 0.0015625
0 0.9046875 0.5328125 0.7796875 0.5328125 0.7796875 0.7203125 0.9046875 0.7203125 0.9046875 0.5328125
0 1.0 0.4578125 0.903125 0.4578125 0.903125 0.6875 1.0 0.6875 1.0 0.4578125
0 0.9640625 0.1703125 0.7234375 0.1703125 0.7234375 0.528125 0.9640625 0.528125 0.9640625 0.1703125
0 1.0 0.0015625 0.8328125 0.0015625 0.8328125 0.2265625 1.0 0.2265625 1.0 0.0015625
0 0.1375 0.734375 0.0015625 0.734375 0.0015625 0.9109375 0.1375 0.9109375 0.1375 0.734375
0 0.0921875 0.4625 0.0015625 0.4625 0.0015625 0.653125 0.0921875 0.653125 0.0921875 0.4625
0 0.4359375 0.8125 0.315625 0.8125 0.315625 1.0 0.4359375 1.0 0.4359375 0.8125
0 0.2875 0.4671875 0.0953125 0.4671875 0.0953125 0.6515625 0.2875 0.6515625 0.2875 0.4671875
0 0.2609375 0.4015625 0.10625 0.4015625 0.10625 0.5171875 0.2609375 0.5171875 0.2609375 0.4015625
0 0.3703125 0.0171875 0.2703125 0.0171875 0.2703125 0.153125 0.3703125 0.153125 0.3703125 0.0171875
0 0.578125 0.484375 0.4828125 0.484375 0.4828125 0.6484375 0.578125 0.6484375 0.578125 0.484375
0 0.9109375 0.140625 0.7859375 0.140625 0.7859375 0.325 0.9109375 0.325 0.9109375 0.140625
0 0.2828125 0.9953125 0.2328125 0.9953125 0.2328125 1.0 0.2828125 1.0 0.2828125 0.9953125
0 0.1265625 0.8765625 0.0015625 0.8765625 0.0015625 1.0 0.1265625 1.0 0.1265625 0.8765625
0 0.3390625 0.5765625 0.0015625 0.5765625 0.0015625 0.8984375 0.3390625 0.8984375 0.3390625 0.5765625
0 0.3890625 0.728125 0.2734375 0.728125 0.2734375 0.85625 0.3890625 0.85625 0.3890625 0.728125
0 0.103125 0.7296875 0.0015625 0.7296875 0.0015625 0.821875 0.103125 0.821875 0.103125 0.7296875
0 0.2234375 0.4515625 0.0640625 0.4515625 0.0640625 0.640625 0.2234375 0.640625 0.2234375 0.4515625
0 0.1484375 0.2171875 0.0015625 0.2171875 0.0015625 0.55 0.1484375 0.55 0.1484375 0.2171875
0 0.609375 0.0015625 0.1203125 0.0015625 0.1203125 0.6015625 0.609375 0.6015625 0.609375 0.0015625
0 0.5234375 0.0015625 0.375 0.0015625 0.375 0.096875 0.5234375 0.096875 0.5234375 0.0015625
0 0.509375 0.890625 0.4296875 0.890625 0.4296875 1.0 0.509375 1.0 0.509375 0.890625
0 1.0 0.7546875 0.9390625 0.7546875 0.9390625 0.8375 1.0 0.8375 1.0 0.7546875
0 0.909375 0.7140625 0.74375 0.7140625 0.74375 0.7984375 0.909375 0.7984375 0.909375 0.7140625
0 0.9953125 0.646875 0.86875 0.646875 0.86875 0.7359375 0.9953125 0.7359375 0.9953125 0.646875
0 0.9203125 0.415625 0.6828125 0.415625 0.6828125 0.6953125 0.9203125 0.6953125 0.9203125 0.415625
0 1.0 0.509375 0.9359375 0.509375 0.9359375 0.6578125 1.0 0.6578125 1.0 0.509375
0 1.0 0.1625 0.8625 0.1625 0.8625 0.484375 1.0 0.484375 1.0 0.1625
0 0.959375 0.3515625 0.8171875 0.3515625 0.8171875 0.440625 0.959375 0.440625 0.959375 0.3515625
0 1.0 0.0890625 0.990625 0.0890625 0.990625 0.109375 1.0 0.109375 1.0 0.0890625
0 0.8453125 0.040625 0.7296875 0.040625 0.7296875 0.1546875 0.8453125 0.1546875 0.8453125 0.040625
0 0.8234375 0.0015625 0.68125 0.0015625 0.68125 0.040625 0.8234375 0.040625 0.8234375 0.0015625
0 0.65625 0.0015625 0.5515625 0.0015625 0.5515625 0.140625 0.65625 0.140625 0.65625 0.0015625
0 1.0 0.6875 0.678125 0.6875 0.678125 1.0 1.0 1.0 1.0 0.6875
0 1.0 0.8421875 0.921875 0.8421875 0.921875 1.0 1.0 1.0 1.0 0.8421875
0 0.8671875 0.9078125 0.6984375 0.9078125 0.6984375 1.0 0.8671875 1.0 0.8671875 0.9078125
0 1.0 0.0015625 0.0015625 0.0015625 0.0015625 1.0 1.0 1.0 1.0 0.0015625
0 0.1640625 0.8484375 0.05625 0.8484375 0.05625 1.0 0.1640625 1.0 0.1640625 0.8484375
0 0.334375 0.753125 0.153125 0.753125 0.153125 1.0 0.334375 1.0 0.334375 0.753125
0 0.43125 0.6671875 0.334375 0.6671875 0.334375 0.8828125 0.43125 0.8828125 0.43125 0.6671875
0 0.4359375 0.4328125 0.3140625 0.4328125 0.3140625 0.5625 0.4359375 0.5625 0.4359375 0.4328125
0 0.3015625 0.3953125 0.078125 0.3953125 0.078125 0.5671875 0.3015625 0.5671875 0.3015625 0.3953125
0 0.4796875 0.2921875 0.3671875 0.2921875 0.3671875 0.38125 0.4796875 0.38125 0.4796875 0.2921875
0 0.346875 0.15625 0.1984375 0.15625 0.1984375 0.284375 0.346875 0.284375 0.346875 0.15625
0 1.0 0.3375 0.828125 0.3375 0.828125 0.515625 1.0 0.515625 1.0 0.3375
0 1.0 0.7140625 0.9796875 0.7140625 0.9796875 0.7625 1.0 0.7625 1.0 0.7140625
