0 0.3046875 0.434375 0.1875 0.434375 0.1875 0.609375 0.3046875 0.609375 0.3046875 0.434375
0 0.4328125 0.328125 0.3234375 0.328125 0.3234375 0.53125 0.4328125 0.53125 0.4328125 0.328125
0 0.271875 0.5453125 0.0828125 0.5453125 0.0828125 0.6890625 0.271875 0.6890625 0.271875 0.5453125
0 0.18125 0.8453125 0.1046875 0.8453125 0.1046875 1.0 0.18125 1.0 0.18125 0.8453125
0 0.3171875 0.6796875 0.165625 0.6796875 0.165625 0.8921875 0.3171875 0.8921875 0.3171875 0.6796875
0 0.3921875 0.2953125 0.2921875 0.2953125 0.2921875 0.396875 0.3921875 0.396875 0.3921875 0.2953125
0 0.1359375 0.2390625 0.01875 0.2390625 0.01875 0.38125 0.1359375 0.38125 0.1359375 0.2390625
0 0.675 0.0015625 0.3640625 0.0015625 0.3640625 0.275 0.675 0.275 0.675 0.0015625
0 0.7640625 0.0015625 0.7234375 0.0015625 0.7234375 0.0375 0.7640625 0.0375 0.7640625 0.0015625
0 0.6359375 0.0015625 0.559375 0.0015625 0.559375 0.0484375 0.6359375 0.0484375 0.6359375 0.0015625
0 0.021875 0.978125 0.0015625 0.978125 0.0015625 1.0 0.021875 1.0 0.021875 0.978125
0 0.1796875 0.4609375 0.0859375 0.4609375 0.0859375 0.6484375 0.1796875 0.6484375 0.1796875 0.4609375
0 0.19375 0.628125 0.0015625 0.628125 0.0015625 0.9546875 0.19375 0.9546875 0.19375 0.628125
0 0.2390625 0.5046875 0.115625 0.5046875 0.115625 0.628125 0.2390625 0.628125 0.2390625 0.5046875
0 1.0 0.1671875 0.98125 0.1671875 0.98125 0.259375 1.0 0.259375 1.0 0.1671875
0 0.7265625 0.6734375 0.590625 0.6734375 0.590625 0.7671875 0.7265625 0.7671875 0.7265625 0.6734375
0 0.609375 0.6078125 0.4265625 0.6078125 0.4265625 0.7140625 0.609375 0.7140625 0.609375 0.6078125
0 0.9328125 0.4140625 0.834375 0.4140625 0.834375 0.725 0.9328125 0.725 0.9328125 0.4140625
0 0.021875 0.4203125 0.0015625 0.4203125 0.0015625 0.4390625 0.021875 0.4390625 0.021875 0.4203125
0 0.728125 0.4578125 0.61875 0.4578125 0.61875 0.5984375 0.728125 0.5984375 0.728125 0.4578125
0 0.571875 0.43125 0.3859375 0.43125 0.3859375 0.615625 0.571875 0.615625 0.571875 0.43125
0 0.6703125 0.1921875 0.4453125 0.1921875 0.4453125 0.5171875 0.6703125 0.5171875 0.6703125 0.1921875
0 0.6796875 0.3421875 0.5734375 0.3421875 0.5734375 0.4546875 0.6796875 0.4546875 0.6796875 0.3421875
0 0.375 0.015625 0.0015625 0.015625 0.0015625 0.2484375 0.375 0.2484375 0.375 0.015625
0 0.9890625 0.4859375 0.9140625 0.4859375 0.9140625 0.6984375 0.9890625 0.6984375 0.9890625 0.4859375
0 1.0 0.5171875 0.9890625 0.5171875 0.9890625 0.5625 1.0 0.5625 1.0 0.5171875
0 1.0 0.1390625 0.9921875 0.1390625 0.9921875 0.1515625 1.0 0.1515625 1.0 0.1390625
0 0.934375 0.0015625 0.903125 0.0015625 0.903125 0.009375 0.934375 0.009375 0.934375 0.0015625
0 0.546875 0.021875 0.4171875 0.021875 0.4171875 0.2109375 0.546875 0.2109375 0.546875 0.021875
0 0.26875 0.625 0.0984375 0.625 0.0984375 0.83125 0.26875 0.83125 0.26875 0.625
0 0.5203125 0.5921875 0.3765625 0.5921875 0.3765625 0.7703125 0.5203125 0.7703125 0.5203125 0.5921875
0 0.2296875 0.846875 0.1203125 0.846875 0.1203125 0.9609375 0.2296875 0.9609375 0.2296875 0.846875
0 0.2328125 0.1875 0.1171875 0.1875 0.1171875 0.309375 0.2328125 0.309375 0.2328125 0.1875
0 0.6765625 0.046875 0.5859375 0.046875 0.5859375 0.1625 0.6765625 0.1625 0.6765625 0.046875
0 0.58125 0.0015625 0.478125 0.0015625 0.478125 0.0921875 0.58125 0.0921875 0.58125 0.0015625
0 0.9453125 0.8921875 0.8015625 0.8921875 0.8015625 1.0 0.9453125 1.0 0.9453125 0.8921875
0 0.0703125 0.85625 0.0015625 0.85625 0.0015625 0.9140625 0.0703125 0.9140625 0.0703125 0.85625
0 0.3046875 0.390625 0.16875 0.390625 0.16875 0.50625 0.3046875 0.50625 0.3046875 0.390625
0 0.9265625 0.084375 0.7984375 0.084375 0.7984375 0.31875 0.9265625 0.31875 0.9265625 0.084375
0 0.8171875 0.121875 0.7265625 0.121875 0.7265625 0.2265625 0.8171875 0.2265625 0.8171875 0.121875
0 0.5578125 0.0015625 0.4640625 0.0015625 0.4640625 0.0390625 0.5578125 0.0390625 0.5578125 0.0015625
0 0.2 0.0046875 0.0734375 0.0046875 0.0734375 0.109375 0.2 0.109375 0.2 0.0046875
0 0.41875 0.0015625 0.215625 0.0015625 0.215625 0.0890625 0.41875 0.0890625 0.41875 0.0015625
0 0.725 0.76875 0.55 0.76875 0.55 0.978125 0.725 0.978125 0.725 0.76875
0 0.5234375 0.7515625 0.3578125 0.7515625 0.3578125 0.8890625 0.5234375 0.8890625 0.5234375 0.7515625
0 1.0 0.85 0.759375 0.85 0.759375 1.0 1.0 1.0 1.0 0.85
0 0.303125 0.6515625 0.1984375 0.6515625 0.1984375 0.8140625 0.303125 0.8140625 0.303125 0.6515625
0 1.0 0.190625 0.8859375 0.190625 0.8859375 0.365625 1.0 0.365625 1.0 0.190625
0 0.2328125 0.621875 0.0625 0.621875 0.0625 0.78125 0.2328125 0.78125 0.2328125 0.621875
0 0.6859375 0.0015625 0.6703125 0.0015625 0.6703125 0.021875 0.6859375 0.021875 0.6859375 0.0015625
0 0.0390625 0.934375 0.0015625 0.934375 0.0015625 0.978125 0.0390625 0.978125 0.0390625 0.934375
0 1.0 0.0015625 0.0015625 0.0015625 0.0015625 1.0 1.0 1.0 1.0 0.0015625
0 0.3578125 0.0015625 0.00625 0.0015625 0.00625 0.0921875 0.3578125 0.0921875 0.3578125 0.0015625
