0 0.2453125 0.6953125 0.0484375 0.6953125 0.0484375 0.9484375 0.2453125 0.9484375 0.2453125 0.6953125
0 0.796875 0.0015625 0.73125 0.0015625 0.73125 0.0421875 0.796875 0.0421875 0.796875 0.0015625
0 1.0 0.4875 0.9890625 0.4875 0.9890625 0.6015625 1.0 0.6015625 1.0 0.4875
0 0.9109375 0.88125 0.6546875 0.88125 0.6546875 1.0 0.9109375 1.0 0.9109375 0.88125
0 0.0609375 0.6828125 0.0015625 0.6828125 0.0015625 0.9265625 0.0609375 0.9265625 0.0609375 0.6828125
0 0.3984375 0.565625 0.24375 0.565625 0.24375 0.775 0.3984375 0.775 0.3984375 0.565625
0 1.0 0.8875 0.9640625 0.8875 0.9640625 0.9375 1.0 0.9375 1.0 0.8875
0 0.596875 0.375 0.278125 0.375 0.278125 0.9703125 0.596875 0.9703125 0.596875 0.375
0 0.175 0.60625 0.01875 0.60625 0.01875 0.7796875 0.175 0.7796875 0.175 0.60625
0 0.31875 0.209375 0.1640625 0.209375 0.1640625 0.6890625 0.31875 0.6890625 0.31875 0.209375
0 0.534375 0.3234375 0.3609375 0.3234375 0.3609375 0.440625 0.534375 0.440625 0.534375 0.3234375
0 0.7890625 0.9234375 0.6296875 0.9234375 0.6296875 1.0 0.7890625 1.0 0.7890625 0.9234375
0 0.6875 0.334375 0.6015625 0.334375 0.6015625 0.578125 0.6875 0.578125 0.6875 0.334375
