0 1.0 0.0453125 0.5625 0.0453125 0.5625 0.478125 1.0 0.478125 1.0 0.0453125
0 1.0 0.9859375 0.215625 0.9859375 0.215625 1.0 1.0 1.0 1.0 0.9859375
0 1.0 0.4046875 0.828125 0.4046875 0.828125 0.83125 1.0 0.83125 1.0 0.4046875
0 0.6328125 0.4609375 0.4984375 0.4609375 0.4984375 0.646875 0.6328125 0.646875 0.6328125 0.4609375
0 1.0 0.4921875 0.9796875 0.4921875 0.9796875 0.5421875 1.0 0.5421875 1.0 0.4921875
0 0.3203125 0.8359375 0.0015625 0.8359375 0.0015625 1.0 0.3203125 1.0 0.3203125 0.8359375
0 1.0 0.9046875 0.90625 0.9046875 0.90625 1.0 1.0 1.0 1.0 0.9046875
0 0.6328125 0.7859375 0.2609375 0.7859375 0.2609375 0.959375 0.6328125 0.959375 0.6328125 0.7859375
0 1.0 0.3046875 0.421875 0.3046875 0.421875 0.90625 1.0 0.90625 1.0 0.3046875
0 0.98125 0.053125 0.6890625 0.053125 0.6890625 0.24375 0.98125 0.24375 0.98125 0.053125
