0 0.403125 0.95625 0.3265625 0.95625 0.3265625 1.0 0.403125 1.0 0.403125 0.95625
0 0.2140625 0.78125 0.1078125 0.78125 0.1078125 0.959375 0.2140625 0.959375 0.2140625 0.78125
0 0.03125 0.8828125 0.0015625 0.8828125 0.0015625 1.0 0.03125 1.0 0.03125 0.8828125
0 0.271875 0.5390625 0.184375 0.5390625 0.184375 0.703125 0.271875 0.703125 0.271875 0.5390625
0 0.6234375 0.35 0.559375 0.35 0.559375 0.484375 0.6234375 0.484375 0.6234375 0.35
0 0.3171875 0.128125 0.240625 0.128125 0.240625 0.334375 0.3171875 0.334375 0.3171875 0.128125
0 0.55 0.1109375 0.3765625 0.1109375 0.3765625 0.3171875 0.55 0.3171875 0.55 0.1109375
0 0.35625 0.603125 0.2546875 0.603125 0.2546875 0.7859375 0.35625 0.7859375 0.35625 0.603125
0 0.16875 0.9265625 0.0453125 0.9265625 0.0453125 1.0 0.16875 1.0 0.16875 0.9265625
0 0.396875 0.715625 0.290625 0.715625 0.290625 0.884375 0.396875 0.884375 0.396875 0.715625
0 0.4203125 0.5484375 0.29375 0.5484375 0.29375 0.678125 0.4203125 0.678125 0.4203125 0.5484375
0 0.1671875 0.3546875 0.0015625 0.3546875 0.0015625 0.5921875 0.1671875 0.5921875 0.1671875 0.3546875
0 0.6359375 0.2578125 0.5328125 0.2578125 0.5328125 0.384375 0.6359375 0.384375 0.6359375 0.2578125
0 0.51875 0.0015625 0.0015625 0.0015625 0.0015625 0.73125 0.51875 0.73125 0.51875 0.0015625
0 0.03125 0.990625 0.0125 0.990625 0.0125 1.0 0.03125 1.0 0.03125 0.990625
0 1.0 0.88125 0.8234375 0.88125 0.8234375 1.0 1.0 1.0 1.0 0.88125
0 0.821875 0.8859375 0.7265625 0.8859375 0.7265625 1.0 0.821875 1.0 0.821875 0.8859375
0 0.753125 0.3234375 0.553125 0.3234375 0.553125 0.6578125 0.753125 0.6578125 0.753125 0.3234375
0 0.6859375 0.1265625 0.359375 0.1265625 0.359375 0.58125 0.6859375 0.58125 0.6859375 0.1265625
