0 0.0984375 0.04375 0.0015625 0.04375 0.0015625 0.30625 0.0984375 0.30625 0.0984375 0.04375
0 0.25 0.0015625 0.1546875 0.0015625 0.1546875 0.1109375 0.25 0.1109375 0.25 0.0015625
0 0.140625 0.0015625 0.0015625 0.0015625 0.0015625 0.06875 0.140625 0.06875 0.140625 0.0015625
0 1.0 0.90625 0.8171875 0.90625 0.8171875 1.0 1.0 1.0 1.0 0.90625
0 0.91875 0.0015625 0.8296875 0.0015625 0.8296875 0.109375 0.91875 0.109375 0.91875 0.0015625
0 0.4515625 0.14375 0.334375 0.14375 0.334375 0.2421875 0.4515625 0.2421875 0.4515625 0.14375
0 0.9578125 0.5671875 0.8671875 0.5671875 0.8671875 0.690625 0.9578125 0.690625 0.9578125 0.5671875
0 0.4578125 0.8015625 0.246875 0.8015625 0.246875 0.9859375 0.4578125 0.9859375 0.4578125 0.8015625
0 0.3359375 0.7578125 0.2 0.7578125 0.2 0.8890625 0.3359375 0.8890625 0.3359375 0.7578125
0 0.36875 0.4546875 0.28125 0.4546875 0.28125 0.5859375 0.36875 0.5859375 0.36875 0.4546875
0 1.0 0.59375 0.9109375 0.59375 0.9109375 0.8828125 1.0 0.8828125 1.0 0.59375
0 0.959375 0.415625 0.7640625 0.415625 0.7640625 0.6953125 0.959375 0.6953125 0.959375 0.415625
0 0.996875 0.0015625 0.8328125 0.0015625 0.8328125 0.4109375 0.996875 0.4109375 0.996875 0.0015625
0 1.0 0.153125 0.9390625 0.153125 0.9390625 0.2203125 1.0 0.2203125 1.0 0.153125
0 0.9734375 0.0015625 0.903125 0.0015625 0.903125 0.1109375 0.9734375 0.1109375 0.9734375 0.0015625
0 0.6140625 0.821875 0.496875 0.821875 0.496875 0.9890625 0.6140625 0.9890625 0.6140625 0.821875
0 0.1015625 0.6671875 0.0296875 0.6671875 0.0296875 0.846875 0.1015625 0.846875 0.1015625 0.6671875
0 0.459375 0.7078125 0.3375 0.7078125 0.3375 0.78125 0.459375 0.78125 0.459375 0.7078125
0 0.19375 0.6015625 0.08125 0.6015625 0.08125 0.7109375 0.19375 0.7109375 0.19375 0.6015625
0 0.4515625 0.5578125 0.2921875 0.5578125 0.2921875 0.65 0.4515625 0.65 0.4515625 0.5578125
0 0.25625 0.4859375 0.1734375 0.4859375 0.1734375 0.5921875 0.25625 0.5921875 0.25625 0.4859375
0 0.5453125 0.2859375 0.425 0.2859375 0.425 0.50625 0.5453125 0.50625 0.5453125 0.2859375
0 0.2421875 0.2875 0.053125 0.2875 0.053125 0.39375 0.2421875 0.39375 0.2421875 0.2875
0 0.9015625 0.9875 0.8625 0.9875 0.8625 1.0 0.9015625 1.0 0.9015625 0.9875
0 0.9859375 0.578125 0.79375 0.578125 0.79375 0.80625 0.9859375 0.80625 0.9859375 0.578125
0 1.0 0.4359375 0.9265625 0.4359375 0.9265625 0.603125 1.0 0.603125 1.0 0.4359375
0 1.0 0.31875 0.946875 0.31875 0.946875 0.4109375 1.0 0.4109375 1.0 0.31875
0 1.0 0.0421875 0.878125 0.0421875 0.878125 0.175 1.0 0.175 1.0 0.0421875
0 0.30625 0.6296875 0.175 0.6296875 0.175 0.715625 0.30625 0.715625 0.30625 0.6296875
0 0.4296875 0.4796875 0.321875 0.4796875 0.321875 0.6 0.4296875 0.6 0.4296875 0.4796875
0 0.3921875 0.36875 0.284375 0.36875 0.284375 0.471875 0.3921875 0.471875 0.3921875 0.36875
0 0.959375 0.7234375 0.81875 0.7234375 0.81875 0.9125 0.959375 0.9125 0.959375 0.7234375
0 1.0 0.190625 0.909375 0.190625 0.909375 0.33125 1.0 0.33125 1.0 0.190625
0 1.0 0.0015625 0.95 0.0015625 0.95 0.0578125 1.0 0.0578125 1.0 0.0015625
0 1.0 0.9640625 0.9953125 0.9640625 0.9953125 0.9890625 1.0 0.9890625 1.0 0.9640625
0 0.053125 0.6671875 0.0015625 0.6671875 0.0015625 0.8109375 0.053125 0.8109375 0.053125 0.6671875
0 1.0 0.3765625 0.828125 0.3765625 0.828125 0.471875 1.0 0.471875 1.0 0.3765625
0 0.25625 0.9953125 0.24375 0.9953125 0.24375 1.0 0.25625 1.0 0.25625 0.9953125
0 0.1515625 0.0015625 0.0859375 0.0015625 0.0859375 0.040625 0.1515625 0.040625 0.1515625 0.0015625
0 0.1140625 0.8328125 0.0015625 0.8328125 0.0015625 0.95625 0.1140625 0.95625 0.1140625 0.8328125
0 0.24375 0.515625 0.0015625 0.515625 0.0015625 0.6390625 0.24375 0.6390625 0.24375 0.515625
0 0.1140625 0.2734375 0.0015625 0.2734375 0.0015625 0.478125 0.1140625 0.478125 0.1140625 0.2734375
0 0.5546875 0.8375 0.4671875 0.8375 0.4671875 1.0 0.5546875 1.0 0.5546875 0.8375
0 0.2046875 0.353125 0.06875 0.353125 0.06875 0.453125 0.2046875 0.453125 0.2046875 0.353125
0 0.1078125 0.95 0.0015625 0.95 0.0015625 1.0 0.1078125 1.0 0.1078125 0.95
0 0.3046875 0.703125 0.1640625 0.703125 0.1640625 0.853125 0.3046875 0.853125 0.3046875 0.703125
0 0.46875 0.5953125 0.334375 0.5953125 0.334375 0.728125 0.46875 0.728125 0.46875 0.5953125
0 0.20625 0.0515625 0.0921875 0.0515625 0.0921875 0.2046875 0.20625 0.2046875 0.20625 0.0515625
0 0.971875 0.8015625 0.8359375 0.8015625 0.8359375 0.9515625 0.971875 0.9515625 0.971875 0.8015625
0 0.9046875 0.409375 0.7375 0.409375 0.7375 0.809375 0.9046875 0.809375 0.9046875 0.409375
0 1.0 0.4453125 0.9078125 0.4453125 0.9078125 0.5625 1.0 0.5625 1.0 0.4453125
0 0.9859375 0.1578125 0.8546875 0.1578125 0.8546875 0.384375 0.9859375 0.384375 0.9859375 0.1578125
0 0.846875 0.0015625 0.8125 0.0015625 0.8125 0.2125 0.846875 0.2125 0.846875 0.0015625
0 0.0796875 0.990625 0.0640625 0.990625 0.0640625 1.0 0.0796875 1.0 0.0796875 0.990625
0 0.15625 0.440625 0.0421875 0.440625 0.0421875 0.5890625 0.15625 0.5890625 0.15625 0.440625
0 0.4484375 0.2625 0.3484375 0.2625 0.3484375 0.4171875 0.4484375 0.4171875 0.4484375 0.2625
0 0.25 0.0015625 0.09375 0.0015625 0.09375 0.2734375 0.25 0.2734375 0.25 0.0015625
0 1.0 0.853125 0.98125 0.853125 0.98125 0.9390625 1.0 0.9390625 1.0 0.853125
0 0.33125 0.375 0.196875 0.375 0.196875 0.6984375 0.33125 0.6984375 0.33125 0.375
0 0.04375 0.940625 0.0015625 0.940625 0.0015625 1.0 0.04375 1.0 0.04375 0.940625
0 0.0203125 0.8296875 0.0015625 0.8296875 0.0015625 0.890625 0.0203125 0.890625 0.0203125 0.8296875
0 0.0390625 0.3359375 0.0015625 0.3359375 0.0015625 0.615625 0.0390625 0.615625 0.0390625 0.3359375
0 0.025 0.0203125 0.0015625 0.0203125 0.0015625 0.06875 0.025 0.06875 0.025 0.0203125
0 0.5515625 0.78125 0.2328125 0.78125 0.2328125 1.0 0.5515625 1.0 0.5515625 0.78125
0 0.234375 0.709375 0.0765625 0.709375 0.0765625 1.0 0.234375 1.0 0.234375 0.709375
0 0.3734375 0.578125 0.246875 0.578125 0.246875 0.83125 0.3734375 0.83125 0.3734375 0.578125
0 0.35 0.0015625 0.0703125 0.0015625 0.0703125 0.51875 0.35 0.51875 0.35 0.0015625
0 0.6453125 0.9875 0.603125 0.9875 0.603125 1.0 0.6453125 1.0 0.6453125 0.9875
0 0.8359375 0.946875 0.7734375 0.946875 0.7734375 1.0 0.8359375 1.0 0.8359375 0.946875
0 0.771875 0.8453125 0.553125 0.8453125 0.553125 1.0 0.771875 1.0 0.771875 0.8453125
0 0.6734375 0.25625 0.5171875 0.25625 0.5171875 0.6625 0.6734375 0.6625 0.6734375 0.25625
0 1.0 0.18125 0.99375 0.18125 0.99375 0.2015625 1.0 0.2015625 1.0 0.18125
0 0.1875 0.9109375 0.0015625 0.9109375 0.0015625 0.9828125 0.1875 0.9828125 0.1875 0.9109375
0 0.1453125 0.0640625 0.021875 0.0640625 0.021875 0.1953125 0.1453125 0.1953125 0.1453125 0.0640625
