0 0.3 0.0015625 0.18125 0.0015625 0.18125 0.10625 0.3 0.10625 0.3 0.0015625
0 0.0984375 0.6109375 0.0015625 0.6109375 0.0015625 0.796875 0.0984375 0.796875 0.0984375 0.6109375
0 0.965625 0.3484375 0.8 0.3484375 0.8 0.503125 0.965625 0.503125 0.965625 0.3484375
0 0.240625 0.9703125 0.15 0.9703125 0.15 1.0 0.240625 1.0 0.240625 0.9703125
0 0.2890625 0.6328125 0.0890625 0.6328125 0.0890625 0.8484375 0.2890625 0.8484375 0.2890625 0.6328125
0 0.175 0.8265625 0.0296875 0.8265625 0.0296875 0.996875 0.175 0.996875 0.175 0.8265625
0 0.44375 0.3375 0.315625 0.3375 0.315625 0.5328125 0.44375 0.5328125 0.44375 0.3375
0 1.0 0.540625 0.9265625 0.540625 0.9265625 0.6515625 1.0 0.6515625 1.0 0.540625
0 0.9359375 0.2453125 0.6796875 0.2453125 0.6796875 0.484375 0.9359375 0.484375 0.9359375 0.2453125
0 0.528125 0.825 0.375 0.825 0.375 1.0 0.528125 1.0 0.528125 0.825
0 0.85625 0.7671875 0.715625 0.7671875 0.715625 1.0 0.85625 1.0 0.85625 0.7671875
0 1.0 0.3234375 0.9078125 0.3234375 0.9078125 0.5046875 1.0 0.5046875 1.0 0.3234375
0 0.9078125 0.540625 0.6890625 0.540625 0.6890625 0.9734375 0.9078125 0.9734375 0.9078125 0.540625
0 1.0 0.459375 0.9859375 0.459375 0.9859375 0.503125 1.0 0.503125 1.0 0.459375
0 0.253125 0.7375 0.1078125 0.7375 0.1078125 1.0 0.253125 1.0 0.253125 0.7375
0 0.909375 0.7296875 0.8203125 0.7296875 0.8203125 0.8828125 0.909375 0.8828125 0.909375 0.7296875
0 0.0078125 0.80625 0.0015625 0.80625 0.0015625 0.8625 0.0078125 0.8625 0.0078125 0.80625
0 0.4546875 0.8 0.36875 0.8 0.36875 0.915625 0.4546875 0.915625 0.4546875 0.8
0 0.171875 0.6796875 0.053125 0.6796875 0.053125 0.846875 0.171875 0.846875 0.171875 0.6796875
0 0.471875 0.5734375 0.3515625 0.5734375 0.3515625 0.728125 0.471875 0.728125 0.471875 0.5734375
0 0.928125 0.0875 0.7890625 0.0875 0.7890625 0.209375 0.928125 0.209375 0.928125 0.0875
0 0.95625 0.103125 0.8609375 0.103125 0.8609375 0.2 0.95625 0.2 0.95625 0.103125
0 0.046875 0.95625 0.0015625 0.95625 0.0015625 1.0 0.046875 1.0 0.046875 0.95625
0 0.0078125 0.0015625 0.0015625 0.0015625 0.0015625 0.0390625 0.0078125 0.0390625 0.0078125 0.0015625
0 0.4453125 0.8453125 0.325 0.8453125 0.325 0.9828125 0.4453125 0.9828125 0.4453125 0.8453125
0 0.4859375 0.4328125 0.409375 0.4328125 0.409375 0.6640625 0.4859375 0.6640625 0.4859375 0.4328125
0 0.715625 0.2 0.603125 0.2 0.603125 0.3546875 0.715625 0.3546875 0.715625 0.2
0 0.8421875 0.0015625 0.7390625 0.0015625 0.7390625 0.0421875 0.8421875 0.0421875 0.8421875 0.0015625
0 0.859375 0.59375 0.7875 0.59375 0.7875 0.784375 0.859375 0.784375 0.859375 0.59375
0 1.0 0.596875 0.934375 0.596875 0.934375 0.7375 1.0 0.7375 1.0 0.596875
0 0.85625 0.4171875 0.7546875 0.4171875 0.7546875 0.51875 0.85625 0.51875 0.85625 0.4171875
0 0.834375 0.296875 0.7296875 0.296875 0.7296875 0.3859375 0.834375 0.3859375 0.834375 0.296875
0 1.0 0.2234375 0.9359375 0.2234375 0.9359375 0.36875 1.0 0.36875 1.0 0.2234375
0 1.0 0.025 0.915625 0.025 0.915625 0.2078125 1.0 0.2078125 1.0 0.025
0 1.0 0.065625 1.0 0.065625 1.0 0.0703125 1.0 0.0703125 1.0 0.065625
0 0.95625 0.190625 0.7953125 0.190625 0.7953125 0.4171875 0.95625 0.4171875 0.95625 0.190625
0 0.8328125 0.1734375 0.7171875 0.1734375 0.7171875 0.309375 0.8328125 0.309375 0.8328125 0.1734375
0 1.0 0.0015625 0.959375 0.0015625 0.959375 0.090625 1.0 0.090625 1.0 0.0015625
0 0.065625 0.8171875 0.0015625 0.8171875 0.0015625 0.9640625 0.065625 0.9640625 0.065625 0.8171875
0 0.253125 0.1703125 0.0515625 0.1703125 0.0515625 0.384375 0.253125 0.384375 0.253125 0.1703125
0 0.9234375 0.0015625 0.6671875 0.0015625 0.6671875 0.20625 0.9234375 0.20625 0.9234375 0.0015625
0 0.528125 0.0015625 0.4640625 0.0015625 0.4640625 0.059375 0.528125 0.059375 0.528125 0.0015625
0 0.878125 0.0015625 0.8734375 0.0015625 0.8734375 0.0015625 0.878125 0.0015625 0.878125 0.0015625
0 0.271875 0.7078125 0.1296875 0.7078125 0.1296875 0.878125 0.271875 0.878125 0.271875 0.7078125
0 0.4453125 0.078125 0.3546875 0.078125 0.3546875 0.3296875 0.4453125 0.3296875 0.4453125 0.078125
0 1.0 0.5953125 0.9078125 0.5953125 0.9078125 0.75 1.0 0.75 1.0 0.5953125
0 0.046875 0.4859375 0.0015625 0.4859375 0.0015625 0.784375 0.046875 0.784375 0.046875 0.4859375
0 0.1234375 0.73125 0.028125 0.73125 0.028125 0.8765625 0.1234375 0.8765625 0.1234375 0.73125
0 0.328125 0.7515625 0.1765625 0.7515625 0.1765625 1.0 0.328125 1.0 0.328125 0.7515625
0 0.5921875 0.5046875 0.44375 0.5046875 0.44375 1.0 0.5921875 1.0 0.5921875 0.5046875
0 0.65625 0.4046875 0.55 0.4046875 0.55 0.8234375 0.65625 0.8234375 0.65625 0.4046875
0 0.6078125 0.2625 0.4328125 0.2625 0.4328125 0.4640625 0.6078125 0.4640625 0.6078125 0.2625
0 1.0 0.471875 0.6171875 0.471875 0.6171875 1.0 1.0 1.0 1.0 0.471875
0 1.0 0.740625 0.94375 0.740625 0.94375 0.8875 1.0 0.8875 1.0 0.740625
0 0.6 0.409375 0.440625 0.409375 0.440625 0.709375 0.6 0.709375 0.6 0.409375
