0 0.709375 0.4578125 0.6359375 0.4578125 0.6359375 0.603125 0.709375 0.603125 0.709375 0.4578125
0 0.5671875 0.0015625 0.525 0.0015625 0.525 0.0328125 0.5671875 0.0328125 0.5671875 0.0015625
0 0.8265625 0.1875 0.4015625 0.1875 0.4015625 0.678125 0.8265625 0.678125 0.8265625 0.1875
0 1.0 0.45625 0.9578125 0.45625 0.9578125 0.55625 1.0 0.55625 1.0 0.45625
0 0.99375 0.0015625 0.853125 0.0015625 0.853125 0.1578125 0.99375 0.1578125 0.99375 0.0015625
0 0.878125 0.0015625 0.69375 0.0015625 0.69375 0.1765625 0.878125 0.1765625 0.878125 0.0015625
0 1.0 0.0015625 0.1453125 0.0015625 0.1453125 0.5953125 1.0 0.5953125 1.0 0.0015625
0 1.0 0.0015625 0.7359375 0.0015625 0.7359375 0.2203125 1.0 0.2203125 1.0 0.0015625
0 1.0 0.3 0.9921875 0.3 0.9921875 0.3421875 1.0 0.3421875 1.0 0.3
0 0.04375 0.26875 0.0015625 0.26875 0.0015625 0.3125 0.04375 0.3125 0.04375 0.26875
0 0.396875 0.534375 0.19375 0.534375 0.19375 0.8 0.396875 0.8 0.396875 0.534375
0 0.09375 0.96875 0.0015625 0.96875 0.0015625 1.0 0.09375 1.0 0.09375 0.96875
0 0.6046875 0.396875 0.2953125 0.396875 0.2953125 0.64375 0.6046875 0.64375 0.6046875 0.396875
