0 0.3984375 0.1765625 0.2640625 0.1765625 0.2640625 0.328125 0.3984375 0.328125 0.3984375 0.1765625
0 0.865625 0.609375 0.7828125 0.609375 0.7828125 0.7453125 0.865625 0.7453125 0.865625 0.609375
0 0.03125 0.1171875 0.0015625 0.1171875 0.0015625 0.26875 0.03125 0.26875 0.03125 0.1171875
0 0.29375 0.309375 0.2 0.309375 0.2 0.4375 0.29375 0.4375 0.29375 0.309375
0 0.078125 0.634375 0.0015625 0.634375 0.0015625 1.0 0.078125 1.0 0.078125 0.634375
0 0.2921875 0.15625 0.1046875 0.15625 0.1046875 0.3359375 0.2921875 0.3359375 0.2921875 0.15625
0 0.11875 0.0015625 0.0734375 0.0015625 0.0734375 0.0609375 0.11875 0.0609375 0.11875 0.0015625
0 1.0 0.4234375 0.996875 0.4234375 0.996875 0.4578125 1.0 0.4578125 1.0 0.4234375
0 1.0 0.73125 0.9953125 0.73125 0.9953125 0.7390625 1.0 0.7390625 1.0 0.73125
0 0.9234375 0.5453125 0.7375 0.5453125 0.7375 0.7828125 0.9234375 0.7828125 0.9234375 0.5453125
0 0.33125 0.521875 0.234375 0.521875 0.234375 0.6140625 0.33125 0.6140625 0.33125 0.521875
0 0.9265625 0.8453125 0.80625 0.8453125 0.80625 0.965625 0.9265625 0.965625 0.9265625 0.8453125
0 0.7875 0.521875 0.696875 0.521875 0.696875 0.7703125 0.7875 0.7703125 0.7875 0.521875
0 0.05 0.90625 0.0015625 0.90625 0.0015625 1.0 0.05 1.0 0.05 0.90625
0 0.065625 0.2375 0.0015625 0.2375 0.0015625 0.4765625 0.065625 0.4765625 0.065625 0.2375
0 1.0 0.35625 0.9875 0.35625 0.9875 0.421875 1.0 0.421875 1.0 0.35625
0 0.0484375 0.6953125 0.0015625 0.6953125 0.0015625 0.7640625 0.0484375 0.7640625 0.0484375 0.6953125
0 0.015625 0.171875 0.0015625 0.171875 0.0015625 0.25625 0.015625 0.25625 0.015625 0.171875
0 0.1640625 0.0734375 0.0484375 0.0734375 0.0484375 0.3328125 0.1640625 0.3328125 0.1640625 0.0734375
0 0.5640625 0.0015625 0.4140625 0.0015625 0.4140625 0.0453125 0.5640625 0.0453125 0.5640625 0.0015625
0 1.0 0.740625 0.9828125 0.740625 0.9828125 0.8125 1.0 0.8125 1.0 0.740625
0 0.6828125 0.7203125 0.578125 0.7203125 0.578125 0.878125 0.6828125 0.878125 0.6828125 0.7203125
0 0.9296875 0.375 0.8625 0.375 0.8625 0.5453125 0.9296875 0.5453125 0.9296875 0.375
0 1.0 0.0015625 0.0015625 0.0015625 0.0015625 1.0 1.0 1.0 1.0 0.0015625
0 0.0515625 0.4859375 0.0015625 0.4859375 0.0015625 0.659375 0.0515625 0.659375 0.0515625 0.4859375
0 0.2578125 0.06875 0.1015625 0.06875 0.1015625 0.1953125 0.2578125 0.1953125 0.2578125 0.06875
