0 0.51875 0.8703125 0.359375 0.8703125 0.359375 1.0 0.51875 1.0 0.51875 0.8703125
0 0.0390625 0.021875 0.0015625 0.021875 0.0015625 0.171875 0.0390625 0.171875 0.0390625 0.021875
0 0.65625 0.9171875 0.525 0.9171875 0.525 1.0 0.65625 1.0 0.65625 0.9171875
0 0.81875 0.925 0.7453125 0.925 0.7453125 1.0 0.81875 1.0 0.81875 0.925
0 1.0 0.7703125 0.9171875 0.7703125 0.9171875 0.9765625 1.0 0.9765625 1.0 0.7703125
0 0.69375 0.8 0.53125 0.8 0.53125 0.928125 0.69375 0.928125 0.69375 0.8
0 0.528125 0.778125 0.3796875 0.778125 0.3796875 0.8625 0.528125 0.8625 0.528125 0.778125
0 0.8875 0.2875 0.803125 0.2875 0.803125 0.5125 0.8875 0.5125 0.8875 0.2875
0 1.0 0.2203125 0.9296875 0.2203125 0.9296875 0.43125 1.0 0.43125 1.0 0.2203125
0 0.715625 0.0015625 0.690625 0.0015625 0.690625 0.0046875 0.715625 0.0046875 0.715625 0.0015625
0 0.8234375 0.7453125 0.7140625 0.7453125 0.7140625 0.8578125 0.8234375 0.8578125 0.8234375 0.7453125
0 0.94375 0.0015625 0.803125 0.0015625 0.803125 0.184375 0.94375 0.184375 0.94375 0.0015625
0 0.20625 0.1890625 0.0875 0.1890625 0.0875 0.4375 0.20625 0.4375 0.20625 0.1890625
0 0.190625 0.0015625 0.084375 0.0015625 0.084375 0.303125 0.190625 0.303125 0.190625 0.0015625
0 0.084375 0.0015625 0.0140625 0.0015625 0.0140625 0.115625 0.084375 0.115625 0.084375 0.0015625
0 0.21875 0.73125 0.00625 0.73125 0.00625 0.903125 0.21875 0.903125 0.21875 0.73125
0 0.2453125 0.8640625 0.1515625 0.8640625 0.1515625 1.0 0.2453125 1.0 0.2453125 0.8640625
0 0.4453125 0.234375 0.3671875 0.234375 0.3671875 0.4671875 0.4453125 0.4671875 0.4453125 0.234375
0 0.1046875 0.2609375 0.0015625 0.2609375 0.0015625 0.4203125 0.1046875 0.4203125 0.1046875 0.2609375
0 0.246875 0.0015625 0.084375 0.0015625 0.084375 0.4328125 0.246875 0.4328125 0.246875 0.0015625
0 0.2578125 0.0015625 0.209375 0.0015625 0.209375 0.1328125 0.2578125 0.1328125 0.2578125 0.0015625
0 0.9875 0.4546875 0.871875 0.4546875 0.871875 0.709375 0.9875 0.709375 0.9875 0.4546875
0 1.0 0.8296875 0.9453125 0.8296875 0.9453125 0.8921875 1.0 0.8921875 1.0 0.8296875
0 0.925 0.60625 0.75625 0.60625 0.75625 0.7703125 0.925 0.7703125 0.925 0.60625
0 1.0 0.440625 0.9265625 0.440625 0.9265625 0.6734375 1.0 0.6734375 1.0 0.440625
0 0.1109375 0.4921875 0.0015625 0.4921875 0.0015625 0.6203125 0.1109375 0.6203125 0.1109375 0.4921875
0 0.8890625 0.0671875 0.771875 0.0671875 0.771875 0.278125 0.8890625 0.278125 0.8890625 0.0671875
0 0.55 0.8015625 0.321875 0.8015625 0.321875 0.9 0.55 0.9 0.55 0.8015625
0 0.971875 0.0296875 0.88125 0.0296875 0.88125 0.221875 0.971875 0.221875 0.971875 0.0296875
0 0.4109375 0.9328125 0.28125 0.9328125 0.28125 1.0 0.4109375 1.0 0.4109375 0.9328125
0 0.771875 0.8984375 0.7296875 0.8984375 0.7296875 1.0 0.771875 1.0 0.771875 0.8984375
0 0.6421875 0.8328125 0.5328125 0.8328125 0.5328125 0.95625 0.6421875 0.95625 0.6421875 0.8328125
0 0.7625 0.8 0.6734375 0.8 0.6734375 0.890625 0.7625 0.890625 0.7625 0.8
0 0.4109375 0.8484375 0.2828125 0.8484375 0.2828125 1.0 0.4109375 1.0 0.4109375 0.8484375
0 0.196875 0.0015625 0.009375 0.0015625 0.009375 0.234375 0.196875 0.234375 0.196875 0.0015625
0 0.275 0.0015625 0.1890625 0.0015625 0.1890625 0.3859375 0.275 0.3859375 0.275 0.0015625
0 0.0328125 0.0015625 0.0015625 0.0015625 0.0015625 0.1203125 0.0328125 0.1203125 0.0328125 0.0015625
0 0.98125 0.4953125 0.8484375 0.4953125 0.8484375 0.740625 0.98125 0.740625 0.98125 0.4953125
0 0.9265625 0.7484375 0.803125 0.7484375 0.803125 1.0 0.9265625 1.0 0.9265625 0.7484375
0 1.0 0.4515625 0.996875 0.4515625 0.996875 0.5265625 1.0 0.5265625 1.0 0.4515625
0 0.6125 0.0015625 0.19375 0.0015625 0.19375 0.3390625 0.6125 0.3390625 0.6125 0.0015625
0 0.5703125 0.7296875 0.2265625 0.7296875 0.2265625 1.0 0.5703125 1.0 0.5703125 0.7296875
0 0.8328125 0.0015625 0.565625 0.0015625 0.565625 0.3125 0.8328125 0.3125 0.8328125 0.0015625
0 0.0875 0.565625 0.0015625 0.565625 0.0015625 0.8984375 0.0875 0.8984375 0.0875 0.565625
0 0.375 0.215625 0.0015625 0.215625 0.0015625 0.828125 0.375 0.828125 0.375 0.215625
0 1.0 0.8734375 0.8328125 0.8734375 0.8328125 1.0 1.0 1.0 1.0 0.8734375
0 0.98125 0.684375 0.84375 0.684375 0.84375 0.83125 0.98125 0.83125 0.98125 0.684375
0 0.9625 0.196875 0.8375 0.196875 0.8375 0.5015625 0.9625 0.5015625 0.9625 0.196875
0 1.0 0.0015625 0.628125 0.0015625 0.628125 0.0890625 1.0 0.0890625 1.0 0.0015625
0 1.0 0.0953125 0.940625 0.0953125 0.940625 0.1828125 1.0 0.1828125 1.0 0.0953125
0 0.675 0.746875 0.5234375 0.746875 0.5234375 0.828125 0.675 0.828125 0.675 0.746875
