0 0.396875 0.0015625 0.3171875 0.0015625 0.3171875 0.059375 0.396875 0.059375 0.396875 0.0015625
0 0.2765625 0.4296875 0.0015625 0.4296875 0.0015625 0.690625 0.2765625 0.690625 0.2765625 0.4296875
0 1.0 0.96875 0.8671875 0.96875 0.8671875 1.0 1.0 1.0 1.0 0.96875
0 1.0 0.10625 0.9984375 0.10625 0.9984375 0.1140625 1.0 0.1140625 1.0 0.10625
0 1.0 0.0015625 0.9390625 0.0015625 0.9390625 0.209375 1.0 0.209375 1.0 0.0015625
0 0.1859375 0.690625 0.0015625 0.690625 0.0015625 0.9484375 0.1859375 0.9484375 0.1859375 0.690625
0 0.6640625 0.321875 0.453125 0.321875 0.453125 0.56875 0.6640625 0.56875 0.6640625 0.321875
0 1.0 0.684375 0.8390625 0.684375 0.8390625 0.9828125 1.0 0.9828125 1.0 0.684375
0 1.0 0.2421875 0.98125 0.2421875 0.98125 0.403125 1.0 0.403125 1.0 0.2421875
0 0.2015625 0.7375 0.1140625 0.7375 0.1140625 0.890625 0.2015625 0.890625 0.2015625 0.7375
0 0.0046875 0.53125 0.0015625 0.53125 0.0015625 0.571875 0.0046875 0.571875 0.0046875 0.53125
0 0.5015625 0.4125 0.3765625 0.4125 0.3765625 0.571875 0.5015625 0.571875 0.5015625 0.4125
0 0.184375 0.3609375 0.0015625 0.3609375 0.0015625 0.4875 0.184375 0.4875 0.184375 0.3609375
0 0.4515625 0.0953125 0.2796875 0.0953125 0.2796875 0.246875 0.4515625 0.246875 0.4515625 0.0953125
0 1.0 0.4140625 0.9234375 0.4140625 0.9234375 0.721875 1.0 0.721875 1.0 0.4140625
0 0.71875 0.1 0.615625 0.1 0.615625 0.2625 0.71875 0.2625 0.71875 0.1
0 0.0828125 0.6078125 0.0015625 0.6078125 0.0015625 0.765625 0.0828125 0.765625 0.0828125 0.6078125
0 0.3921875 0.909375 0.25625 0.909375 0.25625 1.0 0.3921875 1.0 0.3921875 0.909375
0 0.9625 0.840625 0.8625 0.840625 0.8625 0.9984375 0.9625 0.9984375 0.9625 0.840625
0 1.0 0.45 0.953125 0.45 0.953125 0.6484375 1.0 0.6484375 1.0 0.45
0 1.0 0.15 0.90625 0.15 0.90625 0.3640625 1.0 0.3640625 1.0 0.15
0 0.3203125 0.0015625 0.2359375 0.0015625 0.2359375 0.0375 0.3203125 0.0375 0.3203125 0.0015625
0 0.0375 0.290625 0.0015625 0.290625 0.0015625 0.33125 0.0375 0.33125 0.0375 0.290625
0 0.309375 0.46875 0.0015625 0.46875 0.0015625 0.8375 0.309375 0.8375 0.309375 0.46875
0 0.034375 0.41875 0.0015625 0.41875 0.0015625 0.6 0.034375 0.6 0.034375 0.41875
0 0.1453125 0.4171875 0.053125 0.4171875 0.053125 0.5421875 0.1453125 0.5421875 0.1453125 0.4171875
0 0.2 0.259375 0.0015625 0.259375 0.0015625 0.4359375 0.2 0.4359375 0.2 0.259375
0 0.01875 0.159375 0.0015625 0.159375 0.0015625 0.1921875 0.01875 0.1921875 0.01875 0.159375
0 0.3296875 0.6234375 0.1796875 0.6234375 0.1796875 0.8796875 0.3296875 0.8796875 0.3296875 0.6234375
0 0.3703125 0.5828125 0.2703125 0.5828125 0.2703125 0.7609375 0.3703125 0.7609375 0.3703125 0.5828125
0 0.6234375 0.1390625 0.3390625 0.1390625 0.3390625 0.69375 0.6234375 0.69375 0.6234375 0.1390625
0 0.6921875 0.034375 0.4640625 0.034375 0.4640625 0.346875 0.6921875 0.346875 0.6921875 0.034375
0 0.278125 0.184375 0.178125 0.184375 0.178125 0.33125 0.278125 0.33125 0.278125 0.184375
0 0.3328125 0.0609375 0.225 0.0609375 0.225 0.20625 0.3328125 0.20625 0.3328125 0.0609375
0 0.9125 0.0234375 0.6625 0.0234375 0.6625 0.290625 0.9125 0.290625 0.9125 0.0234375
0 0.4671875 0.0015625 0.2859375 0.0015625 0.2859375 0.115625 0.4671875 0.115625 0.4671875 0.0015625
0 0.246875 0.0015625 0.0875 0.0015625 0.0875 0.0359375 0.246875 0.0359375 0.246875 0.0015625
0 0.3765625 0.0015625 0.2984375 0.0015625 0.2984375 0.0375 0.3765625 0.0375 0.3765625 0.0015625
0 1.0 0.734375 0.88125 0.734375 0.88125 0.996875 1.0 0.996875 1.0 0.734375
0 0.94375 0.453125 0.8296875 0.453125 0.8296875 0.665625 0.94375 0.665625 0.94375 0.453125
0 0.996875 0.3046875 0.9171875 0.3046875 0.9171875 0.4328125 0.996875 0.4328125 0.996875 0.3046875
0 1.0 0.084375 0.9828125 0.084375 0.9828125 0.1046875 1.0 0.1046875 1.0 0.084375
0 0.896875 0.0015625 0.7453125 0.0015625 0.7453125 0.0109375 0.896875 0.0109375 0.896875 0.0015625
0 0.9265625 0.746875 0.8453125 0.746875 0.8453125 0.9828125 0.9265625 0.9828125 0.9265625 0.746875
0 0.08125 0.403125 0.0015625 0.403125 0.0015625 0.5703125 0.08125 0.5703125 0.08125 0.403125
0 0.0921875 0.0015625 0.0015625 0.0015625 0.0015625 0.0703125 0.0921875 0.0703125 0.0921875 0.0015625
0 0.4875 0.696875 0.0015625 0.696875 0.0015625 1.0 0.4875 1.0 0.4875 0.696875
0 0.0640625 0.140625 0.0015625 0.140625 0.0015625 0.303125 0.0640625 0.303125 0.0640625 0.140625
0 0.7421875 0.0140625 0.0015625 0.0140625 0.0015625 0.971875 0.7421875 0.971875 0.7421875 0.0140625
0 0.8609375 0.0015625 0.4203125 0.0015625 0.4203125 0.4375 0.8609375 0.4375 0.8609375 0.0015625
0 0.9546875 0.3171875 0.775 0.3171875 0.775 0.953125 0.9546875 0.953125 0.9546875 0.3171875
0 0.965625 0.00625 0.86875 0.00625 0.86875 0.259375 0.965625 0.259375 0.965625 0.00625
0 1.0 0.0625 0.9609375 0.0625 0.9609375 0.209375 1.0 0.209375 1.0 0.0625
0 0.996875 0.0015625 0.9328125 0.0015625 0.9328125 0.040625 0.996875 0.040625 0.996875 0.0015625
0 0.3375 0.609375 0.25 0.609375 0.25 0.8046875 0.3375 0.8046875 0.3375 0.609375
0 0.2578125 0.003125 0.05 0.003125 0.05 0.084375 0.2578125 0.084375 0.2578125 0.003125
0 0.2578125 0.6515625 0.153125 0.6515625 0.153125 0.8578125 0.2578125 0.8578125 0.2578125 0.6515625
