0 0.5015625 0.328125 0.34375 0.328125 0.34375 0.5640625 0.5015625 0.5640625 0.5015625 0.328125
0 0.725 0.159375 0.59375 0.159375 0.59375 0.33125 0.725 0.33125 0.725 0.159375
0 0.7453125 0.3046875 0.6078125 0.3046875 0.6078125 0.4515625 0.7453125 0.4515625 0.7453125 0.3046875
0 0.6734375 0.0015625 0.628125 0.0015625 0.628125 0.046875 0.6734375 0.046875 0.6734375 0.0015625
0 0.7671875 0.1984375 0.6375 0.1984375 0.6375 0.340625 0.7671875 0.340625 0.7671875 0.1984375
0 0.584375 0.11875 0.4640625 0.11875 0.4640625 0.334375 0.584375 0.334375 0.584375 0.11875
0 0.909375 0.9171875 0.8515625 0.9171875 0.8515625 1.0 0.909375 1.0 0.909375 0.9171875
0 0.2546875 0.825 0.125 0.825 0.125 0.96875 0.2546875 0.96875 0.2546875 0.825
0 1.0 0.2453125 0.9125 0.2453125 0.9125 0.425 1.0 0.425 1.0 0.2453125
0 0.6640625 0.303125 0.5703125 0.303125 0.5703125 0.5203125 0.6640625 0.5203125 0.6640625 0.303125
0 0.084375 0.1390625 0.0015625 0.1390625 0.0015625 0.328125 0.084375 0.328125 0.084375 0.1390625
0 0.1515625 0.0015625 0.0015625 0.0015625 0.0015625 0.15 0.1515625 0.15 0.1515625 0.0015625
0 0.7 0.9046875 0.5953125 0.9046875 0.5953125 1.0 0.7 1.0 0.7 0.9046875
0 0.5265625 0.259375 0.4078125 0.259375 0.4078125 0.378125 0.5265625 0.378125 0.5265625 0.259375
0 0.825 0.871875 0.6421875 0.871875 0.6421875 1.0 0.825 1.0 0.825 0.871875
0 0.5 0.559375 0.41875 0.559375 0.41875 0.684375 0.5 0.684375 0.5 0.559375
0 0.8859375 0.95 0.84375 0.95 0.84375 1.0 0.8859375 1.0 0.8859375 0.95
0 0.2234375 0.0015625 0.1140625 0.0015625 0.1140625 0.228125 0.2234375 0.228125 0.2234375 0.0015625
0 0.0046875 0.9875 0.0015625 0.9875 0.0015625 1.0 0.0046875 1.0 0.0046875 0.9875
0 0.85 0.4703125 0.728125 0.4703125 0.728125 0.6046875 0.85 0.6046875 0.85 0.4703125
0 1.0 0.1390625 0.9140625 0.1390625 0.9140625 0.2546875 1.0 0.2546875 1.0 0.1390625
0 0.928125 0.0609375 0.803125 0.0609375 0.803125 0.3078125 0.928125 0.3078125 0.928125 0.0609375
0 1.0 0.0015625 0.8015625 0.0015625 0.8015625 0.09375 1.0 0.09375 1.0 0.0015625
0 0.93125 0.25 0.8234375 0.25 0.8234375 0.4109375 0.93125 0.4109375 0.93125 0.25
0 0.7390625 0.671875 0.4890625 0.671875 0.4890625 0.940625 0.7390625 0.940625 0.7390625 0.671875
0 0.83125 0.525 0.709375 0.525 0.709375 0.665625 0.83125 0.665625 0.83125 0.525
0 0.8734375 0.2125 0.75 0.2125 0.75 0.615625 0.8734375 0.615625 0.8734375 0.2125
0 1.0 0.075 0.896875 0.075 0.896875 0.25 1.0 0.25 1.0 0.075
0 0.803125 0.0578125 0.6171875 0.0578125 0.6171875 0.1671875 0.803125 0.1671875 0.803125 0.0578125
0 1.0 0.0015625 0.9078125 0.0015625 0.9078125 0.1046875 1.0 0.1046875 1.0 0.0015625
0 0.8859375 0.0015625 0.7859375 0.0015625 0.7859375 0.103125 0.8859375 0.103125 0.8859375 0.0015625
0 0.5140625 0.978125 0.5046875 0.978125 0.5046875 1.0 0.5140625 1.0 0.5140625 0.978125
0 0.3203125 0.7875 0.128125 0.7875 0.128125 0.8890625 0.3203125 0.8890625 0.3203125 0.7875
0 0.66875 0.109375 0.5609375 0.109375 0.5609375 0.3625 0.66875 0.3625 0.66875 0.109375
0 0.6734375 0.99375 0.65625 0.99375 0.65625 1.0 0.6734375 1.0 0.6734375 0.99375
0 0.8203125 0.2546875 0.7390625 0.2546875 0.7390625 0.459375 0.8203125 0.459375 0.8203125 0.2546875
0 0.75625 0.0015625 0.6375 0.0015625 0.6375 0.0875 0.75625 0.0875 0.75625 0.0015625
0 0.0296875 0.0015625 0.0015625 0.0015625 0.0015625 0.1421875 0.0296875 0.1421875 0.0296875 0.0015625
0 0.3953125 0.6640625 0.3171875 0.6640625 0.3171875 0.8296875 0.3953125 0.8296875 0.3953125 0.6640625
0 0.565625 0.2109375 0.43125 0.2109375 0.43125 0.3984375 0.565625 0.3984375 0.565625 0.2109375
0 0.4984375 0.9296875 0.459375 0.9296875 0.459375 1.0 0.4984375 1.0 0.4984375 0.9296875
0 0.9234375 0.9078125 0.8109375 0.9078125 0.8109375 1.0 0.9234375 1.0 0.9234375 0.9078125
0 0.853125 0.5625 0.715625 0.5625 0.715625 0.7046875 0.853125 0.7046875 0.853125 0.5625
0 0.7859375 0.4296875 0.5875 0.4296875 0.5875 0.55 0.7859375 0.55 0.7859375 0.4296875
0 0.965625 0.3421875 0.8109375 0.3421875 0.8109375 0.4703125 0.965625 0.4703125 0.965625 0.3421875
0 0.85625 0.040625 0.7703125 0.040625 0.7703125 0.234375 0.85625 0.234375 0.85625 0.040625
0 0.771875 0.996875 0.765625 0.996875 0.765625 1.0 0.771875 1.0 0.771875 0.996875
0 1.0 0.2453125 0.8734375 0.2453125 0.8734375 0.6078125 1.0 0.6078125 1.0 0.2453125
0 0.796875 0.203125 0.6515625 0.203125 0.6515625 0.4375 0.796875 0.4375 0.796875 0.203125
0 0.746875 0.11875 0.6109375 0.11875 0.6109375 0.209375 0.746875 0.209375 0.746875 0.11875
0 0.778125 0.0015625 0.6765625 0.0015625 0.6765625 0.059375 0.778125 0.059375 0.778125 0.0015625
0 0.765625 0.5703125 0.675 0.5703125 0.675 0.7359375 0.765625 0.7359375 0.765625 0.5703125
0 0.190625 0.953125 0.0140625 0.953125 0.0140625 1.0 0.190625 1.0 0.190625 0.953125
0 0.66875 0.0015625 0.5875 0.0015625 0.5875 0.1296875 0.66875 0.1296875 0.66875 0.0015625
0 0.3484375 0.825 0.1125 0.825 0.1125 1.0 0.3484375 1.0 0.3484375 0.825
0 0.7171875 0.49375 0.5796875 0.49375 0.5796875 0.640625 0.7171875 0.640625 0.7171875 0.49375
0 0.128125 0.0140625 0.015625 0.0140625 0.015625 0.2734375 0.128125 0.2734375 0.128125 0.0140625
