0 0.059375 0.653125 0.0015625 0.653125 0.0015625 0.7484375 0.059375 0.7484375 0.059375 0.653125
0 1.0 0.00625 0.934375 0.00625 0.934375 0.1171875 1.0 0.1171875 1.0 0.00625
0 0.3546875 0.8859375 0.2703125 0.8859375 0.2703125 1.0 0.3546875 1.0 0.3546875 0.8859375
0 1.0 0.1296875 0.978125 0.1296875 0.978125 0.171875 1.0 0.171875 1.0 0.1296875
0 0.6 0.7984375 0.3859375 0.7984375 0.3859375 0.953125 0.6 0.953125 0.6 0.7984375
0 0.0203125 0.475 0.0015625 0.475 0.0015625 0.61875 0.0203125 0.61875 0.0203125 0.475
0 0.196875 0.853125 0.0015625 0.853125 0.0015625 1.0 0.196875 1.0 0.196875 0.853125
0 0.30625 0.5296875 0.0015625 0.5296875 0.0015625 0.8953125 0.30625 0.8953125 0.30625 0.5296875
0 1.0 0.1109375 0.909375 0.1109375 0.909375 0.2203125 1.0 0.2203125 1.0 0.1109375
0 0.25625 0.28125 0.0015625 0.28125 0.0015625 0.41875 0.25625 0.41875 0.25625 0.28125
0 0.2078125 0.2109375 0.0984375 0.2109375 0.0984375 0.3015625 0.2078125 0.3015625 0.2078125 0.2109375
0 0.4109375 0.803125 0.33125 0.803125 0.33125 0.909375 0.4109375 0.909375 0.4109375 0.803125
0 1.0 0.3609375 0.7421875 0.3609375 0.7421875 0.5140625 1.0 0.5140625 1.0 0.3609375
0 0.11875 0.0671875 0.0015625 0.0671875 0.0015625 0.1765625 0.11875 0.1765625 0.11875 0.0671875
0 0.240625 0.9640625 0.165625 0.9640625 0.165625 1.0 0.240625 1.0 0.240625 0.9640625
0 0.2546875 0.7078125 0.16875 0.7078125 0.16875 0.8234375 0.2546875 0.8234375 0.2546875 0.7078125
0 0.3546875 0.315625 0.1875 0.315625 0.1875 0.415625 0.3546875 0.415625 0.3546875 0.315625
0 0.4359375 0.1890625 0.2625 0.1890625 0.2625 0.29375 0.4359375 0.29375 0.4359375 0.1890625
0 0.03125 0.1953125 0.0015625 0.1953125 0.0015625 0.2203125 0.03125 0.2203125 0.03125 0.1953125
0 0.425 0.615625 0.3140625 0.615625 0.3140625 0.7390625 0.425 0.7390625 0.425 0.615625
0 0.3140625 0.9265625 0.1609375 0.9265625 0.1609375 1.0 0.3140625 1.0 0.3140625 0.9265625
0 0.4546875 0.5328125 0.2703125 0.5328125 0.2703125 0.6515625 0.4546875 0.6515625 0.4546875 0.5328125
0 0.0375 0.6109375 0.0015625 0.6109375 0.0015625 0.66875 0.0375 0.66875 0.0375 0.6109375
0 0.26875 0.48125 0.00625 0.48125 0.00625 0.6734375 0.26875 0.6734375 0.26875 0.48125
0 0.278125 0.359375 0.0625 0.359375 0.0625 0.5 0.278125 0.5 0.278125 0.359375
0 0.0234375 0.30625 0.0015625 0.30625 0.0015625 0.3515625 0.0234375 0.3515625 0.0234375 0.30625
0 0.6203125 0.0015625 0.5703125 0.0015625 0.5703125 0.0203125 0.6203125 0.0203125 0.6203125 0.0015625
0 0.309375 0.128125 0.1390625 0.128125 0.1390625 0.2359375 0.309375 0.2359375 0.309375 0.128125
0 0.2203125 0.1203125 0.009375 0.1203125 0.009375 0.246875 0.2203125 0.246875 0.2203125 0.1203125
0 0.3140625 0.75625 0.1953125 0.75625 0.1953125 0.9453125 0.3140625 0.9453125 0.3140625 0.75625
0 0.8765625 0.04375 0.6546875 0.04375 0.6546875 0.4265625 0.8765625 0.4265625 0.8765625 0.04375
0 0.1015625 0.3453125 0.0015625 0.3453125 0.0015625 0.4828125 0.1015625 0.4828125 0.1015625 0.3453125
0 1.0 0.1875 0.9328125 0.1875 0.9328125 0.3765625 1.0 0.3765625 1.0 0.1875
0 0.559375 0.1359375 0.3734375 0.1359375 0.3734375 0.2515625 0.559375 0.2515625 0.559375 0.1359375
0 1.0 0.0015625 0.93125 0.0015625 0.93125 0.0796875 1.0 0.0796875 1.0 0.0015625
0 0.2 0.521875 0.0015625 0.521875 0.0015625 0.7796875 0.2 0.7796875 0.2 0.521875
0 0.428125 0.8640625 0.3484375 0.8640625 0.3484375 1.0 0.428125 1.0 0.428125 0.8640625
0 0.2171875 0.7171875 0.0265625 0.7171875 0.0265625 0.9171875 0.2171875 0.9171875 0.2171875 0.7171875
0 0.2328125 0.5234375 0.0171875 0.5234375 0.0171875 0.715625 0.2328125 0.715625 0.2328125 0.5234375
0 0.365625 0.584375 0.284375 0.584375 0.284375 0.7609375 0.365625 0.7609375 0.365625 0.584375
0 0.39375 0.2609375 0.14375 0.2609375 0.14375 0.409375 0.39375 0.409375 0.39375 0.2609375
0 0.45 0.15 0.309375 0.15 0.309375 0.2640625 0.45 0.2640625 0.45 0.15
0 0.5125 0.4 0.3921875 0.4 0.3921875 0.49375 0.5125 0.49375 0.5125 0.4
0 0.4359375 0.19375 0.2078125 0.19375 0.2078125 0.3734375 0.4359375 0.3734375 0.4359375 0.19375
0 0.165625 0.246875 0.0078125 0.246875 0.0078125 0.353125 0.165625 0.353125 0.165625 0.246875
0 0.915625 0.371875 0.7421875 0.371875 0.7421875 0.4625 0.915625 0.4625 0.915625 0.371875
0 0.5859375 0.3296875 0.50625 0.3296875 0.50625 0.4453125 0.5859375 0.4453125 0.5859375 0.3296875
0 0.646875 0.0015625 0.60625 0.0015625 0.60625 0.0484375 0.646875 0.0484375 0.646875 0.0015625
0 0.03125 0.20625 0.0015625 0.20625 0.0015625 0.2359375 0.03125 0.2359375 0.03125 0.20625
0 0.5046875 0.4640625 0.0953125 0.4640625 0.0953125 0.5765625 0.5046875 0.5765625 0.5046875 0.4640625
0 0.6046875 0.0359375 0.496875 0.0359375 0.496875 0.146875 0.6046875 0.146875 0.6046875 0.0359375
0 0.45625 0.0015625 0.3296875 0.0015625 0.3296875 0.140625 0.45625 0.140625 0.45625 0.0015625
0 0.0265625 0.3703125 0.0015625 0.3703125 0.0015625 0.4046875 0.0265625 0.4046875 0.0265625 0.3703125
0 0.0796875 0.83125 0.0015625 0.83125 0.0015625 1.0 0.0796875 1.0 0.0796875 0.83125
0 0.0796875 0.4375 0.0015625 0.4375 0.0015625 0.484375 0.0796875 0.484375 0.0796875 0.4375
0 0.584375 0.278125 0.4515625 0.278125 0.4515625 0.4296875 0.584375 0.4296875 0.584375 0.278125
0 0.6875 0.1765625 0.5734375 0.1765625 0.5734375 0.2859375 0.6875 0.2859375 0.6875 0.1765625
0 0.990625 0.1609375 0.7078125 0.1609375 0.7078125 0.5125 0.990625 0.5125 0.990625 0.1609375
0 0.9171875 0.053125 0.7640625 0.053125 0.7640625 0.275 0.9171875 0.275 0.9171875 0.053125
0 0.00625 0.953125 0.0015625 0.953125 0.0015625 1.0 0.00625 1.0 0.00625 0.953125
0 0.00625 0.8125 0.0015625 0.8125 0.0015625 0.8328125 0.00625 0.8328125 0.00625 0.8125
0 0.1359375 0.85625 0.0015625 0.85625 0.0015625 1.0 0.1359375 1.0 0.1359375 0.85625
0 0.4125 0.359375 0.2484375 0.359375 0.2484375 0.4859375 0.4125 0.4859375 0.4125 0.359375
0 0.7359375 0.0015625 0.6453125 0.0015625 0.6453125 0.253125 0.7359375 0.253125 0.7359375 0.0015625
0 0.5265625 0.0015625 0.4296875 0.0015625 0.4296875 0.0828125 0.5265625 0.0828125 0.5265625 0.0015625
0 0.371875 0.0015625 0.284375 0.0015625 0.284375 0.0296875 0.371875 0.0296875 0.371875 0.0015625
0 0.9484375 0.16875 0.7765625 0.16875 0.7765625 0.334375 0.9484375 0.334375 0.9484375 0.16875
0 0.9390625 0.0015625 0.8234375 0.0015625 0.8234375 0.0734375 0.9390625 0.0734375 0.9390625 0.0015625
