0 0.9203125 0.5453125 0.771875 0.5453125 0.771875 0.7 0.9203125 0.7 0.9203125 0.5453125
0 0.9875 0.7109375 0.8359375 0.7109375 0.8359375 0.88125 0.9875 0.88125 0.9875 0.7109375
0 0.8953125 0.1328125 0.6875 0.1328125 0.6875 0.4234375 0.8953125 0.4234375 0.8953125 0.1328125
0 1.0 0.0015625 0.8703125 0.0015625 0.8703125 0.1359375 1.0 0.1359375 1.0 0.0015625
0 0.953125 0.50625 0.8578125 0.50625 0.8578125 0.646875 0.953125 0.646875 0.953125 0.50625
0 0.878125 0.0015625 0.7328125 0.0015625 0.7328125 0.090625 0.878125 0.090625 0.878125 0.0015625
0 0.7453125 0.3125 0.64375 0.3125 0.64375 0.4390625 0.7453125 0.4390625 0.7453125 0.3125
0 0.8625 0.2109375 0.7140625 0.2109375 0.7140625 0.340625 0.8625 0.340625 0.8625 0.2109375
0 0.95625 0.359375 0.803125 0.359375 0.803125 0.5484375 0.95625 0.5484375 0.95625 0.359375
0 1.0 0.29375 0.9546875 0.29375 0.9546875 0.3796875 1.0 0.3796875 1.0 0.29375
0 0.90625 0.171875 0.7640625 0.171875 0.7640625 0.34375 0.90625 0.34375 0.90625 0.171875
0 0.75 0.2359375 0.6265625 0.2359375 0.6265625 0.4890625 0.75 0.4890625 0.75 0.2359375
0 0.31875 0.0015625 0.284375 0.0015625 0.284375 0.0375 0.31875 0.0375 0.31875 0.0015625
0 1.0 0.0015625 0.9296875 0.0015625 0.9296875 0.1140625 1.0 0.1140625 1.0 0.0015625
0 0.2828125 0.0015625 0.1203125 0.0015625 0.1203125 0.0703125 0.2828125 0.0703125 0.2828125 0.0015625
0 1.0 0.965625 0.990625 0.965625 0.990625 1.0 1.0 1.0 1.0 0.965625
0 1.0 0.5671875 0.921875 0.5671875 0.921875 0.81875 1.0 0.81875 1.0 0.5671875
0 0.85 0.340625 0.68125 0.340625 0.68125 0.65 0.85 0.65 0.85 0.340625
0 1.0 0.05 0.74375 0.05 0.74375 0.175 1.0 0.175 1.0 0.05
0 1.0 0.3875 0.9546875 0.3875 0.9546875 0.478125 1.0 0.478125 1.0 0.3875
0 0.99375 0.2640625 0.834375 0.2640625 0.834375 0.54375 0.99375 0.54375 0.99375 0.2640625
0 0.8890625 0.0015625 0.828125 0.0015625 0.828125 0.046875 0.8890625 0.046875 0.8890625 0.0015625
0 0.196875 0.0015625 0.134375 0.0015625 0.134375 0.0265625 0.196875 0.0265625 0.196875 0.0015625
0 0.734375 0.0015625 0.6234375 0.0015625 0.6234375 0.5296875 0.734375 0.5296875 0.734375 0.0015625
0 0.9859375 0.0015625 0.6671875 0.0015625 0.6671875 0.1875 0.9859375 0.1875 0.9859375 0.0015625
0 1.0 0.475 0.9421875 0.475 0.9421875 0.571875 1.0 0.571875 1.0 0.475
0 0.9453125 0.0015625 0.915625 0.0015625 0.915625 0.0296875 0.9453125 0.0296875 0.9453125 0.0015625
