0 0.2453125 0.909375 0.0015625 0.909375 0.0015625 1.0 0.2453125 1.0 0.2453125 0.909375
0 0.4546875 0.3484375 0.309375 0.3484375 0.309375 0.5546875 0.4546875 0.5546875 0.4546875 0.3484375
0 0.340625 0.4859375 0.0671875 0.4859375 0.0671875 0.74375 0.340625 0.74375 0.340625 0.4859375
0 0.3375 0.0015625 0.1046875 0.0015625 0.1046875 0.4015625 0.3375 0.4015625 0.3375 0.0015625
0 0.4296875 0.9109375 0.303125 0.9109375 0.303125 1.0 0.4296875 1.0 0.4296875 0.9109375
0 0.6328125 0.040625 0.496875 0.040625 0.496875 0.128125 0.6328125 0.128125 0.6328125 0.040625
0 0.4515625 0.0015625 0.34375 0.0015625 0.34375 0.2125 0.4515625 0.2125 0.4515625 0.0015625
0 0.10625 0.653125 0.0015625 0.653125 0.0015625 0.85 0.10625 0.85 0.10625 0.653125
0 0.15625 0.971875 0.0671875 0.971875 0.0671875 1.0 0.15625 1.0 0.15625 0.971875
0 0.1703125 0.4421875 0.0546875 0.4421875 0.0546875 0.575 0.1703125 0.575 0.1703125 0.4421875
0 0.3390625 0.8359375 0.2546875 0.8359375 0.2546875 1.0 0.3390625 1.0 0.3390625 0.8359375
0 0.2421875 0.315625 0.121875 0.315625 0.121875 0.3953125 0.2421875 0.3953125 0.2421875 0.315625
0 0.103125 0.0015625 0.0109375 0.0015625 0.0109375 0.1484375 0.103125 0.1484375 0.103125 0.0015625
0 0.54375 0.6125 0.3 0.6125 0.3 0.9046875 0.54375 0.9046875 0.54375 0.6125
0 0.590625 0.390625 0.4625 0.390625 0.4625 0.5390625 0.590625 0.5390625 0.590625 0.390625
0 0.2859375 0.8875 0.1734375 0.8875 0.1734375 1.0 0.2859375 1.0 0.2859375 0.8875
0 0.55 0.8015625 0.4703125 0.8015625 0.4703125 0.921875 0.55 0.921875 0.55 0.8015625
0 0.496875 0.71875 0.340625 0.71875 0.340625 0.95 0.496875 0.95 0.496875 0.71875
0 0.346875 0.546875 0.2421875 0.546875 0.2421875 0.659375 0.346875 0.659375 0.346875 0.546875
0 0.5421875 0.5265625 0.278125 0.5265625 0.278125 0.7140625 0.5421875 0.7140625 0.5421875 0.5265625
0 0.7671875 0.0015625 0.6015625 0.0015625 0.6015625 0.15 0.7671875 0.15 0.7671875 0.0015625
0 0.49375 0.4078125 0.3828125 0.4078125 0.3828125 0.540625 0.49375 0.540625 0.49375 0.4078125
0 0.5984375 0.146875 0.4 0.146875 0.4 0.509375 0.5984375 0.509375 0.5984375 0.146875
0 0.0109375 0.8515625 0.0015625 0.8515625 0.0015625 0.909375 0.0109375 0.909375 0.0109375 0.8515625
0 0.353125 0.6171875 0.1953125 0.6171875 0.1953125 0.7640625 0.353125 0.7640625 0.353125 0.6171875
0 0.053125 0.4890625 0.0015625 0.4890625 0.0015625 0.6234375 0.053125 0.6234375 0.053125 0.4890625
0 0.1515625 0.26875 0.0421875 0.26875 0.0421875 0.4890625 0.1515625 0.4890625 0.1515625 0.26875
0 0.4375 0.071875 0.303125 0.071875 0.303125 0.3515625 0.4375 0.3515625 0.4375 0.071875
0 0.3109375 0.1375 0.1859375 0.1375 0.1859375 0.321875 0.3109375 0.321875 0.3109375 0.1375
0 0.2859375 0.0015625 0.14375 0.0015625 0.14375 0.121875 0.2859375 0.121875 0.2859375 0.0015625
0 0.1640625 0.0015625 0.109375 0.0015625 0.109375 0.0984375 0.1640625 0.0984375 0.1640625 0.0015625
0 0.30625 0.0015625 0.1765625 0.0015625 0.1765625 0.121875 0.30625 0.121875 0.30625 0.0015625
0 0.0484375 0.0015625 0.0015625 0.0015625 0.0015625 0.0828125 0.0484375 0.0828125 0.0484375 0.0015625
0 0.56875 0.8625 0.4515625 0.8625 0.4515625 0.9796875 0.56875 0.9796875 0.56875 0.8625
0 0.09375 0.2265625 0.0015625 0.2265625 0.0015625 0.509375 0.09375 0.509375 0.09375 0.2265625
0 0.1265625 0.1171875 0.0015625 0.1171875 0.0015625 0.2828125 0.1265625 0.2828125 0.1265625 0.1171875
0 0.0921875 0.0546875 0.0015625 0.0546875 0.0015625 0.1390625 0.0921875 0.1390625 0.0921875 0.0546875
0 0.578125 0.7546875 0.446875 0.7546875 0.446875 0.9078125 0.578125 0.9078125 0.578125 0.7546875
0 0.5578125 0.91875 0.4515625 0.91875 0.4515625 1.0 0.5578125 1.0 0.5578125 0.91875
0 0.5796875 0.0875 0.446875 0.0875 0.446875 0.4390625 0.5796875 0.4390625 0.5796875 0.0875
0 0.5734375 0.0015625 0.5359375 0.0015625 0.5359375 0.0125 0.5734375 0.0125 0.5734375 0.0015625
0 0.465625 0.9 0.3359375 0.9 0.3359375 1.0 0.465625 1.0 0.465625 0.9
0 0.59375 0.6515625 0.4140625 0.6515625 0.4140625 0.9171875 0.59375 0.9171875 0.59375 0.6515625
0 0.3125 0.221875 0.225 0.221875 0.225 0.340625 0.3125 0.340625 0.3125 0.221875
0 0.215625 0.1390625 0.0921875 0.1390625 0.0921875 0.21875 0.215625 0.21875 0.215625 0.1390625
0 0.1390625 0.0015625 0.03125 0.0015625 0.03125 0.128125 0.1390625 0.128125 0.1390625 0.0015625
