0 1.0 0.278125 0.93125 0.278125 0.93125 0.5859375 1.0 0.5859375 1.0 0.278125
0 1.0 0.0015625 0.9953125 0.0015625 0.9953125 0.0046875 1.0 0.0046875 1.0 0.0015625
0 0.390625 0.8265625 0.3234375 0.8265625 0.3234375 1.0 0.390625 1.0 0.390625 0.8265625
0 1.0 0.0015625 0.9109375 0.0015625 0.9109375 0.06875 1.0 0.06875 1.0 0.0015625
0 0.171875 0.303125 0.0734375 0.303125 0.0734375 0.5015625 0.171875 0.5015625 0.171875 0.303125
0 0.928125 0.0359375 0.7703125 0.0359375 0.7703125 0.25 0.928125 0.25 0.928125 0.0359375
0 0.0375 0.5453125 0.0015625 0.5453125 0.0015625 0.91875 0.0375 0.91875 0.0375 0.5453125
0 0.7390625 0.0015625 0.6890625 0.0015625 0.6890625 0.0484375 0.7390625 0.0484375 0.7390625 0.0015625
0 0.1515625 0.8265625 0.03125 0.8265625 0.03125 0.95625 0.1515625 0.95625 0.1515625 0.8265625
0 0.9859375 0.1421875 0.740625 0.1421875 0.740625 0.3 0.9859375 0.3 0.9859375 0.1421875
0 0.371875 0.8484375 0.2640625 0.8484375 0.2640625 1.0 0.371875 1.0 0.371875 0.8484375
0 0.934375 0.8 0.7796875 0.8 0.7796875 0.9140625 0.934375 0.9140625 0.934375 0.8
0 0.44375 0.3765625 0.228125 0.3765625 0.228125 0.7953125 0.44375 0.7953125 0.44375 0.3765625
0 0.6015625 0.3546875 0.4546875 0.3546875 0.4546875 0.528125 0.6015625 0.528125 0.6015625 0.3546875
0 0.7234375 0.240625 0.5984375 0.240625 0.5984375 0.3953125 0.7234375 0.3953125 0.7234375 0.240625
0 0.240625 0.0015625 0.01875 0.0015625 0.01875 0.0921875 0.240625 0.0921875 0.240625 0.0015625
0 0.159375 0.528125 0.0140625 0.528125 0.0140625 0.775 0.159375 0.775 0.159375 0.528125
0 0.221875 0.8078125 0.034375 0.8078125 0.034375 0.9984375 0.221875 0.9984375 0.221875 0.8078125
0 0.165625 0.4609375 0.084375 0.4609375 0.084375 0.5953125 0.165625 0.5953125 0.165625 0.4609375
0 0.1328125 0.3140625 0.0359375 0.3140625 0.0359375 0.496875 0.1328125 0.496875 0.1328125 0.3140625
0 0.859375 0.89375 0.7625 0.89375 0.7625 0.98125 0.859375 0.98125 0.859375 0.89375
0 1.0 0.8828125 0.9046875 0.8828125 0.9046875 1.0 1.0 1.0 1.0 0.8828125
0 1.0 0.7296875 0.9625 0.7296875 0.9625 0.7765625 1.0 0.7765625 1.0 0.7296875
0 0.6 0.61875 0.45625 0.61875 0.45625 0.7375 0.6 0.7375 0.6 0.61875
0 0.80625 0.3 0.521875 0.3 0.521875 0.6578125 0.80625 0.6578125 0.80625 0.3
0 0.4734375 0.3453125 0.3609375 0.3453125 0.3609375 0.4921875 0.4734375 0.4921875 0.4734375 0.3453125
0 0.4890625 0.2265625 0.4125 0.2265625 0.4125 0.390625 0.4890625 0.390625 0.4890625 0.2265625
0 0.7828125 0.259375 0.671875 0.259375 0.671875 0.409375 0.7828125 0.409375 0.7828125 0.259375
0 0.984375 0.0015625 0.8796875 0.0015625 0.8796875 0.1890625 0.984375 0.1890625 0.984375 0.0015625
0 0.4953125 0.0015625 0.415625 0.0015625 0.415625 0.0515625 0.4953125 0.0515625 0.4953125 0.0015625
0 0.215625 0.240625 0.0015625 0.240625 0.0015625 1.0 0.215625 1.0 0.215625 0.240625
0 0.0796875 0.1734375 0.0015625 0.1734375 0.0015625 0.2234375 0.0796875 0.2234375 0.0796875 0.1734375
0 0.121875 0.0203125 0.015625 0.0203125 0.015625 0.1078125 0.121875 0.1078125 0.121875 0.0203125
0 0.0046875 0.0015625 0.0015625 0.0015625 0.0015625 0.0015625 0.0046875 0.0015625 0.0046875 0.0015625
0 0.6046875 0.0015625 0.234375 0.0015625 0.234375 0.43125 0.6046875 0.43125 0.6046875 0.0015625
0 1.0 0.3203125 0.840625 0.3203125 0.840625 0.6546875 1.0 0.6546875 1.0 0.3203125
0 1.0 0.0015625 0.7140625 0.0015625 0.7140625 0.346875 1.0 0.346875 1.0 0.0015625
0 0.7359375 0.0484375 0.61875 0.0484375 0.61875 0.215625 0.7359375 0.215625 0.7359375 0.0484375
0 0.075 0.9734375 0.0390625 0.9734375 0.0390625 1.0 0.075 1.0 0.075 0.9734375
0 0.003125 0.71875 0.0015625 0.71875 0.0015625 0.7359375 0.003125 0.7359375 0.003125 0.71875
0 0.2171875 0.990625 0.2046875 0.990625 0.2046875 1.0 0.2171875 1.0 0.2171875 0.990625
0 0.3296875 0.8328125 0.2234375 0.8328125 0.2234375 1.0 0.3296875 1.0 0.3296875 0.8328125
0 0.8046875 0.76875 0.5390625 0.76875 0.5390625 0.9921875 0.8046875 0.9921875 0.8046875 0.76875
0 0.3484375 0.26875 0.2234375 0.26875 0.2234375 0.7765625 0.3484375 0.7765625 0.3484375 0.26875
0 0.4828125 0.3375 0.384375 0.3375 0.384375 0.4609375 0.4828125 0.4609375 0.4828125 0.3375
0 0.3078125 0.0015625 0.2375 0.0015625 0.2375 0.0765625 0.3078125 0.0765625 0.3078125 0.0015625
0 0.95 0.9078125 0.8171875 0.9078125 0.8171875 1.0 0.95 1.0 0.95 0.9078125
0 1.0 0.684375 0.7515625 0.684375 0.7515625 0.8875 1.0 0.8875 1.0 0.684375
0 0.946875 0.240625 0.7953125 0.240625 0.7953125 0.3359375 0.946875 0.3359375 0.946875 0.240625
0 0.196875 0.1734375 0.0265625 0.1734375 0.0265625 0.2359375 0.196875 0.2359375 0.196875 0.1734375
0 0.7453125 0.0015625 0.628125 0.0015625 0.628125 0.14375 0.7453125 0.14375 0.7453125 0.0015625
