0 0.0546875 0.5328125 0.0015625 0.5328125 0.0015625 0.7109375 0.0546875 0.7109375 0.0546875 0.5328125
0 0.01875 0.228125 0.0015625 0.228125 0.0015625 0.296875 0.01875 0.296875 0.01875 0.228125
0 0.71875 0.6671875 0.5703125 0.6671875 0.5703125 0.8796875 0.71875 0.8796875 0.71875 0.6671875
0 0.7984375 0.878125 0.6015625 0.878125 0.6015625 1.0 0.7984375 1.0 0.7984375 0.878125
0 0.046875 0.8265625 0.0015625 0.8265625 0.0015625 1.0 0.046875 1.0 0.046875 0.8265625
0 0.93125 0.6078125 0.8578125 0.6078125 0.8578125 0.753125 0.93125 0.753125 0.93125 0.6078125
0 0.9234375 0.4546875 0.840625 0.4546875 0.840625 0.55625 0.9234375 0.55625 0.9234375 0.4546875
0 0.01875 0.015625 0.0015625 0.015625 0.0015625 0.0796875 0.01875 0.0796875 0.01875 0.015625
0 0.19375 0.88125 0.0453125 0.88125 0.0453125 1.0 0.19375 1.0 0.19375 0.88125
0 0.175 0.325 0.0140625 0.325 0.0140625 0.453125 0.175 0.453125 0.175 0.325
0 0.3015625 0.05625 0.1734375 0.05625 0.1734375 0.2109375 0.3015625 0.2109375 0.3015625 0.05625
0 0.334375 0.0015625 0.265625 0.0015625 0.265625 0.1203125 0.334375 0.1203125 0.334375 0.0015625
0 0.66875 0.209375 0.459375 0.209375 0.459375 0.3921875 0.66875 0.3921875 0.66875 0.209375
0 1.0 0.5671875 0.99375 0.5671875 0.99375 0.6046875 1.0 0.6046875 1.0 0.5671875
0 1.0 0.096875 0.7203125 0.096875 0.7203125 0.434375 1.0 0.434375 1.0 0.096875
0 0.2046875 0.9765625 0.18125 0.9765625 0.18125 1.0 0.2046875 1.0 0.2046875 0.9765625
0 0.10625 0.415625 0.0015625 0.415625 0.0015625 0.721875 0.10625 0.721875 0.10625 0.415625
0 0.2328125 0.0015625 0.0015625 0.0015625 0.0015625 0.553125 0.2328125 0.553125 0.2328125 0.0015625
0 0.4796875 0.0015625 0.10625 0.0015625 0.10625 0.2734375 0.4796875 0.2734375 0.4796875 0.0015625
0 0.8125 0.978125 0.7625 0.978125 0.7625 1.0 0.8125 1.0 0.8125 0.978125
0 0.665625 0.4984375 0.4640625 0.4984375 0.4640625 0.7109375 0.665625 0.7109375 0.665625 0.4984375
0 0.5703125 0.3921875 0.434375 0.3921875 0.434375 0.4953125 0.5703125 0.4953125 0.5703125 0.3921875
0 0.63125 0.1734375 0.4421875 0.1734375 0.4421875 0.35625 0.63125 0.35625 0.63125 0.1734375
0 1.0 0.9484375 0.8828125 0.9484375 0.8828125 1.0 1.0 1.0 1.0 0.9484375
0 0.9921875 0.6140625 0.8953125 0.6140625 0.8953125 0.8109375 0.9921875 0.8109375 0.9921875 0.6140625
0 1.0 0.2625 0.896875 0.2625 0.896875 0.3640625 1.0 0.3640625 1.0 0.2625
0 0.3890625 0.6140625 0.3 0.6140625 0.3 0.759375 0.3890625 0.759375 0.3890625 0.6140625
0 0.5125 0.0421875 0.340625 0.0421875 0.340625 0.1953125 0.5125 0.1953125 0.5125 0.0421875
0 0.584375 0.0015625 0.5046875 0.0015625 0.5046875 0.071875 0.584375 0.071875 0.584375 0.0015625
0 0.0828125 0.8203125 0.0015625 0.8203125 0.0015625 0.9984375 0.0828125 0.9984375 0.0828125 0.8203125
0 0.665625 0.88125 0.58125 0.88125 0.58125 1.0 0.665625 1.0 0.665625 0.88125
0 0.4265625 0.7625 0.3125 0.7625 0.3125 0.9359375 0.4265625 0.9359375 0.4265625 0.7625
0 0.8390625 0.6671875 0.678125 0.6671875 0.678125 0.771875 0.8390625 0.771875 0.8390625 0.6671875
0 0.6078125 0.3953125 0.4953125 0.3953125 0.4953125 0.5875 0.6078125 0.5875 0.6078125 0.3953125
0 0.578125 0.796875 0.4484375 0.796875 0.4484375 0.940625 0.578125 0.940625 0.578125 0.796875
0 0.7359375 0.534375 0.665625 0.534375 0.665625 0.6921875 0.7359375 0.6921875 0.7359375 0.534375
0 0.134375 0.36875 0.0015625 0.36875 0.0015625 0.4765625 0.134375 0.4765625 0.134375 0.36875
0 0.1515625 0.0015625 0.096875 0.0015625 0.096875 0.1015625 0.1515625 0.1015625 0.1515625 0.0015625
