0 1.0 0.26875 0.9859375 0.26875 0.9859375 0.3046875 1.0 0.3046875 1.0 0.26875
0 0.6484375 0.871875 0.5484375 0.871875 0.5484375 1.0 0.6484375 1.0 0.6484375 0.871875
0 0.0171875 0.94375 0.0015625 0.94375 0.0015625 1.0 0.0171875 1.0 0.0171875 0.94375
0 0.2875 0.0015625 0.215625 0.0015625 0.215625 0.0515625 0.2875 0.0515625 0.2875 0.0015625
0 0.878125 0.8109375 0.5796875 0.8109375 0.5796875 1.0 0.878125 1.0 0.878125 0.8109375
0 0.6484375 0.4640625 0.490625 0.4640625 0.490625 0.725 0.6484375 0.725 0.6484375 0.4640625
0 0.2234375 0.409375 0.128125 0.409375 0.128125 0.665625 0.2234375 0.665625 0.2234375 0.409375
0 1.0 0.05 0.98125 0.05 0.98125 0.0640625 1.0 0.0640625 1.0 0.05
0 0.7234375 0.709375 0.6109375 0.709375 0.6109375 0.8765625 0.7234375 0.8765625 0.7234375 0.709375
0 0.925 0.0328125 0.7921875 0.0328125 0.7921875 0.1859375 0.925 0.1859375 0.925 0.0328125
0 0.8296875 0.0015625 0.8234375 0.0015625 0.8234375 0.0015625 0.8296875 0.0015625 0.8296875 0.0015625
0 0.4421875 0.0015625 0.415625 0.0015625 0.415625 0.0171875 0.4421875 0.0171875 0.4421875 0.0015625
0 1.0 0.128125 0.98125 0.128125 0.98125 0.15 1.0 0.15 1.0 0.128125
0 0.5953125 0.3609375 0.0015625 0.3609375 0.0015625 1.0 0.5953125 1.0 0.5953125 0.3609375
0 0.421875 0.3328125 0.2296875 0.3328125 0.2296875 0.51875 0.421875 0.51875 0.421875 0.3328125
0 0.525 0.075 0.3171875 0.075 0.3171875 0.3109375 0.525 0.3109375 0.525 0.075
0 0.196875 0.0875 0.0015625 0.0875 0.0015625 0.2796875 0.196875 0.2796875 0.196875 0.0875
0 0.44375 0.0015625 0.3390625 0.0015625 0.3390625 0.1828125 0.44375 0.1828125 0.44375 0.0015625
0 0.1484375 0.0015625 0.0609375 0.0015625 0.0609375 0.0921875 0.1484375 0.0921875 0.1484375 0.0015625
0 0.3328125 0.0015625 0.246875 0.0015625 0.246875 0.1375 0.3328125 0.1375 0.3328125 0.0015625
0 0.64375 0.428125 0.403125 0.428125 0.403125 0.5453125 0.64375 0.5453125 0.64375 0.428125
0 0.0640625 0.84375 0.0015625 0.84375 0.0015625 0.9515625 0.0640625 0.9515625 0.0640625 0.84375
0 1.0 0.0015625 0.0015625 0.0015625 0.0015625 1.0 1.0 1.0 1.0 0.0015625
0 0.515625 0.515625 0.3609375 0.515625 0.3609375 0.68125 0.515625 0.68125 0.515625 0.515625
