0 0.4109375 0.1421875 0.240625 0.1421875 0.240625 0.4234375 0.4109375 0.4234375 0.4109375 0.1421875
0 0.2546875 0.1125 0.1296875 0.1125 0.1296875 0.2078125 0.2546875 0.2078125 0.2546875 0.1125
0 0.640625 0.8015625 0.51875 0.8015625 0.51875 1.0 0.640625 1.0 0.640625 0.8015625
0 0.4296875 0.8078125 0.2515625 0.8078125 0.2515625 0.94375 0.4296875 0.94375 0.4296875 0.8078125
0 0.3671875 0.615625 0.2578125 0.615625 0.2578125 0.78125 0.3671875 0.78125 0.3671875 0.615625
0 0.7484375 0.4921875 0.64375 0.4921875 0.64375 0.6765625 0.7484375 0.6765625 0.7484375 0.4921875
0 0.390625 0.396875 0.23125 0.396875 0.23125 0.565625 0.390625 0.565625 0.390625 0.396875
0 0.15 0.184375 0.0609375 0.184375 0.0609375 0.34375 0.15 0.34375 0.15 0.184375
0 0.378125 0.0234375 0.28125 0.0234375 0.28125 0.153125 0.378125 0.153125 0.378125 0.0234375
0 1.0 0.859375 0.975 0.859375 0.975 1.0 1.0 1.0 1.0 0.859375
0 1.0 0.2625 0.915625 0.2625 0.915625 0.375 1.0 0.375 1.0 0.2625
0 0.1796875 0.9140625 0.1140625 0.9140625 0.1140625 1.0 0.1796875 1.0 0.1796875 0.9140625
0 0.09375 0.7875 0.0265625 0.7875 0.0265625 1.0 0.09375 1.0 0.09375 0.7875
0 0.059375 0.3640625 0.0015625 0.3640625 0.0015625 0.525 0.059375 0.525 0.059375 0.3640625
0 0.3703125 0.9640625 0.303125 0.9640625 0.303125 1.0 0.3703125 1.0 0.3703125 0.9640625
0 0.4734375 0.8703125 0.39375 0.8703125 0.39375 1.0 0.4734375 1.0 0.4734375 0.8703125
0 0.4484375 0.671875 0.25625 0.671875 0.25625 0.8640625 0.4484375 0.8640625 0.4484375 0.671875
0 0.240625 0.565625 0.1515625 0.565625 0.1515625 0.725 0.240625 0.725 0.240625 0.565625
0 0.4859375 0.0015625 0.13125 0.0015625 0.13125 0.6609375 0.4859375 0.6609375 0.4859375 0.0015625
0 0.309375 0.196875 0.1015625 0.196875 0.1015625 0.5234375 0.309375 0.5234375 0.309375 0.196875
0 1.0 0.359375 0.9171875 0.359375 0.9171875 0.4921875 1.0 0.4921875 1.0 0.359375
0 0.85625 0.1859375 0.7875 0.1859375 0.7875 0.3734375 0.85625 0.3734375 0.85625 0.1859375
0 0.50625 0.8734375 0.4421875 0.8734375 0.4421875 1.0 0.50625 1.0 0.50625 0.8734375
0 0.3390625 0.89375 0.25 0.89375 0.25 1.0 0.3390625 1.0 0.3390625 0.89375
0 0.078125 0.5515625 0.0015625 0.5515625 0.0015625 0.9875 0.078125 0.9875 0.078125 0.5515625
0 0.2078125 0.6109375 0.1359375 0.6109375 0.1359375 0.85 0.2078125 0.85 0.2078125 0.6109375
0 0.4453125 0.565625 0.353125 0.565625 0.353125 0.7453125 0.4453125 0.7453125 0.4453125 0.565625
0 0.51875 0.36875 0.4390625 0.36875 0.4390625 0.55 0.51875 0.55 0.51875 0.36875
0 0.0234375 0.290625 0.0015625 0.290625 0.0015625 0.428125 0.0234375 0.428125 0.0234375 0.290625
0 0.5015625 0.0015625 0.409375 0.0015625 0.409375 0.1421875 0.5015625 0.1421875 0.5015625 0.0015625
0 0.646875 0.9609375 0.5890625 0.9609375 0.5890625 1.0 0.646875 1.0 0.646875 0.9609375
0 0.7640625 0.7875 0.659375 0.7875 0.659375 1.0 0.7640625 1.0 0.7640625 0.7875
0 1.0 0.453125 0.8734375 0.453125 0.8734375 0.575 1.0 0.575 1.0 0.453125
0 0.8140625 0.1109375 0.6046875 0.1109375 0.6046875 0.5796875 0.8140625 0.5796875 0.8140625 0.1109375
0 0.9296875 0.2546875 0.8171875 0.2546875 0.8171875 0.3765625 0.9296875 0.3765625 0.9296875 0.2546875
0 1.0 0.13125 0.89375 0.13125 0.89375 0.2703125 1.0 0.2703125 1.0 0.13125
0 0.934375 0.046875 0.73125 0.046875 0.73125 0.240625 0.934375 0.240625 0.934375 0.046875
0 1.0 0.0015625 0.0015625 0.0015625 0.0015625 1.0 1.0 1.0 1.0 0.0015625
0 0.059375 0.6484375 0.0015625 0.6484375 0.0015625 1.0 0.059375 1.0 0.059375 0.6484375
0 0.4 0.65625 0.3375 0.65625 0.3375 0.7984375 0.4 0.7984375 0.4 0.65625
0 0.4390625 0.3484375 0.3375 0.3484375 0.3375 0.559375 0.4390625 0.559375 0.4390625 0.3484375
0 0.328125 0.3046875 0.2453125 0.3046875 0.2453125 0.45625 0.328125 0.45625 0.328125 0.3046875
