0 0.0671875 0.490625 0.0015625 0.490625 0.0015625 0.6109375 0.0671875 0.6109375 0.0671875 0.490625
0 0.940625 0.9609375 0.8703125 0.9609375 0.8703125 1.0 0.940625 1.0 0.940625 0.9609375
0 1.0 0.7953125 0.984375 0.7953125 0.984375 0.890625 1.0 0.890625 1.0 0.7953125
0 0.715625 0.796875 0.4671875 0.796875 0.4671875 0.9140625 0.715625 0.9140625 0.715625 0.796875
0 0.3375 0.9421875 0.246875 0.9421875 0.246875 1.0 0.3375 1.0 0.3375 0.9421875
0 0.453125 0.6171875 0.3328125 0.6171875 0.3328125 0.809375 0.453125 0.809375 0.453125 0.6171875
0 0.5328125 0.1703125 0.4140625 0.1703125 0.4140625 0.278125 0.5328125 0.278125 0.5328125 0.1703125
0 0.2625 0.0015625 0.20625 0.0015625 0.20625 0.01875 0.2625 0.01875 0.2625 0.0015625
0 0.709375 0.0734375 0.609375 0.0734375 0.609375 0.225 0.709375 0.225 0.709375 0.0734375
0 0.928125 0.3359375 0.8515625 0.3359375 0.8515625 0.5046875 0.928125 0.5046875 0.928125 0.3359375
0 0.8109375 0.11875 0.6609375 0.11875 0.6609375 0.3 0.8109375 0.3 0.8109375 0.11875
0 0.08125 0.8234375 0.003125 0.8234375 0.003125 1.0 0.08125 1.0 0.08125 0.8234375
0 0.165625 0.7390625 0.0046875 0.7390625 0.0046875 0.8671875 0.165625 0.8671875 0.165625 0.7390625
0 0.5390625 0.3359375 0.325 0.3359375 0.325 0.4765625 0.5390625 0.4765625 0.5390625 0.3359375
0 0.5375 0.0015625 0.4078125 0.0015625 0.4078125 0.1875 0.5375 0.1875 0.5375 0.0015625
0 0.4046875 0.0015625 0.1046875 0.0015625 0.1046875 0.18125 0.4046875 0.18125 0.4046875 0.0015625
0 0.1796875 0.634375 0.0515625 0.634375 0.0515625 0.790625 0.1796875 0.790625 0.1796875 0.634375
0 0.440625 0.5171875 0.3578125 0.5171875 0.3578125 0.6671875 0.440625 0.6671875 0.440625 0.5171875
0 0.2859375 0.8171875 0.1421875 0.8171875 0.1421875 0.9390625 0.2859375 0.9390625 0.2859375 0.8171875
0 0.2125 0.7953125 0.0875 0.7953125 0.0875 0.90625 0.2125 0.90625 0.2125 0.7953125
0 0.5171875 0.1390625 0.3125 0.1390625 0.3125 0.403125 0.5171875 0.403125 0.5171875 0.1390625
0 0.5734375 0.0015625 0.45625 0.0015625 0.45625 0.103125 0.5734375 0.103125 0.5734375 0.0015625
0 0.2328125 0.1953125 0.121875 0.1953125 0.121875 0.4234375 0.2328125 0.4234375 0.2328125 0.1953125
0 0.78125 0.065625 0.6296875 0.065625 0.6296875 0.153125 0.78125 0.153125 0.78125 0.065625
0 0.4328125 0.0015625 0.0015625 0.0015625 0.0015625 1.0 0.4328125 1.0 0.4328125 0.0015625
0 0.6125 0.6046875 0.4765625 0.6046875 0.4765625 0.834375 0.6125 0.834375 0.6125 0.6046875
0 0.684375 0.0625 0.396875 0.0625 0.396875 0.434375 0.684375 0.434375 0.684375 0.0625
