0 0.6203125 0.834375 0.5375 0.834375 0.5375 0.9546875 0.6203125 0.9546875 0.6203125 0.834375
0 0.509375 0.203125 0.0015625 0.203125 0.0015625 0.4625 0.509375 0.4625 0.509375 0.203125
0 0.5015625 0.075 0.3140625 0.075 0.3140625 0.18125 0.5015625 0.18125 0.5015625 0.075
0 0.725 0.665625 0.396875 0.665625 0.396875 1.0 0.725 1.0 0.725 0.665625
0 0.06875 0.6140625 0.0015625 0.6140625 0.0015625 0.915625 0.06875 0.915625 0.06875 0.6140625
0 0.3890625 0.0015625 0.0015625 0.0015625 0.0015625 0.9421875 0.3890625 0.9421875 0.3890625 0.0015625
0 0.7421875 0.5984375 0.578125 0.5984375 0.578125 0.8203125 0.7421875 0.8203125 0.7421875 0.5984375
0 0.4296875 0.28125 0.3 0.28125 0.3 0.41875 0.4296875 0.41875 0.4296875 0.28125
0 0.2890625 0.2703125 0.2 0.2703125 0.2 0.415625 0.2890625 0.415625 0.2890625 0.2703125
0 0.1828125 0.253125 0.0859375 0.253125 0.0859375 0.3734375 0.1828125 0.3734375 0.1828125 0.253125
0 0.5203125 0.0703125 0.165625 0.0703125 0.165625 0.31875 0.5203125 0.31875 0.5203125 0.0703125
0 0.009375 0.0015625 0.0015625 0.0015625 0.0015625 0.00625 0.009375 0.00625 0.009375 0.0015625
0 0.415625 0.6328125 0.3125 0.6328125 0.3125 0.8421875 0.415625 0.8421875 0.415625 0.6328125
0 0.43125 0.521875 0.2859375 0.521875 0.2859375 0.6125 0.43125 0.6125 0.43125 0.521875
0 0.534375 0.3375 0.390625 0.3375 0.390625 0.628125 0.534375 0.628125 0.534375 0.3375
0 0.0796875 0.1859375 0.0015625 0.1859375 0.0015625 0.4265625 0.0796875 0.4265625 0.0796875 0.1859375
0 0.7265625 0.23125 0.5125 0.23125 0.5125 0.3578125 0.7265625 0.3578125 0.7265625 0.23125
0 0.6109375 0.603125 0.540625 0.603125 0.540625 0.7484375 0.6109375 0.7484375 0.6109375 0.603125
0 0.0203125 0.0015625 0.0015625 0.0015625 0.0015625 0.1015625 0.0203125 0.1015625 0.0203125 0.0015625
0 0.2296875 0.4171875 0.1125 0.4171875 0.1125 0.540625 0.2296875 0.540625 0.2296875 0.4171875
0 0.3578125 0.2734375 0.2328125 0.2734375 0.2328125 0.4640625 0.3578125 0.4640625 0.3578125 0.2734375
0 0.65625 0.2796875 0.5421875 0.2796875 0.5421875 0.4421875 0.65625 0.4421875 0.65625 0.2796875
0 0.7859375 0.359375 0.715625 0.359375 0.715625 0.6625 0.7859375 0.6625 0.7859375 0.359375
0 0.7421875 0.3140625 0.5953125 0.3140625 0.5953125 0.421875 0.7421875 0.421875 0.7421875 0.3140625
0 0.2328125 0.959375 0.18125 0.959375 0.18125 1.0 0.2328125 1.0 0.2328125 0.959375
0 0.1328125 0.9328125 0.0140625 0.9328125 0.0140625 1.0 0.1328125 1.0 0.1328125 0.9328125
0 0.459375 0.790625 0.2765625 0.790625 0.2765625 0.9875 0.459375 0.9875 0.459375 0.790625
0 0.709375 0.7546875 0.56875 0.7546875 0.56875 0.8625 0.709375 0.8625 0.709375 0.7546875
0 0.2875 0.5890625 0.0515625 0.5890625 0.0515625 0.84375 0.2875 0.84375 0.2875 0.5890625
0 0.4578125 0.6265625 0.353125 0.6265625 0.353125 0.7734375 0.4578125 0.7734375 0.4578125 0.6265625
0 0.3453125 0.5390625 0.265625 0.5390625 0.265625 0.665625 0.3453125 0.665625 0.3453125 0.5390625
0 0.759375 0.603125 0.684375 0.603125 0.684375 1.0 0.759375 1.0 0.759375 0.603125
0 0.7578125 0.328125 0.3171875 0.328125 0.3171875 0.6546875 0.7578125 0.6546875 0.7578125 0.328125
0 0.30625 0.309375 0.0734375 0.309375 0.0734375 0.571875 0.30625 0.571875 0.30625 0.309375
0 0.1796875 0.95625 0.0125 0.95625 0.0125 1.0 0.1796875 1.0 0.1796875 0.95625
0 0.653125 0.85 0.4328125 0.85 0.4328125 1.0 0.653125 1.0 0.653125 0.85
0 0.61875 0.4671875 0.4984375 0.4671875 0.4984375 0.634375 0.61875 0.634375 0.61875 0.4671875
