0 0.3421875 0.9390625 0.309375 0.9390625 0.309375 1.0 0.3421875 1.0 0.3421875 0.9390625
0 0.2953125 0.903125 0.028125 0.903125 0.028125 1.0 0.2953125 1.0 0.2953125 0.903125
0 0.4453125 0.884375 0.3515625 0.884375 0.3515625 1.0 0.4453125 1.0 0.4453125 0.884375
0 0.35625 0.675 0.265625 0.675 0.265625 0.8734375 0.35625 0.8734375 0.35625 0.675
0 0.259375 0.5859375 0.0828125 0.5859375 0.0828125 0.8171875 0.259375 0.8171875 0.259375 0.5859375
0 0.8390625 0.965625 0.7484375 0.965625 0.7484375 1.0 0.8390625 1.0 0.8390625 0.965625
0 0.871875 0.7328125 0.753125 0.7328125 0.753125 0.8421875 0.871875 0.8421875 0.871875 0.7328125
0 0.203125 0.7953125 0.06875 0.7953125 0.06875 0.8828125 0.203125 0.8828125 0.203125 0.7953125
0 0.425 0.996875 0.4078125 0.996875 0.4078125 1.0 0.425 1.0 0.425 0.996875
0 0.6328125 0.7140625 0.49375 0.7140625 0.49375 0.846875 0.6328125 0.846875 0.6328125 0.7140625
0 0.3046875 0.753125 0.0015625 0.753125 0.0015625 0.928125 0.3046875 0.928125 0.3046875 0.753125
0 0.4 0.3765625 0.2984375 0.3765625 0.2984375 0.48125 0.4 0.48125 0.4 0.3765625
0 1.0 0.815625 0.9140625 0.815625 0.9140625 0.953125 1.0 0.953125 1.0 0.815625
0 0.5 0.0015625 0.0015625 0.0015625 0.0015625 0.58125 0.5 0.58125 0.5 0.0015625
0 0.5359375 0.328125 0.4625 0.328125 0.4625 0.7015625 0.5359375 0.7015625 0.5359375 0.328125
0 0.4203125 0.3625 0.2484375 0.3625 0.2484375 0.603125 0.4203125 0.603125 0.4203125 0.3625
0 0.4171875 0.190625 0.2421875 0.190625 0.2421875 0.409375 0.4171875 0.409375 0.4171875 0.190625
0 0.8828125 0.5953125 0.7609375 0.5953125 0.7609375 0.7171875 0.8828125 0.7171875 0.8828125 0.5953125
0 0.7 0.515625 0.5734375 0.515625 0.5734375 0.7 0.7 0.7 0.7 0.515625
0 0.7859375 0.3328125 0.625 0.3328125 0.625 0.471875 0.7859375 0.471875 0.7859375 0.3328125
0 0.753125 0.14375 0.55 0.14375 0.55 0.3234375 0.753125 0.3234375 0.753125 0.14375
0 0.746875 0.0015625 0.578125 0.0015625 0.578125 0.159375 0.746875 0.159375 0.746875 0.0015625
0 0.4421875 0.146875 0.1609375 0.146875 0.1609375 0.4875 0.4421875 0.4875 0.4421875 0.146875
