0 0.6671875 0.41875 0.60625 0.41875 0.60625 0.628125 0.6671875 0.628125 0.6671875 0.41875
0 0.265625 0.553125 0.2 0.553125 0.2 0.684375 0.265625 0.684375 0.265625 0.553125
0 1.0 0.7484375 0.9859375 0.7484375 0.9859375 0.859375 1.0 0.859375 1.0 0.7484375
0 0.90625 0.5484375 0.784375 0.5484375 0.784375 0.653125 0.90625 0.653125 0.90625 0.5484375
0 0.846875 0.403125 0.7203125 0.403125 0.7203125 0.59375 0.846875 0.59375 0.846875 0.403125
0 1.0 0.2703125 0.9859375 0.2703125 0.9859375 0.4859375 1.0 0.4859375 1.0 0.2703125
0 0.671875 0.934375 0.5765625 0.934375 0.5765625 1.0 0.671875 1.0 0.671875 0.934375
0 0.625 0.0015625 0.5375 0.0015625 0.5375 0.121875 0.625 0.121875 0.625 0.0015625
0 0.6703125 0.0015625 0.5921875 0.0015625 0.5921875 0.115625 0.6703125 0.115625 0.6703125 0.0015625
0 0.2875 0.334375 0.0015625 0.334375 0.0015625 0.728125 0.2875 0.728125 0.2875 0.334375
0 0.740625 0.4296875 0.0015625 0.4296875 0.0015625 1.0 0.740625 1.0 0.740625 0.4296875
0 0.5953125 0.1625 0.2703125 0.1625 0.2703125 0.5984375 0.5953125 0.5984375 0.5953125 0.1625
0 0.0875 0.1734375 0.003125 0.1734375 0.003125 0.30625 0.0875 0.30625 0.0875 0.1734375
0 0.915625 0.9515625 0.790625 0.9515625 0.790625 1.0 0.915625 1.0 0.915625 0.9515625
0 0.86875 0.8734375 0.7671875 0.8734375 0.7671875 1.0 0.86875 1.0 0.86875 0.8734375
0 0.775 0.921875 0.71875 0.921875 0.71875 1.0 0.775 1.0 0.775 0.921875
0 0.125 0.6828125 0.028125 0.6828125 0.028125 0.825 0.125 0.825 0.125 0.6828125
0 0.0203125 0.6984375 0.0015625 0.6984375 0.0015625 0.7828125 0.0203125 0.7828125 0.0203125 0.6984375
0 0.7453125 0.4765625 0.6546875 0.4765625 0.6546875 0.7828125 0.7453125 0.7828125 0.7453125 0.4765625
0 0.3796875 0.265625 0.26875 0.265625 0.26875 0.4796875 0.3796875 0.4796875 0.3796875 0.265625
0 0.4890625 0.0203125 0.3265625 0.0203125 0.3265625 0.1375 0.4890625 0.1375 0.4890625 0.0203125
0 0.0625 0.0015625 0.0015625 0.0015625 0.0015625 0.0703125 0.0625 0.0703125 0.0625 0.0015625
0 1.0 0.8265625 0.846875 0.8265625 0.846875 0.9640625 1.0 0.9640625 1.0 0.8265625
0 1.0 0.4875 0.9484375 0.4875 0.9484375 0.615625 1.0 0.615625 1.0 0.4875
0 0.9171875 0.0171875 0.7046875 0.0171875 0.7046875 0.515625 0.9171875 0.515625 0.9171875 0.0171875
0 0.75 0.0515625 0.6328125 0.0515625 0.6328125 0.2875 0.75 0.2875 0.75 0.0515625
0 0.034375 0.8359375 0.0015625 0.8359375 0.0015625 0.95625 0.034375 0.95625 0.034375 0.8359375
0 0.1765625 0.496875 0.0078125 0.496875 0.0078125 0.628125 0.1765625 0.628125 0.1765625 0.496875
0 0.253125 0.2625 0.0796875 0.2625 0.0796875 0.5140625 0.253125 0.5140625 0.253125 0.2625
0 0.4828125 0.15625 0.3515625 0.15625 0.3515625 0.2484375 0.4828125 0.2484375 0.4828125 0.15625
0 0.0796875 0.1078125 0.0015625 0.1078125 0.0015625 0.221875 0.0796875 0.221875 0.0796875 0.1078125
0 0.840625 0.4296875 0.6953125 0.4296875 0.6953125 0.878125 0.840625 0.878125 0.840625 0.4296875
0 0.553125 0.428125 0.4828125 0.428125 0.4828125 0.5546875 0.553125 0.5546875 0.553125 0.428125
0 0.64375 0.0640625 0.5140625 0.0640625 0.5140625 0.325 0.64375 0.325 0.64375 0.0640625
0 0.384375 0.859375 0.0015625 0.859375 0.0015625 1.0 0.384375 1.0 0.384375 0.859375
0 0.0265625 0.7984375 0.0015625 0.7984375 0.0015625 0.9015625 0.0265625 0.9015625 0.0265625 0.7984375
0 0.0765625 0.4 0.0015625 0.4 0.0015625 0.546875 0.0765625 0.546875 0.0765625 0.4
0 0.0359375 0.1765625 0.0015625 0.1765625 0.0015625 0.3078125 0.0359375 0.3078125 0.0359375 0.1765625
0 0.15625 0.0015625 0.0015625 0.0015625 0.0015625 0.25 0.15625 0.25 0.15625 0.0015625
0 0.7484375 0.859375 0.3921875 0.859375 0.3921875 1.0 0.7484375 1.0 0.7484375 0.859375
0 0.5515625 0.4671875 0.321875 0.4671875 0.321875 0.921875 0.5515625 0.921875 0.5515625 0.4671875
0 0.259375 0.5734375 0.046875 0.5734375 0.046875 0.8625 0.259375 0.8625 0.259375 0.5734375
0 0.321875 0.5703125 0.2078125 0.5703125 0.2078125 0.8953125 0.321875 0.8953125 0.321875 0.5703125
0 0.7015625 0.625 0.621875 0.625 0.621875 0.7265625 0.7015625 0.7265625 0.7015625 0.625
0 0.4171875 0.303125 0.3046875 0.303125 0.3046875 0.50625 0.4171875 0.50625 0.4171875 0.303125
0 0.6765625 0.0015625 0.11875 0.0015625 0.11875 0.5140625 0.6765625 0.5140625 0.6765625 0.0015625
0 0.746875 0.075 0.65 0.075 0.65 0.2 0.746875 0.2 0.746875 0.075
0 0.2984375 0.6734375 0.1671875 0.6734375 0.1671875 0.8453125 0.2984375 0.8453125 0.2984375 0.6734375
0 0.5140625 0.0015625 0.0859375 0.0015625 0.0859375 0.375 0.5140625 0.375 0.5140625 0.0015625
0 0.1296875 0.8375 0.0265625 0.8375 0.0265625 0.9625 0.1296875 0.9625 0.1296875 0.8375
0 0.39375 0.4546875 0.2359375 0.4546875 0.2359375 0.575 0.39375 0.575 0.39375 0.4546875
0 0.921875 0.0015625 0.6390625 0.0015625 0.6390625 0.11875 0.921875 0.11875 0.921875 0.0015625
0 1.0 0.6703125 0.8265625 0.6703125 0.8265625 1.0 1.0 1.0 1.0 0.6703125
0 0.8390625 0.4546875 0.675 0.4546875 0.675 0.965625 0.8390625 0.965625 0.8390625 0.4546875
0 1.0 0.0015625 0.7828125 0.0015625 0.7828125 0.75625 1.0 0.75625 1.0 0.0015625
0 0.8890625 0.4890625 0.7765625 0.4890625 0.7765625 0.6140625 0.8890625 0.6140625 0.8890625 0.4890625
0 0.85 0.121875 0.653125 0.121875 0.653125 0.43125 0.85 0.43125 0.85 0.121875
0 0.7203125 0.9015625 0.590625 0.9015625 0.590625 1.0 0.7203125 1.0 0.7203125 0.9015625
0 0.6828125 0.60625 0.5984375 0.60625 0.5984375 0.7765625 0.6828125 0.7765625 0.6828125 0.60625
0 0.1125 0.2546875 0.00625 0.2546875 0.00625 0.4015625 0.1125 0.4015625 0.1125 0.2546875
