0 1.0 0.221875 0.7484375 0.221875 0.7484375 0.459375 1.0 0.459375 1.0 0.221875
0 1.0 0.3609375 0.54375 0.3609375 0.54375 1.0 1.0 1.0 1.0 0.3609375
0 0.146875 0.2125 0.0015625 0.2125 0.0015625 0.36875 0.146875 0.36875 0.146875 0.2125
0 0.7171875 0.228125 0.05 0.228125 0.05 1.0 0.7171875 1.0 0.7171875 0.228125
0 0.921875 0.0015625 0.221875 0.0015625 0.221875 0.1078125 0.921875 0.1078125 0.921875 0.0015625
0 1.0 0.0015625 0.7703125 0.0015625 0.7703125 0.334375 1.0 0.334375 1.0 0.0015625
0 0.2171875 0.90625 0.1078125 0.90625 0.1078125 1.0 0.2171875 1.0 0.2171875 0.90625
0 0.9859375 0.5453125 0.86875 0.5453125 0.86875 0.8328125 0.9859375 0.8328125 0.9859375 0.5453125
0 1.0 0.44375 0.86875 0.44375 0.86875 0.74375 1.0 0.74375 1.0 0.44375
0 0.86875 0.0015625 0.1140625 0.0015625 0.1140625 0.575 0.86875 0.575 0.86875 0.0015625
0 0.5609375 0.3296875 0.4546875 0.3296875 0.4546875 0.546875 0.5609375 0.546875 0.5609375 0.3296875
0 0.6265625 0.546875 0.340625 0.546875 0.340625 1.0 0.6265625 1.0 0.6265625 0.546875
0 0.109375 0.4515625 0.0015625 0.4515625 0.0015625 0.8328125 0.109375 0.8328125 0.109375 0.4515625
0 0.1796875 0.2734375 0.0015625 0.2734375 0.0015625 0.396875 0.1796875 0.396875 0.1796875 0.2734375
0 0.38125 0.0015625 0.0015625 0.0015625 0.0015625 0.0875 0.38125 0.0875 0.38125 0.0015625
0 0.9671875 0.0015625 0.884375 0.0015625 0.884375 0.096875 0.9671875 0.096875 0.9671875 0.0015625
0 0.603125 0.8328125 0.5171875 0.8328125 0.5171875 0.984375 0.603125 0.984375 0.603125 0.8328125
0 0.45 0.575 0.3984375 0.575 0.3984375 0.7921875 0.45 0.7921875 0.45 0.575
0 0.4796875 0.94375 0.390625 0.94375 0.390625 1.0 0.4796875 1.0 0.4796875 0.94375
