0 0.3578125 0.0015625 0.2859375 0.0015625 0.2859375 0.078125 0.3578125 0.078125 0.3578125 0.0015625
0 0.9671875 0.0015625 0.9515625 0.0015625 0.9515625 0.003125 0.9671875 0.003125 0.9671875 0.0015625
0 0.5296875 0.065625 0.3984375 0.065625 0.3984375 0.29375 0.5296875 0.29375 0.5296875 0.065625
0 0.746875 0.9765625 0.678125 0.9765625 0.678125 1.0 0.746875 1.0 0.746875 0.9765625
0 0.8953125 0.3859375 0.6328125 0.3859375 0.6328125 0.6203125 0.8953125 0.6203125 0.8953125 0.3859375
0 0.646875 0.325 0.5390625 0.325 0.5390625 0.4734375 0.646875 0.4734375 0.646875 0.325
0 1.0 0.2359375 0.9640625 0.2359375 0.9640625 0.3109375 1.0 0.3109375 1.0 0.2359375
0 0.171875 0.9328125 0.0859375 0.9328125 0.0859375 1.0 0.171875 1.0 0.171875 0.9328125
0 0.3 0.1875 0.1828125 0.1875 0.1828125 0.434375 0.3 0.434375 0.3 0.1875
0 0.15 0.0015625 0.1328125 0.0015625 0.1328125 0.0125 0.15 0.0125 0.15 0.0015625
0 0.153125 0.296875 0.0015625 0.296875 0.0015625 0.434375 0.153125 0.434375 0.153125 0.296875
0 0.1796875 0.721875 0.0875 0.721875 0.0875 0.915625 0.1796875 0.915625 0.1796875 0.721875
0 0.9046875 0.8 0.7875 0.8 0.7875 0.9484375 0.9046875 0.9484375 0.9046875 0.8
0 0.9375 0.7078125 0.7984375 0.7078125 0.7984375 0.803125 0.9375 0.803125 0.9375 0.7078125
0 0.53125 0.0015625 0.4890625 0.0015625 0.4890625 0.0453125 0.53125 0.0453125 0.53125 0.0015625
0 0.0046875 0.9859375 0.0015625 0.9859375 0.0015625 0.996875 0.0046875 0.996875 0.0046875 0.9859375
0 0.1203125 0.7046875 0.0015625 0.7046875 0.0015625 0.8890625 0.1203125 0.8890625 0.1203125 0.7046875
0 0.178125 0.5734375 0.0015625 0.5734375 0.0015625 0.66875 0.178125 0.66875 0.178125 0.5734375
0 0.759375 0.8640625 0.6125 0.8640625 0.6125 1.0 0.759375 1.0 0.759375 0.8640625
0 0.8859375 0.9515625 0.7875 0.9515625 0.7875 1.0 0.8859375 1.0 0.8859375 0.9515625
0 1.0 0.6625 0.9078125 0.6625 0.9078125 0.7890625 1.0 0.7890625 1.0 0.6625
0 0.6234375 0.5453125 0.5265625 0.5453125 0.5265625 0.671875 0.6234375 0.671875 0.6234375 0.5453125
0 0.69375 0.23125 0.453125 0.23125 0.453125 0.5109375 0.69375 0.5109375 0.69375 0.23125
0 0.971875 0.253125 0.7625 0.253125 0.7625 0.4609375 0.971875 0.4609375 0.971875 0.253125
0 0.5375 0.1640625 0.4484375 0.1640625 0.4484375 0.325 0.5375 0.325 0.5375 0.1640625
0 1.0 0.0953125 0.85625 0.0953125 0.85625 0.2875 1.0 0.2875 1.0 0.0953125
0 0.746875 0.0953125 0.5390625 0.0953125 0.5390625 0.178125 0.746875 0.178125 0.746875 0.0953125
0 0.86875 0.0890625 0.7578125 0.0890625 0.7578125 0.171875 0.86875 0.171875 0.86875 0.0890625
0 0.8265625 0.70625 0.7125 0.70625 0.7125 0.84375 0.8265625 0.84375 0.8265625 0.70625
0 0.65 0.465625 0.4640625 0.465625 0.4640625 0.609375 0.65 0.609375 0.65 0.465625
0 0.7890625 0.3296875 0.696875 0.3296875 0.696875 0.5109375 0.7890625 0.5109375 0.7890625 0.3296875
0 0.8484375 0.8359375 0.7234375 0.8359375 0.7234375 0.9640625 0.8484375 0.9640625 0.8484375 0.8359375
0 0.9328125 0.765625 0.8234375 0.765625 0.8234375 0.8796875 0.9328125 0.8796875 0.9328125 0.765625
0 0.471875 0.6890625 0.3953125 0.6890625 0.3953125 0.8515625 0.471875 0.8515625 0.471875 0.6890625
0 0.6265625 0.6453125 0.509375 0.6453125 0.509375 0.7765625 0.6265625 0.7765625 0.6265625 0.6453125
0 1.0 0.4875 0.896875 0.4875 0.896875 0.5953125 1.0 0.5953125 1.0 0.4875
0 0.7703125 0.246875 0.6453125 0.246875 0.6453125 0.39375 0.7703125 0.39375 0.7703125 0.246875
0 0.9515625 0.0015625 0.78125 0.0015625 0.78125 0.2625 0.9515625 0.2625 0.9515625 0.0015625
0 0.7625 0.0328125 0.5609375 0.0328125 0.5609375 0.1265625 0.7625 0.1265625 0.7625 0.0328125
0 0.653125 0.0015625 0.6109375 0.0015625 0.6109375 0.0203125 0.653125 0.0203125 0.653125 0.0015625
0 1.0 0.7859375 1.0 0.7859375 1.0 0.7890625 1.0 0.7890625 1.0 0.7859375
0 0.0921875 0.7921875 0.0015625 0.7921875 0.0015625 0.8609375 0.0921875 0.8609375 0.0921875 0.7921875
0 0.9234375 0.9625 0.7390625 0.9625 0.7390625 1.0 0.9234375 1.0 0.9234375 0.9625
0 0.3296875 0.9125 0.109375 0.9125 0.109375 1.0 0.3296875 1.0 0.3296875 0.9125
0 0.7359375 0.6609375 0.578125 0.6609375 0.578125 0.78125 0.7359375 0.78125 0.7359375 0.6609375
0 0.7078125 0.540625 0.5953125 0.540625 0.5953125 0.646875 0.7078125 0.646875 0.7078125 0.540625
0 0.5671875 0.4359375 0.4671875 0.4359375 0.4671875 0.5421875 0.5671875 0.5421875 0.5671875 0.4359375
0 0.896875 0.215625 0.6125 0.215625 0.6125 0.4171875 0.896875 0.4171875 0.896875 0.215625
0 0.721875 0.09375 0.4796875 0.09375 0.4796875 0.35625 0.721875 0.35625 0.721875 0.09375
0 0.7546875 0.0015625 0.6453125 0.0015625 0.6453125 0.046875 0.7546875 0.046875 0.7546875 0.0015625
0 1.0 0.7890625 0.896875 0.7890625 0.896875 0.9953125 1.0 0.9953125 1.0 0.7890625
0 0.9578125 0.434375 0.815625 0.434375 0.815625 0.534375 0.9578125 0.534375 0.9578125 0.434375
0 1.0 0.2921875 0.9171875 0.2921875 0.9171875 0.4453125 1.0 0.4453125 1.0 0.2921875
0 1.0 0.0015625 0.9390625 0.0015625 0.9390625 0.184375 1.0 0.184375 1.0 0.0015625
0 0.2609375 0.4703125 0.1140625 0.4703125 0.1140625 0.703125 0.2609375 0.703125 0.2609375 0.4703125
0 0.31875 0.0015625 0.2453125 0.0015625 0.2453125 0.1359375 0.31875 0.1359375 0.31875 0.0015625
0 0.0578125 0.2484375 0.0015625 0.2484375 0.0015625 0.284375 0.0578125 0.284375 0.0578125 0.2484375
0 0.0578125 0.8765625 0.0015625 0.8765625 0.0015625 1.0 0.0578125 1.0 0.0578125 0.8765625
0 0.1171875 0.0921875 0.0015625 0.0921875 0.0015625 0.3484375 0.1171875 0.3484375 0.1171875 0.0921875
0 0.2015625 0.0015625 0.096875 0.0015625 0.096875 0.065625 0.2015625 0.065625 0.2015625 0.0015625
0 0.6453125 0.896875 0.5203125 0.896875 0.5203125 1.0 0.6453125 1.0 0.6453125 0.896875
0 0.9578125 0.5453125 0.6234375 0.5453125 0.6234375 0.8046875 0.9578125 0.8046875 0.9578125 0.5453125
0 0.5765625 0.6359375 0.4765625 0.6359375 0.4765625 0.759375 0.5765625 0.759375 0.5765625 0.6359375
0 0.65 0.0015625 0.3 0.0015625 0.3 0.3015625 0.65 0.3015625 0.65 0.0015625
0 0.8796875 0.0015625 0.746875 0.0015625 0.746875 0.109375 0.8796875 0.109375 0.8796875 0.0015625
0 1.0 0.946875 0.8546875 0.946875 0.8546875 1.0 1.0 1.0 1.0 0.946875
0 1.0 0.78125 0.934375 0.78125 0.934375 0.8875 1.0 0.8875 1.0 0.78125
0 1.0 0.43125 0.9296875 0.43125 0.9296875 0.4953125 1.0 0.4953125 1.0 0.43125
0 1.0 0.053125 0.9921875 0.053125 0.9921875 0.0828125 1.0 0.0828125 1.0 0.053125
0 0.9515625 0.0015625 0.88125 0.0015625 0.88125 0.04375 0.9515625 0.04375 0.9515625 0.0015625
0 0.06875 0.684375 0.0015625 0.684375 0.0015625 0.759375 0.06875 0.759375 0.06875 0.684375
0 0.1171875 0.871875 0.03125 0.871875 0.03125 1.0 0.1171875 1.0 0.1171875 0.871875
0 0.265625 0.8234375 0.140625 0.8234375 0.140625 0.9796875 0.265625 0.9796875 0.265625 0.8234375
0 0.825 0.2296875 0.090625 0.2296875 0.090625 1.0 0.825 1.0 0.825 0.2296875
0 0.0828125 0.2625 0.0015625 0.2625 0.0015625 0.4 0.0828125 0.4 0.0828125 0.2625
0 0.2609375 0.046875 0.1203125 0.046875 0.1203125 0.1609375 0.2609375 0.1609375 0.2609375 0.046875
0 0.1578125 0.0015625 0.0015625 0.0015625 0.0015625 0.0390625 0.1578125 0.0390625 0.1578125 0.0015625
0 0.4125 0.9125 0.2828125 0.9125 0.2828125 1.0 0.4125 1.0 0.4125 0.9125
0 0.71875 0.403125 0.58125 0.403125 0.58125 0.51875 0.71875 0.51875 0.71875 0.403125
0 1.0 0.3359375 0.8546875 0.3359375 0.8546875 0.465625 1.0 0.465625 1.0 0.3359375
0 0.0109375 0.425 0.0015625 0.425 0.0015625 0.434375 0.0109375 0.434375 0.0109375 0.425
0 0.46875 0.0015625 0.0015625 0.0015625 0.0015625 0.2484375 0.46875 0.2484375 0.46875 0.0015625
0 0.6390625 0.7171875 0.1453125 0.7171875 0.1453125 1.0 0.6390625 1.0 0.6390625 0.7171875
0 0.3203125 0.5546875 0.221875 0.5546875 0.221875 0.6671875 0.3203125 0.6671875 0.3203125 0.5546875
0 0.4140625 0.24375 0.29375 0.24375 0.29375 0.384375 0.4140625 0.384375 0.4140625 0.24375
0 0.0375 0.0015625 0.028125 0.0015625 0.028125 0.003125 0.0375 0.003125 0.0375 0.0015625
0 0.98125 0.7921875 0.8921875 0.7921875 0.8921875 0.95625 0.98125 0.95625 0.98125 0.7921875
0 1.0 0.5546875 0.8265625 0.5546875 0.8265625 0.7421875 1.0 0.7421875 1.0 0.5546875
0 0.934375 0.525 0.7375 0.525 0.7375 0.6703125 0.934375 0.6703125 0.934375 0.525
