0 1.0 0.7578125 0.9140625 0.7578125 0.9140625 0.953125 1.0 0.953125 1.0 0.7578125
0 0.434375 0.94375 0.3359375 0.94375 0.3359375 1.0 0.434375 1.0 0.434375 0.94375
0 0.3421875 0.9640625 0.2578125 0.9640625 0.2578125 1.0 0.3421875 1.0 0.3421875 0.9640625
0 0.115625 0.7765625 0.0015625 0.7765625 0.0015625 0.9140625 0.115625 0.9140625 0.115625 0.7765625
0 0.771875 0.3953125 0.54375 0.3953125 0.54375 0.8078125 0.771875 0.8078125 0.771875 0.3953125
0 0.521875 0.4859375 0.4296875 0.4859375 0.4296875 0.628125 0.521875 0.628125 0.521875 0.4859375
0 0.14375 0.0015625 0.01875 0.0015625 0.01875 0.1890625 0.14375 0.1890625 0.14375 0.0015625
0 1.0 0.2671875 0.7984375 0.2671875 0.7984375 0.4078125 1.0 0.4078125 1.0 0.2671875
0 0.6640625 0.0015625 0.640625 0.0015625 0.640625 0.009375 0.6640625 0.009375 0.6640625 0.0015625
0 0.2921875 0.7609375 0.1796875 0.7609375 0.1796875 0.884375 0.2921875 0.884375 0.2921875 0.7609375
0 0.234375 0.653125 0.09375 0.653125 0.09375 0.7953125 0.234375 0.7953125 0.234375 0.653125
0 0.065625 0.1125 0.0015625 0.1125 0.0015625 0.2015625 0.065625 0.2015625 0.065625 0.1125
0 0.271875 0.675 0.015625 0.675 0.015625 1.0 0.271875 1.0 0.271875 0.675
0 0.1390625 0.7125 0.0015625 0.7125 0.0015625 0.8296875 0.1390625 0.8296875 0.1390625 0.7125
0 0.11875 0.58125 0.0015625 0.58125 0.0015625 0.740625 0.11875 0.740625 0.11875 0.58125
0 0.115625 0.0015625 0.0015625 0.0015625 0.0015625 0.040625 0.115625 0.040625 0.115625 0.0015625
0 1.0 0.8765625 0.9078125 0.8765625 0.9078125 1.0 1.0 1.0 1.0 0.8765625
0 0.9 0.8234375 0.7625 0.8234375 0.7625 0.9546875 0.9 0.9546875 0.9 0.8234375
0 0.978125 0.6953125 0.915625 0.6953125 0.915625 0.8578125 0.978125 0.8578125 0.978125 0.6953125
0 0.8375 0.375 0.596875 0.375 0.596875 0.7515625 0.8375 0.7515625 0.8375 0.375
0 0.5890625 0.6390625 0.4375 0.6390625 0.4375 0.7296875 0.5890625 0.7296875 0.5890625 0.6390625
0 1.0 0.4 0.89375 0.4 0.89375 0.590625 1.0 0.590625 1.0 0.4
0 1.0 0.0015625 0.5296875 0.0015625 0.5296875 0.4625 1.0 0.4625 1.0 0.0015625
0 1.0 0.253125 0.9203125 0.253125 0.9203125 0.35 1.0 0.35 1.0 0.253125
0 0.64375 0.0546875 0.4578125 0.0546875 0.4578125 0.2421875 0.64375 0.2421875 0.64375 0.0546875
0 0.0734375 0.865625 0.0015625 0.865625 0.0015625 1.0 0.0734375 1.0 0.0734375 0.865625
0 0.784375 0.9640625 0.753125 0.9640625 0.753125 1.0 0.784375 1.0 0.784375 0.9640625
0 1.0 0.0015625 0.0015625 0.0015625 0.0015625 1.0 1.0 1.0 1.0 0.0015625
0 0.3421875 0.9140625 0.225 0.9140625 0.225 0.9953125 0.3421875 0.9953125 0.3421875 0.9140625
0 0.1796875 0.0296875 0.0890625 0.0296875 0.0890625 0.2640625 0.1796875 0.2640625 0.1796875 0.0296875
