0 0.23125 0.0015625 0.0015625 0.0015625 0.0015625 0.11875 0.23125 0.11875 0.23125 0.0015625
0 0.76875 0.0015625 0.615625 0.0015625 0.615625 0.0875 0.76875 0.0875 0.76875 0.0015625
0 1.0 0.0015625 0.871875 0.0015625 0.871875 0.1203125 1.0 0.1203125 1.0 0.0015625
0 0.1234375 0.0015625 0.0375 0.0015625 0.0375 0.1171875 0.1234375 0.1171875 0.1234375 0.0015625
0 0.515625 0.0015625 0.3609375 0.0015625 0.3609375 0.090625 0.515625 0.090625 0.515625 0.0015625
0 0.871875 0.0015625 0.765625 0.0015625 0.765625 0.053125 0.871875 0.053125 0.871875 0.0015625
0 0.1796875 0.034375 0.0015625 0.034375 0.0015625 0.1375 0.1796875 0.1375 0.1796875 0.034375
0 0.315625 0.0015625 0.21875 0.0015625 0.21875 0.0734375 0.315625 0.0734375 0.315625 0.0015625
0 0.4609375 0.0015625 0.33125 0.0015625 0.33125 0.06875 0.4609375 0.06875 0.4609375 0.0015625
0 0.6734375 0.0015625 0.49375 0.0015625 0.49375 0.165625 0.6734375 0.165625 0.6734375 0.0015625
0 0.978125 0.0015625 0.7546875 0.0015625 0.7546875 0.1609375 0.978125 0.1609375 0.978125 0.0015625
0 0.9859375 0.0015625 0.9359375 0.0015625 0.9359375 0.015625 0.9859375 0.015625 0.9859375 0.0015625
