0 1.0 0.8453125 0.940625 0.8453125 0.940625 1.0 1.0 1.0 1.0 0.8453125
0 0.3453125 0.8609375 0.2171875 0.8609375 0.2171875 0.965625 0.3453125 0.965625 0.3453125 0.8609375
0 0.9078125 0.7578125 0.7453125 0.7578125 0.7453125 0.95625 0.9078125 0.95625 0.9078125 0.7578125
0 0.725 0.6796875 0.58125 0.6796875 0.58125 0.921875 0.725 0.921875 0.725 0.6796875
0 0.5390625 0.6546875 0.4390625 0.6546875 0.4390625 0.790625 0.5390625 0.790625 0.5390625 0.6546875
0 0.671875 0.4734375 0.4015625 0.4734375 0.4015625 0.6515625 0.671875 0.6515625 0.671875 0.4734375
0 1.0 0.40625 0.8890625 0.40625 0.8890625 0.5625 1.0 0.5625 1.0 0.40625
0 0.9171875 0.296875 0.6984375 0.296875 0.6984375 0.4640625 0.9171875 0.4640625 0.9171875 0.296875
0 0.8703125 0.1125 0.65625 0.1125 0.65625 0.2171875 0.8703125 0.2171875 0.8703125 0.1125
0 0.7546875 0.0015625 0.6984375 0.0015625 0.6984375 0.1109375 0.7546875 0.1109375 0.7546875 0.0015625
0 0.0421875 0.55625 0.0015625 0.55625 0.0015625 0.6296875 0.0421875 0.6296875 0.0421875 0.55625
0 0.4125 0.7015625 0.2375 0.7015625 0.2375 0.884375 0.4125 0.884375 0.4125 0.7015625
0 0.096875 0.6203125 0.0015625 0.6203125 0.0015625 0.840625 0.096875 0.840625 0.096875 0.6203125
0 0.7703125 0.76875 0.6828125 0.76875 0.6828125 0.9703125 0.7703125 0.9703125 0.7703125 0.76875
0 1.0 0.43125 0.921875 0.43125 0.921875 0.6421875 1.0 0.6421875 1.0 0.43125
0 0.9734375 0.409375 0.690625 0.409375 0.690625 0.634375 0.9734375 0.634375 0.9734375 0.409375
0 0.7109375 0.0015625 0.4859375 0.0015625 0.4859375 0.4515625 0.7109375 0.4515625 0.7109375 0.0015625
0 1.0 0.0015625 0.8203125 0.0015625 0.8203125 0.321875 1.0 0.321875 1.0 0.0015625
0 0.934375 0.05625 0.7859375 0.05625 0.7859375 0.125 0.934375 0.125 0.934375 0.05625
0 0.5515625 0.784375 0.4359375 0.784375 0.4359375 1.0 0.5515625 1.0 0.5515625 0.784375
0 0.9625 0.9890625 0.925 0.9890625 0.925 1.0 0.9625 1.0 0.9625 0.9890625
0 0.5984375 0.7125 0.471875 0.7125 0.471875 0.9015625 0.5984375 0.9015625 0.5984375 0.7125
0 0.696875 0.509375 0.5328125 0.509375 0.5328125 0.7125 0.696875 0.7125 0.696875 0.509375
0 1.0 0.54375 0.9 0.54375 0.9 0.703125 1.0 0.703125 1.0 0.54375
0 1.0 0.4203125 0.9890625 0.4203125 0.9890625 0.4390625 1.0 0.4390625 1.0 0.4203125
0 0.9546875 0.0015625 0.834375 0.0015625 0.834375 0.178125 0.9546875 0.178125 0.9546875 0.0015625
0 0.6984375 0.0015625 0.65625 0.0015625 0.65625 0.06875 0.6984375 0.06875 0.6984375 0.0015625
0 0.2484375 0.4703125 0.1484375 0.4703125 0.1484375 0.584375 0.2484375 0.584375 0.2484375 0.4703125
0 0.39375 0.0828125 0.228125 0.0828125 0.228125 0.4640625 0.39375 0.4640625 0.39375 0.0828125
0 0.1359375 0.6796875 0.0203125 0.6796875 0.0203125 0.8046875 0.1359375 0.8046875 0.1359375 0.6796875
0 0.5390625 0.0015625 0.0015625 0.0015625 0.0015625 1.0 0.5390625 1.0 0.5390625 0.0015625
0 1.0 0.5 0.4921875 0.5 0.4921875 1.0 1.0 1.0 1.0 0.5
0 0.7625 0.5609375 0.521875 0.5609375 0.521875 0.88125 0.7625 0.88125 0.7625 0.5609375
0 0.99375 0.209375 0.496875 0.209375 0.496875 0.6578125 0.99375 0.6578125 0.99375 0.209375
