0 0.6015625 0.4390625 0.5140625 0.4390625 0.5140625 0.5609375 0.6015625 0.5609375 0.6015625 0.4390625
0 0.7234375 0.6875 0.5734375 0.6875 0.5734375 0.865625 0.7234375 0.865625 0.7234375 0.6875
0 0.5515625 0.0015625 0.4703125 0.0015625 0.4703125 0.0421875 0.5515625 0.0421875 0.5515625 0.0015625
0 0.6703125 0.74375 0.5328125 0.74375 0.5328125 0.9578125 0.6703125 0.9578125 0.6703125 0.74375
0 0.35625 0.75 0.253125 0.75 0.253125 0.965625 0.35625 0.965625 0.35625 0.75
0 0.403125 0.6609375 0.225 0.6609375 0.225 0.78125 0.403125 0.78125 0.403125 0.6609375
0 0.0828125 0.5375 0.0015625 0.5375 0.0015625 0.7765625 0.0828125 0.7765625 0.0828125 0.5375
0 0.484375 0.5171875 0.3015625 0.5171875 0.3015625 0.7171875 0.484375 0.7171875 0.484375 0.5171875
0 0.9046875 0.503125 0.840625 0.503125 0.840625 0.6484375 0.9046875 0.6484375 0.9046875 0.503125
0 0.7671875 0.1265625 0.66875 0.1265625 0.66875 0.365625 0.7671875 0.365625 0.7671875 0.1265625
0 0.0625 0.0828125 0.0015625 0.0828125 0.0015625 0.221875 0.0625 0.221875 0.0625 0.0828125
0 0.575 0.00625 0.4703125 0.00625 0.4703125 0.08125 0.575 0.08125 0.575 0.00625
0 0.684375 0.45 0.5875 0.45 0.5875 0.6796875 0.684375 0.6796875 0.684375 0.45
0 1.0 0.2828125 0.9375 0.2828125 0.9375 0.35625 1.0 0.35625 1.0 0.2828125
0 0.4765625 0.0171875 0.3921875 0.0171875 0.3921875 0.1921875 0.4765625 0.1921875 0.4765625 0.0171875
0 0.6125 0.4578125 0.4625 0.4578125 0.4625 0.71875 0.6125 0.71875 0.6125 0.4578125
0 0.6515625 0.5046875 0.5078125 0.5046875 0.5078125 0.7796875 0.6515625 0.7796875 0.6515625 0.5046875
0 0.31875 0.8953125 0.2234375 0.8953125 0.2234375 1.0 0.31875 1.0 0.31875 0.8953125
0 0.4515625 0.7515625 0.3515625 0.7515625 0.3515625 0.965625 0.4515625 0.965625 0.4515625 0.7515625
0 0.2484375 0.7671875 0.1328125 0.7671875 0.1328125 0.940625 0.2484375 0.940625 0.2484375 0.7671875
0 0.7609375 0.246875 0.53125 0.246875 0.53125 0.45 0.7609375 0.45 0.7609375 0.246875
0 0.25625 0.20625 0.1140625 0.20625 0.1140625 0.325 0.25625 0.325 0.25625 0.20625
0 0.9078125 0.384375 0.821875 0.384375 0.821875 0.58125 0.9078125 0.58125 0.9078125 0.384375
0 1.0 0.9171875 0.94375 0.9171875 0.94375 1.0 1.0 1.0 1.0 0.9171875
0 1.0 0.796875 0.9796875 0.796875 0.9796875 0.8734375 1.0 0.8734375 1.0 0.796875
0 0.6453125 0.515625 0.525 0.515625 0.525 0.7625 0.6453125 0.7625 0.6453125 0.515625
0 1.0 0.509375 0.94375 0.509375 0.94375 0.7234375 1.0 0.7234375 1.0 0.509375
0 1.0 0.1921875 0.9375 0.1921875 0.9375 0.3015625 1.0 0.3015625 1.0 0.1921875
0 1.0 0.0015625 0.0015625 0.0015625 0.0015625 1.0 1.0 1.0 1.0 0.0015625
0 0.4078125 0.4625 0.2703125 0.4625 0.2703125 0.7015625 0.4078125 0.7015625 0.4078125 0.4625
