0 1.0 0.003125 0.8109375 0.003125 0.8109375 0.353125 1.0 0.353125 1.0 0.003125
0 0.8 0.0140625 0.66875 0.0140625 0.66875 0.165625 0.8 0.165625 0.8 0.0140625
0 0.58125 0.503125 0.35 0.503125 0.35 0.7578125 0.58125 0.7578125 0.58125 0.503125
0 0.7765625 0.471875 0.6046875 0.471875 0.6046875 0.678125 0.7765625 0.678125 0.7765625 0.471875
0 0.7234375 0.2515625 0.5453125 0.2515625 0.5453125 0.4359375 0.7234375 0.4359375 0.7234375 0.2515625
0 0.446875 0.55 0.315625 0.55 0.315625 0.9078125 0.446875 0.9078125 0.446875 0.55
0 0.8703125 0.0875 0.709375 0.0875 0.709375 0.4 0.8703125 0.4 0.8703125 0.0875
0 1.0 0.8265625 0.8625 0.8265625 0.8625 1.0 1.0 1.0 1.0 0.8265625
0 0.69375 0.59375 0.4734375 0.59375 0.4734375 1.0 0.69375 1.0 0.69375 0.59375
0 0.8484375 0.8046875 0.753125 0.8046875 0.753125 1.0 0.8484375 1.0 0.8484375 0.8046875
0 0.8390625 0.40625 0.715625 0.40625 0.715625 0.5734375 0.8390625 0.5734375 0.8390625 0.40625
0 1.0 0.3359375 0.8828125 0.3359375 0.8828125 0.471875 1.0 0.471875 1.0 0.3359375
0 0.9875 0.0875 0.825 0.0875 0.825 0.2609375 0.9875 0.2609375 0.9875 0.0875
0 0.9015625 0.0015625 0.6953125 0.0015625 0.6953125 0.0765625 0.9015625 0.0765625 0.9015625 0.0015625
0 1.0 0.0015625 0.971875 0.0015625 0.971875 0.0109375 1.0 0.0109375 1.0 0.0015625
0 1.0 0.2296875 0.4453125 0.2296875 0.4453125 1.0 1.0 1.0 1.0 0.2296875
0 0.9921875 0.7515625 0.7578125 0.7515625 0.7578125 0.9734375 0.9921875 0.9734375 0.9921875 0.7515625
0 1.0 0.346875 0.990625 0.346875 0.990625 0.4078125 1.0 0.4078125 1.0 0.346875
0 0.7609375 0.0015625 0.5703125 0.0015625 0.5703125 0.328125 0.7609375 0.328125 0.7609375 0.0015625
0 0.9703125 0.0015625 0.7453125 0.0015625 0.7453125 0.1265625 0.9703125 0.1265625 0.9703125 0.0015625
0 1.0 0.6921875 0.93125 0.6921875 0.93125 0.8046875 1.0 0.8046875 1.0 0.6921875
