0 1.0 0.73125 0.959375 0.73125 0.959375 0.8109375 1.0 0.8109375 1.0 0.73125
0 0.69375 0.9703125 0.5921875 0.9703125 0.5921875 1.0 0.69375 1.0 0.69375 0.9703125
0 0.1609375 0.9875 0.1421875 0.9875 0.1421875 1.0 0.1609375 1.0 0.1609375 0.9875
0 0.9484375 0.871875 0.8171875 0.871875 0.8171875 1.0 0.9484375 1.0 0.9484375 0.871875
0 1.0 0.6328125 0.828125 0.6328125 0.828125 0.90625 1.0 0.90625 1.0 0.6328125
0 0.878125 0.6984375 0.596875 0.6984375 0.596875 0.86875 0.878125 0.86875 0.878125 0.6984375
0 0.53125 0.65 0.44375 0.65 0.44375 0.8578125 0.53125 0.8578125 0.53125 0.65
0 0.4328125 0.653125 0.2265625 0.653125 0.2265625 0.8390625 0.4328125 0.8390625 0.4328125 0.653125
0 0.4265625 0.4765625 0.165625 0.4765625 0.165625 0.7546875 0.4265625 0.7546875 0.4265625 0.4765625
0 0.9140625 0.4734375 0.78125 0.4734375 0.78125 0.553125 0.9140625 0.553125 0.9140625 0.4734375
0 1.0 0.3984375 0.9390625 0.3984375 0.9390625 0.5640625 1.0 0.5640625 1.0 0.3984375
0 0.7671875 0.353125 0.5796875 0.353125 0.5796875 0.4484375 0.7671875 0.4484375 0.7671875 0.353125
0 0.8046875 0.134375 0.64375 0.134375 0.64375 0.290625 0.8046875 0.290625 0.8046875 0.134375
0 0.4109375 0.0015625 0.1828125 0.0015625 0.1828125 0.1125 0.4109375 0.1125 0.4109375 0.0015625
0 0.0140625 0.0015625 0.0015625 0.0015625 0.0015625 0.0484375 0.0140625 0.0484375 0.0140625 0.0015625
0 0.93125 0.5671875 0.8203125 0.5671875 0.8203125 0.6703125 0.93125 0.6703125 0.93125 0.5671875
0 0.56875 0.425 0.5296875 0.425 0.5296875 0.6328125 0.56875 0.6328125 0.56875 0.425
0 0.5390625 0.1421875 0.4234375 0.1421875 0.4234375 0.234375 0.5390625 0.234375 0.5390625 0.1421875
0 0.59375 0.0015625 0.496875 0.0015625 0.496875 0.0578125 0.59375 0.0578125 0.59375 0.0015625
0 0.0046875 0.05 0.0015625 0.05 0.0015625 0.0640625 0.0046875 0.0640625 0.0046875 0.05
0 1.0 0.1984375 0.56875 0.1984375 0.56875 1.0 1.0 1.0 1.0 0.1984375
0 0.6234375 0.540625 0.35 0.540625 0.35 0.796875 0.6234375 0.796875 0.6234375 0.540625
0 0.1984375 0.484375 0.109375 0.484375 0.109375 0.646875 0.1984375 0.646875 0.1984375 0.484375
0 0.690625 0.1796875 0.3359375 0.1796875 0.3359375 0.55 0.690625 0.55 0.690625 0.1796875
0 0.209375 0.3734375 0.1015625 0.3734375 0.1015625 0.509375 0.209375 0.509375 0.209375 0.3734375
0 1.0 0.59375 0.921875 0.59375 0.921875 0.7515625 1.0 0.7515625 1.0 0.59375
0 0.934375 0.0015625 0.83125 0.0015625 0.83125 0.134375 0.934375 0.134375 0.934375 0.0015625
0 0.8859375 0.7984375 0.5578125 0.7984375 0.5578125 0.9578125 0.8859375 0.9578125 0.8859375 0.7984375
0 0.7609375 0.709375 0.6234375 0.709375 0.6234375 0.8296875 0.7609375 0.8296875 0.7609375 0.709375
0 0.8140625 0.6109375 0.5484375 0.6109375 0.5484375 0.8296875 0.8140625 0.8296875 0.8140625 0.6109375
0 0.859375 0.5359375 0.7234375 0.5359375 0.7234375 0.640625 0.859375 0.640625 0.859375 0.5359375
0 0.534375 0.5078125 0.396875 0.5078125 0.396875 0.6359375 0.534375 0.6359375 0.534375 0.5078125
0 0.0984375 0.46875 0.0015625 0.46875 0.0015625 0.6046875 0.0984375 0.6046875 0.0984375 0.46875
0 1.0 0.45 0.9234375 0.45 0.9234375 0.596875 1.0 0.596875 1.0 0.45
0 0.79375 0.4578125 0.546875 0.4578125 0.546875 0.5765625 0.79375 0.5765625 0.79375 0.4578125
0 0.86875 0.2859375 0.71875 0.2859375 0.71875 0.440625 0.86875 0.440625 0.86875 0.2859375
0 0.65 0.2796875 0.559375 0.2796875 0.559375 0.44375 0.65 0.44375 0.65 0.2796875
0 1.0 0.2578125 0.884375 0.2578125 0.884375 0.390625 1.0 0.390625 1.0 0.2578125
0 0.9578125 0.18125 0.8265625 0.18125 0.8265625 0.31875 0.9578125 0.31875 0.9578125 0.18125
0 1.0 0.11875 0.9265625 0.11875 0.9265625 0.2375 1.0 0.2375 1.0 0.11875
0 0.975 0.0234375 0.85625 0.0234375 0.85625 0.1140625 0.975 0.1140625 0.975 0.0234375
0 1.0 0.0015625 0.95625 0.0015625 0.95625 0.0765625 1.0 0.0765625 1.0 0.0015625
0 1.0 0.946875 0.9609375 0.946875 0.9609375 1.0 1.0 1.0 1.0 0.946875
0 0.771875 0.0015625 0.0015625 0.0015625 0.0015625 1.0 0.771875 1.0 0.771875 0.0015625
0 1.0 0.771875 0.959375 0.771875 0.959375 0.946875 1.0 0.946875 1.0 0.771875
0 1.0 0.5109375 0.7671875 0.5109375 0.7671875 0.615625 1.0 0.615625 1.0 0.5109375
0 0.790625 0.2703125 0.628125 0.2703125 0.628125 0.3984375 0.790625 0.3984375 0.790625 0.2703125
0 1.0 0.3171875 0.9546875 0.3171875 0.9546875 0.3734375 1.0 0.3734375 1.0 0.3171875
0 0.9953125 0.0015625 0.64375 0.0015625 0.64375 0.25 0.9953125 0.25 0.9953125 0.0015625
0 0.7078125 0.0015625 0.5984375 0.0015625 0.5984375 0.1625 0.7078125 0.1625 0.7078125 0.0015625
0 0.6265625 0.0828125 0.54375 0.0828125 0.54375 0.2546875 0.6265625 0.2546875 0.6265625 0.0828125
