0 0.071875 0.06875 0.0015625 0.06875 0.0015625 0.21875 0.071875 0.21875 0.071875 0.06875
0 0.584375 0.0125 0.328125 0.0125 0.328125 0.221875 0.584375 0.221875 0.584375 0.0125
0 0.7328125 0.121875 0.634375 0.121875 0.634375 0.2953125 0.7328125 0.2953125 0.7328125 0.121875
0 0.3484375 0.1703125 0.1546875 0.1703125 0.1546875 0.2421875 0.3484375 0.2421875 0.3484375 0.1703125
0 0.5125 0.0015625 0.3640625 0.0015625 0.3640625 0.09375 0.5125 0.09375 0.5125 0.0015625
0 0.2640625 0.0015625 0.1453125 0.0015625 0.1453125 0.0390625 0.2640625 0.0390625 0.2640625 0.0015625
0 1.0 0.5359375 0.9234375 0.5359375 0.9234375 0.63125 1.0 0.63125 1.0 0.5359375
0 0.2484375 0.46875 0.1125 0.46875 0.1125 0.5578125 0.2484375 0.5578125 0.2484375 0.46875
0 0.89375 0.0421875 0.7765625 0.0421875 0.7765625 0.184375 0.89375 0.184375 0.89375 0.0421875
0 0.2109375 0.6890625 0.096875 0.6890625 0.096875 0.8234375 0.2109375 0.8234375 0.2109375 0.6890625
0 0.990625 0.5484375 0.8203125 0.5484375 0.8203125 0.7140625 0.990625 0.7140625 0.990625 0.5484375
0 1.0 0.7140625 0.953125 0.7140625 0.953125 0.796875 1.0 0.796875 1.0 0.7140625
0 0.2171875 0.5515625 0.059375 0.5515625 0.059375 0.6796875 0.2171875 0.6796875 0.2171875 0.5515625
0 0.0390625 0.059375 0.0015625 0.059375 0.0015625 0.134375 0.0390625 0.134375 0.0390625 0.059375
0 0.928125 0.9953125 0.890625 0.9953125 0.890625 1.0 0.928125 1.0 0.928125 0.9953125
0 0.9984375 0.79375 0.871875 0.79375 0.871875 0.903125 0.9984375 0.903125 0.9984375 0.79375
0 0.9578125 0.3234375 0.771875 0.3234375 0.771875 0.4 0.9578125 0.4 0.9578125 0.3234375
0 0.278125 0.415625 0.146875 0.415625 0.146875 0.5171875 0.278125 0.5171875 0.278125 0.415625
0 0.125 0.3 0.0109375 0.3 0.0109375 0.421875 0.125 0.421875 0.125 0.3
0 0.3421875 0.3 0.1953125 0.3 0.1953125 0.39375 0.3421875 0.39375 0.3421875 0.3
0 0.3953125 0.0078125 0.04375 0.0078125 0.04375 0.2109375 0.3953125 0.2109375 0.3953125 0.0078125
0 0.0296875 0.0015625 0.003125 0.0015625 0.003125 0.025 0.0296875 0.025 0.0296875 0.0015625
0 0.565625 0.7890625 0.415625 0.7890625 0.415625 0.925 0.565625 0.925 0.565625 0.7890625
0 0.8875 0.0015625 0.70625 0.0015625 0.70625 0.084375 0.8875 0.084375 0.8875 0.0015625
0 0.534375 0.9109375 0.3515625 0.9109375 0.3515625 1.0 0.534375 1.0 0.534375 0.9109375
0 0.184375 0.1265625 0.0890625 0.1265625 0.0890625 0.228125 0.184375 0.228125 0.184375 0.1265625
0 0.853125 0.0015625 0.7984375 0.0015625 0.7984375 0.03125 0.853125 0.03125 0.853125 0.0015625
0 0.04375 0.33125 0.0015625 0.33125 0.0015625 0.43125 0.04375 0.43125 0.04375 0.33125
0 1.0 0.5140625 0.95625 0.5140625 0.95625 0.625 1.0 0.625 1.0 0.5140625
0 1.0 0.3359375 0.9453125 0.3359375 0.9453125 0.378125 1.0 0.378125 1.0 0.3359375
0 0.9453125 0.0015625 0.8703125 0.0015625 0.8703125 0.0390625 0.9453125 0.0390625 0.9453125 0.0015625
0 0.2296875 0.0421875 0.0375 0.0421875 0.0375 0.175 0.2296875 0.175 0.2296875 0.0421875
0 1.0 0.7375 0.8984375 0.7375 0.8984375 0.83125 1.0 0.83125 1.0 0.7375
0 1.0 0.490625 0.95 0.490625 0.95 0.5234375 1.0 0.5234375 1.0 0.490625
0 0.9671875 0.0015625 0.88125 0.0015625 0.88125 0.1046875 0.9671875 0.1046875 0.9671875 0.0015625
0 0.1984375 0.646875 0.0765625 0.646875 0.0765625 0.8328125 0.1984375 0.8328125 0.1984375 0.646875
0 0.2453125 0.3171875 0.0625 0.3171875 0.0625 0.465625 0.2453125 0.465625 0.2453125 0.3171875
0 0.0796875 0.1796875 0.0015625 0.1796875 0.0015625 0.35 0.0796875 0.35 0.0796875 0.1796875
0 0.028125 0.1359375 0.0015625 0.1359375 0.0015625 0.1921875 0.028125 0.1921875 0.028125 0.1359375
0 0.0984375 0.0015625 0.0015625 0.0015625 0.0015625 0.0734375 0.0984375 0.0734375 0.0984375 0.0015625
0 0.875 0.9953125 0.8265625 0.9953125 0.8265625 1.0 0.875 1.0 0.875 0.9953125
0 0.415625 0.9390625 0.290625 0.9390625 0.290625 1.0 0.415625 1.0 0.415625 0.9390625
0 1.0 0.9203125 0.9125 0.9203125 0.9125 1.0 1.0 1.0 1.0 0.9203125
0 1.0 0.35 0.8109375 0.35 0.8109375 0.553125 1.0 0.553125 1.0 0.35
0 0.8859375 0.175 0.759375 0.175 0.759375 0.2640625 0.8859375 0.2640625 0.8859375 0.175
0 0.39375 0.065625 0.2640625 0.065625 0.2640625 0.1671875 0.39375 0.1671875 0.39375 0.065625
0 0.3890625 0.0015625 0.2515625 0.0015625 0.2515625 0.0953125 0.3890625 0.0953125 0.3890625 0.0015625
0 0.403125 0.0015625 0.3171875 0.0015625 0.3171875 0.0375 0.403125 0.0375 0.403125 0.0015625
0 0.84375 0.78125 0.665625 0.78125 0.665625 1.0 0.84375 1.0 0.84375 0.78125
0 0.753125 0.4203125 0.64375 0.4203125 0.64375 0.7375 0.753125 0.7375 0.753125 0.4203125
0 0.934375 0.0828125 0.7734375 0.0828125 0.7734375 0.3625 0.934375 0.3625 0.934375 0.0828125
0 0.646875 0.625 0.54375 0.625 0.54375 0.8265625 0.646875 0.8265625 0.646875 0.625
0 0.4140625 0.2875 0.2375 0.2875 0.2375 0.5515625 0.4140625 0.5515625 0.4140625 0.2875
0 0.946875 0.50625 0.7703125 0.50625 0.7703125 0.5765625 0.946875 0.5765625 0.946875 0.50625
0 0.6578125 0.115625 0.0015625 0.115625 0.0015625 1.0 0.6578125 1.0 0.6578125 0.115625
0 0.35 0.0015625 0.3 0.0015625 0.3 0.053125 0.35 0.053125 0.35 0.0015625
0 0.1078125 0.4171875 0.0015625 0.4171875 0.0015625 0.5796875 0.1078125 0.5796875 0.1078125 0.4171875
0 0.365625 0.6234375 0.2171875 0.6234375 0.2171875 0.8078125 0.365625 0.8078125 0.365625 0.6234375
0 0.1359375 0.49375 0.0015625 0.49375 0.0015625 0.6890625 0.1359375 0.6890625 0.1359375 0.49375
0 0.0109375 0.5671875 0.0015625 0.5671875 0.0015625 0.5765625 0.0109375 0.5765625 0.0109375 0.5671875
