0 0.6046875 0.825 0.5125 0.825 0.5125 1.0 0.6046875 1.0 0.6046875 0.825
0 0.36875 0.546875 0.20625 0.546875 0.20625 0.6796875 0.36875 0.6796875 0.36875 0.546875
0 0.0453125 0.0015625 0.0015625 0.0015625 0.0015625 0.1546875 0.0453125 0.1546875 0.0453125 0.0015625
0 0.8921875 0.9859375 0.8609375 0.9859375 0.8609375 1.0 0.8921875 1.0 0.8921875 0.9859375
0 0.9390625 0.8046875 0.6640625 0.8046875 0.6640625 1.0 0.9390625 1.0 0.9390625 0.8046875
0 1.0 0.81875 0.99375 0.81875 0.99375 0.8328125 1.0 0.8328125 1.0 0.81875
0 0.6578125 0.5875 0.375 0.5875 0.375 0.946875 0.6578125 0.946875 0.6578125 0.5875
0 0.5625 0.165625 0.4046875 0.165625 0.4046875 0.6203125 0.5625 0.6203125 0.5625 0.165625
0 0.9125 0.0015625 0.8375 0.0015625 0.8375 0.2046875 0.9125 0.2046875 0.9125 0.0015625
0 0.4984375 0.0015625 0.4453125 0.0015625 0.4453125 0.03125 0.4984375 0.03125 0.4984375 0.0015625
0 0.615625 0.928125 0.328125 0.928125 0.328125 1.0 0.615625 1.0 0.615625 0.928125
0 0.3609375 0.0203125 0.0015625 0.0203125 0.0015625 0.5046875 0.3609375 0.5046875 0.3609375 0.0203125
0 0.4859375 0.0015625 0.353125 0.0015625 0.353125 0.5140625 0.4859375 0.5140625 0.4859375 0.0015625
0 0.3515625 0.0015625 0.23125 0.0015625 0.23125 0.040625 0.3515625 0.040625 0.3515625 0.0015625
0 1.0 0.0015625 0.7609375 0.0015625 0.7609375 1.0 1.0 1.0 1.0 0.0015625
0 0.7796875 0.559375 0.6640625 0.559375 0.6640625 0.8609375 0.7796875 0.8609375 0.7796875 0.559375
0 0.4421875 0.421875 0.0015625 0.421875 0.0015625 0.8796875 0.4421875 0.8796875 0.4421875 0.421875
0 0.4328125 0.4703125 0.2296875 0.4703125 0.2296875 0.784375 0.4328125 0.784375 0.4328125 0.4703125
0 1.0 0.375 0.94375 0.375 0.94375 0.6203125 1.0 0.6203125 1.0 0.375
