0 0.2625 0.903125 0.1078125 0.903125 0.1078125 1.0 0.2625 1.0 0.2625 0.903125
0 0.39375 0.934375 0.315625 0.934375 0.315625 1.0 0.39375 1.0 0.39375 0.934375
0 0.459375 0.834375 0.2078125 0.834375 0.2078125 0.953125 0.459375 0.953125 0.459375 0.834375
0 0.6828125 0.846875 0.1859375 0.846875 0.1859375 1.0 0.6828125 1.0 0.6828125 0.846875
0 0.1421875 0.6390625 0.0015625 0.6390625 0.0015625 0.7953125 0.1421875 0.7953125 0.1421875 0.6390625
0 0.1453125 0.9078125 0.0015625 0.9078125 0.0015625 1.0 0.1453125 1.0 0.1453125 0.9078125
0 0.1734375 0.95625 0.146875 0.95625 0.146875 1.0 0.1734375 1.0 0.1734375 0.95625
0 1.0 0.0015625 0.0015625 0.0015625 0.0015625 1.0 1.0 1.0 1.0 0.0015625
0 0.6109375 0.621875 0.28125 0.621875 0.28125 1.0 0.6109375 1.0 0.6109375 0.621875
0 0.265625 0.6375 0.1375 0.6375 0.1375 0.834375 0.265625 0.834375 0.265625 0.6375
0 0.6140625 0.159375 0.4890625 0.159375 0.4890625 0.403125 0.6140625 0.403125 0.6140625 0.159375
0 0.3796875 0.184375 0.2015625 0.184375 0.2015625 0.3484375 0.3796875 0.3484375 0.3796875 0.184375
0 0.4015625 0.0015625 0.26875 0.0015625 0.26875 0.175 0.4015625 0.175 0.4015625 0.0015625
0 0.7015625 0.0015625 0.615625 0.0015625 0.615625 0.0953125 0.7015625 0.0953125 0.7015625 0.0015625
0 0.73125 0.3375 0.0015625 0.3375 0.0015625 0.9390625 0.73125 0.9390625 0.73125 0.3375
0 0.0828125 0.2921875 0.0015625 0.2921875 0.0015625 0.5171875 0.0828125 0.5171875 0.0828125 0.2921875
0 0.021875 0.0015625 0.015625 0.0015625 0.015625 0.00625 0.021875 0.00625 0.021875 0.0015625
0 0.884375 0.5859375 0.734375 0.5859375 0.734375 0.73125 0.884375 0.73125 0.884375 0.5859375
0 1.0 0.0015625 0.7734375 0.0015625 0.7734375 0.2390625 1.0 0.2390625 1.0 0.0015625
0 0.871875 0.0015625 0.71875 0.0015625 0.71875 0.1390625 0.871875 0.1390625 0.871875 0.0015625
0 0.1609375 0.609375 0.0390625 0.609375 0.0390625 0.7484375 0.1609375 0.7484375 0.1609375 0.609375
