0 1.0 0.46875 0.9109375 0.46875 0.9109375 0.6140625 1.0 0.6140625 1.0 0.46875
0 0.2109375 0.040625 0.0984375 0.040625 0.0984375 0.2515625 0.2109375 0.2515625 0.2109375 0.040625
0 0.5265625 0.79375 0.328125 0.79375 0.328125 0.9703125 0.5265625 0.9703125 0.5265625 0.79375
0 0.528125 0.66875 0.4234375 0.66875 0.4234375 0.8 0.528125 0.8 0.528125 0.66875
0 0.6296875 0.584375 0.525 0.584375 0.525 0.7140625 0.6296875 0.7140625 0.6296875 0.584375
0 0.928125 0.475 0.74375 0.475 0.74375 0.6484375 0.928125 0.6484375 0.928125 0.475
0 0.1171875 0.040625 0.0125 0.040625 0.0125 0.18125 0.1171875 0.18125 0.1171875 0.040625
0 0.3546875 0.0109375 0.2265625 0.0109375 0.2265625 0.1375 0.3546875 0.1375 0.3546875 0.0109375
0 0.384375 0.0015625 0.3140625 0.0015625 0.3140625 0.0296875 0.384375 0.0296875 0.384375 0.0015625
0 0.7125 0.84375 0.609375 0.84375 0.609375 0.959375 0.7125 0.959375 0.7125 0.84375
0 0.4703125 0.5953125 0.35625 0.5953125 0.35625 0.69375 0.4703125 0.69375 0.4703125 0.5953125
0 0.921875 0.25625 0.6328125 0.25625 0.6328125 0.5296875 0.921875 0.5296875 0.921875 0.25625
0 0.7671875 0.0859375 0.6609375 0.0859375 0.6609375 0.3109375 0.7671875 0.3109375 0.7671875 0.0859375
0 0.709375 0.0015625 0.6265625 0.0015625 0.6265625 0.1453125 0.709375 0.1453125 0.709375 0.0015625
0 0.25 0.0015625 0.215625 0.0015625 0.215625 0.01875 0.25 0.01875 0.25 0.0015625
0 1.0 0.9125 0.9921875 0.9125 0.9921875 0.9359375 1.0 0.9359375 1.0 0.9125
0 0.8921875 0.8 0.7078125 0.8 0.7078125 0.9296875 0.8921875 0.9296875 0.8921875 0.8
0 1.0 0.7 0.925 0.7 0.925 0.8375 1.0 0.8375 1.0 0.7
0 0.9296875 0.5765625 0.6984375 0.5765625 0.6984375 0.6828125 0.9296875 0.6828125 0.9296875 0.5765625
0 1.0 0.0015625 0.8921875 0.0015625 0.8921875 0.059375 1.0 0.059375 1.0 0.0015625
0 0.34375 0.809375 0.165625 0.809375 0.165625 1.0 0.34375 1.0 0.34375 0.809375
0 0.715625 0.5734375 0.6203125 0.5734375 0.6203125 0.7140625 0.715625 0.7140625 0.715625 0.5734375
0 0.53125 0.5421875 0.321875 0.5421875 0.321875 0.64375 0.53125 0.64375 0.53125 0.5421875
0 0.4390625 0.390625 0.01875 0.390625 0.01875 0.5265625 0.4390625 0.5265625 0.4390625 0.390625
0 0.4109375 0.0015625 0.2484375 0.0015625 0.2484375 0.153125 0.4109375 0.153125 0.4109375 0.0015625
0 1.0 0.8703125 0.9046875 0.8703125 0.9046875 0.984375 1.0 0.984375 1.0 0.8703125
0 1.0 0.796875 0.95625 0.796875 0.95625 0.9 1.0 0.9 1.0 0.796875
0 0.9921875 0.6375 0.715625 0.6375 0.715625 0.803125 0.9921875 0.803125 0.9921875 0.6375
0 1.0 0.5046875 0.8640625 0.5046875 0.8640625 0.64375 1.0 0.64375 1.0 0.5046875
0 1.0 0.015625 0.859375 0.015625 0.859375 0.215625 1.0 0.215625 1.0 0.015625
0 0.7109375 0.86875 0.575 0.86875 0.575 1.0 0.7109375 1.0 0.7109375 0.86875
0 0.640625 0.58125 0.4765625 0.58125 0.4765625 0.840625 0.640625 0.840625 0.640625 0.58125
0 0.9265625 0.4125 0.66875 0.4125 0.66875 0.578125 0.9265625 0.578125 0.9265625 0.4125
0 0.746875 0.1828125 0.61875 0.1828125 0.61875 0.4 0.746875 0.4 0.746875 0.1828125
0 1.0 0.2546875 0.9203125 0.2546875 0.9203125 0.3453125 1.0 0.3453125 1.0 0.2546875
0 1.0 0.096875 0.871875 0.096875 0.871875 0.2734375 1.0 0.2734375 1.0 0.096875
0 0.1421875 0.0015625 0.04375 0.0015625 0.04375 0.275 0.1421875 0.275 0.1421875 0.0015625
0 0.6125 0.0015625 0.459375 0.0015625 0.459375 0.25625 0.6125 0.25625 0.6125 0.0015625
0 0.8765625 0.0015625 0.646875 0.0015625 0.646875 0.15 0.8765625 0.15 0.8765625 0.0015625
0 0.284375 0.0015625 0.240625 0.0015625 0.240625 0.0265625 0.284375 0.0265625 0.284375 0.0015625
0 1.0 0.8765625 0.959375 0.8765625 0.959375 0.9671875 1.0 0.9671875 1.0 0.8765625
0 0.071875 0.0015625 0.0015625 0.0015625 0.0015625 0.2203125 0.071875 0.2203125 0.071875 0.0015625
0 0.9609375 0.68125 0.7171875 0.68125 0.7171875 0.865625 0.9609375 0.865625 0.9609375 0.68125
0 0.5015625 0.6953125 0.371875 0.6953125 0.371875 0.834375 0.5015625 0.834375 0.5015625 0.6953125
0 1.0 0.6453125 0.9921875 0.6453125 0.9921875 0.6640625 1.0 0.6640625 1.0 0.6453125
0 0.55 0.240625 0.46875 0.240625 0.46875 0.4125 0.55 0.4125 0.55 0.240625
0 0.8375 0.0015625 0.815625 0.0015625 0.815625 0.0203125 0.8375 0.0203125 0.8375 0.0015625
0 0.6296875 0.8140625 0.4625 0.8140625 0.4625 1.0 0.6296875 1.0 0.6296875 0.8140625
0 0.4125 0.61875 0.2625 0.61875 0.2625 0.725 0.4125 0.725 0.4125 0.61875
0 0.5625 0.478125 0.4734375 0.478125 0.4734375 0.5859375 0.5625 0.5859375 0.5625 0.478125
0 0.5375 0.0015625 0.4296875 0.0015625 0.4296875 0.11875 0.5375 0.11875 0.5375 0.0015625
0 0.9984375 0.9875 0.96875 0.9875 0.96875 1.0 0.9984375 1.0 0.9984375 0.9875
0 0.796875 0.628125 0.5 0.628125 0.5 0.921875 0.796875 0.921875 0.796875 0.628125
0 1.0 0.359375 0.9859375 0.359375 0.9859375 0.3984375 1.0 0.3984375 1.0 0.359375
0 0.9109375 0.0015625 0.8078125 0.0015625 0.8078125 0.1078125 0.9109375 0.1078125 0.9109375 0.0015625
0 0.1625 0.9765625 0.11875 0.9765625 0.11875 1.0 0.1625 1.0 0.1625 0.9765625
0 1.0 0.7015625 0.9921875 0.7015625 0.9921875 0.803125 1.0 0.803125 1.0 0.7015625
0 0.0015625 0.196875 0.0015625 0.196875 0.0015625 0.221875 0.0015625 0.221875 0.0015625 0.196875
0 0.11875 0.0015625 0.0921875 0.0015625 0.0921875 0.00625 0.11875 0.00625 0.11875 0.0015625
0 0.71875 0.2703125 0.45 0.2703125 0.45 0.6421875 0.71875 0.6421875 0.71875 0.2703125
0 0.3703125 0.5265625 0.25 0.5265625 0.25 0.6453125 0.3703125 0.6453125 0.3703125 0.5265625
0 0.45625 0.0015625 0.203125 0.0015625 0.203125 0.1765625 0.45625 0.1765625 0.45625 0.0015625
0 1.0 0.9078125 0.8765625 0.9078125 0.8765625 1.0 1.0 1.0 1.0 0.9078125
0 1.0 0.6265625 0.9078125 0.6265625 0.9078125 0.7 1.0 0.7 1.0 0.6265625
0 0.98125 0.0234375 0.7171875 0.0234375 0.7171875 0.4015625 0.98125 0.4015625 0.98125 0.0234375
