0 0.30625 0.9390625 0.1796875 0.9390625 0.1796875 1.0 0.30625 1.0 0.30625 0.9390625
0 0.9921875 0.4625 0.9109375 0.4625 0.9109375 0.878125 0.9921875 0.878125 0.9921875 0.4625
0 0.965625 0.2765625 0.853125 0.2765625 0.853125 0.51875 0.965625 0.51875 0.965625 0.2765625
0 0.209375 1.0 0.2078125 1.0 0.2078125 1.0 0.209375 1.0 0.209375 1.0
0 0.1140625 0.3265625 0.0015625 0.3265625 0.0015625 0.421875 0.1140625 0.421875 0.1140625 0.3265625
0 0.1296875 0.1828125 0.046875 0.1828125 0.046875 0.2921875 0.1296875 0.2921875 0.1296875 0.1828125
0 0.4609375 0.9703125 0.4140625 0.9703125 0.4140625 1.0 0.4609375 1.0 0.4609375 0.9703125
0 0.253125 0.7671875 0.10625 0.7671875 0.10625 1.0 0.253125 1.0 0.253125 0.7671875
0 0.7671875 0.584375 0.628125 0.584375 0.628125 0.784375 0.7671875 0.784375 0.7671875 0.584375
0 0.8140625 0.39375 0.728125 0.39375 0.728125 0.659375 0.8140625 0.659375 0.8140625 0.39375
0 0.71875 0.0015625 0.6515625 0.0015625 0.6515625 0.1015625 0.71875 0.1015625 0.71875 0.0015625
0 0.1890625 0.965625 0.0453125 0.965625 0.0453125 1.0 0.1890625 1.0 0.1890625 0.965625
0 0.228125 0.1859375 0.00625 0.1859375 0.00625 0.49375 0.228125 0.49375 0.228125 0.1859375
0 0.621875 0.778125 0.284375 0.778125 0.284375 1.0 0.621875 1.0 0.621875 0.778125
0 1.0 0.0015625 0.221875 0.0015625 0.221875 0.8921875 1.0 0.8921875 1.0 0.0015625
0 0.853125 0.846875 0.775 0.846875 0.775 1.0 0.853125 1.0 0.853125 0.846875
