0 1.0 0.365625 0.7796875 0.365625 0.7796875 0.515625 1.0 0.515625 1.0 0.365625
0 0.65625 0.896875 0.509375 0.896875 0.509375 1.0 0.65625 1.0 0.65625 0.896875
0 0.975 0.8828125 0.7890625 0.8828125 0.7890625 1.0 0.975 1.0 0.975 0.8828125
0 0.2859375 0.7328125 0.1703125 0.7328125 0.1703125 0.9703125 0.2859375 0.9703125 0.2859375 0.7328125
0 0.7328125 0.840625 0.5875 0.840625 0.5875 1.0 0.7328125 1.0 0.7328125 0.840625
0 0.9671875 0.7734375 0.775 0.7734375 0.775 0.94375 0.9671875 0.94375 0.9671875 0.7734375
0 1.0 0.634375 0.8375 0.634375 0.8375 0.8765625 1.0 0.8765625 1.0 0.634375
0 0.94375 0.58125 0.5734375 0.58125 0.5734375 0.81875 0.94375 0.81875 0.94375 0.58125
0 1.0 0.0015625 0.2546875 0.0015625 0.2546875 0.8484375 1.0 0.8484375 1.0 0.0015625
0 1.0 0.6015625 0.9859375 0.6015625 0.9859375 0.6296875 1.0 0.6296875 1.0 0.6015625
0 0.81875 0.475 0.66875 0.475 0.66875 0.6109375 0.81875 0.6109375 0.81875 0.475
0 1.0 0.425 0.8109375 0.425 0.8109375 0.5734375 1.0 0.5734375 1.0 0.425
0 0.8015625 0.1984375 0.6234375 0.1984375 0.6234375 0.378125 0.8015625 0.378125 0.8015625 0.1984375
0 0.0484375 0.1546875 0.0015625 0.1546875 0.0015625 0.190625 0.0484375 0.190625 0.0484375 0.1546875
0 0.1296875 0.0015625 0.11875 0.0015625 0.11875 0.0046875 0.1296875 0.0046875 0.1296875 0.0015625
0 0.98125 0.665625 0.465625 0.665625 0.465625 1.0 0.98125 1.0 0.98125 0.665625
0 0.853125 0.834375 0.6796875 0.834375 0.6796875 1.0 0.853125 1.0 0.853125 0.834375
0 0.346875 0.840625 0.2203125 0.840625 0.2203125 1.0 0.346875 1.0 0.346875 0.840625
0 1.0 0.5359375 0.815625 0.5359375 0.815625 0.803125 1.0 0.803125 1.0 0.5359375
0 0.8015625 0.5890625 0.6546875 0.5890625 0.6546875 0.6859375 0.8015625 0.6859375 0.8015625 0.5890625
0 0.428125 0.30625 0.3234375 0.30625 0.3234375 0.5453125 0.428125 0.5453125 0.428125 0.30625
0 0.2265625 0.0234375 0.0015625 0.0234375 0.0015625 0.3640625 0.2265625 0.3640625 0.2265625 0.0234375
0 1.0 0.0015625 0.8171875 0.0015625 0.8171875 0.246875 1.0 0.246875 1.0 0.0015625
0 0.5859375 0.0015625 0.371875 0.0015625 0.371875 0.3125 0.5859375 0.3125 0.5859375 0.0015625
0 0.7921875 0.0015625 0.684375 0.0015625 0.684375 0.0296875 0.7921875 0.0296875 0.7921875 0.0015625
0 0.36875 0.9578125 0.3421875 0.9578125 0.3421875 1.0 0.36875 1.0 0.36875 0.9578125
0 0.690625 0.628125 0.60625 0.628125 0.60625 0.821875 0.690625 0.821875 0.690625 0.628125
0 0.3421875 0.5328125 0.259375 0.5328125 0.259375 0.73125 0.3421875 0.73125 0.3421875 0.5328125
0 0.6765625 0.4078125 0.5265625 0.4078125 0.5265625 0.6328125 0.6765625 0.6328125 0.6765625 0.4078125
0 0.4703125 0.0015625 0.1484375 0.0015625 0.1484375 0.175 0.4703125 0.175 0.4703125 0.0015625
