0 0.934375 0.209375 0.8390625 0.209375 0.8390625 0.5734375 0.934375 0.5734375 0.934375 0.209375
0 0.453125 0.0015625 0.390625 0.0015625 0.390625 0.1046875 0.453125 0.1046875 0.453125 0.0015625
0 0.134375 0.8484375 0.0015625 0.8484375 0.0015625 0.9375 0.134375 0.9375 0.134375 0.8484375
0 0.5984375 0.65 0.446875 0.65 0.446875 0.8171875 0.5984375 0.8171875 0.5984375 0.65
0 0.8796875 0.909375 0.815625 0.909375 0.815625 1.0 0.8796875 1.0 0.8796875 0.909375
0 0.08125 0.3109375 0.0015625 0.3109375 0.0015625 0.4015625 0.08125 0.4015625 0.08125 0.3109375
0 0.321875 0.871875 0.125 0.871875 0.125 1.0 0.321875 1.0 0.321875 0.871875
0 0.9140625 0.5 0.596875 0.5 0.596875 1.0 0.9140625 1.0 0.9140625 0.5
0 1.0 0.8375 0.9921875 0.8375 0.9921875 0.8640625 1.0 0.8640625 1.0 0.8375
0 0.28125 0.4265625 0.19375 0.4265625 0.19375 0.53125 0.28125 0.53125 0.28125 0.4265625
0 0.9921875 0.0015625 0.8625 0.0015625 0.8625 0.0234375 0.9921875 0.0234375 0.9921875 0.0015625
0 0.453125 0.9359375 0.253125 0.9359375 0.253125 1.0 0.453125 1.0 0.453125 0.9359375
0 0.2375 0.8796875 0.0015625 0.8796875 0.0015625 1.0 0.2375 1.0 0.2375 0.8796875
0 0.34375 0.8046875 0.159375 0.8046875 0.159375 0.9375 0.34375 0.9375 0.34375 0.8046875
0 0.1234375 0.740625 0.0015625 0.740625 0.0015625 0.8375 0.1234375 0.8375 0.1234375 0.740625
0 0.55 0.359375 0.209375 0.359375 0.209375 0.80625 0.55 0.80625 0.55 0.359375
0 0.21875 0.5359375 0.0015625 0.5359375 0.0015625 0.703125 0.21875 0.703125 0.21875 0.5359375
0 0.2796875 0.134375 0.0015625 0.134375 0.0015625 0.4796875 0.2796875 0.4796875 0.2796875 0.134375
0 0.0671875 0.0015625 0.0015625 0.0015625 0.0015625 0.14375 0.0671875 0.14375 0.0671875 0.0015625
0 0.4328125 0.0015625 0.2875 0.0015625 0.2875 0.1421875 0.4328125 0.1421875 0.4328125 0.0015625
0 0.9015625 0.85 0.7328125 0.85 0.7328125 1.0 0.9015625 1.0 0.9015625 0.85
0 0.6265625 0.996875 0.5890625 0.996875 0.5890625 1.0 0.6265625 1.0 0.6265625 0.996875
0 0.640625 0.7453125 0.5390625 0.7453125 0.5390625 0.98125 0.640625 0.98125 0.640625 0.7453125
0 0.7375 0.7546875 0.6390625 0.7546875 0.6390625 1.0 0.7375 1.0 0.7375 0.7546875
0 1.0 0.7234375 0.9265625 0.7234375 0.9265625 1.0 1.0 1.0 1.0 0.7234375
0 1.0 0.3421875 0.8703125 0.3421875 0.8703125 0.86875 1.0 0.86875 1.0 0.3421875
0 0.7921875 0.384375 0.471875 0.384375 0.471875 0.7453125 0.7921875 0.7453125 0.7921875 0.384375
0 0.9125 0.19375 0.790625 0.19375 0.790625 0.528125 0.9125 0.528125 0.9125 0.19375
0 0.675 0.721875 0.4390625 0.721875 0.4390625 1.0 0.675 1.0 0.675 0.721875
0 0.3140625 0.334375 0.1875 0.334375 0.1875 0.5984375 0.3140625 0.5984375 0.3140625 0.334375
0 0.1953125 0.4109375 0.0015625 0.4109375 0.0015625 0.5609375 0.1953125 0.5609375 0.1953125 0.4109375
0 0.90625 0.5828125 0.80625 0.5828125 0.80625 0.93125 0.90625 0.93125 0.90625 0.5828125
0 0.6875 0.0015625 0.0015625 0.0015625 0.0015625 1.0 0.6875 1.0 0.6875 0.0015625
0 0.3203125 0.10625 0.0015625 0.10625 0.0015625 0.6671875 0.3203125 0.6671875 0.3203125 0.10625
0 1.0 0.003125 0.3828125 0.003125 0.3828125 0.5765625 1.0 0.5765625 1.0 0.003125
0 0.9734375 0.9890625 0.896875 0.9890625 0.896875 1.0 0.9734375 1.0 0.9734375 0.9890625
