0 0.653125 0.1328125 0.4953125 0.1328125 0.4953125 0.5171875 0.653125 0.5171875 0.653125 0.1328125
0 0.5796875 0.0015625 0.43125 0.0015625 0.43125 0.109375 0.5796875 0.109375 0.5796875 0.0015625
0 0.03125 0.959375 0.0015625 0.959375 0.0015625 1.0 0.03125 1.0 0.03125 0.959375
0 0.66875 0.8765625 0.5515625 0.8765625 0.5515625 1.0 0.66875 1.0 0.66875 0.8765625
0 0.1421875 0.56875 0.0421875 0.56875 0.0421875 0.8546875 0.1421875 0.8546875 0.1421875 0.56875
0 0.5125 0.559375 0.321875 0.559375 0.321875 0.740625 0.5125 0.740625 0.5125 0.559375
0 0.4390625 0.39375 0.325 0.39375 0.325 0.5296875 0.4390625 0.5296875 0.4390625 0.39375
0 0.0515625 0.3265625 0.0015625 0.3265625 0.0015625 0.5125 0.0515625 0.5125 0.0515625 0.3265625
0 0.3765625 0.0015625 0.3171875 0.0015625 0.3171875 0.06875 0.3765625 0.06875 0.3765625 0.0015625
0 1.0 0.85 0.9625 0.85 0.9625 1.0 1.0 1.0 1.0 0.85
0 0.965625 0.684375 0.8453125 0.684375 0.8453125 0.984375 0.965625 0.984375 0.965625 0.684375
0 0.0171875 0.996875 0.0015625 0.996875 0.0015625 1.0 0.0171875 1.0 0.0171875 0.996875
0 0.0625 0.071875 0.0015625 0.071875 0.0015625 0.2109375 0.0625 0.2109375 0.0625 0.071875
0 0.41875 0.4109375 0.225 0.4109375 0.225 0.9453125 0.41875 0.9453125 0.41875 0.4109375
0 0.196875 0.41875 0.0015625 0.41875 0.0015625 0.99375 0.196875 0.99375 0.196875 0.41875
0 0.1375 0.0015625 0.0390625 0.0015625 0.0390625 0.1265625 0.1375 0.1265625 0.1375 0.0015625
0 0.1875 0.0015625 0.1703125 0.0015625 0.1703125 0.009375 0.1875 0.009375 0.1875 0.0015625
0 0.721875 0.0015625 0.490625 0.0015625 0.490625 0.1921875 0.721875 0.1921875 0.721875 0.0015625
0 0.465625 0.684375 0.23125 0.684375 0.23125 1.0 0.465625 1.0 0.465625 0.684375
0 0.6375 0.753125 0.4421875 0.753125 0.4421875 1.0 0.6375 1.0 0.6375 0.753125
0 0.25625 0.2578125 0.1578125 0.2578125 0.1578125 0.9 0.25625 0.9 0.25625 0.2578125
0 0.4265625 0.4234375 0.25625 0.4234375 0.25625 0.6671875 0.4265625 0.6671875 0.4265625 0.4234375
0 0.125 0.309375 0.0015625 0.309375 0.0015625 0.4390625 0.125 0.4390625 0.125 0.309375
0 0.378125 0.0015625 0.2421875 0.0015625 0.2421875 0.275 0.378125 0.275 0.378125 0.0015625
0 0.871875 0.7625 0.6765625 0.7625 0.6765625 0.9890625 0.871875 0.9890625 0.871875 0.7625
0 0.90625 0.715625 0.803125 0.715625 0.803125 0.925 0.90625 0.925 0.90625 0.715625
0 0.7078125 0.9765625 0.6734375 0.9765625 0.6734375 1.0 0.7078125 1.0 0.7078125 0.9765625
0 0.615625 0.11875 0.5140625 0.11875 0.5140625 0.2625 0.615625 0.2625 0.615625 0.11875
0 0.7546875 0.0015625 0.665625 0.0015625 0.665625 0.0578125 0.7546875 0.0578125 0.7546875 0.0015625
0 0.140625 0.4796875 0.0015625 0.4796875 0.0015625 1.0 0.140625 1.0 0.140625 0.4796875
0 1.0 0.0015625 0.0015625 0.0015625 0.0015625 1.0 1.0 1.0 1.0 0.0015625
0 1.0 0.84375 0.990625 0.84375 0.990625 0.878125 1.0 0.878125 1.0 0.84375
0 1.0 0.6734375 0.9578125 0.6734375 0.9578125 0.8296875 1.0 0.8296875 1.0 0.6734375
0 0.20625 0.5109375 0.146875 0.5109375 0.146875 0.7453125 0.20625 0.7453125 0.20625 0.5109375
0 1.0 0.459375 0.796875 0.459375 0.796875 1.0 1.0 1.0 1.0 0.459375
