0 0.2234375 0.821875 0.103125 0.821875 0.103125 0.9171875 0.2234375 0.9171875 0.2234375 0.821875
0 0.121875 0.75625 0.0015625 0.75625 0.0015625 0.8671875 0.121875 0.8671875 0.121875 0.75625
0 0.4671875 0.0015625 0.3515625 0.0015625 0.3515625 0.1546875 0.4671875 0.1546875 0.4671875 0.0015625
0 0.475 0.909375 0.3828125 0.909375 0.3828125 1.0 0.475 1.0 0.475 0.909375
0 0.5890625 0.5921875 0.471875 0.5921875 0.471875 0.834375 0.5890625 0.834375 0.5890625 0.5921875
0 0.41875 0.58125 0.31875 0.58125 0.31875 0.715625 0.41875 0.715625 0.41875 0.58125
0 0.2265625 0.159375 0.134375 0.159375 0.134375 0.309375 0.2265625 0.309375 0.2265625 0.159375
0 0.0640625 0.1625 0.0015625 0.1625 0.0015625 0.2671875 0.0640625 0.2671875 0.0640625 0.1625
0 0.2171875 0.0015625 0.103125 0.0015625 0.103125 0.240625 0.2171875 0.240625 0.2171875 0.0015625
0 0.934375 0.0015625 0.878125 0.0015625 0.878125 0.0234375 0.934375 0.0234375 0.934375 0.0015625
0 0.1765625 0.9875 0.15625 0.9875 0.15625 1.0 0.1765625 1.0 0.1765625 0.9875
0 0.2671875 0.8453125 0.084375 0.8453125 0.084375 0.9421875 0.2671875 0.9421875 0.2671875 0.8453125
0 0.0421875 0.8234375 0.0015625 0.8234375 0.0015625 0.9 0.0421875 0.9 0.0421875 0.8234375
0 0.184375 0.303125 0.1171875 0.303125 0.1171875 0.5046875 0.184375 0.5046875 0.184375 0.303125
0 0.18125 0.021875 0.0015625 0.021875 0.0015625 0.409375 0.18125 0.409375 0.18125 0.021875
0 0.371875 0.0015625 0.2171875 0.0015625 0.2171875 0.1921875 0.371875 0.1921875 0.371875 0.0015625
0 0.38125 0.971875 0.303125 0.971875 0.303125 1.0 0.38125 1.0 0.38125 0.971875
0 0.4234375 0.21875 0.2734375 0.21875 0.2734375 0.49375 0.4234375 0.49375 0.4234375 0.21875
0 0.584375 0.8578125 0.4625 0.8578125 0.4625 1.0 0.584375 1.0 0.584375 0.8578125
0 0.9421875 0.865625 0.871875 0.865625 0.871875 0.9921875 0.9421875 0.9921875 0.9421875 0.865625
0 0.0046875 0.8171875 0.0015625 0.8171875 0.0015625 0.8234375 0.0046875 0.8234375 0.0046875 0.8171875
0 0.2109375 0.21875 0.0015625 0.21875 0.0015625 0.546875 0.2109375 0.546875 0.2109375 0.21875
0 0.3375 0.365625 0.253125 0.365625 0.253125 0.528125 0.3375 0.528125 0.3375 0.365625
0 0.00625 0.3171875 0.0015625 0.3171875 0.0015625 0.3265625 0.00625 0.3265625 0.00625 0.3171875
0 0.365625 0.0015625 0.24375 0.0015625 0.24375 0.05 0.365625 0.05 0.365625 0.0015625
0 0.1828125 0.0015625 0.1078125 0.0015625 0.1078125 0.025 0.1828125 0.025 0.1828125 0.0015625
0 0.91875 0.778125 0.828125 0.778125 0.828125 1.0 0.91875 1.0 0.91875 0.778125
0 0.8359375 0.365625 0.7375 0.365625 0.7375 0.58125 0.8359375 0.58125 0.8359375 0.365625
0 0.8765625 0.0015625 0.6625 0.0015625 0.6625 0.1609375 0.8765625 0.1609375 0.8765625 0.0015625
0 0.49375 0.4328125 0.0015625 0.4328125 0.0015625 0.7984375 0.49375 0.7984375 0.49375 0.4328125
0 0.5421875 1.0 0.521875 1.0 0.521875 1.0 0.5421875 1.0 0.5421875 1.0
0 0.5625 0.6859375 0.3953125 0.6859375 0.3953125 0.9515625 0.5625 0.9515625 0.5625 0.6859375
0 0.578125 0.375 0.4984375 0.375 0.4984375 0.509375 0.578125 0.509375 0.578125 0.375
0 0.265625 0.321875 0.1703125 0.321875 0.1703125 0.51875 0.265625 0.51875 0.265625 0.321875
0 0.5171875 0.221875 0.390625 0.221875 0.390625 0.3875 0.5171875 0.3875 0.5171875 0.221875
0 0.7109375 0.08125 0.5359375 0.08125 0.5359375 0.2671875 0.7109375 0.2671875 0.7109375 0.08125
0 0.1546875 0.0046875 0.04375 0.0046875 0.04375 0.2125 0.1546875 0.2125 0.1546875 0.0046875
0 0.86875 0.865625 0.6953125 0.865625 0.6953125 1.0 0.86875 1.0 0.86875 0.865625
0 0.7703125 0.6625 0.65625 0.6625 0.65625 0.89375 0.7703125 0.89375 0.7703125 0.6625
0 1.0 0.753125 0.909375 0.753125 0.909375 0.871875 1.0 0.871875 1.0 0.753125
0 1.0 0.3671875 0.8953125 0.3671875 0.8953125 0.5625 1.0 0.5625 1.0 0.3671875
0 0.7640625 0.334375 0.6859375 0.334375 0.6859375 0.575 0.7640625 0.575 0.7640625 0.334375
0 0.8953125 0.0734375 0.7921875 0.0734375 0.7921875 0.2265625 0.8953125 0.2265625 0.8953125 0.0734375
0 1.0 0.0625 0.890625 0.0625 0.890625 0.1828125 1.0 0.1828125 1.0 0.0625
0 1.0 0.0015625 0.871875 0.0015625 0.871875 0.08125 1.0 0.08125 1.0 0.0015625
0 0.0703125 0.6859375 0.0015625 0.6859375 0.0015625 0.7859375 0.0703125 0.7859375 0.0703125 0.6859375
0 0.0609375 0.546875 0.0015625 0.546875 0.0015625 0.671875 0.0609375 0.671875 0.0609375 0.546875
0 0.0578125 0.0171875 0.0015625 0.0171875 0.0015625 0.1359375 0.0578125 0.1359375 0.0578125 0.0171875
0 1.0 0.0015625 0.0015625 0.0015625 0.0015625 1.0 1.0 1.0 1.0 0.0015625
0 0.190625 0.84375 0.0015625 0.84375 0.0015625 1.0 0.190625 1.0 0.190625 0.84375
0 0.0046875 0.3265625 0.0015625 0.3265625 0.0015625 0.3375 0.0046875 0.3375 0.0046875 0.3265625
0 0.203125 0.41875 0.0921875 0.41875 0.0921875 0.5625 0.203125 0.5625 0.203125 0.41875
0 0.534375 0.5546875 0.171875 0.5546875 0.171875 1.0 0.534375 1.0 0.534375 0.5546875
0 0.284375 0.5890625 0.1078125 0.5890625 0.1078125 0.8453125 0.284375 0.8453125 0.284375 0.5890625
