0 0.1921875 0.021875 0.0984375 0.021875 0.0984375 0.2 0.1921875 0.2 0.1921875 0.021875
0 1.0 0.8453125 0.928125 0.8453125 0.928125 1.0 1.0 1.0 1.0 0.8453125
0 1.0 0.1984375 0.9453125 0.1984375 0.9453125 0.4046875 1.0 0.4046875 1.0 0.1984375
0 0.5375 0.3671875 0.403125 0.3671875 0.403125 0.6140625 0.5375 0.6140625 0.5375 0.3671875
0 0.7078125 0.3703125 0.5546875 0.3703125 0.5546875 0.5484375 0.7078125 0.5484375 0.7078125 0.3703125
0 0.71875 0.20625 0.5546875 0.20625 0.5546875 0.3828125 0.71875 0.3828125 0.71875 0.20625
0 0.6484375 0.2953125 0.54375 0.2953125 0.54375 0.4125 0.6484375 0.4125 0.6484375 0.2953125
0 0.721875 0.9921875 0.6875 0.9921875 0.6875 1.0 0.721875 1.0 0.721875 0.9921875
0 0.0375 0.9375 0.0015625 0.9375 0.0015625 1.0 0.0375 1.0 0.0375 0.9375
0 0.1703125 0.8734375 0.0921875 0.8734375 0.0921875 1.0 0.1703125 1.0 0.1703125 0.8734375
0 0.13125 0.5515625 0.0015625 0.5515625 0.0015625 0.7 0.13125 0.7 0.13125 0.5515625
0 0.2953125 0.0015625 0.2171875 0.0015625 0.2171875 0.04375 0.2953125 0.04375 0.2953125 0.0015625
0 0.053125 0.0015625 0.03125 0.0015625 0.03125 0.075 0.053125 0.075 0.053125 0.0015625
0 0.5046875 0.965625 0.4390625 0.965625 0.4390625 1.0 0.5046875 1.0 0.5046875 0.965625
0 0.646875 0.4125 0.384375 0.4125 0.384375 0.6515625 0.646875 0.6515625 0.646875 0.4125
0 0.4109375 0.3765625 0.296875 0.3765625 0.296875 0.5015625 0.4109375 0.5015625 0.4109375 0.3765625
0 0.559375 0.29375 0.3890625 0.29375 0.3890625 0.4390625 0.559375 0.4390625 0.559375 0.29375
0 0.4859375 0.021875 0.21875 0.021875 0.21875 0.4 0.4859375 0.4 0.4859375 0.021875
0 0.7421875 0.1140625 0.5234375 0.1140625 0.5234375 0.2640625 0.7421875 0.2640625 0.7421875 0.1140625
0 0.8046875 0.8796875 0.721875 0.8796875 0.721875 1.0 0.8046875 1.0 0.8046875 0.8796875
0 1.0 0.959375 0.9953125 0.959375 0.9953125 0.971875 1.0 0.971875 1.0 0.959375
0 0.8109375 0.659375 0.6421875 0.659375 0.6421875 0.8453125 0.8109375 0.8453125 0.8109375 0.659375
0 0.978125 0.0015625 0.8234375 0.0015625 0.8234375 0.421875 0.978125 0.421875 0.978125 0.0015625
0 0.45 0.6875 0.1109375 0.6875 0.1109375 1.0 0.45 1.0 0.45 0.6875
0 0.5046875 0.909375 0.3875 0.909375 0.3875 1.0 0.5046875 1.0 0.5046875 0.909375
0 0.728125 0.4953125 0.525 0.4953125 0.525 0.8359375 0.728125 0.8359375 0.728125 0.4953125
0 0.36875 0.1828125 0.2671875 0.1828125 0.2671875 0.296875 0.36875 0.296875 0.36875 0.1828125
0 0.653125 0.0015625 0.578125 0.0015625 0.578125 0.11875 0.653125 0.11875 0.653125 0.0015625
0 0.196875 0.0015625 0.11875 0.0015625 0.11875 0.0265625 0.196875 0.0265625 0.196875 0.0015625
0 0.95625 0.9296875 0.8296875 0.9296875 0.8296875 1.0 0.95625 1.0 0.95625 0.9296875
0 1.0 0.75625 0.8765625 0.75625 0.8765625 0.9296875 1.0 0.9296875 1.0 0.75625
0 0.8828125 0.7 0.7375 0.7 0.7375 0.78125 0.8828125 0.78125 0.8828125 0.7
0 1.0 0.5890625 0.9 0.5890625 0.9 0.728125 1.0 0.728125 1.0 0.5890625
0 1.0 0.434375 0.9734375 0.434375 0.9734375 0.5671875 1.0 0.5671875 1.0 0.434375
0 0.946875 0.128125 0.7265625 0.128125 0.7265625 0.30625 0.946875 0.30625 0.946875 0.128125
0 0.55625 0.96875 0.459375 0.96875 0.459375 1.0 0.55625 1.0 0.55625 0.96875
0 0.7515625 0.828125 0.6109375 0.828125 0.6109375 0.9921875 0.7515625 0.9921875 0.7515625 0.828125
0 0.753125 0.6140625 0.640625 0.6140625 0.640625 0.784375 0.753125 0.784375 0.753125 0.6140625
0 0.9375 0.2609375 0.6953125 0.2609375 0.6953125 0.475 0.9375 0.475 0.9375 0.2609375
0 0.85 0.1140625 0.6484375 0.1140625 0.6484375 0.16875 0.85 0.16875 0.85 0.1140625
0 0.615625 0.0015625 0.4109375 0.0015625 0.4109375 0.121875 0.615625 0.121875 0.615625 0.0015625
0 0.409375 0.0015625 0.3171875 0.0015625 0.3171875 0.125 0.409375 0.125 0.409375 0.0015625
0 0.8015625 0.0015625 0.740625 0.0015625 0.740625 0.1015625 0.8015625 0.1015625 0.8015625 0.0015625
0 1.0 0.728125 0.784375 0.728125 0.784375 0.953125 1.0 0.953125 1.0 0.728125
0 0.2953125 0.38125 0.0015625 0.38125 0.0015625 0.8109375 0.2953125 0.8109375 0.2953125 0.38125
0 0.7109375 0.28125 0.2078125 0.28125 0.2078125 1.0 0.7109375 1.0 0.7109375 0.28125
0 0.59375 0.084375 0.4171875 0.084375 0.4171875 0.3265625 0.59375 0.3265625 0.59375 0.084375
0 0.853125 0.0015625 0.628125 0.0015625 0.628125 0.134375 0.853125 0.134375 0.853125 0.0015625
0 0.5921875 0.0015625 0.578125 0.0015625 0.578125 0.0046875 0.5921875 0.0046875 0.5921875 0.0015625
0 1.0 0.1 0.7796875 0.1 0.7796875 0.6640625 1.0 0.6640625 1.0 0.1
