0 0.6671875 0.8953125 0.4609375 0.8953125 0.4609375 1.0 0.6671875 1.0 0.6671875 0.8953125
0 0.93125 0.56875 0.6953125 0.56875 0.6953125 0.8734375 0.93125 0.8734375 0.93125 0.56875
0 0.14375 0.0015625 0.0453125 0.0015625 0.0453125 0.06875 0.14375 0.06875 0.14375 0.0015625
0 1.0 0.4609375 0.9390625 0.4609375 0.9390625 0.53125 1.0 0.53125 1.0 0.4609375
0 0.14375 0.1328125 0.0625 0.1328125 0.0625 0.334375 0.14375 0.334375 0.14375 0.1328125
0 0.028125 0.09375 0.0015625 0.09375 0.0015625 0.1359375 0.028125 0.1359375 0.028125 0.09375
0 0.8609375 0.8984375 0.6625 0.8984375 0.6625 1.0 0.8609375 1.0 0.8609375 0.8984375
0 0.6578125 0.8765625 0.5421875 0.8765625 0.5421875 0.9609375 0.6578125 0.9609375 0.6578125 0.8765625
0 0.8671875 0.6421875 0.703125 0.6421875 0.703125 0.821875 0.8671875 0.821875 0.8671875 0.6421875
0 0.7953125 0.375 0.5859375 0.375 0.5859375 0.85 0.7953125 0.85 0.7953125 0.375
0 1.0 0.3828125 0.9390625 0.3828125 0.9390625 0.4796875 1.0 0.4796875 1.0 0.3828125
0 1.0 0.0734375 0.990625 0.0734375 0.990625 0.0875 1.0 0.0875 1.0 0.0734375
0 0.0421875 0.46875 0.0015625 0.46875 0.0015625 0.509375 0.0421875 0.509375 0.0421875 0.46875
0 1.0 0.3578125 0.9765625 0.3578125 0.9765625 0.3984375 1.0 0.3984375 1.0 0.3578125
0 0.0296875 0.2171875 0.0015625 0.2171875 0.0015625 0.546875 0.0296875 0.546875 0.0296875 0.2171875
0 0.059375 0.0015625 0.0015625 0.0015625 0.0015625 0.0890625 0.059375 0.0890625 0.059375 0.0015625
0 0.7578125 0.7625 0.6359375 0.7625 0.6359375 0.8515625 0.7578125 0.8515625 0.7578125 0.7625
0 0.528125 0.878125 0.3671875 0.878125 0.3671875 1.0 0.528125 1.0 0.528125 0.878125
0 0.8015625 0.8375 0.6234375 0.8375 0.6234375 1.0 0.8015625 1.0 0.8015625 0.8375
0 1.0 0.0015625 0.603125 0.0015625 0.603125 0.828125 1.0 0.828125 1.0 0.0015625
0 0.7578125 0.3078125 0.6640625 0.3078125 0.6640625 0.41875 0.7578125 0.41875 0.7578125 0.3078125
