0 0.4578125 0.8375 0.315625 0.8375 0.315625 0.9296875 0.4578125 0.9296875 0.4578125 0.8375
0 0.228125 0.5734375 0.0015625 0.5734375 0.0015625 0.9265625 0.228125 0.9265625 0.228125 0.5734375
0 0.3421875 0.009375 0.2734375 0.009375 0.2734375 0.1625 0.3421875 0.1625 0.3421875 0.009375
0 0.0953125 0.571875 0.0015625 0.571875 0.0015625 0.6734375 0.0953125 0.6734375 0.0953125 0.571875
0 0.0171875 0.0015625 0.0015625 0.0015625 0.0015625 0.0140625 0.0171875 0.0140625 0.0171875 0.0015625
0 0.015625 0.0078125 0.003125 0.0078125 0.003125 0.0140625 0.015625 0.0140625 0.015625 0.0078125
0 0.1 0.896875 0.0015625 0.896875 0.0015625 1.0 0.1 1.0 0.1 0.896875
0 0.1703125 0.725 0.0015625 0.725 0.0015625 0.815625 0.1703125 0.815625 0.1703125 0.725
0 0.2703125 0.2671875 0.1796875 0.2671875 0.1796875 0.4484375 0.2703125 0.4484375 0.2703125 0.2671875
0 0.3015625 0.1953125 0.140625 0.1953125 0.140625 0.3109375 0.3015625 0.3109375 0.3015625 0.1953125
0 0.340625 0.0015625 0.153125 0.0015625 0.153125 0.2234375 0.340625 0.2234375 0.340625 0.0015625
0 0.184375 0.0015625 0.1359375 0.0015625 0.1359375 0.01875 0.184375 0.01875 0.184375 0.0015625
0 0.1859375 0.903125 0.0265625 0.903125 0.0265625 1.0 0.1859375 1.0 0.1859375 0.903125
0 0.8734375 0.0015625 0.134375 0.0015625 0.134375 1.0 0.8734375 1.0 0.8734375 0.0015625
0 0.165625 0.775 0.0015625 0.775 0.0015625 0.85 0.165625 0.85 0.165625 0.775
0 0.0359375 0.621875 0.0015625 0.621875 0.0015625 0.7 0.0359375 0.7 0.0359375 0.621875
0 0.1921875 0.86875 0.065625 0.86875 0.065625 0.96875 0.1921875 0.96875 0.1921875 0.86875
0 0.2453125 0.6859375 0.121875 0.6859375 0.121875 0.8484375 0.2453125 0.8484375 0.2453125 0.6859375
