0 0.15625 0.84375 0.0015625 0.84375 0.0015625 1.0 0.15625 1.0 0.15625 0.84375
0 0.259375 0.7046875 0.15 0.7046875 0.15 0.8171875 0.259375 0.8171875 0.259375 0.7046875
0 0.1609375 0.4125 0.0265625 0.4125 0.0265625 0.65 0.1609375 0.65 0.1609375 0.4125
0 0.3421875 0.5875 0.184375 0.5875 0.184375 0.990625 0.3421875 0.990625 0.3421875 0.5875
0 0.0171875 0.75625 0.0015625 0.75625 0.0015625 0.78125 0.0171875 0.78125 0.0171875 0.75625
0 0.0921875 0.509375 0.00625 0.509375 0.00625 0.6234375 0.0921875 0.6234375 0.0921875 0.509375
0 0.278125 0.546875 0.196875 0.546875 0.196875 0.6671875 0.278125 0.6671875 0.278125 0.546875
0 0.6859375 0.0015625 0.6734375 0.0015625 0.6734375 0.0171875 0.6859375 0.0171875 0.6859375 0.0015625
0 1.0 0.746875 0.94375 0.746875 0.94375 0.9203125 1.0 0.9203125 1.0 0.746875
0 0.259375 0.7953125 0.128125 0.7953125 0.128125 0.95625 0.259375 0.95625 0.259375 0.7953125
0 0.109375 0.3515625 0.0015625 0.3515625 0.0015625 0.5328125 0.109375 0.5328125 0.109375 0.3515625
0 0.2546875 0.0015625 0.1578125 0.0015625 0.1578125 0.0703125 0.2546875 0.0703125 0.2546875 0.0015625
0 0.7828125 0.840625 0.659375 0.840625 0.659375 1.0 0.7828125 1.0 0.7828125 0.840625
0 0.8578125 0.66875 0.6421875 0.66875 0.6421875 0.825 0.8578125 0.825 0.8578125 0.66875
0 0.5234375 0.0828125 0.453125 0.0828125 0.453125 0.28125 0.5234375 0.28125 0.5234375 0.0828125
0 0.903125 0.4375 0.753125 0.4375 0.753125 0.540625 0.903125 0.540625 0.903125 0.4375
0 0.9796875 0.2203125 0.884375 0.2203125 0.884375 0.4265625 0.9796875 0.4265625 0.9796875 0.2203125
0 0.321875 0.85 0.20625 0.85 0.20625 1.0 0.321875 1.0 0.321875 0.85
0 0.6640625 0.7765625 0.5078125 0.7765625 0.5078125 1.0 0.6640625 1.0 0.6640625 0.7765625
0 0.18125 0.371875 0.0015625 0.371875 0.0015625 0.5890625 0.18125 0.5890625 0.18125 0.371875
0 0.5703125 0.33125 0.5046875 0.33125 0.5046875 0.6234375 0.5703125 0.6234375 0.5703125 0.33125
0 0.33125 0.3125 0.2734375 0.3125 0.2734375 0.45 0.33125 0.45 0.33125 0.3125
0 0.0796875 0.2734375 0.0015625 0.2734375 0.0015625 0.353125 0.0796875 0.353125 0.0796875 0.2734375
0 0.6546875 0.190625 0.5359375 0.190625 0.5359375 0.38125 0.6546875 0.38125 0.6546875 0.190625
0 0.4765625 0.059375 0.2375 0.059375 0.2375 0.3125 0.4765625 0.3125 0.4765625 0.059375
0 1.0 0.7609375 0.8984375 0.7609375 0.8984375 1.0 1.0 1.0 1.0 0.7609375
0 0.875 0.525 0.6609375 0.525 0.6609375 0.6953125 0.875 0.6953125 0.875 0.525
0 1.0 0.1015625 0.7859375 0.1015625 0.7859375 0.7109375 1.0 0.7109375 1.0 0.1015625
0 0.9359375 0.46875 0.865625 0.46875 0.865625 0.590625 0.9359375 0.590625 0.9359375 0.46875
0 0.740625 0.3703125 0.646875 0.3703125 0.646875 0.4875 0.740625 0.4875 0.740625 0.3703125
0 0.89375 0.184375 0.809375 0.184375 0.809375 0.3296875 0.89375 0.3296875 0.89375 0.184375
0 0.7765625 0.06875 0.6625 0.06875 0.6625 0.2875 0.7765625 0.2875 0.7765625 0.06875
0 1.0 0.0015625 0.9578125 0.0015625 0.9578125 0.071875 1.0 0.071875 1.0 0.0015625
0 0.7390625 0.0015625 0.6390625 0.0015625 0.6390625 0.084375 0.7390625 0.084375 0.7390625 0.0015625
0 0.5484375 0.884375 0.428125 0.884375 0.428125 1.0 0.5484375 1.0 0.5484375 0.884375
0 0.746875 0.8703125 0.584375 0.8703125 0.584375 1.0 0.746875 1.0 0.746875 0.8703125
0 0.8796875 0.55 0.6078125 0.55 0.6078125 1.0 0.8796875 1.0 0.8796875 0.55
0 0.603125 0.53125 0.428125 0.53125 0.428125 0.9125 0.603125 0.9125 0.603125 0.53125
0 0.853125 0.4109375 0.6296875 0.4109375 0.6296875 0.5453125 0.853125 0.5453125 0.853125 0.4109375
0 0.0015625 0.35 0.0015625 0.35 0.0015625 0.371875 0.0015625 0.371875 0.0015625 0.35
0 0.578125 0.31875 0.4734375 0.31875 0.4734375 0.4484375 0.578125 0.4484375 0.578125 0.31875
0 0.934375 0.13125 0.6921875 0.13125 0.6921875 0.4375 0.934375 0.4375 0.934375 0.13125
0 1.0 0.9453125 0.9765625 0.9453125 0.9765625 1.0 1.0 1.0 1.0 0.9453125
0 1.0 0.378125 0.9875 0.378125 0.9875 0.428125 1.0 0.428125 1.0 0.378125
0 1.0 0.440625 0.825 0.440625 0.825 0.69375 1.0 0.69375 1.0 0.440625
0 1.0 0.3234375 0.98125 0.3234375 0.98125 0.35 1.0 0.35 1.0 0.3234375
0 1.0 0.040625 0.803125 0.040625 0.803125 0.3140625 1.0 0.3140625 1.0 0.040625
0 0.1859375 0.171875 0.0015625 0.171875 0.0015625 0.396875 0.1859375 0.396875 0.1859375 0.171875
0 1.0 0.6875 0.975 0.6875 0.975 0.8 1.0 0.8 1.0 0.6875
0 0.8984375 0.1421875 0.79375 0.1421875 0.79375 0.278125 0.8984375 0.278125 0.8984375 0.1421875
0 0.5734375 0.115625 0.0015625 0.115625 0.0015625 1.0 0.5734375 1.0 0.5734375 0.115625
0 0.2296875 0.7953125 0.1140625 0.7953125 0.1140625 1.0 0.2296875 1.0 0.2296875 0.7953125
0 0.4125 0.0015625 0.0015625 0.0015625 0.0015625 0.2625 0.4125 0.2625 0.4125 0.0015625
0 0.6625 0.5265625 0.575 0.5265625 0.575 0.7828125 0.6625 0.7828125 0.6625 0.5265625
0 0.515625 0.3859375 0.4671875 0.3859375 0.4671875 0.5953125 0.515625 0.5953125 0.515625 0.3859375
0 0.9375 0.0015625 0.678125 0.0015625 0.678125 0.125 0.9375 0.125 0.9375 0.0015625
0 0.6765625 0.0015625 0.628125 0.0015625 0.628125 0.046875 0.6765625 0.046875 0.6765625 0.0015625
0 0.978125 0.959375 0.9671875 0.959375 0.9671875 1.0 0.978125 1.0 0.978125 0.959375
0 0.909375 0.9015625 0.8734375 0.9015625 0.8734375 1.0 0.909375 1.0 0.909375 0.9015625
0 0.98125 0.6203125 0.8734375 0.6203125 0.8734375 0.7640625 0.98125 0.7640625 0.98125 0.6203125
