0 0.434375 0.340625 0.2109375 0.340625 0.2109375 0.6671875 0.434375 0.6671875 0.434375 0.340625
0 0.425 0.9109375 0.290625 0.9109375 0.290625 1.0 0.425 1.0 0.425 0.9109375
0 0.6046875 0.6484375 0.4671875 0.6484375 0.4671875 0.8734375 0.6046875 0.8734375 0.6046875 0.6484375
0 0.5640625 0.340625 0.3796875 0.340625 0.3796875 0.671875 0.5640625 0.671875 0.5640625 0.340625
0 0.4625 0.2078125 0.3421875 0.2078125 0.3421875 0.39375 0.4625 0.39375 0.4625 0.2078125
0 1.0 0.2640625 0.9890625 0.2640625 0.9890625 0.3125 1.0 0.3125 1.0 0.2640625
0 0.3765625 0.7203125 0.2859375 0.7203125 0.2859375 0.875 0.3765625 0.875 0.3765625 0.7203125
0 1.0 0.3078125 0.703125 0.3078125 0.703125 0.5578125 1.0 0.5578125 1.0 0.3078125
0 1.0 0.1078125 0.9484375 0.1078125 0.9484375 0.23125 1.0 0.23125 1.0 0.1078125
0 0.69375 0.78125 0.6046875 0.78125 0.6046875 0.934375 0.69375 0.934375 0.69375 0.78125
0 0.60625 0.4640625 0.515625 0.4640625 0.515625 0.6328125 0.60625 0.6328125 0.60625 0.4640625
0 0.35625 0.90625 0.1859375 0.90625 0.1859375 1.0 0.35625 1.0 0.35625 0.90625
0 0.6234375 0.790625 0.515625 0.790625 0.515625 0.9234375 0.6234375 0.9234375 0.6234375 0.790625
0 0.5984375 0.5328125 0.4234375 0.5328125 0.4234375 0.784375 0.5984375 0.784375 0.5984375 0.5328125
0 0.2609375 0.5875 0.1625 0.5875 0.1625 0.68125 0.2609375 0.68125 0.2609375 0.5875
0 1.0 0.0015625 0.9171875 0.0015625 0.9171875 0.0828125 1.0 0.0828125 1.0 0.0015625
0 0.8875 0.5953125 0.734375 0.5953125 0.734375 0.7421875 0.8875 0.7421875 0.8875 0.5953125
0 0.503125 0.3703125 0.2046875 0.3703125 0.2046875 0.9359375 0.503125 0.9359375 0.503125 0.3703125
0 0.571875 0.6359375 0.45 0.6359375 0.45 0.8484375 0.571875 0.8484375 0.571875 0.6359375
0 0.4515625 0.1234375 0.2203125 0.1234375 0.2203125 0.48125 0.4515625 0.48125 0.4515625 0.1234375
0 0.3875 0.0015625 0.2859375 0.0015625 0.2859375 0.15 0.3875 0.15 0.3875 0.0015625
0 1.0 0.0015625 0.5734375 0.0015625 0.5734375 0.29375 1.0 0.29375 1.0 0.0015625
0 1.0 0.35625 0.7734375 0.35625 0.7734375 0.725 1.0 0.725 1.0 0.35625
0 1.0 0.2640625 0.95625 0.2640625 0.95625 0.334375 1.0 0.334375 1.0 0.2640625
0 0.8 0.415625 0.703125 0.415625 0.703125 0.5046875 0.8 0.5046875 0.8 0.415625
0 0.90625 0.1953125 0.6984375 0.1953125 0.6984375 0.3046875 0.90625 0.3046875 0.90625 0.1953125
0 0.8359375 0.0859375 0.6515625 0.0859375 0.6515625 0.2171875 0.8359375 0.2171875 0.8359375 0.0859375
