0 0.5875 0.0015625 0.4359375 0.0015625 0.4359375 0.1140625 0.5875 0.1140625 0.5875 0.0015625
0 0.9140625 0.24375 0.778125 0.24375 0.778125 0.5046875 0.9140625 0.5046875 0.9140625 0.24375
0 0.8859375 0.0015625 0.784375 0.0015625 0.784375 0.234375 0.8859375 0.234375 0.8859375 0.0015625
0 0.975 0.4265625 0.74375 0.4265625 0.74375 0.5984375 0.975 0.5984375 0.975 0.4265625
0 0.74375 0.0015625 0.628125 0.0015625 0.628125 0.10625 0.74375 0.10625 0.74375 0.0015625
0 1.0 0.725 0.7859375 0.725 0.7859375 0.89375 1.0 0.89375 1.0 0.725
0 0.1421875 0.975 0.08125 0.975 0.08125 1.0 0.1421875 1.0 0.1421875 0.975
0 0.5453125 0.9703125 0.4578125 0.9703125 0.4578125 1.0 0.5453125 1.0 0.5453125 0.9703125
0 0.671875 0.7546875 0.4875 0.7546875 0.4875 0.896875 0.671875 0.896875 0.671875 0.7546875
0 0.8515625 0.0015625 0.7359375 0.0015625 0.7359375 0.1609375 0.8515625 0.1609375 0.8515625 0.0015625
0 0.5359375 0.0015625 0.4609375 0.0015625 0.4609375 0.0265625 0.5359375 0.0265625 0.5359375 0.0015625
0 0.0828125 0.3890625 0.0015625 0.3890625 0.0015625 0.415625 0.0828125 0.415625 0.0828125 0.3890625
0 0.175 0.903125 0.1 0.903125 0.1 1.0 0.175 1.0 0.175 0.903125
0 0.1140625 0.4625 0.0015625 0.4625 0.0015625 0.7125 0.1140625 0.7125 0.1140625 0.4625
0 0.3609375 0.2109375 0.1125 0.2109375 0.1125 0.4125 0.3609375 0.4125 0.3609375 0.2109375
0 0.70625 1.0 0.703125 1.0 0.703125 1.0 0.70625 1.0 0.70625 1.0
0 0.8109375 0.9125 0.74375 0.9125 0.74375 1.0 0.8109375 1.0 0.8109375 0.9125
0 0.6765625 0.8796875 0.4453125 0.8796875 0.4453125 0.9953125 0.6765625 0.9953125 0.6765625 0.8796875
0 1.0 0.5484375 0.8375 0.5484375 0.8375 0.809375 1.0 0.809375 1.0 0.5484375
0 1.0 0.275 0.965625 0.275 0.965625 0.35 1.0 0.35 1.0 0.275
0 0.9859375 0.0015625 0.8703125 0.0015625 0.8703125 0.1046875 0.9859375 0.1046875 0.9859375 0.0015625
0 0.4640625 0.9453125 0.39375 0.9453125 0.39375 1.0 0.4640625 1.0 0.4640625 0.9453125
0 0.971875 0.74375 0.36875 0.74375 0.36875 1.0 0.971875 1.0 0.971875 0.74375
0 0.3484375 0.8859375 0.1125 0.8859375 0.1125 1.0 0.3484375 1.0 0.3484375 0.8859375
0 0.634375 0.4453125 0.3703125 0.4453125 0.3703125 0.8734375 0.634375 0.8734375 0.634375 0.4453125
0 0.15625 0.609375 0.0015625 0.609375 0.0015625 0.8671875 0.15625 0.8671875 0.15625 0.609375
0 0.9734375 0.596875 0.825 0.596875 0.825 0.740625 0.9734375 0.740625 0.9734375 0.596875
0 0.35 0.5609375 0.134375 0.5609375 0.134375 0.6890625 0.35 0.6890625 0.35 0.5609375
0 0.10625 0.4125 0.0015625 0.4125 0.0015625 0.6390625 0.10625 0.6390625 0.10625 0.4125
0 0.8859375 0.0875 0.61875 0.0875 0.61875 0.546875 0.8859375 0.546875 0.8859375 0.0875
0 0.4578125 0.3171875 0.3140625 0.3171875 0.3140625 0.4890625 0.4578125 0.4890625 0.4578125 0.3171875
0 0.640625 0.225 0.4546875 0.225 0.4546875 0.3984375 0.640625 0.3984375 0.640625 0.225
0 0.271875 0.0734375 0.1015625 0.0734375 0.1015625 0.296875 0.271875 0.296875 0.271875 0.0734375
0 0.7109375 0.075 0.5546875 0.075 0.5546875 0.1984375 0.7109375 0.1984375 0.7109375 0.075
0 0.2578125 0.0015625 0.203125 0.0015625 0.203125 0.1046875 0.2578125 0.1046875 0.2578125 0.0015625
0 0.4265625 0.0015625 0.375 0.0015625 0.375 0.1390625 0.4265625 0.1390625 0.4265625 0.0015625
0 0.8125 0.0015625 0.7296875 0.0015625 0.7296875 0.0921875 0.8125 0.0921875 0.8125 0.0015625
0 0.721875 0.0015625 0.671875 0.0015625 0.671875 0.021875 0.721875 0.021875 0.721875 0.0015625
0 1.0 0.4875 0.9578125 0.4875 0.9578125 0.73125 1.0 0.73125 1.0 0.4875
0 0.8640625 0.5765625 0.7421875 0.5765625 0.7421875 0.66875 0.8640625 0.66875 0.8640625 0.5765625
0 0.7546875 0.5296875 0.6484375 0.5296875 0.6484375 0.6359375 0.7546875 0.6359375 0.7546875 0.5296875
0 0.1515625 0.778125 0.0015625 0.778125 0.0015625 1.0 0.1515625 1.0 0.1515625 0.778125
0 0.6234375 0.0015625 0.0015625 0.0015625 0.0015625 1.0 0.6234375 1.0 0.6234375 0.0015625
0 0.5609375 0.5234375 0.45 0.5234375 0.45 0.6609375 0.5609375 0.6609375 0.5609375 0.5234375
0 0.6921875 0.0015625 0.4046875 0.0015625 0.4046875 0.159375 0.6921875 0.159375 0.6921875 0.0015625
0 1.0 0.9234375 0.8421875 0.9234375 0.8421875 1.0 1.0 1.0 1.0 0.9234375
0 0.74375 0.871875 0.5453125 0.871875 0.5453125 1.0 0.74375 1.0 0.74375 0.871875
0 0.9734375 0.5421875 0.8265625 0.5421875 0.8265625 0.696875 0.9734375 0.696875 0.9734375 0.5421875
0 1.0 0.0015625 0.6953125 0.0015625 0.6953125 0.5859375 1.0 0.5859375 1.0 0.0015625
0 0.771875 0.0015625 0.61875 0.0015625 0.61875 0.2796875 0.771875 0.2796875 0.771875 0.0015625
