0 0.178125 0.0890625 0.0703125 0.0890625 0.0703125 0.2359375 0.178125 0.2359375 0.178125 0.0890625
0 0.1421875 0.3421875 0.053125 0.3421875 0.053125 0.4859375 0.1421875 0.4859375 0.1421875 0.3421875
0 0.36875 0.2640625 0.2140625 0.2640625 0.2140625 0.3765625 0.36875 0.3765625 0.36875 0.2640625
0 0.2234375 0.1984375 0.153125 0.1984375 0.153125 0.33125 0.2234375 0.33125 0.2234375 0.1984375
0 0.2109375 0.04375 0.115625 0.04375 0.115625 0.2234375 0.2109375 0.2234375 0.2109375 0.04375
0 0.428125 0.178125 0.2703125 0.178125 0.2703125 0.321875 0.428125 0.321875 0.428125 0.178125
0 0.278125 0.115625 0.203125 0.115625 0.203125 0.284375 0.278125 0.284375 0.278125 0.115625
0 0.45 0.06875 0.3015625 0.06875 0.3015625 0.15 0.45 0.15 0.45 0.06875
0 0.5015625 0.7515625 0.40625 0.7515625 0.40625 0.9046875 0.5015625 0.9046875 0.5015625 0.7515625
0 0.053125 0.559375 0.0015625 0.559375 0.0015625 0.70625 0.053125 0.70625 0.053125 0.559375
0 0.16875 0.3578125 0.0359375 0.3578125 0.0359375 0.5921875 0.16875 0.5921875 0.16875 0.3578125
0 0.5421875 0.0015625 0.4078125 0.0015625 0.4078125 0.13125 0.5421875 0.13125 0.5421875 0.0015625
0 0.26875 0.0015625 0.203125 0.0015625 0.203125 0.065625 0.26875 0.065625 0.26875 0.0015625
0 0.4109375 0.75 0.2375 0.75 0.2375 0.871875 0.4109375 0.871875 0.4109375 0.75
0 0.5 0.6984375 0.43125 0.6984375 0.43125 0.8546875 0.5 0.8546875 0.5 0.6984375
0 0.7375 0.61875 0.6078125 0.61875 0.6078125 0.7234375 0.7375 0.7234375 0.7375 0.61875
0 0.390625 0.646875 0.3171875 0.646875 0.3171875 0.775 0.390625 0.775 0.390625 0.646875
0 0.259375 0.6 0.140625 0.6 0.140625 0.75 0.259375 0.75 0.259375 0.6
0 0.4875 0.39375 0.396875 0.39375 0.396875 0.6328125 0.4875 0.6328125 0.4875 0.39375
0 0.278125 0.4390625 0.1046875 0.4390625 0.1046875 0.5546875 0.278125 0.5546875 0.278125 0.4390625
0 0.771875 0.025 0.59375 0.025 0.59375 0.209375 0.771875 0.209375 0.771875 0.025
0 0.6046875 0.2328125 0.4390625 0.2328125 0.4390625 0.5609375 0.6046875 0.5609375 0.6046875 0.2328125
0 0.3984375 0.08125 0.1296875 0.08125 0.1296875 0.3453125 0.3984375 0.3453125 0.3984375 0.08125
0 0.6765625 0.978125 0.63125 0.978125 0.63125 1.0 0.6765625 1.0 0.6765625 0.978125
0 0.459375 0.7359375 0.1921875 0.7359375 0.1921875 1.0 0.459375 1.0 0.459375 0.7359375
0 1.0 0.2921875 0.8578125 0.2921875 0.8578125 0.578125 1.0 0.578125 1.0 0.2921875
0 0.5546875 0.3390625 0.1234375 0.3390625 0.1234375 0.7625 0.5546875 0.7625 0.5546875 0.3390625
0 0.5984375 0.13125 0.396875 0.13125 0.396875 0.4390625 0.5984375 0.4390625 0.5984375 0.13125
0 0.7875 0.0015625 0.584375 0.0015625 0.584375 0.159375 0.7875 0.159375 0.7875 0.0015625
0 0.41875 0.7484375 0.26875 0.7484375 0.26875 0.8296875 0.41875 0.8296875 0.41875 0.7484375
0 0.525 0.259375 0.4234375 0.259375 0.4234375 0.421875 0.525 0.421875 0.525 0.259375
0 0.6390625 0.7234375 0.5046875 0.7234375 0.5046875 0.95 0.6390625 0.95 0.6390625 0.7234375
0 0.746875 0.4890625 0.6765625 0.4890625 0.6765625 0.625 0.746875 0.625 0.746875 0.4890625
0 0.2046875 0.6953125 0.121875 0.6953125 0.121875 0.853125 0.2046875 0.853125 0.2046875 0.6953125
0 0.3609375 0.459375 0.0890625 0.459375 0.0890625 0.7453125 0.3609375 0.7453125 0.3609375 0.459375
0 0.4640625 0.2375 0.2046875 0.2375 0.2046875 0.4484375 0.4640625 0.4484375 0.4640625 0.2375
0 0.2359375 0.0546875 0.134375 0.0546875 0.134375 0.3171875 0.2359375 0.3171875 0.2359375 0.0546875
0 0.4625 0.1203125 0.3296875 0.1203125 0.3296875 0.234375 0.4625 0.234375 0.4625 0.1203125
0 0.6359375 0.0015625 0.25 0.0015625 0.25 0.1703125 0.6359375 0.1703125 0.6359375 0.0015625
0 0.665625 0.1453125 0.4625 0.1453125 0.4625 0.70625 0.665625 0.70625 0.665625 0.1453125
0 0.7921875 0.0015625 0.7796875 0.0015625 0.7796875 0.096875 0.7921875 0.096875 0.7921875 0.0015625
0 0.0203125 0.5703125 0.0015625 0.5703125 0.0015625 0.8546875 0.0203125 0.8546875 0.0203125 0.5703125
0 0.165625 0.5421875 0.05 0.5421875 0.05 0.871875 0.165625 0.871875 0.165625 0.5421875
0 0.31875 0.0015625 0.2609375 0.0015625 0.2609375 0.0234375 0.31875 0.0234375 0.31875 0.0015625
0 0.1546875 0.8625 0.1203125 0.8625 0.1203125 1.0 0.1546875 1.0 0.1546875 0.8625
0 0.1390625 0.2890625 0.0015625 0.2890625 0.0015625 0.5734375 0.1390625 0.5734375 0.1390625 0.2890625
0 0.1140625 0.0015625 0.053125 0.0015625 0.053125 0.0234375 0.1140625 0.0234375 0.1140625 0.0015625
0 0.88125 0.8046875 0.746875 0.8046875 0.746875 1.0 0.88125 1.0 0.88125 0.8046875
0 0.7375 0.93125 0.5359375 0.93125 0.5359375 1.0 0.7375 1.0 0.7375 0.93125
0 0.540625 0.6609375 0.453125 0.6609375 0.453125 0.8890625 0.540625 0.8890625 0.540625 0.6609375
0 0.8609375 0.5140625 0.7125 0.5140625 0.7125 0.7875 0.8609375 0.7875 0.8609375 0.5140625
0 0.8546875 0.0890625 0.553125 0.0890625 0.553125 0.675 0.8546875 0.675 0.8546875 0.0890625
0 0.6234375 0.06875 0.4890625 0.06875 0.4890625 0.228125 0.6234375 0.228125 0.6234375 0.06875
0 1.0 0.4203125 0.903125 0.4203125 0.903125 0.5484375 1.0 0.5484375 1.0 0.4203125
0 1.0 0.0015625 0.8046875 0.0015625 0.8046875 0.3671875 1.0 0.3671875 1.0 0.0015625
