0 1.0 0.05625 0.8765625 0.05625 0.8765625 0.175 1.0 0.175 1.0 0.05625
0 0.0125 0.0015625 0.0015625 0.0015625 0.0015625 0.0140625 0.0125 0.0140625 0.0125 0.0015625
0 0.890625 0.0015625 0.74375 0.0015625 0.74375 0.1265625 0.890625 0.1265625 0.890625 0.0015625
0 0.3484375 0.871875 0.26875 0.871875 0.26875 1.0 0.3484375 1.0 0.3484375 0.871875
0 0.6890625 0.9703125 0.646875 0.9703125 0.646875 1.0 0.6890625 1.0 0.6890625 0.9703125
0 0.4140625 0.953125 0.3296875 0.953125 0.3296875 1.0 0.4140625 1.0 0.4140625 0.953125
0 0.3234375 0.7 0.140625 0.7 0.140625 0.9015625 0.3234375 0.9015625 0.3234375 0.7
0 0.51875 0.534375 0.24375 0.534375 0.24375 0.878125 0.51875 0.878125 0.51875 0.534375
0 0.7265625 0.6703125 0.58125 0.6703125 0.58125 0.859375 0.7265625 0.859375 0.7265625 0.6703125
0 0.7265625 0.85 0.65625 0.85 0.65625 1.0 0.7265625 1.0 0.7265625 0.85
0 0.3078125 0.65 0.1703125 0.65 0.1703125 0.746875 0.3078125 0.746875 0.3078125 0.65
0 0.540625 0.5453125 0.4375 0.5453125 0.4375 0.6921875 0.540625 0.6921875 0.540625 0.5453125
0 0.646875 0.7953125 0.128125 0.7953125 0.128125 1.0 0.646875 1.0 0.646875 0.7953125
0 0.56875 0.95 0.434375 0.95 0.434375 1.0 0.56875 1.0 0.56875 0.95
0 0.0078125 0.528125 0.0015625 0.528125 0.0015625 0.5890625 0.0078125 0.5890625 0.0078125 0.528125
0 0.528125 0.628125 0.3703125 0.628125 0.3703125 0.753125 0.528125 0.753125 0.528125 0.628125
0 0.58125 0.5421875 0.4890625 0.5421875 0.4890625 0.6453125 0.58125 0.6453125 0.58125 0.5421875
0 0.39375 0.725 0.2578125 0.725 0.2578125 0.884375 0.39375 0.884375 0.39375 0.725
0 0.2046875 0.6484375 0.0015625 0.6484375 0.0015625 1.0 0.2046875 1.0 0.2046875 0.6484375
0 0.0296875 0.2046875 0.0015625 0.2046875 0.0015625 0.5265625 0.0296875 0.5265625 0.0296875 0.2046875
0 0.4453125 0.859375 0.3609375 0.859375 0.3609375 0.965625 0.4453125 0.965625 0.4453125 0.859375
0 0.7140625 0.83125 0.6171875 0.83125 0.6171875 0.9859375 0.7140625 0.9859375 0.7140625 0.83125
0 0.725 0.571875 0.4453125 0.571875 0.4453125 0.8734375 0.725 0.8734375 0.725 0.571875
0 0.9703125 0.0015625 0.7828125 0.0015625 0.7828125 0.0671875 0.9703125 0.0671875 0.9703125 0.0015625
