0 0.0796875 0.8546875 0.0015625 0.8546875 0.0015625 0.978125 0.0796875 0.978125 0.0796875 0.8546875
0 1.0 0.55625 0.8484375 0.55625 0.8484375 0.7609375 1.0 0.7609375 1.0 0.55625
0 0.8359375 0.0828125 0.74375 0.0828125 0.74375 0.3484375 0.8359375 0.3484375 0.8359375 0.0828125
0 0.6375 0.1921875 0.5203125 0.1921875 0.5203125 0.3046875 0.6375 0.3046875 0.6375 0.1921875
0 0.3203125 0.0015625 0.1046875 0.0015625 0.1046875 0.0828125 0.3203125 0.0828125 0.3203125 0.0015625
0 0.7421875 0.0640625 0.5625 0.0640625 0.5625 0.23125 0.7421875 0.23125 0.7421875 0.0640625
0 0.6453125 0.0015625 0.60625 0.0015625 0.60625 0.053125 0.6453125 0.053125 0.6453125 0.0015625
0 0.5328125 0.5328125 0.0015625 0.5328125 0.0015625 1.0 0.5328125 1.0 0.5328125 0.5328125
0 1.0 0.5609375 1.0 0.5609375 1.0 0.5609375 1.0 0.5609375 1.0 0.5609375
0 1.0 0.003125 0.9046875 0.003125 0.9046875 0.196875 1.0 0.196875 1.0 0.003125
0 1.0 0.7734375 0.934375 0.7734375 0.934375 1.0 1.0 1.0 1.0 0.7734375
0 0.759375 0.2609375 0.553125 0.2609375 0.553125 0.4421875 0.759375 0.4421875 0.759375 0.2609375
0 1.0 0.103125 0.9109375 0.103125 0.9109375 0.2859375 1.0 0.2859375 1.0 0.103125
0 0.4046875 0.584375 0.309375 0.584375 0.309375 0.7421875 0.4046875 0.7421875 0.4046875 0.584375
0 0.575 0.084375 0.3359375 0.084375 0.3359375 0.3578125 0.575 0.3578125 0.575 0.084375
0 0.225 0.03125 0.028125 0.03125 0.028125 0.23125 0.225 0.23125 0.225 0.03125
0 0.0578125 0.0015625 0.0015625 0.0015625 0.0015625 0.0765625 0.0578125 0.0765625 0.0578125 0.0015625
0 1.0 0.35625 0.78125 0.35625 0.78125 0.8015625 1.0 0.8015625 1.0 0.35625
0 0.69375 0.4 0.5375 0.4 0.5375 0.4859375 0.69375 0.4859375 0.69375 0.4
0 0.8453125 0.296875 0.8015625 0.296875 0.8015625 0.515625 0.8453125 0.515625 0.8453125 0.296875
0 0.7953125 0.1875 0.665625 0.1875 0.665625 0.278125 0.7953125 0.278125 0.7953125 0.1875
0 0.0453125 1.0 0.04375 1.0 0.04375 1.0 0.0453125 1.0 0.0453125 1.0
0 0.19375 0.5828125 0.0015625 0.5828125 0.0015625 0.7859375 0.19375 0.7859375 0.19375 0.5828125
0 0.1203125 0.4515625 0.0015625 0.4515625 0.0015625 0.5546875 0.1203125 0.5546875 0.1203125 0.4515625
0 0.671875 0.290625 0.5296875 0.290625 0.5296875 0.4171875 0.671875 0.4171875 0.671875 0.290625
0 0.871875 0.0015625 0.7125 0.0015625 0.7125 0.0640625 0.871875 0.0640625 0.871875 0.0015625
0 1.0 0.0015625 0.940625 0.0015625 0.940625 0.01875 1.0 0.01875 1.0 0.0015625
0 1.0 0.0015625 0.0015625 0.0015625 0.0015625 1.0 1.0 1.0 1.0 0.0015625
0 0.146875 0.9203125 0.0015625 0.9203125 0.0015625 1.0 0.146875 1.0 0.146875 0.9203125
0 0.3265625 0.7078125 0.0015625 0.7078125 0.0015625 1.0 0.3265625 1.0 0.3265625 0.7078125
0 0.06875 0.79375 0.0015625 0.79375 0.0015625 0.896875 0.06875 0.896875 0.06875 0.79375
0 0.1171875 0.6375 0.0015625 0.6375 0.0015625 0.7265625 0.1171875 0.7265625 0.1171875 0.6375
0 0.5828125 0.171875 0.3921875 0.171875 0.3921875 0.3359375 0.5828125 0.3359375 0.5828125 0.171875
0 1.0 0.421875 0.9140625 0.421875 0.9140625 0.53125 1.0 0.53125 1.0 0.421875
0 0.815625 0.3359375 0.678125 0.3359375 0.678125 0.5203125 0.815625 0.5203125 0.815625 0.3359375
0 0.3984375 0.0015625 0.3125 0.0015625 0.3125 0.25 0.3984375 0.25 0.3984375 0.0015625
