0 0.696875 0.0015625 0.6109375 0.0015625 0.6109375 0.015625 0.696875 0.015625 0.696875 0.0015625
0 0.8015625 0.9046875 0.678125 0.9046875 0.678125 0.9984375 0.8015625 0.9984375 0.8015625 0.9046875
0 0.5546875 0.0015625 0.478125 0.0015625 0.478125 0.0953125 0.5546875 0.0953125 0.5546875 0.0015625
0 1.0 0.0015625 0.9078125 0.0015625 0.9078125 0.0296875 1.0 0.0296875 1.0 0.0015625
0 1.0 0.73125 0.8484375 0.73125 0.8484375 0.903125 1.0 0.903125 1.0 0.73125
0 0.6171875 0.58125 0.415625 0.58125 0.415625 0.859375 0.6171875 0.859375 0.6171875 0.58125
0 0.7234375 0.0015625 0.5375 0.0015625 0.5375 0.0765625 0.7234375 0.0765625 0.7234375 0.0015625
0 0.3921875 0.515625 0.3140625 0.515625 0.3140625 0.6015625 0.3921875 0.6015625 0.3921875 0.515625
0 0.3890625 0.409375 0.290625 0.409375 0.290625 0.496875 0.3890625 0.496875 0.3890625 0.409375
0 1.0 0.28125 0.9515625 0.28125 0.9515625 0.365625 1.0 0.365625 1.0 0.28125
0 0.6953125 0.16875 0.3609375 0.16875 0.3609375 0.46875 0.6953125 0.46875 0.6953125 0.16875
0 1.0 0.0125 0.95 0.0125 0.95 0.1484375 1.0 0.1484375 1.0 0.0125
0 0.578125 0.3 0.2078125 0.3 0.2078125 0.646875 0.578125 0.646875 0.578125 0.3
0 0.3140625 0.4484375 0.125 0.4484375 0.125 0.5578125 0.3140625 0.5578125 0.3140625 0.4484375
0 1.0 0.0015625 0.83125 0.0015625 0.83125 0.3140625 1.0 0.3140625 1.0 0.0015625
