0 0.2765625 0.9546875 0.184375 0.9546875 0.184375 1.0 0.2765625 1.0 0.2765625 0.9546875
0 0.75625 0.91875 0.6890625 0.91875 0.6890625 1.0 0.75625 1.0 0.75625 0.91875
0 0.4640625 0.7375 0.36875 0.7375 0.36875 1.0 0.4640625 1.0 0.4640625 0.7375
0 0.265625 0.6640625 0.1984375 0.6640625 0.1984375 0.840625 0.265625 0.840625 0.265625 0.6640625
0 0.0421875 0.6734375 0.0015625 0.6734375 0.0015625 0.8140625 0.0421875 0.8140625 0.0421875 0.6734375
0 0.59375 0.4984375 0.50625 0.4984375 0.50625 0.6703125 0.59375 0.6703125 0.59375 0.4984375
0 0.659375 0.296875 0.55625 0.296875 0.55625 0.45 0.659375 0.45 0.659375 0.296875
0 0.0328125 0.8078125 0.0015625 0.8078125 0.0015625 0.91875 0.0328125 0.91875 0.0328125 0.8078125
0 0.6046875 0.8578125 0.2640625 0.8578125 0.2640625 1.0 0.6046875 1.0 0.6046875 0.8578125
0 0.8296875 0.7875 0.6125 0.7875 0.6125 1.0 0.8296875 1.0 0.8296875 0.7875
0 0.565625 0.8609375 0.484375 0.8609375 0.484375 0.9765625 0.565625 0.9765625 0.565625 0.8609375
0 0.571875 0.6640625 0.4390625 0.6640625 0.4390625 0.85 0.571875 0.85 0.571875 0.6640625
0 0.3984375 0.684375 0.325 0.684375 0.325 0.821875 0.3984375 0.821875 0.3984375 0.684375
0 0.04375 0.465625 0.0015625 0.465625 0.0015625 0.5875 0.04375 0.5875 0.04375 0.465625
0 0.415625 0.4109375 0.321875 0.4109375 0.321875 0.60625 0.415625 0.60625 0.415625 0.4109375
0 0.66875 0.0328125 0.3015625 0.0328125 0.3015625 0.4328125 0.66875 0.4328125 0.66875 0.0328125
0 1.0 0.7578125 0.9734375 0.7578125 0.9734375 0.9421875 1.0 0.9421875 1.0 0.7578125
0 0.734375 0.3984375 0.6015625 0.3984375 0.6015625 0.5375 0.734375 0.5375 0.734375 0.3984375
0 1.0 0.0421875 0.834375 0.0421875 0.834375 0.165625 1.0 0.165625 1.0 0.0421875
0 0.265625 0.8015625 0.1984375 0.8015625 0.1984375 0.9625 0.265625 0.9625 0.265625 0.8015625
0 0.0765625 0.753125 0.0078125 0.753125 0.0078125 0.896875 0.0765625 0.896875 0.0765625 0.753125
0 0.3765625 0.7125 0.284375 0.7125 0.284375 0.9265625 0.3765625 0.9265625 0.3765625 0.7125
0 0.7171875 0.6921875 0.6109375 0.6921875 0.6109375 0.828125 0.7171875 0.828125 0.7171875 0.6921875
0 0.1796875 0.5609375 0.0140625 0.5609375 0.0140625 0.73125 0.1796875 0.73125 0.1796875 0.5609375
0 0.2765625 0.553125 0.1953125 0.553125 0.1953125 0.7671875 0.2765625 0.7671875 0.2765625 0.553125
0 0.04375 0.3453125 0.0015625 0.3453125 0.0015625 0.496875 0.04375 0.496875 0.04375 0.3453125
0 0.496875 0.1328125 0.29375 0.1328125 0.29375 0.315625 0.496875 0.315625 0.496875 0.1328125
0 0.9046875 0.7375 0.8171875 0.7375 0.8171875 1.0 0.9046875 1.0 0.9046875 0.7375
0 0.8578125 0.0734375 0.7078125 0.0734375 0.7078125 0.175 0.8578125 0.175 0.8578125 0.0734375
0 0.7578125 0.6421875 0.6640625 0.6421875 0.6640625 0.940625 0.7578125 0.940625 0.7578125 0.6421875
0 0.8015625 0.3125 0.678125 0.3125 0.678125 0.390625 0.8015625 0.390625 0.8015625 0.3125
0 0.0375 0.240625 0.0015625 0.240625 0.0015625 0.39375 0.0375 0.39375 0.0375 0.240625
0 0.334375 0.9421875 0.2703125 0.9421875 0.2703125 1.0 0.334375 1.0 0.334375 0.9421875
0 0.6234375 0.8453125 0.446875 0.8453125 0.446875 1.0 0.6234375 1.0 0.6234375 0.8453125
0 0.0671875 0.8625 0.015625 0.8625 0.015625 1.0 0.0671875 1.0 0.0671875 0.8625
0 0.2078125 0.6515625 0.0953125 0.6515625 0.0953125 0.7734375 0.2078125 0.7734375 0.2078125 0.6515625
0 0.6984375 0.5609375 0.55625 0.5609375 0.55625 0.775 0.6984375 0.775 0.6984375 0.5609375
0 0.484375 0.421875 0.3578125 0.421875 0.3578125 0.6 0.484375 0.6 0.484375 0.421875
0 0.60625 0.3546875 0.5140625 0.3546875 0.5140625 0.6140625 0.60625 0.6140625 0.60625 0.3546875
0 0.334375 0.3953125 0.225 0.3953125 0.225 0.5109375 0.334375 0.5109375 0.334375 0.3953125
0 0.75 0.0875 0.54375 0.0875 0.54375 0.33125 0.75 0.33125 0.75 0.0875
0 0.821875 0.140625 0.74375 0.140625 0.74375 0.2859375 0.821875 0.2859375 0.821875 0.140625
0 0.81875 0.0015625 0.571875 0.0015625 0.571875 0.0859375 0.81875 0.0859375 0.81875 0.0015625
0 1.0 0.8171875 0.940625 0.8171875 0.940625 1.0 1.0 1.0 1.0 0.8171875
0 0.9453125 0.4734375 0.828125 0.4734375 0.828125 0.75625 0.9453125 0.75625 0.9453125 0.4734375
0 1.0 0.134375 0.8140625 0.134375 0.8140625 0.2875 1.0 0.2875 1.0 0.134375
0 0.9984375 0.0015625 0.9 0.0015625 0.9 0.121875 0.9984375 0.121875 0.9984375 0.0015625
0 0.8796875 0.0015625 0.7578125 0.0015625 0.7578125 0.025 0.8796875 0.025 0.8796875 0.0015625
0 0.59375 0.6171875 0.5046875 0.6171875 0.5046875 0.753125 0.59375 0.753125 0.59375 0.6171875
0 0.959375 0.68125 0.8578125 0.68125 0.8578125 0.81875 0.959375 0.81875 0.959375 0.68125
0 0.846875 0.1578125 0.6796875 0.1578125 0.6796875 0.3203125 0.846875 0.3203125 0.846875 0.1578125
0 0.8046875 0.0625 0.653125 0.0625 0.653125 0.1609375 0.8046875 0.1609375 0.8046875 0.0625
0 0.0875 0.0015625 0.0015625 0.0015625 0.0015625 0.2484375 0.0875 0.2484375 0.0875 0.0015625
0 0.25 0.5875 0.0015625 0.5875 0.0015625 1.0 0.25 1.0 0.25 0.5875
0 0.23125 0.24375 0.13125 0.24375 0.13125 0.7078125 0.23125 0.7078125 0.23125 0.24375
0 0.0015625 0.425 0.0015625 0.425 0.0015625 0.4296875 0.0015625 0.4296875 0.0015625 0.425
0 0.48125 0.046875 0.29375 0.046875 0.29375 0.15625 0.48125 0.15625 0.48125 0.046875
0 1.0 0.2125 0.5171875 0.2125 0.5171875 1.0 1.0 1.0 1.0 0.2125
0 0.675 0.959375 0.5984375 0.959375 0.5984375 1.0 0.675 1.0 0.675 0.959375
0 0.6796875 0.734375 0.4265625 0.734375 0.4265625 0.9734375 0.6796875 0.9734375 0.6796875 0.734375
0 0.325 0.55 0.2328125 0.55 0.2328125 0.9140625 0.325 0.9140625 0.325 0.55
0 0.4734375 0.59375 0.328125 0.59375 0.328125 0.75625 0.4734375 0.75625 0.4734375 0.59375
0 0.4328125 0.2375 0.228125 0.2375 0.228125 0.4578125 0.4328125 0.4578125 0.4328125 0.2375
0 1.0 0.5421875 0.85625 0.5421875 0.85625 0.8140625 1.0 0.8140625 1.0 0.5421875
