0 0.853125 0.4890625 0.775 0.4890625 0.775 0.6203125 0.853125 0.6203125 0.853125 0.4890625
0 0.8734375 0.0015625 0.7328125 0.0015625 0.7328125 0.10625 0.8734375 0.10625 0.8734375 0.0015625
0 0.121875 0.70625 0.0484375 0.70625 0.0484375 0.84375 0.121875 0.84375 0.121875 0.70625
0 0.3 0.5921875 0.1546875 0.5921875 0.1546875 0.7734375 0.3 0.7734375 0.3 0.5921875
0 0.065625 0.0015625 0.0015625 0.0015625 0.0015625 0.025 0.065625 0.025 0.065625 0.0015625
0 0.5484375 0.9765625 0.484375 0.9765625 0.484375 1.0 0.5484375 1.0 0.5484375 0.9765625
0 0.56875 0.7375 0.4125 0.7375 0.4125 0.8828125 0.56875 0.8828125 0.56875 0.7375
0 0.6734375 0.953125 0.6203125 0.953125 0.6203125 1.0 0.6734375 1.0 0.6734375 0.953125
0 0.928125 0.7390625 0.653125 0.7390625 0.653125 0.859375 0.928125 0.859375 0.928125 0.7390625
0 0.1046875 0.409375 0.0125 0.409375 0.0125 0.528125 0.1046875 0.528125 0.1046875 0.409375
0 1.0 0.0015625 0.740625 0.0015625 0.740625 0.4046875 1.0 0.4046875 1.0 0.0015625
0 0.8828125 0.2953125 0.7765625 0.2953125 0.7765625 0.3953125 0.8828125 0.3953125 0.8828125 0.2953125
0 0.128125 0.50625 0.0015625 0.50625 0.0015625 0.903125 0.128125 0.903125 0.128125 0.50625
0 0.0234375 0.4390625 0.0015625 0.4390625 0.0015625 0.5234375 0.0234375 0.5234375 0.0234375 0.4390625
0 0.18125 0.9921875 0.171875 0.9921875 0.171875 1.0 0.18125 1.0 0.18125 0.9921875
0 0.6265625 0.9546875 0.546875 0.9546875 0.546875 1.0 0.6265625 1.0 0.6265625 0.9546875
0 0.8984375 0.8 0.63125 0.8 0.63125 1.0 0.8984375 1.0 0.8984375 0.8
0 0.3203125 0.8578125 0.19375 0.8578125 0.19375 1.0 0.3203125 1.0 0.3203125 0.8578125
0 0.803125 0.553125 0.490625 0.553125 0.490625 0.953125 0.803125 0.953125 0.803125 0.553125
0 0.2453125 0.8328125 0.1140625 0.8328125 0.1140625 0.9171875 0.2453125 0.9171875 0.2453125 0.8328125
0 0.3328125 0.5671875 0.1234375 0.5671875 0.1234375 0.84375 0.3328125 0.84375 0.3328125 0.5671875
0 0.6609375 0.4765625 0.4703125 0.4765625 0.4703125 0.7046875 0.6609375 0.7046875 0.6609375 0.4765625
0 0.54375 0.4046875 0.45625 0.4046875 0.45625 0.5296875 0.54375 0.5296875 0.54375 0.4046875
0 0.9265625 0.1515625 0.6625 0.1515625 0.6625 0.5359375 0.9265625 0.5359375 0.9265625 0.1515625
0 1.0 0.8890625 0.909375 0.8890625 0.909375 1.0 1.0 1.0 1.0 0.8890625
0 1.0 0.7125 0.990625 0.7125 0.990625 0.7421875 1.0 0.7421875 1.0 0.7125
0 0.9671875 0.65 0.7953125 0.65 0.7953125 0.8078125 0.9671875 0.8078125 0.9671875 0.65
0 0.9453125 0.4609375 0.828125 0.4609375 0.828125 0.621875 0.9453125 0.621875 0.9453125 0.4609375
0 1.0 0.2390625 0.9421875 0.2390625 0.9421875 0.45 1.0 0.45 1.0 0.2390625
0 1.0 0.1140625 0.9921875 0.1140625 0.9921875 0.1859375 1.0 0.1859375 1.0 0.1140625
0 0.0390625 0.9875 0.0015625 0.9875 0.0015625 1.0 0.0390625 1.0 0.0390625 0.9875
0 0.290625 0.8546875 0.14375 0.8546875 0.14375 0.9765625 0.290625 0.9765625 0.290625 0.8546875
0 0.646875 0.371875 0.5390625 0.371875 0.5390625 0.4890625 0.646875 0.4890625 0.646875 0.371875
0 0.765625 0.103125 0.675 0.103125 0.675 0.2203125 0.765625 0.2203125 0.765625 0.103125
0 1.0 0.0015625 0.0015625 0.0015625 0.0015625 1.0 1.0 1.0 1.0 0.0015625
0 0.828125 0.7671875 0.653125 0.7671875 0.653125 0.825 0.828125 0.825 0.828125 0.7671875
0 0.8125 0.4921875 0.546875 0.4921875 0.546875 0.7609375 0.8125 0.7609375 0.8125 0.4921875
0 0.9203125 0.6625 0.746875 0.6625 0.746875 0.7578125 0.9203125 0.7578125 0.9203125 0.6625
0 1.0 0.096875 0.9109375 0.096875 0.9109375 0.1953125 1.0 0.1953125 1.0 0.096875
