0 0.746875 0.4421875 0.5171875 0.4421875 0.5171875 0.5828125 0.746875 0.5828125 0.746875 0.4421875
0 1.0 0.4046875 0.91875 0.4046875 0.91875 0.5765625 1.0 0.5765625 1.0 0.4046875
0 1.0 0.0015625 0.8046875 0.0015625 0.8046875 0.2328125 1.0 0.2328125 1.0 0.0015625
0 1.0 0.1703125 0.8671875 0.1703125 0.8671875 0.3734375 1.0 0.3734375 1.0 0.1703125
0 0.7546875 0.06875 0.3875 0.06875 0.3875 0.3484375 0.7546875 0.3484375 0.7546875 0.06875
0 1.0 0.196875 0.996875 0.196875 0.996875 0.246875 1.0 0.246875 1.0 0.196875
0 0.3859375 0.1046875 0.2484375 0.1046875 0.2484375 0.190625 0.3859375 0.190625 0.3859375 0.1046875
0 0.4609375 0.209375 0.246875 0.209375 0.246875 0.3796875 0.4609375 0.3796875 0.4609375 0.209375
0 0.640625 0.2234375 0.465625 0.2234375 0.465625 0.3515625 0.640625 0.3515625 0.640625 0.2234375
0 0.303125 0.178125 0.15625 0.178125 0.15625 0.2859375 0.303125 0.2859375 0.303125 0.178125
0 0.8171875 0.0015625 0.228125 0.0015625 0.228125 0.225 0.8171875 0.225 0.8171875 0.0015625
0 1.0 0.2328125 0.0015625 0.2328125 0.0015625 1.0 1.0 1.0 1.0 0.2328125
0 0.31875 0.0015625 0.05625 0.0015625 0.05625 0.115625 0.31875 0.115625 0.31875 0.0015625
0 0.85 0.2453125 0.5296875 0.2453125 0.5296875 0.5390625 0.85 0.5390625 0.85 0.2453125
0 1.0 0.0015625 0.8609375 0.0015625 0.8609375 0.4296875 1.0 0.4296875 1.0 0.0015625
0 1.0 0.8296875 0.996875 0.8296875 0.996875 0.8453125 1.0 0.8453125 1.0 0.8296875
