0 0.0953125 0.803125 0.0078125 0.803125 0.0078125 0.9890625 0.0953125 0.9890625 0.0953125 0.803125
0 0.1296875 0.08125 0.0015625 0.08125 0.0015625 0.1625 0.1296875 0.1625 0.1296875 0.08125
0 0.6375 0.04375 0.390625 0.04375 0.390625 0.1765625 0.6375 0.1765625 0.6375 0.04375
0 0.1765625 0.30625 0.0015625 0.30625 0.0015625 0.4015625 0.1765625 0.4015625 0.1765625 0.30625
0 0.084375 0.1390625 0.0015625 0.1390625 0.0015625 0.265625 0.084375 0.265625 0.084375 0.1390625
0 1.0 0.0015625 0.925 0.0015625 0.925 0.0890625 1.0 0.0890625 1.0 0.0015625
0 0.3515625 0.6390625 0.0015625 0.6390625 0.0015625 1.0 0.3515625 1.0 0.3515625 0.6390625
0 0.0265625 0.05 0.0015625 0.05 0.0015625 0.2078125 0.0265625 0.2078125 0.0265625 0.05
0 0.11875 0.1171875 0.0265625 0.1171875 0.0265625 0.253125 0.11875 0.253125 0.11875 0.1171875
0 0.54375 0.0015625 0.3671875 0.0015625 0.3671875 0.025 0.54375 0.025 0.54375 0.0015625
0 1.0 0.0015625 0.9359375 0.0015625 0.9359375 0.09375 1.0 0.09375 1.0 0.0015625
0 0.1875 0.515625 0.0015625 0.515625 0.0015625 0.64375 0.1875 0.64375 0.1875 0.515625
0 0.0375 0.4296875 0.0015625 0.4296875 0.0015625 0.5046875 0.0375 0.5046875 0.0375 0.4296875
