0 0.1546875 0.0015625 0.0140625 0.0015625 0.0140625 0.2515625 0.1546875 0.2515625 0.1546875 0.0015625
0 0.33125 0.0015625 0.1453125 0.0015625 0.1453125 0.1765625 0.33125 0.1765625 0.33125 0.0015625
0 0.2859375 0.884375 0.2390625 0.884375 0.2390625 1.0 0.2859375 1.0 0.2859375 0.884375
0 0.1921875 0.7625 0.015625 0.7625 0.015625 0.95625 0.1921875 0.95625 0.1921875 0.7625
0 0.8328125 0.5375 0.6859375 0.5375 0.6859375 0.675 0.8328125 0.675 0.8328125 0.5375
0 0.6140625 0.409375 0.5515625 0.409375 0.5515625 0.5265625 0.6140625 0.5265625 0.6140625 0.409375
0 0.9875 0.325 0.9171875 0.325 0.9171875 0.5046875 0.9875 0.5046875 0.9875 0.325
0 1.0 0.2515625 0.990625 0.2515625 0.990625 0.33125 1.0 0.33125 1.0 0.2515625
0 0.959375 0.59375 0.815625 0.59375 0.815625 0.6875 0.959375 0.6875 0.959375 0.59375
0 0.715625 0.4359375 0.5921875 0.4359375 0.5921875 0.5578125 0.715625 0.5578125 0.715625 0.4359375
0 0.609375 0.0015625 0.4390625 0.0015625 0.4390625 0.14375 0.609375 0.14375 0.609375 0.0015625
0 0.9703125 0.2859375 0.8265625 0.2859375 0.8265625 0.4875 0.9703125 0.4875 0.9703125 0.2859375
0 0.2171875 0.1359375 0.0015625 0.1359375 0.0015625 0.5859375 0.2171875 0.5859375 0.2171875 0.1359375
0 1.0 0.828125 0.8484375 0.828125 0.8484375 0.8984375 1.0 0.8984375 1.0 0.828125
0 0.5828125 0.63125 0.4921875 0.63125 0.4921875 0.93125 0.5828125 0.93125 0.5828125 0.63125
0 0.453125 0.675 0.253125 0.675 0.253125 0.8625 0.453125 0.8625 0.453125 0.675
0 0.31875 0.53125 0.203125 0.53125 0.203125 0.6390625 0.31875 0.6390625 0.31875 0.53125
0 0.5296875 0.2375 0.3171875 0.2375 0.3171875 0.3921875 0.5296875 0.3921875 0.5296875 0.2375
0 0.803125 0.2625 0.6515625 0.2625 0.6515625 0.3671875 0.803125 0.3671875 0.803125 0.2625
0 0.0734375 0.4078125 0.0015625 0.4078125 0.0015625 0.63125 0.0734375 0.63125 0.0734375 0.4078125
0 0.9625 0.653125 0.7625 0.653125 0.7625 0.7703125 0.9625 0.7703125 0.9625 0.653125
0 0.7203125 0.0015625 0.64375 0.0015625 0.64375 0.1375 0.7203125 0.1375 0.7203125 0.0015625
0 0.50625 0.5953125 0.39375 0.5953125 0.39375 0.7578125 0.50625 0.7578125 0.50625 0.5953125
0 0.83125 0.4765625 0.6328125 0.4765625 0.6328125 0.721875 0.83125 0.721875 0.83125 0.4765625
0 1.0 0.575 0.9515625 0.575 0.9515625 0.60625 1.0 0.60625 1.0 0.575
0 0.940625 0.4703125 0.8375 0.4703125 0.8375 0.6140625 0.940625 0.6140625 0.940625 0.4703125
0 0.8875 0.278125 0.7046875 0.278125 0.7046875 0.4625 0.8875 0.4625 0.8875 0.278125
0 0.525 0.0015625 0.4140625 0.0015625 0.4140625 0.1 0.525 0.1 0.525 0.0015625
0 0.234375 0.2734375 0.0015625 0.2734375 0.0015625 0.815625 0.234375 0.815625 0.234375 0.2734375
0 0.846875 0.7578125 0.5765625 0.7578125 0.5765625 1.0 0.846875 1.0 0.846875 0.7578125
0 0.4484375 0.85625 0.353125 0.85625 0.353125 1.0 0.4484375 1.0 0.4484375 0.85625
0 0.240625 0.7390625 0.1640625 0.7390625 0.1640625 0.9078125 0.240625 0.9078125 0.240625 0.7390625
0 0.8359375 0.70625 0.70625 0.70625 0.70625 0.790625 0.8359375 0.790625 0.8359375 0.70625
0 0.55 0.165625 0.16875 0.165625 0.16875 0.646875 0.55 0.646875 0.55 0.165625
0 0.875 0.4546875 0.7828125 0.4546875 0.7828125 0.640625 0.875 0.640625 0.875 0.4546875
0 0.4921875 0.1203125 0.346875 0.1203125 0.346875 0.2625 0.4921875 0.2625 0.4921875 0.1203125
0 0.053125 0.0015625 0.0015625 0.0015625 0.0015625 0.18125 0.053125 0.18125 0.053125 0.0015625
0 0.121875 0.0015625 0.0390625 0.0015625 0.0390625 0.1296875 0.121875 0.1296875 0.121875 0.0015625
0 0.403125 0.0015625 0.3203125 0.0015625 0.3203125 0.09375 0.403125 0.09375 0.403125 0.0015625
0 0.4125 0.8890625 0.3484375 0.8890625 0.3484375 1.0 0.4125 1.0 0.4125 0.8890625
0 0.14375 0.9625 0.059375 0.9625 0.059375 1.0 0.14375 1.0 0.14375 0.9625
0 0.30625 0.8546875 0.271875 0.8546875 0.271875 1.0 0.30625 1.0 0.30625 0.8546875
0 0.0390625 0.7109375 0.0015625 0.7109375 0.0015625 0.8765625 0.0390625 0.8765625 0.0390625 0.7109375
0 0.31875 0.5875 0.1515625 0.5875 0.1515625 0.771875 0.31875 0.771875 0.31875 0.5875
0 0.3625 0.4171875 0.2578125 0.4171875 0.2578125 0.5390625 0.3625 0.5390625 0.3625 0.4171875
0 0.425 0.04375 0.240625 0.04375 0.240625 0.4 0.425 0.4 0.425 0.04375
0 0.5546875 0.1875 0.3515625 0.1875 0.3515625 0.309375 0.5546875 0.309375 0.5546875 0.1875
0 0.225 0.1234375 0.134375 0.1234375 0.134375 0.2265625 0.225 0.2265625 0.225 0.1234375
0 0.1515625 0.0015625 0.046875 0.0015625 0.046875 0.2046875 0.1515625 0.2046875 0.1515625 0.0015625
0 1.0 0.35 0.9734375 0.35 0.9734375 0.40625 1.0 0.40625 1.0 0.35
0 1.0 0.3546875 0.0015625 0.3546875 0.0015625 1.0 1.0 1.0 1.0 0.3546875
0 0.471875 0.0015625 0.2078125 0.0015625 0.2078125 0.103125 0.471875 0.103125 0.471875 0.0015625
0 1.0 0.0015625 0.5421875 0.0015625 0.5421875 0.50625 1.0 0.50625 1.0 0.0015625
0 0.578125 0.2578125 0.415625 0.2578125 0.415625 0.3390625 0.578125 0.3390625 0.578125 0.2578125
