0 0.6265625 0.3875 0.5171875 0.3875 0.5171875 0.5828125 0.6265625 0.5828125 0.6265625 0.3875
0 0.940625 0.9109375 0.8390625 0.9109375 0.8390625 1.0 0.940625 1.0 0.940625 0.9109375
0 0.6921875 0.8953125 0.5328125 0.8953125 0.5328125 1.0 0.6921875 1.0 0.6921875 0.8953125
0 0.521875 0.8296875 0.278125 0.8296875 0.278125 0.928125 0.521875 0.928125 0.521875 0.8296875
0 0.865625 0.440625 0.7265625 0.440625 0.7265625 0.5859375 0.865625 0.5859375 0.865625 0.440625
0 0.571875 0.9171875 0.4984375 0.9171875 0.4984375 1.0 0.571875 1.0 0.571875 0.9171875
0 0.746875 0.70625 0.6578125 0.70625 0.6578125 0.8765625 0.746875 0.8765625 0.746875 0.70625
0 0.1359375 0.184375 0.0015625 0.184375 0.0015625 0.321875 0.1359375 0.321875 0.1359375 0.184375
0 0.575 0.0015625 0.45625 0.0015625 0.45625 0.184375 0.575 0.184375 0.575 0.0015625
0 0.28125 0.8671875 0.121875 0.8671875 0.121875 0.9875 0.28125 0.9875 0.28125 0.8671875
0 0.0828125 0.5265625 0.0015625 0.5265625 0.0015625 0.6875 0.0828125 0.6875 0.0828125 0.5265625
0 0.2203125 0.134375 0.115625 0.134375 0.115625 0.3640625 0.2203125 0.3640625 0.2203125 0.134375
0 0.33125 0.0015625 0.2671875 0.0015625 0.2671875 0.0171875 0.33125 0.0171875 0.33125 0.0015625
0 1.0 0.5640625 0.8734375 0.5640625 0.8734375 0.78125 1.0 0.78125 1.0 0.5640625
0 0.521875 0.9015625 0.35 0.9015625 0.35 1.0 0.521875 1.0 0.521875 0.9015625
0 1.0 0.76875 0.7046875 0.76875 0.7046875 0.9375 1.0 0.9375 1.0 0.76875
0 0.8875 0.559375 0.7796875 0.559375 0.7796875 0.6984375 0.8875 0.6984375 0.8875 0.559375
0 0.9234375 0.2296875 0.728125 0.2296875 0.728125 0.50625 0.9234375 0.50625 0.9234375 0.2296875
0 1.0 0.4984375 0.8859375 0.4984375 0.8859375 0.7359375 1.0 0.7359375 1.0 0.4984375
0 1.0 0.0453125 0.8921875 0.0453125 0.8921875 0.2140625 1.0 0.2140625 1.0 0.0453125
0 0.446875 0.0015625 0.3390625 0.0015625 0.3390625 0.215625 0.446875 0.215625 0.446875 0.0015625
0 1.0 0.0015625 0.0015625 0.0015625 0.0015625 1.0 1.0 1.0 1.0 0.0015625
0 0.9734375 0.4171875 0.853125 0.4171875 0.853125 0.56875 0.9734375 0.56875 0.9734375 0.4171875
0 0.7203125 0.4609375 0.65 0.4609375 0.65 0.6203125 0.7203125 0.6203125 0.7203125 0.4609375
0 0.5015625 0.4515625 0.3140625 0.4515625 0.3140625 0.615625 0.5015625 0.615625 0.5015625 0.4515625
0 0.81875 0.6125 0.5421875 0.6125 0.5421875 0.7546875 0.81875 0.7546875 0.81875 0.6125
0 0.31875 0.4140625 0.225 0.4140625 0.225 0.53125 0.31875 0.53125 0.31875 0.4140625
0 0.3578125 0.290625 0.2578125 0.290625 0.2578125 0.46875 0.3578125 0.46875 0.3578125 0.290625
0 0.91875 0.0015625 0.80625 0.0015625 0.80625 0.0703125 0.91875 0.0703125 0.91875 0.0015625
