0 0.8984375 0.0015625 0.7953125 0.0015625 0.7953125 0.090625 0.8984375 0.090625 0.8984375 0.0015625
0 0.5171875 0.171875 0.384375 0.171875 0.384375 0.48125 0.5171875 0.48125 0.5171875 0.171875
0 0.278125 0.3421875 0.2015625 0.3421875 0.2015625 0.4703125 0.278125 0.4703125 0.278125 0.3421875
0 0.115625 0.3140625 0.0234375 0.3140625 0.0234375 0.440625 0.115625 0.440625 0.115625 0.3140625
0 0.0515625 0.5296875 0.0015625 0.5296875 0.0015625 0.5875 0.0515625 0.5875 0.0515625 0.5296875
0 0.671875 0.440625 0.5234375 0.440625 0.5234375 0.7046875 0.671875 0.7046875 0.671875 0.440625
0 0.4734375 0.4140625 0.2203125 0.4140625 0.2203125 0.7625 0.4734375 0.7625 0.4734375 0.4140625
0 0.3734375 0.1453125 0.0640625 0.1453125 0.0640625 0.3484375 0.3734375 0.3484375 0.3734375 0.1453125
0 0.846875 0.9984375 0.840625 0.9984375 0.840625 1.0 0.846875 1.0 0.846875 0.9984375
0 1.0 0.7390625 0.9296875 0.7390625 0.9296875 0.884375 1.0 0.884375 1.0 0.7390625
0 1.0 0.3734375 0.94375 0.3734375 0.94375 0.490625 1.0 0.490625 1.0 0.3734375
0 0.528125 0.590625 0.40625 0.590625 0.40625 0.8375 0.528125 0.8375 0.528125 0.590625
0 0.5 0.35 0.390625 0.35 0.390625 0.5375 0.5 0.5375 0.5 0.35
0 0.6515625 0.321875 0.5359375 0.321875 0.5359375 0.5171875 0.6515625 0.5171875 0.6515625 0.321875
0 0.609375 0.0015625 0.515625 0.0015625 0.515625 0.05 0.609375 0.05 0.609375 0.0015625
0 0.1125 0.5203125 0.0015625 0.5203125 0.0015625 1.0 0.1125 1.0 0.1125 0.5203125
0 0.653125 0.671875 0.1640625 0.671875 0.1640625 1.0 0.653125 1.0 0.653125 0.671875
0 0.9421875 0.0015625 0.3125 0.0015625 0.3125 0.6953125 0.9421875 0.6953125 0.9421875 0.0015625
0 0.1078125 0.328125 0.0015625 0.328125 0.0015625 0.4921875 0.1078125 0.4921875 0.1078125 0.328125
0 0.215625 0.2640625 0.153125 0.2640625 0.153125 0.4140625 0.215625 0.4140625 0.215625 0.2640625
0 0.4671875 0.0015625 0.215625 0.0015625 0.215625 0.3390625 0.4671875 0.3390625 0.4671875 0.0015625
0 0.2546875 0.0015625 0.1828125 0.0015625 0.1828125 0.06875 0.2546875 0.06875 0.2546875 0.0015625
0 1.0 0.6890625 0.7921875 0.6890625 0.7921875 1.0 1.0 1.0 1.0 0.6890625
0 0.5953125 0.609375 0.50625 0.609375 0.50625 0.6828125 0.5953125 0.6828125 0.5953125 0.609375
0 1.0 0.46875 0.8734375 0.46875 0.8734375 0.6421875 1.0 0.6421875 1.0 0.46875
0 1.0 0.18125 0.96875 0.18125 0.96875 0.271875 1.0 0.271875 1.0 0.18125
0 0.4859375 0.79375 0.359375 0.79375 0.359375 0.915625 0.4859375 0.915625 0.4859375 0.79375
0 1.0 0.0015625 0.0421875 0.0015625 0.0421875 1.0 1.0 1.0 1.0 0.0015625
0 0.0515625 0.0015625 0.0015625 0.0015625 0.0015625 0.0171875 0.0515625 0.0171875 0.0515625 0.0015625
0 1.0 0.2359375 0.70625 0.2359375 0.70625 1.0 1.0 1.0 1.0 0.2359375
0 0.4203125 0.303125 0.0015625 0.303125 0.0015625 0.68125 0.4203125 0.68125 0.4203125 0.303125
0 0.1875 0.0125 0.0578125 0.0125 0.0578125 0.19375 0.1875 0.19375 0.1875 0.0125
0 0.615625 0.5484375 0.503125 0.5484375 0.503125 0.63125 0.615625 0.63125 0.615625 0.5484375
0 0.66875 0.0015625 0.3984375 0.0015625 0.3984375 0.1734375 0.66875 0.1734375 0.66875 0.0015625
0 1.0 0.6078125 0.8875 0.6078125 0.8875 0.775 1.0 0.775 1.0 0.6078125
0 0.946875 0.4140625 0.7859375 0.4140625 0.7859375 0.8 0.946875 0.8 0.946875 0.4140625
0 0.78125 0.2796875 0.6390625 0.2796875 0.6390625 0.475 0.78125 0.475 0.78125 0.2796875
