0 0.478125 0.8109375 0.325 0.8109375 0.325 0.959375 0.478125 0.959375 0.478125 0.8109375
0 0.0453125 0.8125 0.0015625 0.8125 0.0015625 0.8546875 0.0453125 0.8546875 0.0453125 0.8125
0 0.090625 0.0703125 0.003125 0.0703125 0.003125 0.2578125 0.090625 0.2578125 0.090625 0.0703125
0 0.25 0.690625 0.1390625 0.690625 0.1390625 0.803125 0.25 0.803125 0.25 0.690625
0 0.6375 0.434375 0.5421875 0.434375 0.5421875 0.5578125 0.6375 0.5578125 0.6375 0.434375
0 0.140625 0.846875 0.0015625 0.846875 0.0015625 1.0 0.140625 1.0 0.140625 0.846875
0 0.1421875 0.1375 0.0015625 0.1375 0.0015625 0.571875 0.1421875 0.571875 0.1421875 0.1375
0 0.171875 0.009375 0.059375 0.009375 0.059375 0.1140625 0.171875 0.1140625 0.171875 0.009375
0 0.25 0.9953125 0.2453125 0.9953125 0.2453125 1.0 0.25 1.0 0.25 0.9953125
0 0.696875 0.9390625 0.5390625 0.9390625 0.5390625 1.0 0.696875 1.0 0.696875 0.9390625
0 0.5546875 0.8765625 0.4375 0.8765625 0.4375 0.98125 0.5546875 0.98125 0.5546875 0.8765625
0 0.603125 0.6890625 0.496875 0.6890625 0.496875 0.8390625 0.603125 0.8390625 0.603125 0.6890625
0 0.4609375 0.6453125 0.3671875 0.6453125 0.3671875 0.8140625 0.4609375 0.8140625 0.4609375 0.6453125
0 0.1515625 0.671875 0.0859375 0.671875 0.0859375 0.8 0.1515625 0.8 0.1515625 0.671875
0 0.4609375 0.4578125 0.375 0.4578125 0.375 0.6046875 0.4609375 0.6046875 0.4609375 0.4578125
0 0.5546875 0.3796875 0.4265625 0.3796875 0.4265625 0.54375 0.5546875 0.54375 0.5546875 0.3796875
0 0.321875 0.2453125 0.2578125 0.2453125 0.2578125 0.56875 0.321875 0.56875 0.321875 0.2453125
0 0.6203125 0.090625 0.384375 0.090625 0.384375 0.4140625 0.6203125 0.4140625 0.6203125 0.090625
0 0.2171875 0.134375 0.1390625 0.134375 0.1390625 0.3296875 0.2171875 0.3296875 0.2171875 0.134375
0 0.4296875 0.003125 0.303125 0.003125 0.303125 0.3265625 0.4296875 0.3265625 0.4296875 0.003125
0 0.234375 0.0015625 0.1328125 0.0015625 0.1328125 0.1984375 0.234375 0.1984375 0.234375 0.0015625
0 0.89375 0.5046875 0.7546875 0.5046875 0.7546875 0.7171875 0.89375 0.7171875 0.89375 0.5046875
0 1.0 0.478125 0.9390625 0.478125 0.9390625 0.5921875 1.0 0.5921875 1.0 0.478125
0 0.9859375 0.1703125 0.88125 0.1703125 0.88125 0.3671875 0.9859375 0.3671875 0.9859375 0.1703125
0 0.8859375 0.009375 0.7671875 0.009375 0.7671875 0.146875 0.8859375 0.146875 0.8859375 0.009375
0 1.0 0.0015625 0.9875 0.0015625 0.9875 0.0421875 1.0 0.0421875 1.0 0.0015625
0 0.1 0.6625 0.0015625 0.6625 0.0015625 0.8203125 0.1 0.8203125 0.1 0.6625
0 0.6203125 0.5578125 0.4203125 0.5578125 0.4203125 0.709375 0.6203125 0.709375 0.6203125 0.5578125
0 0.203125 0.5796875 0.1234375 0.5796875 0.1234375 0.7625 0.203125 0.7625 0.203125 0.5796875
0 0.4703125 0.521875 0.3765625 0.521875 0.3765625 0.659375 0.4703125 0.659375 0.4703125 0.521875
0 0.2421875 0.3109375 0.115625 0.3109375 0.115625 0.5765625 0.2421875 0.5765625 0.2421875 0.3109375
0 0.359375 0.33125 0.2875 0.33125 0.2875 0.5734375 0.359375 0.5734375 0.359375 0.33125
0 0.6359375 0.321875 0.4265625 0.321875 0.4265625 0.559375 0.6359375 0.559375 0.6359375 0.321875
0 0.4046875 0.2203125 0.3171875 0.2203125 0.3171875 0.4703125 0.4046875 0.4703125 0.4046875 0.2203125
0 0.8375 0.23125 0.6375 0.23125 0.6375 0.409375 0.8375 0.409375 0.8375 0.23125
0 0.9171875 0.159375 0.7953125 0.159375 0.7953125 0.3453125 0.9171875 0.3453125 0.9171875 0.159375
0 1.0 0.0015625 0.8390625 0.0015625 0.8390625 0.721875 1.0 0.721875 1.0 0.0015625
0 0.175 0.0015625 0.0015625 0.0015625 0.0015625 0.64375 0.175 0.64375 0.175 0.0015625
0 0.8546875 0.0015625 0.2875 0.0015625 0.2875 1.0 0.8546875 1.0 0.8546875 0.0015625
0 0.03125 0.990625 0.0015625 0.990625 0.0015625 1.0 0.03125 1.0 0.03125 0.990625
0 0.209375 0.846875 0.0484375 0.846875 0.0484375 1.0 0.209375 1.0 0.209375 0.846875
0 0.0640625 0.7453125 0.0015625 0.7453125 0.0015625 0.8390625 0.0640625 0.8390625 0.0640625 0.7453125
0 0.025 0.3375 0.0015625 0.3375 0.0015625 0.49375 0.025 0.49375 0.025 0.3375
0 0.375 0.1453125 0.0625 0.1453125 0.0625 1.0 0.375 1.0 0.375 0.1453125
0 0.1421875 0.1 0.0453125 0.1 0.0453125 0.23125 0.1421875 0.23125 0.1421875 0.1
0 0.521875 0.125 0.415625 0.125 0.415625 0.3484375 0.521875 0.3484375 0.521875 0.125
