0 0.228125 0.6984375 0.059375 0.6984375 0.059375 0.7875 0.228125 0.7875 0.228125 0.6984375
0 0.290625 0.5734375 0.065625 0.5734375 0.065625 0.659375 0.290625 0.659375 0.290625 0.5734375
0 0.2984375 0.759375 0.0015625 0.759375 0.0015625 0.871875 0.2984375 0.871875 0.2984375 0.759375
0 0.3640625 0.66875 0.2125 0.66875 0.2125 0.7359375 0.3640625 0.7359375 0.3640625 0.66875
0 0.1890625 0.65625 0.05 0.65625 0.05 0.74375 0.1890625 0.74375 0.1890625 0.65625
0 1.0 0.3171875 0.8796875 0.3171875 0.8796875 0.4171875 1.0 0.4171875 1.0 0.3171875
0 0.9234375 0.621875 0.6 0.621875 0.6 0.8921875 0.9234375 0.8921875 0.9234375 0.621875
0 0.6421875 0.28125 0.1 0.28125 0.1 0.5578125 0.6421875 0.5578125 0.6421875 0.28125
0 0.5953125 0.53125 0.0015625 0.53125 0.0015625 0.828125 0.5953125 0.828125 0.5953125 0.53125
0 0.26875 0.4375 0.009375 0.4375 0.009375 0.5546875 0.26875 0.5546875 0.26875 0.4375
0 0.8484375 0.7671875 0.5796875 0.7671875 0.5796875 0.965625 0.8484375 0.965625 0.8484375 0.7671875
0 1.0 0.4484375 0.15625 0.4484375 0.15625 1.0 1.0 1.0 1.0 0.4484375
0 0.3953125 0.7609375 0.0015625 0.7609375 0.0015625 1.0 0.3953125 1.0 0.3953125 0.7609375
0 0.6078125 0.3484375 0.0015625 0.3484375 0.0015625 0.671875 0.6078125 0.671875 0.6078125 0.3484375
0 0.140625 0.24375 0.0015625 0.24375 0.0015625 0.5578125 0.140625 0.5578125 0.140625 0.24375
0 0.74375 0.70625 0.13125 0.70625 0.13125 1.0 0.74375 1.0 0.74375 0.70625
0 0.340625 0.628125 0.0015625 0.628125 0.0015625 0.9015625 0.340625 0.9015625 0.340625 0.628125
0 0.8875 0.9203125 0.853125 0.9203125 0.853125 1.0 0.8875 1.0 0.8875 0.9203125
0 1.0 0.39375 0.865625 0.39375 0.865625 0.4875 1.0 0.4875 1.0 0.39375
