0 0.2765625 0.5140625 0.215625 0.5140625 0.215625 0.6421875 0.2765625 0.6421875 0.2765625 0.5140625
0 0.9375 0.2125 0.746875 0.2125 0.746875 0.6515625 0.9375 0.6515625 0.9375 0.2125
0 0.9609375 0.0015625 0.853125 0.0015625 0.853125 0.171875 0.9609375 0.171875 0.9609375 0.0015625
0 0.4890625 0.64375 0.421875 0.64375 0.421875 0.915625 0.4890625 0.915625 0.4890625 0.64375
0 0.7640625 0.6296875 0.6796875 0.6296875 0.6796875 0.8125 0.7640625 0.8125 0.7640625 0.6296875
0 0.68125 0.496875 0.5515625 0.496875 0.5515625 0.73125 0.68125 0.73125 0.68125 0.496875
0 0.6421875 0.8796875 0.5796875 0.8796875 0.5796875 1.0 0.6421875 1.0 0.6421875 0.8796875
0 0.459375 0.6703125 0.3109375 0.6703125 0.3109375 0.9578125 0.459375 0.9578125 0.459375 0.6703125
0 0.6328125 0.4921875 0.48125 0.4921875 0.48125 0.796875 0.6328125 0.796875 0.6328125 0.4921875
0 0.7265625 0.26875 0.596875 0.26875 0.596875 0.5140625 0.7265625 0.5140625 0.7265625 0.26875
0 0.790625 0.553125 0.675 0.553125 0.675 0.790625 0.790625 0.790625 0.790625 0.553125
0 0.6171875 0.875 0.5390625 0.875 0.5390625 1.0 0.6171875 1.0 0.6171875 0.875
0 0.0625 0.453125 0.0015625 0.453125 0.0015625 0.5015625 0.0625 0.5015625 0.0625 0.453125
0 0.25 0.0015625 0.1671875 0.0015625 0.1671875 0.0578125 0.25 0.0578125 0.25 0.0015625
