0 0.21875 0.2078125 0.025 0.2078125 0.025 0.38125 0.21875 0.38125 0.21875 0.2078125
0 0.225 0.8640625 0.125 0.8640625 0.125 1.0 0.225 1.0 0.225 0.8640625
0 0.5203125 0.8109375 0.3546875 0.8109375 0.3546875 0.8796875 0.5203125 0.8796875 0.5203125 0.8109375
0 0.325 0.1484375 0.2 0.1484375 0.2 0.2296875 0.325 0.2296875 0.325 0.1484375
0 0.659375 0.10625 0.4734375 0.10625 0.4734375 0.215625 0.659375 0.215625 0.659375 0.10625
0 0.5578125 0.6078125 0.428125 0.6078125 0.428125 0.684375 0.5578125 0.684375 0.5578125 0.6078125
0 1.0 0.796875 0.9515625 0.796875 0.9515625 0.8390625 1.0 0.8390625 1.0 0.796875
0 0.0703125 0.0015625 0.0015625 0.0015625 0.0015625 0.090625 0.0703125 0.090625 0.0703125 0.0015625
0 0.359375 0.84375 0.165625 0.84375 0.165625 1.0 0.359375 1.0 0.359375 0.84375
0 0.7859375 0.8921875 0.6859375 0.8921875 0.6859375 1.0 0.7859375 1.0 0.7859375 0.8921875
0 0.6125 0.8359375 0.3953125 0.8359375 0.3953125 1.0 0.6125 1.0 0.6125 0.8359375
0 0.4984375 0.6734375 0.390625 0.6734375 0.390625 0.7859375 0.4984375 0.7859375 0.4984375 0.6734375
0 0.378125 0.2140625 0.221875 0.2140625 0.221875 0.378125 0.378125 0.378125 0.378125 0.2140625
0 1.0 0.0015625 0.8109375 0.0015625 0.8109375 0.171875 1.0 0.171875 1.0 0.0015625
0 0.090625 0.0609375 0.0015625 0.0609375 0.0015625 0.64375 0.090625 0.64375 0.090625 0.0609375
0 0.465625 0.9703125 0.353125 0.9703125 0.353125 1.0 0.465625 1.0 0.465625 0.9703125
0 0.4828125 0.871875 0.340625 0.871875 0.340625 0.959375 0.4828125 0.959375 0.4828125 0.871875
0 0.5890625 0.6296875 0.4515625 0.6296875 0.4515625 0.825 0.5890625 0.825 0.5890625 0.6296875
0 0.5171875 0.4890625 0.4 0.4890625 0.4 0.584375 0.5171875 0.584375 0.5171875 0.4890625
0 0.2921875 0.0015625 0.1140625 0.0015625 0.1140625 0.0953125 0.2921875 0.0953125 0.2921875 0.0015625
0 1.0 0.559375 0.984375 0.559375 0.984375 0.5859375 1.0 0.5859375 1.0 0.559375
0 0.75625 0.86875 0.5515625 0.86875 0.5515625 1.0 0.75625 1.0 0.75625 0.86875
0 0.934375 0.8734375 0.7140625 0.8734375 0.7140625 1.0 0.934375 1.0 0.934375 0.8734375
0 0.0578125 0.5421875 0.0015625 0.5421875 0.0015625 0.834375 0.0578125 0.834375 0.0578125 0.5421875
0 1.0 0.5953125 0.88125 0.5953125 0.88125 0.7484375 1.0 0.7484375 1.0 0.5953125
0 0.365625 0.5578125 0.1515625 0.5578125 0.1515625 0.69375 0.365625 0.69375 0.365625 0.5578125
0 0.1453125 0.4421875 0.0765625 0.4421875 0.0765625 0.603125 0.1453125 0.603125 0.1453125 0.4421875
0 0.5328125 0.2578125 0.4140625 0.2578125 0.4140625 0.3765625 0.5328125 0.3765625 0.5328125 0.2578125
0 0.4625 0.0515625 0.2671875 0.0515625 0.2671875 0.246875 0.4625 0.246875 0.4625 0.0515625
0 0.609375 1.0 0.6046875 1.0 0.6046875 1.0 0.609375 1.0 0.609375 1.0
0 0.440625 0.85625 0.3 0.85625 0.3 1.0 0.440625 1.0 0.440625 0.85625
0 1.0 0.75 0.8296875 0.75 0.8296875 0.915625 1.0 0.915625 1.0 0.75
0 0.1140625 0.6328125 0.0015625 0.6328125 0.0015625 0.825 0.1140625 0.825 0.1140625 0.6328125
0 0.3984375 0.2453125 0.13125 0.2453125 0.13125 0.621875 0.3984375 0.621875 0.3984375 0.2453125
0 0.665625 0.2140625 0.5125 0.2140625 0.5125 0.5078125 0.665625 0.5078125 0.665625 0.2140625
0 0.1984375 0.06875 0.0875 0.06875 0.0875 0.209375 0.1984375 0.209375 0.1984375 0.06875
0 0.90625 0.0015625 0.76875 0.0015625 0.76875 0.090625 0.90625 0.090625 0.90625 0.0015625
0 0.4484375 0.0015625 0.2609375 0.0015625 0.2609375 0.1 0.4484375 0.1 0.4484375 0.0015625
0 1.0 0.146875 0.953125 0.146875 0.953125 0.20625 1.0 0.20625 1.0 0.146875
0 0.16875 0.9640625 0.0640625 0.9640625 0.0640625 1.0 0.16875 1.0 0.16875 0.9640625
0 0.071875 0.3578125 0.0015625 0.3578125 0.0015625 0.6140625 0.071875 0.6140625 0.071875 0.3578125
0 0.5734375 0.8890625 0.46875 0.8890625 0.46875 1.0 0.5734375 1.0 0.5734375 0.8890625
0 0.45 0.68125 0.15 0.68125 0.15 0.915625 0.45 0.915625 0.45 0.68125
0 0.4359375 0.4265625 0.265625 0.4265625 0.265625 0.734375 0.4359375 0.734375 0.4359375 0.4265625
0 0.496875 0.421875 0.409375 0.421875 0.409375 0.5421875 0.496875 0.5421875 0.496875 0.421875
0 0.3109375 0.35 0.084375 0.35 0.084375 0.546875 0.3109375 0.546875 0.3109375 0.35
0 0.646875 0.20625 0.3703125 0.20625 0.3703125 0.446875 0.646875 0.446875 0.646875 0.20625
0 0.2640625 0.1328125 0.0015625 0.1328125 0.0015625 0.3640625 0.2640625 0.3640625 0.2640625 0.1328125
0 0.5625 0.0015625 0.36875 0.0015625 0.36875 0.209375 0.5625 0.209375 0.5625 0.0015625
0 1.0 0.8328125 0.778125 0.8328125 0.778125 1.0 1.0 1.0 1.0 0.8328125
0 0.7328125 0.8796875 0.6 0.8796875 0.6 1.0 0.7328125 1.0 0.7328125 0.8796875
0 0.965625 0.60625 0.825 0.60625 0.825 0.7203125 0.965625 0.7203125 0.965625 0.60625
0 0.6875 0.4296875 0.559375 0.4296875 0.559375 0.7078125 0.6875 0.7078125 0.6875 0.4296875
0 1.0 0.3953125 0.7640625 0.3953125 0.7640625 0.6015625 1.0 0.6015625 1.0 0.3953125
0 1.0 0.25625 0.846875 0.25625 0.846875 0.375 1.0 0.375 1.0 0.25625
0 0.8484375 0.1625 0.634375 0.1625 0.634375 0.3453125 0.8484375 0.3453125 0.8484375 0.1625
0 0.5203125 0.6609375 0.440625 0.6609375 0.440625 0.75625 0.5203125 0.75625 0.5203125 0.6609375
0 0.61875 0.578125 0.415625 0.578125 0.415625 0.8 0.61875 0.8 0.61875 0.578125
0 0.1484375 0.3109375 0.0328125 0.3109375 0.0328125 0.528125 0.1484375 0.528125 0.1484375 0.3109375
0 0.75 0.3203125 0.5890625 0.3203125 0.5890625 0.565625 0.75 0.565625 0.75 0.3203125
0 1.0 0.5859375 0.9625 0.5859375 0.9625 0.6515625 1.0 0.6515625 1.0 0.5859375
0 0.078125 0.9515625 0.0015625 0.9515625 0.0015625 1.0 0.078125 1.0 0.078125 0.9515625
0 1.0 0.0015625 0.0296875 0.0015625 0.0296875 0.9 1.0 0.9 1.0 0.0015625
0 0.215625 0.615625 0.046875 0.615625 0.046875 0.834375 0.215625 0.834375 0.215625 0.615625
0 0.184375 0.996875 0.1703125 0.996875 0.1703125 1.0 0.184375 1.0 0.184375 0.996875
0 0.34375 0.7328125 0.178125 0.7328125 0.178125 0.8375 0.34375 0.8375 0.34375 0.7328125
0 1.0 0.828125 0.9484375 0.828125 0.9484375 0.9328125 1.0 0.9328125 1.0 0.828125
0 0.9515625 0.70625 0.7546875 0.70625 0.7546875 0.8734375 0.9515625 0.8734375 0.9515625 0.70625
0 1.0 0.653125 0.9828125 0.653125 0.9828125 0.7390625 1.0 0.7390625 1.0 0.653125
0 1.0 0.0171875 0.9 0.0171875 0.9 0.125 1.0 0.125 1.0 0.0171875
0 0.9828125 0.9875 0.928125 0.9875 0.928125 1.0 0.9828125 1.0 0.9828125 0.9875
0 0.1890625 0.6890625 0.1203125 0.6890625 0.1203125 0.8765625 0.1890625 0.8765625 0.1890625 0.6890625
0 0.95625 0.7375 0.7296875 0.7375 0.7296875 0.9203125 0.95625 0.9203125 0.95625 0.7375
0 0.10625 0.734375 0.0015625 0.734375 0.0015625 0.878125 0.10625 0.878125 0.10625 0.734375
0 0.2703125 0.1078125 0.1140625 0.1078125 0.1140625 0.2828125 0.2703125 0.2828125 0.2703125 0.1078125
0 0.5375 0.3953125 0.3203125 0.3953125 0.3203125 0.5 0.5375 0.5 0.5375 0.3953125
