0 0.271875 0.93125 0.159375 0.93125 0.159375 1.0 0.271875 1.0 0.271875 0.93125
0 0.309375 0.2859375 0.2109375 0.2859375 0.2109375 0.4609375 0.309375 0.4609375 0.309375 0.2859375
0 0.74375 0.3859375 0.6109375 0.3859375 0.6109375 0.5765625 0.74375 0.5765625 0.74375 0.3859375
0 0.946875 0.0015625 0.89375 0.0015625 0.89375 0.034375 0.946875 0.034375 0.946875 0.0015625
0 0.4515625 0.9640625 0.38125 0.9640625 0.38125 1.0 0.4515625 1.0 0.4515625 0.9640625
0 0.590625 0.934375 0.48125 0.934375 0.48125 1.0 0.590625 1.0 0.590625 0.934375
0 0.796875 0.6421875 0.6421875 0.6421875 0.6421875 0.809375 0.796875 0.809375 0.796875 0.6421875
0 0.328125 0.0875 0.228125 0.0875 0.228125 0.2875 0.328125 0.2875 0.328125 0.0875
0 0.909375 0.0015625 0.8046875 0.0015625 0.8046875 0.128125 0.909375 0.128125 0.909375 0.0015625
0 0.640625 0.0015625 0.5796875 0.0015625 0.5796875 0.034375 0.640625 0.034375 0.640625 0.0015625
0 0.125 0.578125 0.0015625 0.578125 0.0015625 0.75 0.125 0.75 0.125 0.578125
0 0.0484375 0.3609375 0.0015625 0.3609375 0.0015625 0.45 0.0484375 0.45 0.0484375 0.3609375
0 0.43125 0.8859375 0.325 0.8859375 0.325 1.0 0.43125 1.0 0.43125 0.8859375
0 0.58125 0.840625 0.4453125 0.840625 0.4453125 1.0 0.58125 1.0 0.58125 0.840625
0 0.353125 0.8703125 0.1640625 0.8703125 0.1640625 0.978125 0.353125 0.978125 0.353125 0.8703125
0 0.38125 0.7609375 0.2546875 0.7609375 0.2546875 0.86875 0.38125 0.86875 0.38125 0.7609375
0 0.6328125 0.7 0.3546875 0.7 0.3546875 0.903125 0.6328125 0.903125 0.6328125 0.7
0 0.621875 0.615625 0.49375 0.615625 0.49375 0.6875 0.621875 0.6875 0.621875 0.615625
0 0.3875 0.5484375 0.2796875 0.5484375 0.2796875 0.6703125 0.3875 0.6703125 0.3875 0.5484375
0 0.478125 0.48125 0.4 0.48125 0.4 0.671875 0.478125 0.671875 0.478125 0.48125
0 0.2484375 0.225 0.103125 0.225 0.103125 0.434375 0.2484375 0.434375 0.2484375 0.225
0 0.6765625 0.15 0.4703125 0.15 0.4703125 0.446875 0.6765625 0.446875 0.6765625 0.15
0 0.359375 0.0015625 0.2015625 0.0015625 0.2015625 0.1703125 0.359375 0.1703125 0.359375 0.0015625
0 0.4515625 0.0015625 0.3578125 0.0015625 0.3578125 0.0921875 0.4515625 0.0921875 0.4515625 0.0015625
0 0.5640625 0.0015625 0.5015625 0.0015625 0.5015625 0.1078125 0.5640625 0.1078125 0.5640625 0.0015625
0 0.9328125 0.878125 0.86875 0.878125 0.86875 1.0 0.9328125 1.0 0.9328125 0.878125
0 0.7703125 0.7734375 0.5921875 0.7734375 0.5921875 1.0 0.7703125 1.0 0.7703125 0.7734375
0 1.0 0.821875 0.9359375 0.821875 0.9359375 1.0 1.0 1.0 1.0 0.821875
0 1.0 0.5484375 0.978125 0.5484375 0.978125 0.634375 1.0 0.634375 1.0 0.5484375
0 0.9328125 0.39375 0.7703125 0.39375 0.7703125 0.6953125 0.9328125 0.6953125 0.9328125 0.39375
0 0.69375 0.45 0.5578125 0.45 0.5578125 0.6640625 0.69375 0.6640625 0.69375 0.45
0 1.0 0.14375 0.8109375 0.14375 0.8109375 0.4515625 1.0 0.4515625 1.0 0.14375
0 0.7609375 0.215625 0.678125 0.215625 0.678125 0.3578125 0.7609375 0.3578125 0.7609375 0.215625
0 0.86875 0.0015625 0.696875 0.0015625 0.696875 0.259375 0.86875 0.259375 0.86875 0.0015625
0 0.7046875 0.0109375 0.590625 0.0109375 0.590625 0.128125 0.7046875 0.128125 0.7046875 0.0109375
0 1.0 0.0015625 0.9140625 0.0015625 0.9140625 0.109375 1.0 0.109375 1.0 0.0015625
0 1.0 0.0015625 0.0015625 0.0015625 0.0015625 1.0 1.0 1.0 1.0 0.0015625
0 0.6484375 0.9515625 0.571875 0.9515625 0.571875 1.0 0.6484375 1.0 0.6484375 0.9515625
0 1.0 0.0890625 0.965625 0.0890625 0.965625 0.1546875 1.0 0.1546875 1.0 0.0890625
