0 0.2375 0.0828125 0.115625 0.0828125 0.115625 0.3984375 0.2375 0.3984375 0.2375 0.0828125
0 0.046875 0.0625 0.0015625 0.0625 0.0015625 0.0875 0.046875 0.0875 0.046875 0.0625
0 0.371875 0.340625 0.0015625 0.340625 0.0015625 0.653125 0.371875 0.653125 0.371875 0.340625
0 0.103125 0.6078125 0.0015625 0.6078125 0.0015625 0.6796875 0.103125 0.6796875 0.103125 0.6078125
0 0.3890625 0.415625 0.228125 0.415625 0.228125 0.6046875 0.3890625 0.6046875 0.3890625 0.415625
0 0.54375 0.0296875 0.4125 0.0296875 0.4125 0.1328125 0.54375 0.1328125 0.54375 0.0296875
0 0.6515625 0.1609375 0.3625 0.1609375 0.3625 0.353125 0.6515625 0.353125 0.6515625 0.1609375
0 0.3 0.296875 0.2125 0.296875 0.2125 0.396875 0.3 0.396875 0.3 0.296875
0 0.74375 0.0015625 0.64375 0.0015625 0.64375 0.159375 0.74375 0.159375 0.74375 0.0015625
0 0.0171875 0.546875 0.0015625 0.546875 0.0015625 0.5875 0.0171875 0.5875 0.0171875 0.546875
0 0.1890625 0.19375 0.0015625 0.19375 0.0015625 0.5125 0.1890625 0.5125 0.1890625 0.19375
0 0.3140625 0.0015625 0.18125 0.0015625 0.18125 0.0890625 0.3140625 0.0890625 0.3140625 0.0015625
0 0.3484375 0.50625 0.2140625 0.50625 0.2140625 0.6140625 0.3484375 0.6140625 0.3484375 0.50625
0 0.675 0.175 0.4796875 0.175 0.4796875 0.4328125 0.675 0.4328125 0.675 0.175
0 0.4265625 0.2296875 0.34375 0.2296875 0.34375 0.340625 0.4265625 0.340625 0.4265625 0.2296875
0 0.5828125 0.3296875 0.48125 0.3296875 0.48125 0.4890625 0.5828125 0.4890625 0.5828125 0.3296875
0 0.6859375 0.0015625 0.5828125 0.0015625 0.5828125 0.1140625 0.6859375 0.1140625 0.6859375 0.0015625
0 0.1203125 0.0015625 0.075 0.0015625 0.075 0.0890625 0.1203125 0.0890625 0.1203125 0.0015625
0 0.2875 0.4875 0.0015625 0.4875 0.0015625 0.7234375 0.2875 0.7234375 0.2875 0.4875
0 0.5390625 0.321875 0.2578125 0.321875 0.2578125 0.553125 0.5390625 0.553125 0.5390625 0.321875
0 0.059375 0.2765625 0.0015625 0.2765625 0.0015625 0.5171875 0.059375 0.5171875 0.059375 0.2765625
0 0.221875 0.2515625 0.146875 0.2515625 0.146875 0.425 0.221875 0.425 0.221875 0.2515625
0 0.7078125 0.0015625 0.284375 0.0015625 0.284375 0.4671875 0.7078125 0.4671875 0.7078125 0.0015625
0 0.1625 0.0015625 0.0015625 0.0015625 0.0015625 0.303125 0.1625 0.303125 0.1625 0.0015625
0 0.3140625 0.0015625 0.0890625 0.0015625 0.0890625 0.1546875 0.3140625 0.1546875 0.3140625 0.0015625
0 0.8546875 0.0015625 0.684375 0.0015625 0.684375 0.2703125 0.8546875 0.2703125 0.8546875 0.0015625
0 0.56875 0.2234375 0.49375 0.2234375 0.49375 0.3625 0.56875 0.3625 0.56875 0.2234375
0 0.846875 0.1484375 0.3609375 0.1484375 0.3609375 0.5375 0.846875 0.5375 0.846875 0.1484375
0 0.3703125 0.0015625 0.2921875 0.0015625 0.2921875 0.1734375 0.3703125 0.1734375 0.3703125 0.0015625
0 0.26875 0.4546875 0.0796875 0.4546875 0.0796875 0.63125 0.26875 0.63125 0.26875 0.4546875
