0 0.334375 0.775 0.275 0.775 0.275 0.98125 0.334375 0.98125 0.334375 0.775
0 0.3140625 0.23125 0.209375 0.23125 0.209375 0.40625 0.3140625 0.40625 0.3140625 0.23125
0 0.6515625 0.928125 0.5328125 0.928125 0.5328125 1.0 0.6515625 1.0 0.6515625 0.928125
0 0.6625 0.7421875 0.4515625 0.7421875 0.4515625 0.8984375 0.6625 0.8984375 0.6625 0.7421875
0 0.421875 0.76875 0.353125 0.76875 0.353125 0.884375 0.421875 0.884375 0.421875 0.76875
0 0.125 0.5328125 0.0109375 0.5328125 0.0109375 0.75 0.125 0.75 0.125 0.5328125
0 0.403125 0.0015625 0.0015625 0.0015625 0.0015625 0.690625 0.403125 0.690625 0.403125 0.0015625
0 0.2875 0.721875 0.2359375 0.721875 0.2359375 1.0 0.2875 1.0 0.2875 0.721875
0 0.70625 0.7828125 0.5859375 0.7828125 0.5859375 0.8921875 0.70625 0.8921875 0.70625 0.7828125
0 0.5703125 0.6921875 0.45625 0.6921875 0.45625 0.8453125 0.5703125 0.8453125 0.5703125 0.6921875
0 0.5265625 0.609375 0.34375 0.609375 0.34375 0.7296875 0.5265625 0.7296875 0.5265625 0.609375
0 0.3890625 0.0328125 0.2 0.0328125 0.2 0.3296875 0.3890625 0.3296875 0.3890625 0.0328125
0 0.575 0.0125 0.3828125 0.0125 0.3828125 0.209375 0.575 0.209375 0.575 0.0125
0 1.0 0.28125 0.865625 0.28125 0.865625 0.359375 1.0 0.359375 1.0 0.28125
0 1.0 0.053125 0.975 0.053125 0.975 0.2390625 1.0 0.2390625 1.0 0.053125
0 1.0 0.0015625 0.0015625 0.0015625 0.0015625 1.0 1.0 1.0 1.0 0.0015625
