0 0.9828125 0.7390625 0.840625 0.7390625 0.840625 0.8875 0.9828125 0.8875 0.9828125 0.7390625
0 0.1828125 0.490625 0.0640625 0.490625 0.0640625 0.7 0.1828125 0.7 0.1828125 0.490625
0 0.321875 0.4234375 0.153125 0.4234375 0.153125 0.55 0.321875 0.55 0.321875 0.4234375
0 0.4265625 0.6421875 0.321875 0.6421875 0.321875 0.7453125 0.4265625 0.7453125 0.4265625 0.6421875
0 0.2734375 0.48125 0.1328125 0.48125 0.1328125 0.6765625 0.2734375 0.6765625 0.2734375 0.48125
0 0.340625 0.0015625 0.1609375 0.0015625 0.1609375 0.3828125 0.340625 0.3828125 0.340625 0.0015625
0 0.1734375 0.0015625 0.0015625 0.0015625 0.0015625 0.16875 0.1734375 0.16875 0.1734375 0.0015625
0 0.603125 0.0015625 0.5421875 0.0015625 0.5421875 0.0375 0.603125 0.0375 0.603125 0.0015625
0 0.1609375 0.9734375 0.0859375 0.9734375 0.0859375 1.0 0.1609375 1.0 0.1609375 0.9734375
0 0.39375 0.778125 0.2578125 0.778125 0.2578125 0.9125 0.39375 0.9125 0.39375 0.778125
0 0.3640625 0.371875 0.215625 0.371875 0.215625 0.6546875 0.3640625 0.6546875 0.3640625 0.371875
0 0.228125 0.996875 0.21875 0.996875 0.21875 1.0 0.228125 1.0 0.228125 0.996875
0 0.4296875 0.6125 0.303125 0.6125 0.303125 0.78125 0.4296875 0.78125 0.4296875 0.6125
0 0.996875 0.0015625 0.7265625 0.0015625 0.7265625 0.353125 0.996875 0.353125 0.996875 0.0015625
0 0.1953125 0.1421875 0.059375 0.1421875 0.059375 0.225 0.1953125 0.225 0.1953125 0.1421875
0 0.3890625 0.903125 0.2546875 0.903125 0.2546875 1.0 0.3890625 1.0 0.3890625 0.903125
0 0.23125 0.3546875 0.0546875 0.3546875 0.0546875 0.4359375 0.23125 0.4359375 0.23125 0.3546875
0 0.1734375 0.471875 0.053125 0.471875 0.053125 0.5765625 0.1734375 0.5765625 0.1734375 0.471875
0 0.1125 0.065625 0.003125 0.065625 0.003125 0.1515625 0.1125 0.1515625 0.1125 0.065625
0 0.5265625 0.0015625 0.4875 0.0015625 0.4875 0.0765625 0.5265625 0.0765625 0.5265625 0.0015625
0 0.1203125 0.0015625 0.0546875 0.0015625 0.0546875 0.03125 0.1203125 0.03125 0.1203125 0.0015625
0 0.996875 0.95 0.9484375 0.95 0.9484375 1.0 0.996875 1.0 0.996875 0.95
0 0.9046875 0.7953125 0.7203125 0.7953125 0.7203125 0.990625 0.9046875 0.990625 0.9046875 0.7953125
0 0.0921875 0.528125 0.0140625 0.528125 0.0140625 0.8828125 0.0921875 0.8828125 0.0921875 0.528125
0 0.2609375 0.1421875 0.0015625 0.1421875 0.0015625 0.3640625 0.2609375 0.3640625 0.2609375 0.1421875
0 0.8890625 0.0015625 0.69375 0.0015625 0.69375 0.103125 0.8890625 0.103125 0.8890625 0.0015625
0 0.9984375 0.2015625 0.8921875 0.2015625 0.8921875 0.2828125 0.9984375 0.2828125 0.9984375 0.2015625
0 0.9859375 0.0015625 0.9015625 0.0015625 0.9015625 0.1078125 0.9859375 0.1078125 0.9859375 0.0015625
0 0.121875 0.303125 0.0015625 0.303125 0.0015625 0.371875 0.121875 0.371875 0.121875 0.303125
0 0.83125 0.978125 0.8046875 0.978125 0.8046875 1.0 0.83125 1.0 0.83125 0.978125
0 1.0 0.625 0.7796875 0.625 0.7796875 0.8375 1.0 0.8375 1.0 0.625
0 0.803125 0.3390625 0.6671875 0.3390625 0.6671875 0.5140625 0.803125 0.5140625 0.803125 0.3390625
0 1.0 0.9234375 0.95625 0.9234375 0.95625 1.0 1.0 1.0 1.0 0.9234375
0 0.15 0.7875 0.0015625 0.7875 0.0015625 0.9796875 0.15 0.9796875 0.15 0.7875
0 0.3265625 0.5578125 0.0578125 0.5578125 0.0578125 0.803125 0.3265625 0.803125 0.3265625 0.5578125
0 0.040625 0.4875 0.0015625 0.4875 0.0015625 0.5921875 0.040625 0.5921875 0.040625 0.4875
0 0.4171875 0.778125 0.30625 0.778125 0.30625 0.9453125 0.4171875 0.9453125 0.4171875 0.778125
0 0.1140625 0.359375 0.0015625 0.359375 0.0015625 0.5359375 0.1140625 0.5359375 0.1140625 0.359375
0 1.0 0.7703125 0.8796875 0.7703125 0.8796875 0.9421875 1.0 0.9421875 1.0 0.7703125
0 1.0 0.490625 0.9578125 0.490625 0.9578125 0.6109375 1.0 0.6109375 1.0 0.490625
0 1.0 0.0015625 0.99375 0.0015625 0.99375 0.0078125 1.0 0.0078125 1.0 0.0015625
0 0.20625 0.0015625 0.0921875 0.0015625 0.0921875 0.209375 0.20625 0.209375 0.20625 0.0015625
0 0.05625 0.609375 0.0015625 0.609375 0.0015625 0.9015625 0.05625 0.9015625 0.05625 0.609375
0 0.46875 0.5328125 0.3109375 0.5328125 0.3109375 0.6171875 0.46875 0.6171875 0.46875 0.5328125
0 1.0 0.478125 0.9640625 0.478125 0.9640625 0.5578125 1.0 0.5578125 1.0 0.478125
0 0.921875 0.334375 0.80625 0.334375 0.80625 0.5109375 0.921875 0.5109375 0.921875 0.334375
