0 0.21875 0.4171875 0.090625 0.4171875 0.090625 0.5984375 0.21875 0.5984375 0.21875 0.4171875
0 0.1296875 0.175 0.0015625 0.175 0.0015625 0.4265625 0.1296875 0.4265625 0.1296875 0.175
0 0.653125 0.5203125 0.5515625 0.5203125 0.5515625 0.65 0.653125 0.65 0.653125 0.5203125
0 0.996875 0.99375 0.93125 0.99375 0.93125 1.0 0.996875 1.0 0.996875 0.99375
0 0.878125 0.71875 0.5921875 0.71875 0.5921875 1.0 0.878125 1.0 0.878125 0.71875
0 1.0 0.5546875 0.8609375 0.5546875 0.8609375 0.70625 1.0 0.70625 1.0 0.5546875
0 1.0 0.35625 0.928125 0.35625 0.928125 0.48125 1.0 0.48125 1.0 0.35625
0 0.990625 0.003125 0.8875 0.003125 0.8875 0.1484375 0.990625 0.1484375 0.990625 0.003125
0 0.7546875 0.5140625 0.584375 0.5140625 0.584375 0.703125 0.7546875 0.703125 0.7546875 0.5140625
0 0.025 0.834375 0.0015625 0.834375 0.0015625 0.9484375 0.025 0.9484375 0.025 0.834375
0 0.5203125 0.6015625 0.375 0.6015625 0.375 0.7359375 0.5203125 0.7359375 0.5203125 0.6015625
0 0.9140625 0.8875 0.83125 0.8875 0.83125 1.0 0.9140625 1.0 0.9140625 0.8875
0 1.0 0.4109375 0.9421875 0.4109375 0.9421875 0.5296875 1.0 0.5296875 1.0 0.4109375
0 0.9296875 0.253125 0.83125 0.253125 0.83125 0.4234375 0.9296875 0.4234375 0.9296875 0.253125
0 1.0 0.0734375 0.9078125 0.0734375 0.9078125 0.3125 1.0 0.3125 1.0 0.0734375
0 0.865625 0.796875 0.6578125 0.796875 0.6578125 1.0 0.865625 1.0 0.865625 0.796875
0 1.0 0.0015625 0.0015625 0.0015625 0.0015625 1.0 1.0 1.0 1.0 0.0015625
0 0.93125 0.1984375 0.7734375 0.1984375 0.7734375 0.5484375 0.93125 0.5484375 0.93125 0.1984375
