0 0.9015625 0.0546875 0.83125 0.0546875 0.83125 0.2984375 0.9015625 0.2984375 0.9015625 0.0546875
0 0.8140625 0.0015625 0.7875 0.0015625 0.7875 0.0140625 0.8140625 0.0140625 0.8140625 0.0015625
0 0.9375 0.0515625 0.8890625 0.0515625 0.8890625 0.2921875 0.9375 0.2921875 0.9375 0.0515625
0 0.4140625 0.0015625 0.2859375 0.0015625 0.2859375 0.0703125 0.4140625 0.0703125 0.4140625 0.0015625
0 0.0328125 0.0015625 0.0015625 0.0015625 0.0015625 0.4203125 0.0328125 0.4203125 0.0328125 0.0015625
0 0.0234375 0.8015625 0.0015625 0.8015625 0.0015625 0.8859375 0.0234375 0.8859375 0.0234375 0.8015625
0 0.1140625 0.7796875 0.0109375 0.7796875 0.0109375 1.0 0.1140625 1.0 0.1140625 0.7796875
0 0.978125 0.0015625 0.1109375 0.0015625 0.1109375 1.0 0.978125 1.0 0.978125 0.0015625
0 0.1265625 0.0015625 0.059375 0.0015625 0.059375 0.1546875 0.1265625 0.1546875 0.1265625 0.0015625
0 0.3421875 0.028125 0.2171875 0.028125 0.2171875 0.1421875 0.3421875 0.1421875 0.3421875 0.028125
0 0.9015625 0.565625 0.7640625 0.565625 0.7640625 0.909375 0.9015625 0.909375 0.9015625 0.565625
0 0.78125 0.725 0.671875 0.725 0.671875 0.8421875 0.78125 0.8421875 0.78125 0.725
0 0.6390625 0.6765625 0.5640625 0.6765625 0.5640625 0.8046875 0.6390625 0.8046875 0.6390625 0.6765625
0 1.0 0.0015625 0.0015625 0.0015625 0.0015625 1.0 1.0 1.0 1.0 0.0015625
0 0.3046875 0.9640625 0.2296875 0.9640625 0.2296875 1.0 0.3046875 1.0 0.3046875 0.9640625
0 0.453125 0.978125 0.425 0.978125 0.425 1.0 0.453125 1.0 0.453125 0.978125
0 0.4734375 0.8375 0.375 0.8375 0.375 0.94375 0.4734375 0.94375 0.4734375 0.8375
0 0.3828125 0.575 0.246875 0.575 0.246875 0.8765625 0.3828125 0.8765625 0.3828125 0.575
0 0.5328125 0.2296875 0.4078125 0.2296875 0.4078125 0.4109375 0.5328125 0.4109375 0.5328125 0.2296875
0 0.88125 0.0015625 0.696875 0.0015625 0.696875 0.2078125 0.88125 0.2078125 0.88125 0.0015625
0 0.56875 0.0015625 0.5171875 0.0015625 0.5171875 0.0328125 0.56875 0.0328125 0.56875 0.0015625
0 0.1640625 0.0015625 0.140625 0.0015625 0.140625 0.0125 0.1640625 0.0125 0.1640625 0.0015625
