0 0.0578125 0.9921875 0.053125 0.9921875 0.053125 1.0 0.0578125 1.0 0.0578125 0.9921875
0 0.5984375 0.8921875 0.5359375 0.8921875 0.5359375 1.0 0.5984375 1.0 0.5984375 0.8921875
0 0.0640625 0.7546875 0.0015625 0.7546875 0.0015625 0.9296875 0.0640625 0.9296875 0.0640625 0.7546875
0 0.546875 0.5328125 0.4296875 0.5328125 0.4296875 0.8046875 0.546875 0.8046875 0.546875 0.5328125
0 0.403125 0.54375 0.196875 0.54375 0.196875 0.675 0.403125 0.675 0.403125 0.54375
0 0.3359375 0.0015625 0.2640625 0.0015625 0.2640625 0.0875 0.3359375 0.0875 0.3359375 0.0015625
0 0.415625 0.6875 0.234375 0.6875 0.234375 1.0 0.415625 1.0 0.415625 0.6875
0 0.053125 0.90625 0.0015625 0.90625 0.0015625 1.0 0.053125 1.0 0.053125 0.90625
0 0.0421875 0.6515625 0.0015625 0.6515625 0.0015625 0.8859375 0.0421875 0.8859375 0.0421875 0.6515625
0 0.5046875 0.2890625 0.35625 0.2890625 0.35625 0.559375 0.5046875 0.559375 0.5046875 0.2890625
0 0.503125 0.121875 0.365625 0.121875 0.365625 0.303125 0.503125 0.303125 0.503125 0.121875
0 0.15625 0.0015625 0.0609375 0.0015625 0.0609375 0.440625 0.15625 0.440625 0.15625 0.0015625
0 0.20625 0.0015625 0.1296875 0.0015625 0.1296875 0.178125 0.20625 0.178125 0.20625 0.0015625
0 1.0 0.0015625 0.0015625 0.0015625 0.0015625 1.0 1.0 1.0 1.0 0.0015625
0 0.2734375 0.8359375 0.134375 0.8359375 0.134375 1.0 0.2734375 1.0 0.2734375 0.8359375
0 0.603125 0.090625 0.45 0.090625 0.45 0.346875 0.603125 0.346875 0.603125 0.090625
