0 1.0 0.20625 0.984375 0.20625 0.984375 0.2421875 1.0 0.2421875 1.0 0.20625
0 0.3796875 0.2640625 0.0546875 0.2640625 0.0546875 0.7 0.3796875 0.7 0.3796875 0.2640625
0 0.28125 0.09375 0.0859375 0.09375 0.0859375 0.284375 0.28125 0.284375 0.28125 0.09375
0 0.4359375 0.6296875 0.225 0.6296875 0.225 0.85625 0.4359375 0.85625 0.4359375 0.6296875
0 0.3765625 0.2921875 0.25625 0.2921875 0.25625 0.3890625 0.3765625 0.3890625 0.3765625 0.2921875
0 0.4125 0.0015625 0.1671875 0.0015625 0.1671875 0.3765625 0.4125 0.3765625 0.4125 0.0015625
0 0.6859375 0.1890625 0.578125 0.1890625 0.578125 0.29375 0.6859375 0.29375 0.6859375 0.1890625
0 1.0 0.73125 0.965625 0.73125 0.965625 0.8 1.0 0.8 1.0 0.73125
0 0.1515625 0.1421875 0.04375 0.1421875 0.04375 0.246875 0.1515625 0.246875 0.1515625 0.1421875
0 0.55 0.8453125 0.5140625 0.8453125 0.5140625 1.0 0.55 1.0 0.55 0.8453125
0 0.3453125 0.8578125 0.2390625 0.8578125 0.2390625 1.0 0.3453125 1.0 0.3453125 0.8578125
0 0.26875 0.4984375 0.1671875 0.4984375 0.1671875 0.6859375 0.26875 0.6859375 0.26875 0.4984375
0 0.81875 0.0640625 0.715625 0.0640625 0.715625 0.1890625 0.81875 0.1890625 0.81875 0.0640625
0 0.36875 0.471875 0.228125 0.471875 0.228125 0.7265625 0.36875 0.7265625 0.36875 0.471875
0 0.3234375 0.228125 0.1234375 0.228125 0.1234375 0.440625 0.3234375 0.440625 0.3234375 0.228125
0 0.240625 0.0015625 0.0015625 0.0015625 0.0015625 0.1609375 0.240625 0.1609375 0.240625 0.0015625
0 0.384375 0.0015625 0.3546875 0.0015625 0.3546875 0.003125 0.384375 0.003125 0.384375 0.0015625
0 0.740625 0.8421875 0.6640625 0.8421875 0.6640625 0.9984375 0.740625 0.9984375 0.740625 0.8421875
0 0.634375 0.4953125 0.5203125 0.4953125 0.5203125 0.63125 0.634375 0.63125 0.634375 0.4953125
0 0.6953125 0.2078125 0.40625 0.2078125 0.40625 0.50625 0.6953125 0.50625 0.6953125 0.2078125
0 0.3671875 0.1390625 0.26875 0.1390625 0.26875 0.2703125 0.3671875 0.2703125 0.3671875 0.1390625
0 0.528125 0.0015625 0.4734375 0.0015625 0.4734375 0.1203125 0.528125 0.1203125 0.528125 0.0015625
0 0.39375 0.9890625 0.3765625 0.9890625 0.3765625 1.0 0.39375 1.0 0.39375 0.9890625
0 1.0 0.0015625 0.0015625 0.0015625 0.0015625 1.0 1.0 1.0 1.0 0.0015625
0 0.440625 0.209375 0.2078125 0.209375 0.2078125 0.709375 0.440625 0.709375 0.440625 0.209375
0 0.9203125 0.9453125 0.8078125 0.9453125 0.8078125 1.0 0.9203125 1.0 0.9203125 0.9453125
