0 0.2796875 0.4484375 0.153125 0.4484375 0.153125 0.628125 0.2796875 0.628125 0.2796875 0.4484375
0 0.078125 0.465625 0.0015625 0.465625 0.0015625 0.5875 0.078125 0.5875 0.078125 0.465625
0 0.371875 0.0953125 0.1171875 0.0953125 0.1171875 0.3625 0.371875 0.3625 0.371875 0.0953125
0 0.1375 0.0015625 0.0765625 0.0015625 0.0765625 0.0390625 0.1375 0.0390625 0.1375 0.0015625
0 0.309375 0.253125 0.146875 0.253125 0.146875 0.48125 0.309375 0.48125 0.309375 0.253125
0 0.340625 0.3109375 0.225 0.3109375 0.225 0.4796875 0.340625 0.4796875 0.340625 0.3109375
0 0.2328125 0.0015625 0.1625 0.0015625 0.1625 0.11875 0.2328125 0.11875 0.2328125 0.0015625
0 1.0 0.825 0.98125 0.825 0.98125 0.93125 1.0 0.93125 1.0 0.825
0 0.23125 0.0015625 0.0015625 0.0015625 0.0015625 0.2625 0.23125 0.2625 0.23125 0.0015625
0 0.88125 0.0015625 0.753125 0.0015625 0.753125 0.334375 0.88125 0.334375 0.88125 0.0015625
0 0.121875 0.21875 0.0171875 0.21875 0.0171875 0.33125 0.121875 0.33125 0.121875 0.21875
0 0.203125 0.009375 0.0640625 0.009375 0.0640625 0.11875 0.203125 0.11875 0.203125 0.009375
0 0.7125 0.884375 0.66875 0.884375 0.66875 1.0 0.7125 1.0 0.7125 0.884375
0 0.2875 0.6515625 0.1078125 0.6515625 0.1078125 0.7734375 0.2875 0.7734375 0.2875 0.6515625
0 0.1453125 0.8734375 0.0265625 0.8734375 0.0265625 1.0 0.1453125 1.0 0.1453125 0.8734375
0 0.340625 0.5015625 0.2484375 0.5015625 0.2484375 0.6578125 0.340625 0.6578125 0.340625 0.5015625
0 0.05625 0.1578125 0.0015625 0.1578125 0.0015625 0.3234375 0.05625 0.3234375 0.05625 0.1578125
0 0.3171875 0.159375 0.1984375 0.159375 0.1984375 0.25625 0.3171875 0.25625 0.3171875 0.159375
0 0.35 0.9265625 0.14375 0.9265625 0.14375 1.0 0.35 1.0 0.35 0.9265625
0 0.8375 0.4796875 0.725 0.4796875 0.725 0.678125 0.8375 0.678125 0.8375 0.4796875
0 0.971875 0.0015625 0.696875 0.0015625 0.696875 0.5125 0.971875 0.5125 0.971875 0.0015625
0 0.8578125 0.0015625 0.7796875 0.0015625 0.7796875 0.103125 0.8578125 0.103125 0.8578125 0.0015625
0 1.0 0.8015625 0.8734375 0.8015625 0.8734375 1.0 1.0 1.0 1.0 0.8015625
0 0.5109375 0.7796875 0.3578125 0.7796875 0.3578125 0.9546875 0.5109375 0.9546875 0.5109375 0.7796875
0 0.0546875 0.684375 0.0015625 0.684375 0.0015625 0.75625 0.0546875 0.75625 0.0546875 0.684375
0 0.021875 0.60625 0.0015625 0.60625 0.0015625 0.671875 0.021875 0.671875 0.021875 0.60625
0 0.01875 0.1 0.0015625 0.1 0.0015625 0.2 0.01875 0.2 0.01875 0.1
0 0.003125 0.0015625 0.0015625 0.0015625 0.0015625 0.003125 0.003125 0.003125 0.003125 0.0015625
0 0.646875 0.94375 0.4546875 0.94375 0.4546875 1.0 0.646875 1.0 0.646875 0.94375
0 0.146875 0.90625 0.046875 0.90625 0.046875 1.0 0.146875 1.0 0.146875 0.90625
0 0.3046875 0.74375 0.2140625 0.74375 0.2140625 0.921875 0.3046875 0.921875 0.3046875 0.74375
0 0.71875 0.715625 0.6484375 0.715625 0.6484375 0.85 0.71875 0.85 0.71875 0.715625
0 0.4765625 0.6640625 0.3703125 0.6640625 0.3703125 0.8203125 0.4765625 0.8203125 0.4765625 0.6640625
0 0.3796875 0.6125 0.2796875 0.6125 0.2796875 0.784375 0.3796875 0.784375 0.3796875 0.6125
0 0.7609375 0.4859375 0.55 0.4859375 0.55 0.6578125 0.7609375 0.6578125 0.7609375 0.4859375
0 0.93125 0.3875 0.7421875 0.3875 0.7421875 0.7484375 0.93125 0.7484375 0.93125 0.3875
0 0.3484375 0.2453125 0.2078125 0.2453125 0.2078125 0.3640625 0.3484375 0.3640625 0.3484375 0.2453125
0 0.9203125 0.0015625 0.85625 0.0015625 0.85625 0.0375 0.9203125 0.0375 0.9203125 0.0015625
0 0.0703125 0.903125 0.0015625 0.903125 0.0015625 1.0 0.0703125 1.0 0.0703125 0.903125
0 0.675 0.0015625 0.128125 0.0015625 0.128125 1.0 0.675 1.0 0.675 0.0015625
0 0.240625 0.4375 0.1234375 0.4375 0.1234375 0.6453125 0.240625 0.6453125 0.240625 0.4375
0 0.309375 0.4484375 0.1828125 0.4484375 0.1828125 0.5671875 0.309375 0.5671875 0.309375 0.4484375
0 0.45625 0.0015625 0.39375 0.0015625 0.39375 0.103125 0.45625 0.103125 0.45625 0.0015625
0 0.153125 0.0015625 0.0203125 0.0015625 0.0203125 0.103125 0.153125 0.103125 0.153125 0.0015625
