0 0.309375 0.975 0.234375 0.975 0.234375 1.0 0.309375 1.0 0.309375 0.975
0 0.596875 0.0015625 0.5125 0.0015625 0.5125 0.08125 0.596875 0.08125 0.596875 0.0015625
0 0.0578125 0.2625 0.0015625 0.2625 0.0015625 0.4484375 0.0578125 0.4484375 0.0578125 0.2625
0 0.246875 0.4640625 0.1734375 0.4640625 0.1734375 0.7171875 0.246875 0.7171875 0.246875 0.4640625
0 0.0640625 0.7078125 0.0015625 0.7078125 0.0015625 0.925 0.0640625 0.925 0.0640625 0.7078125
0 0.1625 0.0921875 0.09375 0.0921875 0.09375 0.3359375 0.1625 0.3359375 0.1625 0.0921875
0 0.2375 0.7546875 0.1640625 0.7546875 0.1640625 0.9140625 0.2375 0.9140625 0.2375 0.7546875
0 0.8296875 0.0015625 0.5296875 0.0015625 0.5296875 0.6234375 0.8296875 0.6234375 0.8296875 0.0015625
0 1.0 0.096875 0.9171875 0.096875 0.9171875 0.2796875 1.0 0.2796875 1.0 0.096875
0 0.0453125 0.4546875 0.0015625 0.4546875 0.0015625 0.51875 0.0453125 0.51875 0.0453125 0.4546875
0 0.2625 0.44375 0.1125 0.44375 0.1125 0.928125 0.2625 0.928125 0.2625 0.44375
0 0.5984375 0.25 0.490625 0.25 0.490625 0.6375 0.5984375 0.6375 0.5984375 0.25
0 0.0390625 0.0234375 0.0015625 0.0234375 0.0015625 0.1125 0.0390625 0.1125 0.0390625 0.0234375
0 0.05 0.159375 0.0015625 0.159375 0.0015625 0.3359375 0.05 0.3359375 0.05 0.159375
0 0.240625 0.0015625 0.0015625 0.0015625 0.0015625 0.2234375 0.240625 0.2234375 0.240625 0.0015625
0 0.203125 0.9359375 0.15 0.9359375 0.15 1.0 0.203125 1.0 0.203125 0.9359375
0 0.35 0.2421875 0.2515625 0.2421875 0.2515625 0.4296875 0.35 0.4296875 0.35 0.2421875
0 0.76875 0.0015625 0.075 0.0015625 0.075 1.0 0.76875 1.0 0.76875 0.0015625
0 0.2828125 0.0015625 0.14375 0.0015625 0.14375 0.134375 0.2828125 0.134375 0.2828125 0.0015625
0 0.046875 0.6609375 0.0015625 0.6609375 0.0015625 0.71875 0.046875 0.71875 0.046875 0.6609375
0 0.05625 0.0078125 0.0015625 0.0078125 0.0015625 0.2421875 0.05625 0.2421875 0.05625 0.0078125
0 0.54375 0.3171875 0.45625 0.3171875 0.45625 0.565625 0.54375 0.565625 0.54375 0.3171875
0 0.084375 0.859375 0.0015625 0.859375 0.0015625 1.0 0.084375 1.0 0.084375 0.859375
0 0.140625 0.178125 0.0515625 0.178125 0.0515625 0.4140625 0.140625 0.4140625 0.140625 0.178125
0 0.040625 0.7 0.0015625 0.7 0.0015625 0.8640625 0.040625 0.8640625 0.040625 0.7
0 0.0453125 0.4859375 0.0015625 0.4859375 0.0015625 0.5734375 0.0453125 0.5734375 0.0453125 0.4859375
0 0.1296875 0.7359375 0.0578125 0.7359375 0.0578125 0.996875 0.1296875 0.996875 0.1296875 0.7359375
0 0.0921875 0.9734375 0.0625 0.9734375 0.0625 1.0 0.0921875 1.0 0.0921875 0.9734375
