0 0.7953125 0.3625 0.6890625 0.3625 0.6890625 0.4953125 0.7953125 0.4953125 0.7953125 0.3625
0 0.890625 0.059375 0.728125 0.059375 0.728125 0.246875 0.890625 0.246875 0.890625 0.059375
0 1.0 0.1546875 0.98125 0.1546875 0.98125 0.2046875 1.0 0.2046875 1.0 0.1546875
0 0.6703125 0.0921875 0.4671875 0.0921875 0.4671875 0.2609375 0.6703125 0.2609375 0.6703125 0.0921875
0 0.0046875 0.134375 0.0015625 0.134375 0.0015625 0.165625 0.0046875 0.165625 0.0046875 0.134375
0 0.825 0.96875 0.725 0.96875 0.725 1.0 0.825 1.0 0.825 0.96875
0 0.2796875 0.9078125 0.15 0.9078125 0.15 1.0 0.2796875 1.0 0.2796875 0.9078125
0 0.2140625 0.853125 0.00625 0.853125 0.00625 0.984375 0.2140625 0.984375 0.2140625 0.853125
0 0.7671875 0.83125 0.6671875 0.83125 0.6671875 0.940625 0.7671875 0.940625 0.7671875 0.83125
0 0.703125 0.0015625 0.6234375 0.0015625 0.6234375 0.028125 0.703125 0.028125 0.703125 0.0015625
0 0.7 0.9703125 0.5078125 0.9703125 0.5078125 1.0 0.7 1.0 0.7 0.9703125
0 0.5609375 0.8 0.403125 0.8 0.403125 1.0 0.5609375 1.0 0.5609375 0.8
0 0.7046875 0.503125 0.5515625 0.503125 0.5515625 0.7359375 0.7046875 0.7359375 0.7046875 0.503125
0 0.0109375 0.3328125 0.0015625 0.3328125 0.0015625 0.4171875 0.0109375 0.4171875 0.0109375 0.3328125
0 0.6234375 0.0015625 0.4375 0.0015625 0.4375 0.0671875 0.6234375 0.0671875 0.6234375 0.0015625
0 1.0 0.553125 0.984375 0.553125 0.984375 0.60625 1.0 0.60625 1.0 0.553125
0 0.7171875 0.71875 0.4875 0.71875 0.4875 0.9609375 0.7171875 0.9609375 0.7171875 0.71875
0 0.365625 0.859375 0.20625 0.859375 0.20625 1.0 0.365625 1.0 0.365625 0.859375
0 0.5171875 0.253125 0.375 0.253125 0.375 0.45625 0.5171875 0.45625 0.5171875 0.253125
0 0.440625 0.0703125 0.26875 0.0703125 0.26875 0.271875 0.440625 0.271875 0.440625 0.0703125
0 0.8375 0.234375 0.70625 0.234375 0.70625 0.328125 0.8375 0.328125 0.8375 0.234375
0 0.6828125 0.0015625 0.4828125 0.0015625 0.4828125 0.0359375 0.6828125 0.0359375 0.6828125 0.0015625
0 0.5796875 0.840625 0.465625 0.840625 0.465625 0.953125 0.5796875 0.953125 0.5796875 0.840625
0 0.1390625 0.8609375 0.0015625 0.8609375 0.0015625 0.9484375 0.1390625 0.9484375 0.1390625 0.8609375
0 1.0 0.634375 0.9453125 0.634375 0.9453125 0.7734375 1.0 0.7734375 1.0 0.634375
0 0.4546875 0.7109375 0.2375 0.7109375 0.2375 1.0 0.4546875 1.0 0.4546875 0.7109375
0 0.5625 0.6734375 0.4015625 0.6734375 0.4015625 0.8546875 0.5625 0.8546875 0.5625 0.6734375
0 0.4046875 0.453125 0.265625 0.453125 0.265625 0.5296875 0.4046875 0.5296875 0.4046875 0.453125
0 0.2078125 0.0015625 0.0015625 0.0015625 0.0015625 0.4234375 0.2078125 0.4234375 0.2078125 0.0015625
0 0.5765625 0.128125 0.259375 0.128125 0.259375 0.4484375 0.5765625 0.4484375 0.5765625 0.128125
0 0.7953125 0.1046875 0.465625 0.1046875 0.465625 0.434375 0.7953125 0.434375 0.7953125 0.1046875
0 0.8640625 0.284375 0.7875 0.284375 0.7875 0.3953125 0.8640625 0.3953125 0.8640625 0.284375
0 1.0 0.2875 0.9546875 0.2875 0.9546875 0.390625 1.0 0.390625 1.0 0.2875
0 0.75625 0.034375 0.41875 0.034375 0.41875 0.134375 0.75625 0.134375 0.75625 0.034375
0 1.0 0.3515625 0.678125 0.3515625 0.678125 0.61875 1.0 0.61875 1.0 0.3515625
0 0.5625 0.4234375 0.4125 0.4234375 0.4125 0.5140625 0.5625 0.5140625 0.5625 0.4234375
0 0.690625 0.4 0.590625 0.4 0.590625 0.5046875 0.690625 0.5046875 0.690625 0.4
0 0.121875 0.371875 0.009375 0.371875 0.009375 0.515625 0.121875 0.515625 0.121875 0.371875
0 0.7984375 0.2890625 0.6546875 0.2890625 0.6546875 0.3921875 0.7984375 0.3921875 0.7984375 0.2890625
0 1.0 0.23125 0.928125 0.23125 0.928125 0.3125 1.0 0.3125 1.0 0.23125
0 0.559375 0.0875 0.328125 0.0875 0.328125 0.2515625 0.559375 0.2515625 0.559375 0.0875
0 0.45625 0.0015625 0.3046875 0.0015625 0.3046875 0.11875 0.45625 0.11875 0.45625 0.0015625
0 1.0 0.8984375 0.478125 0.8984375 0.478125 1.0 1.0 1.0 1.0 0.8984375
0 0.590625 0.0015625 0.0015625 0.0015625 0.0015625 0.9875 0.590625 0.9875 0.590625 0.0015625
0 0.7984375 0.0015625 0.703125 0.0015625 0.703125 0.034375 0.7984375 0.034375 0.7984375 0.0015625
