0 0.6609375 0.56875 0.45 0.56875 0.45 0.6984375 0.6609375 0.6984375 0.6609375 0.56875
0 0.4890625 0.2734375 0.4265625 0.2734375 0.4265625 0.525 0.4890625 0.525 0.4890625 0.2734375
0 0.453125 0.115625 0.3734375 0.115625 0.3734375 0.23125 0.453125 0.23125 0.453125 0.115625
0 0.665625 0.428125 0.5015625 0.428125 0.5015625 0.571875 0.665625 0.571875 0.665625 0.428125
0 0.140625 0.3890625 0.0015625 0.3890625 0.0015625 0.5609375 0.140625 0.5609375 0.140625 0.3890625
0 0.78125 0.2921875 0.6390625 0.2921875 0.6390625 0.49375 0.78125 0.49375 0.78125 0.2921875
0 0.4453125 0.1109375 0.3265625 0.1109375 0.3265625 0.3375 0.4453125 0.3375 0.4453125 0.1109375
0 0.8671875 0.0015625 0.73125 0.0015625 0.73125 0.1390625 0.8671875 0.1390625 0.8671875 0.0015625
0 0.0234375 0.3484375 0.0015625 0.3484375 0.0015625 0.4140625 0.0234375 0.4140625 0.0234375 0.3484375
0 0.7640625 0.50625 0.659375 0.50625 0.659375 0.61875 0.7640625 0.61875 0.7640625 0.50625
0 0.75 0.1359375 0.659375 0.1359375 0.659375 0.459375 0.75 0.459375 0.75 0.1359375
0 0.9640625 0.8578125 0.8984375 0.8578125 0.8984375 1.0 0.9640625 1.0 0.9640625 0.8578125
0 0.7203125 0.7421875 0.5125 0.7421875 0.5125 0.875 0.7203125 0.875 0.7203125 0.7421875
0 0.1203125 0.5921875 0.0015625 0.5921875 0.0015625 0.703125 0.1203125 0.703125 0.1203125 0.5921875
0 1.0 0.5390625 0.9984375 0.5390625 0.9984375 0.578125 1.0 0.578125 1.0 0.5390625
0 0.7390625 0.3828125 0.428125 0.3828125 0.428125 0.6296875 0.7390625 0.6296875 0.7390625 0.3828125
0 1.0 0.3984375 0.99375 0.3984375 0.99375 0.4125 1.0 0.4125 1.0 0.3984375
0 1.0 0.0953125 0.9140625 0.0953125 0.9140625 0.215625 1.0 0.215625 1.0 0.0953125
0 0.403125 0.01875 0.2671875 0.01875 0.2671875 0.09375 0.403125 0.09375 0.403125 0.01875
0 0.95625 0.0015625 0.8953125 0.0015625 0.8953125 0.075 0.95625 0.075 0.95625 0.0015625
0 0.7765625 0.778125 0.671875 0.778125 0.671875 0.909375 0.7765625 0.909375 0.7765625 0.778125
0 0.175 0.5515625 0.0328125 0.5515625 0.0328125 0.6859375 0.175 0.6859375 0.175 0.5515625
0 1.0 0.315625 0.834375 0.315625 0.834375 0.3984375 1.0 0.3984375 1.0 0.315625
0 0.4140625 0.1078125 0.290625 0.1078125 0.290625 0.3484375 0.4140625 0.3484375 0.4140625 0.1078125
0 0.1640625 0.071875 0.0390625 0.071875 0.0390625 0.321875 0.1640625 0.321875 0.1640625 0.071875
0 0.4609375 0.0015625 0.221875 0.0015625 0.221875 0.0296875 0.4609375 0.0296875 0.4609375 0.0015625
0 0.2171875 0.4109375 0.0015625 0.4109375 0.0015625 0.5859375 0.2171875 0.5859375 0.2171875 0.4109375
0 0.95 0.54375 0.515625 0.54375 0.515625 0.859375 0.95 0.859375 0.95 0.54375
0 0.4078125 0.425 0.29375 0.425 0.29375 0.5921875 0.4078125 0.5921875 0.4078125 0.425
0 0.5234375 0.3125 0.4578125 0.3125 0.4578125 0.4703125 0.5234375 0.4703125 0.5234375 0.3125
0 0.43125 0.0265625 0.203125 0.0265625 0.203125 0.2703125 0.43125 0.2703125 0.43125 0.0265625
0 1.0 0.0015625 0.846875 0.0015625 0.846875 0.1015625 1.0 0.1015625 1.0 0.0015625
0 0.33125 0.3953125 0.20625 0.3953125 0.20625 0.60625 0.33125 0.60625 0.33125 0.3953125
0 0.65625 0.153125 0.5234375 0.153125 0.5234375 0.39375 0.65625 0.39375 0.65625 0.153125
0 0.546875 0.0765625 0.425 0.0765625 0.425 0.3953125 0.546875 0.3953125 0.546875 0.0765625
0 1.0 0.315625 0.7859375 0.315625 0.7859375 0.6015625 1.0 0.6015625 1.0 0.315625
0 0.0875 0.8375 0.0015625 0.8375 0.0015625 0.9875 0.0875 0.9875 0.0875 0.8375
0 1.0 0.853125 0.9171875 0.853125 0.9171875 0.915625 1.0 0.915625 1.0 0.853125
0 1.0 0.4046875 0.9828125 0.4046875 0.9828125 0.50625 1.0 0.50625 1.0 0.4046875
0 0.71875 0.428125 0.6171875 0.428125 0.6171875 0.571875 0.71875 0.571875 0.71875 0.428125
0 0.6921875 0.1234375 0.6171875 0.1234375 0.6171875 0.2734375 0.6921875 0.2734375 0.6921875 0.1234375
0 0.1875 0.034375 0.0015625 0.034375 0.0015625 0.209375 0.1875 0.209375 0.1875 0.034375
0 0.7609375 0.0359375 0.6046875 0.0359375 0.6046875 0.13125 0.7609375 0.13125 0.7609375 0.0359375
0 0.7015625 0.0015625 0.61875 0.0015625 0.61875 0.0390625 0.7015625 0.0390625 0.7015625 0.0015625
0 0.0796875 0.0015625 0.025 0.0015625 0.025 0.0234375 0.0796875 0.0234375 0.0796875 0.0015625
0 0.2859375 0.0015625 0.259375 0.0015625 0.259375 0.0140625 0.2859375 0.0140625 0.2859375 0.0015625
0 0.3640625 0.0765625 0.2375 0.0765625 0.2375 0.221875 0.3640625 0.221875 0.3640625 0.0765625
0 0.1671875 0.3015625 0.0015625 0.3015625 0.0015625 0.375 0.1671875 0.375 0.1671875 0.3015625
0 0.35 0.971875 0.0859375 0.971875 0.0859375 1.0 0.35 1.0 0.35 0.971875
0 0.8171875 0.846875 0.471875 0.846875 0.471875 1.0 0.8171875 1.0 0.8171875 0.846875
0 0.484375 0.51875 0.2921875 0.51875 0.2921875 0.7609375 0.484375 0.7609375 0.484375 0.51875
0 0.446875 0.26875 0.2140625 0.26875 0.2140625 0.590625 0.446875 0.590625 0.446875 0.26875
0 0.7703125 0.0015625 0.553125 0.0015625 0.553125 0.1546875 0.7703125 0.1546875 0.7703125 0.0015625
0 1.0 0.7421875 0.9453125 0.7421875 0.9453125 0.90625 1.0 0.90625 1.0 0.7421875
0 1.0 0.1953125 0.9296875 0.1953125 0.9296875 0.3171875 1.0 0.3171875 1.0 0.1953125
0 0.109375 0.971875 0.0015625 0.971875 0.0015625 1.0 0.109375 1.0 0.109375 0.971875
0 0.2359375 0.98125 0.16875 0.98125 0.16875 1.0 0.2359375 1.0 0.2359375 0.98125
0 0.1859375 0.765625 0.0125 0.765625 0.0125 0.99375 0.1859375 0.99375 0.1859375 0.765625
0 0.25625 0.415625 0.1375 0.415625 0.1375 0.6296875 0.25625 0.6296875 0.25625 0.415625
0 0.128125 0.50625 0.0015625 0.50625 0.0015625 0.63125 0.128125 0.63125 0.128125 0.50625
0 0.2125 0.134375 0.0015625 0.134375 0.0015625 0.375 0.2125 0.375 0.2125 0.134375
0 0.04375 0.028125 0.0015625 0.028125 0.0015625 0.121875 0.04375 0.121875 0.04375 0.028125
0 0.0421875 0.0015625 0.0015625 0.0015625 0.0015625 0.0125 0.0421875 0.0125 0.0421875 0.0015625
0 0.40625 0.98125 0.3453125 0.98125 0.3453125 1.0 0.40625 1.0 0.40625 0.98125
0 0.9390625 0.809375 0.7671875 0.809375 0.7671875 1.0 0.9390625 1.0 0.9390625 0.809375
0 0.7859375 0.940625 0.753125 0.940625 0.753125 1.0 0.7859375 1.0 0.7859375 0.940625
0 0.6078125 0.915625 0.5203125 0.915625 0.5203125 1.0 0.6078125 1.0 0.6078125 0.915625
0 0.7328125 0.9203125 0.603125 0.9203125 0.603125 1.0 0.7328125 1.0 0.7328125 0.9203125
0 0.5484375 0.709375 0.4265625 0.709375 0.4265625 0.9015625 0.5484375 0.9015625 0.5484375 0.709375
0 0.9875 0.4796875 0.7953125 0.4796875 0.7953125 0.609375 0.9875 0.609375 0.9875 0.4796875
0 0.5546875 0.3703125 0.46875 0.3703125 0.46875 0.5296875 0.5546875 0.5296875 0.5546875 0.3703125
0 0.66875 0.121875 0.5828125 0.121875 0.5828125 0.29375 0.66875 0.29375 0.66875 0.121875
0 0.553125 0.0015625 0.4515625 0.0015625 0.4515625 0.090625 0.553125 0.090625 0.553125 0.0015625
0 0.671875 0.0015625 0.578125 0.0015625 0.578125 0.0234375 0.671875 0.0234375 0.671875 0.0015625
0 1.0 0.8921875 0.946875 0.8921875 0.946875 1.0 1.0 1.0 1.0 0.8921875
0 1.0 0.2203125 0.9921875 0.2203125 0.9921875 0.25 1.0 0.25 1.0 0.2203125
0 0.2125 0.86875 0.0921875 0.86875 0.0921875 1.0 0.2125 1.0 0.2125 0.86875
0 0.690625 0.7875 0.50625 0.7875 0.50625 0.9140625 0.690625 0.9140625 0.690625 0.7875
0 0.2109375 0.759375 0.1265625 0.759375 0.1265625 0.915625 0.2109375 0.915625 0.2109375 0.759375
0 1.0 0.7484375 0.7546875 0.7484375 0.7546875 0.871875 1.0 0.871875 1.0 0.7484375
0 0.9875 0.53125 0.584375 0.53125 0.584375 0.7625 0.9875 0.7625 0.9875 0.53125
0 0.9703125 0.4109375 0.821875 0.4109375 0.821875 0.5015625 0.9703125 0.5015625 0.9703125 0.4109375
0 0.6171875 0.090625 0.49375 0.090625 0.49375 0.396875 0.6171875 0.396875 0.6171875 0.090625
0 0.225 0.0828125 0.1328125 0.0828125 0.1328125 0.2890625 0.225 0.2890625 0.225 0.0828125
0 0.93125 0.0875 0.83125 0.0875 0.83125 0.25 0.93125 0.25 0.93125 0.0875
0 0.253125 0.0015625 0.0734375 0.0015625 0.0734375 0.0546875 0.253125 0.0546875 0.253125 0.0015625
0 1.0 0.0015625 0.9421875 0.0015625 0.9421875 0.08125 1.0 0.08125 1.0 0.0015625
0 0.2390625 0.0125 0.0015625 0.0125 0.0015625 0.1953125 0.2390625 0.1953125 0.2390625 0.0125
0 0.2609375 0.0015625 0.24375 0.0015625 0.24375 0.015625 0.2609375 0.015625 0.2609375 0.0015625
