0 0.028125 0.175 0.0015625 0.175 0.0015625 0.24375 0.028125 0.24375 0.028125 0.175
0 0.1171875 0.1859375 0.0296875 0.1859375 0.0296875 0.3359375 0.1171875 0.3359375 0.1171875 0.1859375
0 0.1296875 0.0015625 0.0015625 0.0015625 0.0015625 0.13125 0.1296875 0.13125 0.1296875 0.0015625
0 0.2328125 0.5859375 0.1375 0.5859375 0.1375 0.70625 0.2328125 0.70625 0.2328125 0.5859375
0 0.7125 0.26875 0.25625 0.26875 0.25625 0.734375 0.7125 0.734375 0.7125 0.26875
0 0.4 0.1421875 0.1671875 0.1421875 0.1671875 0.428125 0.4 0.428125 0.4 0.1421875
0 0.284375 0.10625 0.2 0.10625 0.2 0.209375 0.284375 0.209375 0.284375 0.10625
0 0.5078125 0.0015625 0.371875 0.0015625 0.371875 0.090625 0.5078125 0.090625 0.5078125 0.0015625
0 1.0 0.0015625 0.0015625 0.0015625 0.0015625 1.0 1.0 1.0 1.0 0.0015625
0 1.0 0.0015625 0.896875 0.0015625 0.896875 0.1078125 1.0 0.1078125 1.0 0.0015625
