0 0.425 0.6140625 0.3109375 0.6140625 0.3109375 0.7390625 0.425 0.7390625 0.425 0.6140625
0 0.2875 0.846875 0.190625 0.846875 0.190625 1.0 0.2875 1.0 0.2875 0.846875
0 0.7421875 0.3046875 0.6296875 0.3046875 0.6296875 0.509375 0.7421875 0.509375 0.7421875 0.3046875
0 0.6578125 0.1703125 0.5546875 0.1703125 0.5546875 0.309375 0.6578125 0.309375 0.6578125 0.1703125
0 0.3109375 0.26875 0.2203125 0.26875 0.2203125 0.371875 0.3109375 0.371875 0.3109375 0.26875
0 0.734375 0.234375 0.5890625 0.234375 0.5890625 0.4421875 0.734375 0.4421875 0.734375 0.234375
0 0.5234375 0.5296875 0.4625 0.5296875 0.4625 0.6875 0.5234375 0.6875 0.5234375 0.5296875
0 0.6078125 0.0796875 0.3765625 0.0796875 0.3765625 0.1734375 0.6078125 0.1734375 0.6078125 0.0796875
0 0.53125 0.7765625 0.4015625 0.7765625 0.4015625 1.0 0.53125 1.0 0.53125 0.7765625
0 0.578125 0.7953125 0.50625 0.7953125 0.50625 0.9453125 0.578125 0.9453125 0.578125 0.7953125
0 0.1296875 0.8140625 0.0015625 0.8140625 0.0015625 0.9640625 0.1296875 0.9640625 0.1296875 0.8140625
0 0.3171875 0.7546875 0.2546875 0.7546875 0.2546875 0.9078125 0.3171875 0.9078125 0.3171875 0.7546875
0 0.2515625 0.7109375 0.15 0.7109375 0.15 0.8515625 0.2515625 0.8515625 0.2515625 0.7109375
0 0.009375 0.7359375 0.0015625 0.7359375 0.0015625 0.7765625 0.009375 0.7765625 0.009375 0.7359375
0 0.3453125 0.6109375 0.2375 0.6109375 0.2375 0.7234375 0.3453125 0.7234375 0.3453125 0.6109375
0 0.6984375 0.35625 0.5515625 0.35625 0.5515625 0.6234375 0.6984375 0.6234375 0.6984375 0.35625
0 0.303125 0.209375 0.175 0.209375 0.175 0.303125 0.303125 0.303125 0.303125 0.209375
0 0.0171875 0.0015625 0.0015625 0.0015625 0.0015625 0.0109375 0.0171875 0.0109375 0.0171875 0.0015625
0 0.996875 0.1953125 0.8640625 0.1953125 0.8640625 0.309375 0.996875 0.309375 0.996875 0.1953125
0 1.0 0.0015625 0.8171875 0.0015625 0.8171875 0.0828125 1.0 0.0828125 1.0 0.0015625
0 1.0 0.0171875 0.8984375 0.0171875 0.8984375 0.134375 1.0 0.134375 1.0 0.0171875
0 0.50625 0.9875 0.4734375 0.9875 0.4734375 1.0 0.50625 1.0 0.50625 0.9875
0 0.63125 0.9328125 0.4828125 0.9328125 0.4828125 1.0 0.63125 1.0 0.63125 0.9328125
0 0.175 0.9109375 0.1109375 0.9109375 0.1109375 1.0 0.175 1.0 0.175 0.9109375
0 1.0 0.828125 0.8015625 0.828125 0.8015625 1.0 1.0 1.0 1.0 0.828125
0 0.0375 0.96875 0.0015625 0.96875 0.0015625 1.0 0.0375 1.0 0.0375 0.96875
0 0.365625 0.9140625 0.290625 0.9140625 0.290625 1.0 0.365625 1.0 0.365625 0.9140625
0 0.46875 0.8921875 0.3765625 0.8921875 0.3765625 1.0 0.46875 1.0 0.46875 0.8921875
0 0.09375 0.753125 0.0015625 0.753125 0.0015625 0.875 0.09375 0.875 0.09375 0.753125
0 0.8984375 0.7296875 0.696875 0.7296875 0.696875 0.8625 0.8984375 0.8625 0.8984375 0.7296875
0 0.3046875 0.5328125 0.1078125 0.5328125 0.1078125 0.809375 0.3046875 0.809375 0.3046875 0.5328125
0 0.51875 0.334375 0.1640625 0.334375 0.1640625 0.6953125 0.51875 0.6953125 0.51875 0.334375
0 0.0515625 0.565625 0.0015625 0.565625 0.0015625 0.6453125 0.0515625 0.6453125 0.0515625 0.565625
0 1.0 0.3859375 0.9046875 0.3859375 0.9046875 0.5203125 1.0 0.5203125 1.0 0.3859375
0 0.0828125 0.009375 0.0015625 0.009375 0.0015625 0.1921875 0.0828125 0.1921875 0.0828125 0.009375
0 0.278125 0.0421875 0.184375 0.0421875 0.184375 0.15 0.278125 0.15 0.278125 0.0421875
0 0.175 0.0015625 0.03125 0.0015625 0.03125 0.1421875 0.175 0.1421875 0.175 0.0015625
0 0.3546875 0.0015625 0.3265625 0.0015625 0.3265625 0.0109375 0.3546875 0.0109375 0.3546875 0.0015625
0 0.05625 0.2546875 0.0015625 0.2546875 0.0015625 0.3421875 0.05625 0.3421875 0.05625 0.2546875
0 0.090625 0.053125 0.0015625 0.053125 0.0015625 0.2484375 0.090625 0.2484375 0.090625 0.053125
0 0.1515625 0.8328125 0.0015625 0.8328125 0.0015625 1.0 0.1515625 1.0 0.1515625 0.8328125
0 0.465625 0.971875 0.3609375 0.971875 0.3609375 1.0 0.465625 1.0 0.465625 0.971875
0 0.6796875 0.7359375 0.4734375 0.7359375 0.4734375 0.9984375 0.6796875 0.9984375 0.6796875 0.7359375
0 0.3953125 0.7125 0.2703125 0.7125 0.2703125 0.971875 0.3953125 0.971875 0.3953125 0.7125
0 0.3171875 0.54375 0.190625 0.54375 0.190625 0.6453125 0.3171875 0.6453125 0.3171875 0.54375
0 0.63125 0.3734375 0.44375 0.3734375 0.44375 0.621875 0.63125 0.621875 0.63125 0.3734375
0 0.7203125 0.3265625 0.60625 0.3265625 0.60625 0.565625 0.7203125 0.565625 0.7203125 0.3265625
0 0.496875 0.425 0.359375 0.425 0.359375 0.5453125 0.496875 0.5453125 0.496875 0.425
0 0.9671875 0.315625 0.84375 0.315625 0.84375 0.403125 0.9671875 0.403125 0.9671875 0.315625
0 0.975 0.0828125 0.85 0.0828125 0.85 0.1671875 0.975 0.1671875 0.975 0.0828125
0 0.278125 0.984375 0.240625 0.984375 0.240625 1.0 0.278125 1.0 0.278125 0.984375
0 0.1515625 0.6203125 0.0015625 0.6203125 0.0015625 0.7203125 0.1515625 0.7203125 0.1515625 0.6203125
0 0.525 0.6484375 0.371875 0.6484375 0.371875 0.771875 0.525 0.771875 0.525 0.6484375
0 1.0 0.278125 0.8265625 0.278125 0.8265625 0.421875 1.0 0.421875 1.0 0.278125
0 0.2953125 0.7125 0.090625 0.7125 0.090625 1.0 0.2953125 1.0 0.2953125 0.7125
0 0.4546875 0.78125 0.3078125 0.78125 0.3078125 0.9046875 0.4546875 0.9046875 0.4546875 0.78125
0 0.25 0.025 0.0015625 0.025 0.0015625 0.4390625 0.25 0.4390625 0.25 0.025
0 0.5625 0.2453125 0.45 0.2453125 0.45 0.4171875 0.5625 0.4171875 0.5625 0.2453125
0 0.4171875 0.0015625 0.3921875 0.0015625 0.3921875 0.0171875 0.4171875 0.0171875 0.4171875 0.0015625
0 0.9640625 0.8 0.79375 0.8 0.79375 0.9265625 0.9640625 0.9265625 0.9640625 0.8
0 0.7296875 0.5921875 0.5765625 0.5921875 0.5765625 0.6828125 0.7296875 0.6828125 0.7296875 0.5921875
0 0.971875 0.0015625 0.9109375 0.0015625 0.9109375 0.0078125 0.971875 0.0078125 0.971875 0.0015625
0 0.3890625 0.821875 0.31875 0.821875 0.31875 0.996875 0.3890625 0.996875 0.3890625 0.821875
0 0.146875 0.671875 0.0015625 0.671875 0.0015625 0.890625 0.146875 0.890625 0.146875 0.671875
0 0.8359375 0.484375 0.7484375 0.484375 0.7484375 0.6140625 0.8359375 0.6140625 0.8359375 0.484375
0 0.4625 0.2859375 0.3453125 0.2859375 0.3453125 0.45 0.4625 0.45 0.4625 0.2859375
0 0.9765625 0.0015625 0.6296875 0.0015625 0.6296875 0.2765625 0.9765625 0.2765625 0.9765625 0.0015625
0 0.546875 0.09375 0.375 0.09375 0.375 0.2578125 0.546875 0.2578125 0.546875 0.09375
0 0.684375 0.0484375 0.559375 0.0484375 0.559375 0.25 0.684375 0.25 0.684375 0.0484375
0 0.5578125 0.0015625 0.4171875 0.0015625 0.4171875 0.1171875 0.5578125 0.1171875 0.5578125 0.0015625
0 0.609375 0.0015625 0.5265625 0.0015625 0.5265625 0.0421875 0.609375 0.0421875 0.609375 0.0015625
0 1.0 0.7625 0.9875 0.7625 0.9875 0.8046875 1.0 0.8046875 1.0 0.7625
0 1.0 0.58125 0.8953125 0.58125 0.8953125 0.778125 1.0 0.778125 1.0 0.58125
0 1.0 0.459375 0.8984375 0.459375 0.8984375 0.528125 1.0 0.528125 1.0 0.459375
0 0.8859375 0.240625 0.778125 0.240625 0.778125 0.409375 0.8859375 0.409375 0.8859375 0.240625
0 1.0 0.0625 0.953125 0.0625 0.953125 0.2890625 1.0 0.2890625 1.0 0.0625
0 0.0109375 0.9890625 0.0015625 0.9890625 0.0015625 1.0 0.0109375 1.0 0.0109375 0.9890625
0 0.1171875 0.659375 0.0015625 0.659375 0.0015625 0.7546875 0.1171875 0.7546875 0.1171875 0.659375
0 0.18125 0.3859375 0.090625 0.3859375 0.090625 0.55625 0.18125 0.55625 0.18125 0.3859375
0 0.4234375 0.0015625 0.175 0.0015625 0.175 0.0734375 0.4234375 0.0734375 0.4234375 0.0015625
0 0.8796875 0.6765625 0.490625 0.6765625 0.490625 0.8546875 0.8796875 0.8546875 0.8796875 0.6765625
0 0.66875 0.6109375 0.553125 0.6109375 0.553125 0.7234375 0.66875 0.7234375 0.66875 0.6109375
0 1.0 0.05625 0.60625 0.05625 0.60625 0.8921875 1.0 0.8921875 1.0 0.05625
0 0.4609375 0.4546875 0.3 0.4546875 0.3 0.5859375 0.4609375 0.5859375 0.4609375 0.4546875
0 0.4421875 0.0890625 0.2953125 0.0890625 0.2953125 0.396875 0.4421875 0.396875 0.4421875 0.0890625
0 0.6328125 0.0015625 0.63125 0.0015625 0.63125 0.0015625 0.6328125 0.0015625 0.6328125 0.0015625
0 1.0 0.990625 0.996875 0.990625 0.996875 1.0 1.0 1.0 1.0 0.990625
0 1.0 0.6390625 0.7078125 0.6390625 0.7078125 0.9765625 1.0 0.9765625 1.0 0.6390625
