0 0.6390625 0.9234375 0.5734375 0.9234375 0.5734375 1.0 0.6390625 1.0 0.6390625 0.9234375
0 0.090625 0.5203125 0.0015625 0.5203125 0.0015625 0.7640625 0.090625 0.7640625 0.090625 0.5203125
0 0.2609375 0.6359375 0.159375 0.6359375 0.159375 0.73125 0.2609375 0.73125 0.2609375 0.6359375
0 0.465625 0.4796875 0.3265625 0.4796875 0.3265625 0.7375 0.465625 0.7375 0.465625 0.4796875
0 0.38125 0.3265625 0.24375 0.3265625 0.24375 0.4296875 0.38125 0.4296875 0.38125 0.3265625
0 0.2640625 0.2484375 0.1703125 0.2484375 0.1703125 0.375 0.2640625 0.375 0.2640625 0.2484375
0 0.559375 0.209375 0.41875 0.209375 0.41875 0.3375 0.559375 0.3375 0.559375 0.209375
0 0.1140625 0.4203125 0.0015625 0.4203125 0.0015625 0.6171875 0.1140625 0.6171875 0.1140625 0.4203125
0 0.41875 0.13125 0.2953125 0.13125 0.2953125 0.3359375 0.41875 0.3359375 0.41875 0.13125
0 1.0 0.9171875 0.9375 0.9171875 0.9375 1.0 1.0 1.0 1.0 0.9171875
0 0.665625 0.0015625 0.5609375 0.0015625 0.5609375 0.10625 0.665625 0.10625 0.665625 0.0015625
0 0.5265625 0.734375 0.165625 0.734375 0.165625 0.865625 0.5265625 0.865625 0.5265625 0.734375
0 0.090625 0.940625 0.0015625 0.940625 0.0015625 1.0 0.090625 1.0 0.090625 0.940625
0 0.009375 0.70625 0.0015625 0.70625 0.0015625 0.7328125 0.009375 0.7328125 0.009375 0.70625
0 0.08125 0.2859375 0.0015625 0.2859375 0.0015625 0.4 0.08125 0.4 0.08125 0.2859375
0 0.59375 0.8046875 0.3875 0.8046875 0.3875 1.0 0.59375 1.0 0.59375 0.8046875
0 0.259375 0.9328125 0.1828125 0.9328125 0.1828125 1.0 0.259375 1.0 0.259375 0.9328125
0 0.38125 0.8328125 0.2875 0.8328125 0.2875 1.0 0.38125 1.0 0.38125 0.8328125
0 0.3171875 0.7984375 0.1796875 0.7984375 0.1796875 0.928125 0.3171875 0.928125 0.3171875 0.7984375
0 0.2046875 0.5828125 0.025 0.5828125 0.025 0.9359375 0.2046875 0.9359375 0.2046875 0.5828125
0 0.3390625 0.665625 0.2375 0.665625 0.2375 0.78125 0.3390625 0.78125 0.3390625 0.665625
0 0.35625 0.5921875 0.2765625 0.5921875 0.2765625 0.696875 0.35625 0.696875 0.35625 0.5921875
0 0.5984375 0.4984375 0.48125 0.4984375 0.48125 0.6578125 0.5984375 0.6578125 0.5984375 0.4984375
0 0.5171875 0.303125 0.2609375 0.303125 0.2609375 0.5828125 0.5171875 0.5828125 0.5171875 0.303125
0 0.175 0.396875 0.046875 0.396875 0.046875 0.5734375 0.175 0.5734375 0.175 0.396875
0 0.3984375 0.1734375 0.225 0.1734375 0.225 0.3171875 0.3984375 0.3171875 0.3984375 0.1734375
0 0.5578125 0.05625 0.346875 0.05625 0.346875 0.2875 0.5578125 0.2875 0.5578125 0.05625
0 0.2359375 0.00625 0.13125 0.00625 0.13125 0.1015625 0.2359375 0.1015625 0.2359375 0.00625
0 0.946875 0.9 0.803125 0.9 0.803125 1.0 0.946875 1.0 0.946875 0.9
0 0.9859375 0.6453125 0.8984375 0.6453125 0.8984375 0.825 0.9859375 0.825 0.9859375 0.6453125
0 0.7265625 0.6078125 0.596875 0.6078125 0.596875 0.759375 0.7265625 0.759375 0.7265625 0.6078125
0 0.740625 0.509375 0.6140625 0.509375 0.6140625 0.628125 0.740625 0.628125 0.740625 0.509375
0 0.709375 0.05625 0.5859375 0.05625 0.5859375 0.2046875 0.709375 0.2046875 0.709375 0.05625
0 0.1640625 0.5890625 0.009375 0.5890625 0.009375 0.746875 0.1640625 0.746875 0.1640625 0.5890625
0 0.603125 0.3078125 0.440625 0.3078125 0.440625 0.515625 0.603125 0.515625 0.603125 0.3078125
0 0.0265625 0.371875 0.0015625 0.371875 0.0015625 0.421875 0.0265625 0.421875 0.0265625 0.371875
0 0.60625 0.0890625 0.5078125 0.0890625 0.5078125 0.2203125 0.60625 0.2203125 0.60625 0.0890625
0 0.553125 0.00625 0.3640625 0.00625 0.3640625 0.13125 0.553125 0.13125 0.553125 0.00625
0 0.865625 0.83125 0.7265625 0.83125 0.7265625 0.9421875 0.865625 0.9421875 0.865625 0.83125
0 1.0 0.0015625 0.0015625 0.0015625 0.0015625 1.0 1.0 1.0 1.0 0.0015625
0 0.0546875 0.40625 0.0015625 0.40625 0.0015625 0.5953125 0.0546875 0.5953125 0.0546875 0.40625
0 0.515625 0.8 0.4 0.8 0.4 1.0 0.515625 1.0 0.515625 0.8
0 0.3703125 0.565625 0.184375 0.565625 0.184375 0.7421875 0.3703125 0.7421875 0.3703125 0.565625
