0 1.0 0.5296875 0.85625 0.5296875 0.85625 0.6640625 1.0 0.6640625 1.0 0.5296875
0 1.0 0.55625 0.9828125 0.55625 0.9828125 0.5984375 1.0 0.5984375 1.0 0.55625
0 1.0 0.3625 0.909375 0.3625 0.909375 0.4796875 1.0 0.4796875 1.0 0.3625
0 1.0 0.45 0.8953125 0.45 0.8953125 0.5921875 1.0 0.5921875 1.0 0.45
0 0.9890625 0.0015625 0.7625 0.0015625 0.7625 0.125 0.9890625 0.125 0.9890625 0.0015625
0 1.0 0.046875 0.9890625 0.046875 0.9890625 0.053125 1.0 0.053125 1.0 0.046875
0 1.0 0.0625 0.80625 0.0625 0.80625 0.390625 1.0 0.390625 1.0 0.0625
0 0.80625 0.003125 0.6984375 0.003125 0.6984375 0.1734375 0.80625 0.1734375 0.80625 0.003125
0 0.9359375 0.0015625 0.828125 0.0015625 0.828125 0.034375 0.9359375 0.034375 0.9359375 0.0015625
0 1.0 0.0015625 0.9734375 0.0015625 0.9734375 0.05 1.0 0.05 1.0 0.0015625
