0 0.9640625 0.6 0.8328125 0.6 0.8328125 0.7265625 0.9640625 0.7265625 0.9640625 0.6
0 0.9171875 0.203125 0.7046875 0.203125 0.7046875 0.2875 0.9171875 0.2875 0.9171875 0.203125
0 1.0 0.925 0.8703125 0.925 0.8703125 1.0 1.0 1.0 1.0 0.925
0 1.0 0.8421875 0.8765625 0.8421875 0.8765625 0.93125 1.0 0.93125 1.0 0.8421875
0 1.0 0.7765625 0.95 0.7765625 0.95 0.8328125 1.0 0.8328125 1.0 0.7765625
0 1.0 0.596875 0.96875 0.596875 0.96875 0.7359375 1.0 0.7359375 1.0 0.596875
0 1.0 0.253125 0.9046875 0.253125 0.9046875 0.3671875 1.0 0.3671875 1.0 0.253125
0 0.778125 0.0625 0.6796875 0.0625 0.6796875 0.2375 0.778125 0.2375 0.778125 0.0625
0 1.0 0.0015625 0.7484375 0.0015625 0.7484375 0.1921875 1.0 0.1921875 1.0 0.0015625
0 0.9828125 0.0015625 0.834375 0.0015625 0.834375 0.034375 0.9828125 0.034375 0.9828125 0.0015625
0 0.328125 0.071875 0.234375 0.071875 0.234375 0.2328125 0.328125 0.2328125 0.328125 0.071875
0 0.1484375 0.0015625 0.0015625 0.0015625 0.0015625 0.240625 0.1484375 0.240625 0.1484375 0.0015625
0 1.0 0.0015625 0.0015625 0.0015625 0.0015625 1.0 1.0 1.0 1.0 0.0015625
0 0.96875 0.0796875 0.6953125 0.0796875 0.6953125 0.2078125 0.96875 0.2078125 0.96875 0.0796875
0 1.0 0.121875 0.9734375 0.121875 0.9734375 0.171875 1.0 0.171875 1.0 0.121875
