0 0.321875 0.3984375 0.209375 0.3984375 0.209375 0.53125 0.321875 0.53125 0.321875 0.3984375
0 0.165625 0.41875 0.01875 0.41875 0.01875 0.4953125 0.165625 0.4953125 0.165625 0.41875
0 0.4578125 0.1578125 0.3234375 0.1578125 0.3234375 0.3484375 0.4578125 0.3484375 0.4578125 0.1578125
0 0.840625 0.0015625 0.7140625 0.0015625 0.7140625 0.0640625 0.840625 0.0640625 0.840625 0.0015625
0 0.28125 0.40625 0.0015625 0.40625 0.0015625 0.5578125 0.28125 0.5578125 0.28125 0.40625
0 0.8765625 0.228125 0.7328125 0.228125 0.7328125 0.3515625 0.8765625 0.3515625 0.8765625 0.228125
0 0.8828125 0.0328125 0.790625 0.0328125 0.790625 0.159375 0.8828125 0.159375 0.8828125 0.0328125
0 0.071875 0.4140625 0.0015625 0.4140625 0.0015625 0.48125 0.071875 0.48125 0.071875 0.4140625
0 0.88125 0.2703125 0.6953125 0.2703125 0.6953125 0.428125 0.88125 0.428125 0.88125 0.2703125
0 0.884375 0.5609375 0.8015625 0.5609375 0.8015625 0.6890625 0.884375 0.6890625 0.884375 0.5609375
0 1.0 0.2015625 0.93125 0.2015625 0.93125 0.3328125 1.0 0.3328125 1.0 0.2015625
0 0.9625 0.6734375 0.86875 0.6734375 0.86875 0.7640625 0.9625 0.7640625 0.9625 0.6734375
0 0.1875 0.6578125 0.0546875 0.6578125 0.0546875 0.8890625 0.1875 0.8890625 0.1875 0.6578125
0 0.8796875 0.40625 0.71875 0.40625 0.71875 0.5484375 0.8796875 0.5484375 0.8796875 0.40625
0 0.715625 0.3484375 0.6390625 0.3484375 0.6390625 0.5421875 0.715625 0.5421875 0.715625 0.3484375
0 0.50625 0.2515625 0.415625 0.2515625 0.415625 0.3890625 0.50625 0.3890625 0.50625 0.2515625
0 0.1515625 0.759375 0.059375 0.759375 0.059375 0.89375 0.1515625 0.89375 0.1515625 0.759375
0 0.75625 0.2359375 0.5796875 0.2359375 0.5796875 0.3640625 0.75625 0.3640625 0.75625 0.2359375
0 0.459375 0.203125 0.36875 0.203125 0.36875 0.303125 0.459375 0.303125 0.459375 0.203125
0 0.271875 0.8078125 0.13125 0.8078125 0.13125 1.0 0.271875 1.0 0.271875 0.8078125
0 0.56875 0.434375 0.453125 0.434375 0.453125 0.609375 0.56875 0.609375 0.56875 0.434375
0 0.4515625 0.3453125 0.2828125 0.3453125 0.2828125 0.5796875 0.4515625 0.5796875 0.4515625 0.3453125
0 0.6625 0.340625 0.5625 0.340625 0.5625 0.540625 0.6625 0.540625 0.6625 0.340625
0 0.703125 0.0359375 0.5796875 0.0359375 0.5796875 0.215625 0.703125 0.215625 0.703125 0.0359375
0 0.8046875 0.3859375 0.6953125 0.3859375 0.6953125 0.5296875 0.8046875 0.5296875 0.8046875 0.3859375
0 0.334375 0.3015625 0.0828125 0.3015625 0.0828125 0.428125 0.334375 0.428125 0.334375 0.3015625
0 0.925 0.2890625 0.83125 0.2890625 0.83125 0.409375 0.925 0.409375 0.925 0.2890625
0 0.8890625 0.1375 0.5640625 0.1375 0.5640625 0.3390625 0.8890625 0.3390625 0.8890625 0.1375
0 0.5234375 0.121875 0.4171875 0.121875 0.4171875 0.2796875 0.5234375 0.2796875 0.5234375 0.121875
0 0.7359375 0.5421875 0.5921875 0.5421875 0.5921875 0.68125 0.7359375 0.68125 0.7359375 0.5421875
0 0.7015625 0.721875 0.5546875 0.721875 0.5546875 0.8171875 0.7015625 0.8171875 0.7015625 0.721875
0 0.53125 0.4578125 0.3953125 0.4578125 0.3953125 0.6328125 0.53125 0.6328125 0.53125 0.4578125
0 0.59375 0.3875 0.48125 0.3875 0.48125 0.571875 0.59375 0.571875 0.59375 0.3875
0 0.790625 0.50625 0.6890625 0.50625 0.6890625 0.625 0.790625 0.625 0.790625 0.50625
0 0.7421875 0.2828125 0.6390625 0.2828125 0.6390625 0.4453125 0.7421875 0.4453125 0.7421875 0.2828125
0 0.8234375 0.046875 0.6953125 0.046875 0.6953125 0.203125 0.8234375 0.203125 0.8234375 0.046875
0 0.1640625 0.79375 0.0015625 0.79375 0.0015625 1.0 0.1640625 1.0 0.1640625 0.79375
0 0.565625 0.259375 0.4640625 0.259375 0.4640625 0.4390625 0.565625 0.4390625 0.565625 0.259375
0 0.721875 0.7796875 0.5859375 0.7796875 0.5859375 0.8796875 0.721875 0.8796875 0.721875 0.7796875
0 0.61875 0.2375 0.553125 0.2375 0.553125 0.3953125 0.61875 0.3953125 0.61875 0.2375
0 0.54375 0.9125 0.384375 0.9125 0.384375 1.0 0.54375 1.0 0.54375 0.9125
0 0.7359375 0.78125 0.553125 0.78125 0.553125 0.9046875 0.7359375 0.9046875 0.7359375 0.78125
0 0.3828125 0.90625 0.2765625 0.90625 0.2765625 1.0 0.3828125 1.0 0.3828125 0.90625
0 0.2984375 0.728125 0.1609375 0.728125 0.1609375 0.8546875 0.2984375 0.8546875 0.2984375 0.728125
0 0.29375 0.790625 0.2171875 0.790625 0.2171875 0.9953125 0.29375 0.9953125 0.29375 0.790625
0 0.5125 0.66875 0.4171875 0.66875 0.4171875 0.778125 0.5125 0.778125 0.5125 0.66875
0 0.7828125 0.0015625 0.6703125 0.0015625 0.6703125 0.1234375 0.7828125 0.1234375 0.7828125 0.0015625
0 0.6546875 0.0015625 0.0015625 0.0015625 0.0015625 1.0 0.6546875 1.0 0.6546875 0.0015625
0 0.1734375 0.6 0.0015625 0.6 0.0015625 0.825 0.1734375 0.825 0.1734375 0.6
0 0.015625 0.6375 0.0015625 0.6375 0.0015625 0.7203125 0.015625 0.7203125 0.015625 0.6375
0 0.365625 0.478125 0.021875 0.478125 0.021875 0.7671875 0.365625 0.7671875 0.365625 0.478125
0 0.221875 0.1640625 0.0015625 0.1640625 0.0015625 0.38125 0.221875 0.38125 0.221875 0.1640625
0 0.415625 0.9625 0.38125 0.9625 0.38125 1.0 0.415625 1.0 0.415625 0.9625
0 1.0 0.0015625 0.328125 0.0015625 0.328125 1.0 1.0 1.0 1.0 0.0015625
0 0.3953125 0.8046875 0.303125 0.8046875 0.303125 0.9265625 0.3953125 0.9265625 0.3953125 0.8046875
0 0.5546875 0.0171875 0.2796875 0.0171875 0.2796875 0.3890625 0.5546875 0.3890625 0.5546875 0.0171875
0 0.6859375 0.6375 0.515625 0.6375 0.515625 0.7796875 0.6859375 0.7796875 0.6859375 0.6375
