0 0.39375 0.9265625 0.2625 0.9265625 0.2625 1.0 0.39375 1.0 0.39375 0.9265625
0 0.2234375 0.084375 0.0609375 0.084375 0.0609375 0.4203125 0.2234375 0.4203125 0.2234375 0.084375
0 0.409375 0.1421875 0.2859375 0.1421875 0.2859375 0.2578125 0.409375 0.2578125 0.409375 0.1421875
0 0.2265625 0.8984375 0.01875 0.8984375 0.01875 1.0 0.2265625 1.0 0.2265625 0.8984375
0 0.196875 0.6265625 0.0328125 0.6265625 0.0328125 0.85 0.196875 0.85 0.196875 0.6265625
0 0.3921875 0.590625 0.2796875 0.590625 0.2796875 0.79375 0.3921875 0.79375 0.3921875 0.590625
0 0.1578125 0.33125 0.0015625 0.33125 0.0015625 0.4734375 0.1578125 0.4734375 0.1578125 0.33125
0 0.4515625 0.0234375 0.1890625 0.0234375 0.1890625 0.3765625 0.4515625 0.3765625 0.4515625 0.0234375
0 0.1703125 0.0015625 0.0375 0.0015625 0.0375 0.2578125 0.1703125 0.2578125 0.1703125 0.0015625
0 0.6 0.784375 0.4265625 0.784375 0.4265625 1.0 0.6 1.0 0.6 0.784375
0 0.925 0.4828125 0.8125 0.4828125 0.8125 0.653125 0.925 0.653125 0.925 0.4828125
0 0.625 0.10625 0.5421875 0.10625 0.5421875 0.2296875 0.625 0.2296875 0.625 0.10625
0 0.7265625 0.0015625 0.56875 0.0015625 0.56875 0.0765625 0.7265625 0.0765625 0.7265625 0.0015625
0 0.528125 0.0015625 0.4609375 0.0015625 0.4609375 0.0171875 0.528125 0.0171875 0.528125 0.0015625
0 1.0 0.0015625 0.0015625 0.0015625 0.0015625 1.0 1.0 1.0 1.0 0.0015625
0 0.1296875 0.0015625 0.071875 0.0015625 0.071875 0.00625 0.1296875 0.00625 0.1296875 0.0015625
0 0.0875 0.2234375 0.0234375 0.2234375 0.0234375 0.3765625 0.0875 0.3765625 0.0875 0.2234375
0 0.3078125 0.0515625 0.115625 0.0515625 0.115625 0.290625 0.3078125 0.290625 0.3078125 0.0515625
0 0.7734375 0.7734375 0.490625 0.7734375 0.490625 1.0 0.7734375 1.0 0.7734375 0.7734375
