0 0.4484375 0.0015625 0.01875 0.0015625 0.01875 0.334375 0.4484375 0.334375 0.4484375 0.0015625
0 0.5625 0.0015625 0.465625 0.0015625 0.465625 0.0984375 0.5625 0.0984375 0.5625 0.0015625
0 0.1578125 0.39375 0.0609375 0.39375 0.0609375 0.5125 0.1578125 0.5125 0.1578125 0.39375
0 0.4421875 0.16875 0.290625 0.16875 0.290625 0.3640625 0.4421875 0.3640625 0.4421875 0.16875
0 0.6421875 0.0015625 0.3765625 0.0015625 0.3765625 0.3265625 0.6421875 0.3265625 0.6421875 0.0015625
0 0.2640625 0.0953125 0.0015625 0.0953125 0.0015625 0.3484375 0.2640625 0.3484375 0.2640625 0.0953125
0 0.3375 0.015625 0.284375 0.015625 0.284375 0.190625 0.3375 0.190625 0.3375 0.015625
0 0.1796875 0.0015625 0.0359375 0.0015625 0.0359375 0.0984375 0.1796875 0.0984375 0.1796875 0.0015625
0 0.2609375 0.0015625 0.1453125 0.0015625 0.1453125 0.0765625 0.2609375 0.0765625 0.2609375 0.0015625
0 0.3046875 0.09375 0.2140625 0.09375 0.2140625 0.2953125 0.3046875 0.2953125 0.3046875 0.09375
0 0.0890625 0.8796875 0.0015625 0.8796875 0.0015625 1.0 0.0890625 1.0 0.0890625 0.8796875
0 0.4359375 0.3078125 0.25 0.3078125 0.25 0.7265625 0.4359375 0.7265625 0.4359375 0.3078125
0 0.496875 0.1375 0.4015625 0.1375 0.4015625 0.34375 0.496875 0.34375 0.496875 0.1375
0 0.609375 0.0015625 0.5328125 0.0015625 0.5328125 0.0703125 0.609375 0.0703125 0.609375 0.0015625
0 0.4203125 0.7140625 0.25625 0.7140625 0.25625 0.8359375 0.4203125 0.8359375 0.4203125 0.7140625
0 0.0421875 0.6953125 0.0015625 0.6953125 0.0015625 0.88125 0.0421875 0.88125 0.0421875 0.6953125
0 0.91875 0.3015625 0.734375 0.3015625 0.734375 0.4953125 0.91875 0.4953125 0.91875 0.3015625
0 1.0 0.509375 0.909375 0.509375 0.909375 0.609375 1.0 0.609375 1.0 0.509375
0 0.5 0.425 0.4 0.425 0.4 0.7515625 0.5 0.7515625 0.5 0.425
0 0.54375 0.184375 0.4359375 0.184375 0.4359375 0.4703125 0.54375 0.4703125 0.54375 0.184375
0 0.390625 0.0015625 0.315625 0.0015625 0.315625 0.0140625 0.390625 0.0140625 0.390625 0.0015625
0 0.2578125 0.7765625 0.178125 0.7765625 0.178125 0.8953125 0.2578125 0.8953125 0.2578125 0.7765625
0 0.1953125 0.6046875 0.0015625 0.6046875 0.0015625 0.9703125 0.1953125 0.9703125 0.1953125 0.6046875
0 0.0671875 0.3234375 0.0015625 0.3234375 0.0015625 0.5015625 0.0671875 0.5015625 0.0671875 0.3234375
0 0.634375 0.8578125 0.459375 0.8578125 0.459375 1.0 0.634375 1.0 0.634375 0.8578125
0 0.715625 0.6921875 0.590625 0.6921875 0.590625 0.8203125 0.715625 0.8203125 0.715625 0.6921875
0 0.75625 0.1734375 0.63125 0.1734375 0.63125 0.29375 0.75625 0.29375 0.75625 0.1734375
0 0.3109375 0.6890625 0.228125 0.6890625 0.228125 0.809375 0.3109375 0.809375 0.3109375 0.6890625
0 0.1609375 0.625 0.0203125 0.625 0.0203125 0.803125 0.1609375 0.803125 0.1609375 0.625
0 0.2140625 0.5328125 0.015625 0.5328125 0.015625 0.6484375 0.2140625 0.6484375 0.2140625 0.5328125
0 0.4296875 0.7828125 0.2578125 0.7828125 0.2578125 0.9140625 0.4296875 0.9140625 0.4296875 0.7828125
0 0.03125 0.0296875 0.0015625 0.0296875 0.0015625 0.1546875 0.03125 0.1546875 0.03125 0.0296875
0 1.0 0.2109375 0.0015625 0.2109375 0.0015625 1.0 1.0 1.0 1.0 0.2109375
0 0.28125 0.4203125 0.0015625 0.4203125 0.0015625 0.9140625 0.28125 0.9140625 0.28125 0.4203125
0 0.3671875 0.05625 0.228125 0.05625 0.228125 0.31875 0.3671875 0.31875 0.3671875 0.05625
0 0.728125 0.1359375 0.6125 0.1359375 0.6125 0.2703125 0.728125 0.2703125 0.728125 0.1359375
