0 0.1359375 0.89375 0.0015625 0.89375 0.0015625 1.0 0.1359375 1.0 0.1359375 0.89375
0 0.178125 0.7046875 0.0265625 0.7046875 0.0265625 0.8765625 0.178125 0.8765625 0.178125 0.7046875
0 0.06875 0.6875 0.0015625 0.6875 0.0015625 0.771875 0.06875 0.771875 0.06875 0.6875
0 0.246875 0.578125 0.0015625 0.578125 0.0015625 0.7125 0.246875 0.7125 0.246875 0.578125
0 0.2609375 0.421875 0.0921875 0.421875 0.0921875 0.6015625 0.2609375 0.6015625 0.2609375 0.421875
0 0.8921875 0.1453125 0.7828125 0.1453125 0.7828125 0.3328125 0.8921875 0.3328125 0.8921875 0.1453125
0 0.334375 0.8078125 0.1890625 0.8078125 0.1890625 1.0 0.334375 1.0 0.334375 0.8078125
0 0.6546875 0.0375 0.490625 0.0375 0.490625 0.228125 0.6546875 0.228125 0.6546875 0.0375
0 0.3640625 0.0484375 0.2921875 0.0484375 0.2921875 0.265625 0.3640625 0.265625 0.3640625 0.0484375
0 0.7046875 0.6296875 0.5921875 0.6296875 0.5921875 0.896875 0.7046875 0.896875 0.7046875 0.6296875
0 0.6578125 0.0015625 0.5078125 0.0015625 0.5078125 0.0765625 0.6578125 0.0765625 0.6578125 0.0015625
0 0.44375 0.93125 0.321875 0.93125 0.321875 1.0 0.44375 1.0 0.44375 0.93125
0 0.5890625 0.5078125 0.4875 0.5078125 0.4875 0.7109375 0.5890625 0.7109375 0.5890625 0.5078125
0 0.5359375 0.2734375 0.221875 0.2734375 0.221875 0.678125 0.5359375 0.678125 0.5359375 0.2734375
0 0.125 0.3296875 0.0015625 0.3296875 0.0015625 0.40625 0.125 0.40625 0.125 0.3296875
0 0.4234375 0.096875 0.321875 0.096875 0.321875 0.2625 0.4234375 0.2625 0.4234375 0.096875
0 0.7453125 0.0609375 0.65 0.0609375 0.65 0.178125 0.7453125 0.178125 0.7453125 0.0609375
0 0.90625 0.0015625 0.8 0.0015625 0.8 0.1421875 0.90625 0.1421875 0.90625 0.0015625
0 0.425 0.9828125 0.371875 0.9828125 0.371875 1.0 0.425 1.0 0.425 0.9828125
0 0.35 0.840625 0.2484375 0.840625 0.2484375 1.0 0.35 1.0 0.35 0.840625
0 0.50625 0.7109375 0.4203125 0.7109375 0.4203125 0.8921875 0.50625 0.8921875 0.50625 0.7109375
0 0.671875 0.0015625 0.528125 0.0015625 0.528125 0.0203125 0.671875 0.0203125 0.671875 0.0015625
0 0.715625 0.10625 0.5734375 0.10625 0.5734375 0.4015625 0.715625 0.4015625 0.715625 0.10625
0 1.0 0.0703125 0.7296875 0.0703125 0.7296875 0.4453125 1.0 0.4453125 1.0 0.0703125
0 0.5984375 0.85 0.3015625 0.85 0.3015625 0.9484375 0.5984375 0.9484375 0.5984375 0.85
0 0.2390625 0.646875 0.1671875 0.646875 0.1671875 0.86875 0.2390625 0.86875 0.2390625 0.646875
0 0.3140625 0.4703125 0.04375 0.4703125 0.04375 0.6265625 0.3140625 0.6265625 0.3140625 0.4703125
0 0.0765625 0.375 0.0015625 0.375 0.0015625 0.5890625 0.0765625 0.5890625 0.0765625 0.375
0 0.44375 0.196875 0.2171875 0.196875 0.2171875 0.4765625 0.44375 0.4765625 0.44375 0.196875
0 0.6515625 0.103125 0.415625 0.103125 0.415625 0.5296875 0.6515625 0.5296875 0.6515625 0.103125
0 0.4171875 0.0015625 0.3390625 0.0015625 0.3390625 0.1125 0.4171875 0.1125 0.4171875 0.0015625
0 0.6703125 0.446875 0.5109375 0.446875 0.5109375 0.815625 0.6703125 0.815625 0.6703125 0.446875
0 0.59375 0.89375 0.4390625 0.89375 0.4390625 1.0 0.59375 1.0 0.59375 0.89375
0 0.30625 0.6734375 0.1734375 0.6734375 0.1734375 0.9828125 0.30625 0.9828125 0.30625 0.6734375
0 0.725 0.775 0.6109375 0.775 0.6109375 0.9203125 0.725 0.9203125 0.725 0.775
0 0.4234375 0.5328125 0.2953125 0.5328125 0.2953125 0.7125 0.4234375 0.7125 0.4234375 0.5328125
0 0.771875 0.4 0.646875 0.4 0.646875 0.6828125 0.771875 0.6828125 0.771875 0.4
0 0.5 0.4890625 0.4171875 0.4890625 0.4171875 0.6203125 0.5 0.6203125 0.5 0.4890625
0 0.8046875 0.26875 0.7296875 0.26875 0.7296875 0.4 0.8046875 0.4 0.8046875 0.26875
0 0.3140625 0.0015625 0.0015625 0.0015625 0.0015625 0.34375 0.3140625 0.34375 0.3140625 0.0015625
0 0.740625 0.09375 0.6328125 0.09375 0.6328125 0.36875 0.740625 0.36875 0.740625 0.09375
0 0.8984375 0.1140625 0.784375 0.1140625 0.784375 0.2390625 0.8984375 0.2390625 0.8984375 0.1140625
0 1.0 0.4203125 0.91875 0.4203125 0.91875 0.5359375 1.0 0.5359375 1.0 0.4203125
0 0.4703125 0.9015625 0.3296875 0.9015625 0.3296875 1.0 0.4703125 1.0 0.4703125 0.9015625
0 0.4609375 0.740625 0.3203125 0.740625 0.3203125 0.903125 0.4609375 0.903125 0.4609375 0.740625
0 0.459375 0.590625 0.359375 0.590625 0.359375 0.7140625 0.459375 0.7140625 0.459375 0.590625
0 0.521875 0.0015625 0.396875 0.0015625 0.396875 0.103125 0.521875 0.103125 0.521875 0.0015625
0 0.3515625 0.0015625 0.1953125 0.0015625 0.1953125 0.0609375 0.3515625 0.0609375 0.3515625 0.0015625
0 1.0 0.2484375 0.8859375 0.2484375 0.8859375 0.58125 1.0 0.58125 1.0 0.2484375
0 1.0 0.0015625 0.8734375 0.0015625 0.8734375 0.153125 1.0 0.153125 1.0 0.0015625
0 0.009375 0.3390625 0.0015625 0.3390625 0.0015625 0.4 0.009375 0.4 0.009375 0.3390625
0 0.2859375 0.9734375 0.240625 0.9734375 0.240625 1.0 0.2859375 1.0 0.2859375 0.9734375
0 0.2671875 0.3203125 0.11875 0.3203125 0.11875 0.4 0.2671875 0.4 0.2671875 0.3203125
0 0.0859375 0.1765625 0.003125 0.1765625 0.003125 0.2921875 0.0859375 0.2921875 0.0859375 0.1765625
0 0.775 0.4640625 0.55625 0.4640625 0.55625 1.0 0.775 1.0 0.775 0.4640625
0 0.415625 0.9484375 0.303125 0.9484375 0.303125 1.0 0.415625 1.0 0.415625 0.9484375
0 0.6109375 0.6203125 0.4296875 0.6203125 0.4296875 0.8484375 0.6109375 0.8484375 0.6109375 0.6203125
0 0.49375 0.165625 0.3421875 0.165625 0.3421875 0.3703125 0.49375 0.3703125 0.49375 0.165625
0 0.978125 0.2375 0.778125 0.2375 0.778125 0.6640625 0.978125 0.6640625 0.978125 0.2375
0 0.903125 0.0015625 0.7390625 0.0015625 0.7390625 0.1265625 0.903125 0.1265625 0.903125 0.0015625
