0 0.296875 0.5125 0.21875 0.5125 0.21875 0.7515625 0.296875 0.7515625 0.296875 0.5125
0 0.678125 0.346875 0.41875 0.346875 0.41875 0.640625 0.678125 0.640625 0.678125 0.346875
0 0.2703125 0.1796875 0.171875 0.1796875 0.171875 0.5015625 0.2703125 0.5015625 0.2703125 0.1796875
0 0.025 0.11875 0.0015625 0.11875 0.0015625 0.175 0.025 0.175 0.025 0.11875
0 0.1828125 0.0015625 0.08125 0.0015625 0.08125 0.0640625 0.1828125 0.0640625 0.1828125 0.0015625
0 0.0609375 0.0203125 0.0015625 0.0203125 0.0015625 0.078125 0.0609375 0.078125 0.0609375 0.0203125
0 0.565625 0.109375 0.3515625 0.109375 0.3515625 0.3515625 0.565625 0.3515625 0.565625 0.109375
0 1.0 0.684375 0.8046875 0.684375 0.8046875 0.815625 1.0 0.815625 1.0 0.684375
0 1.0 0.4328125 0.7546875 0.4328125 0.7546875 0.628125 1.0 0.628125 1.0 0.4328125
0 1.0 0.3015625 0.8875 0.3015625 0.8875 0.434375 1.0 0.434375 1.0 0.3015625
0 0.9265625 0.096875 0.7890625 0.096875 0.7890625 0.359375 0.9265625 0.359375 0.9265625 0.096875
0 0.684375 0.0015625 0.4953125 0.0015625 0.4953125 0.1140625 0.684375 0.1140625 0.684375 0.0015625
0 0.484375 0.0015625 0.321875 0.0015625 0.321875 0.1109375 0.484375 0.1109375 0.484375 0.0015625
0 0.4640625 0.46875 0.3703125 0.46875 0.3703125 0.625 0.4640625 0.625 0.4640625 0.46875
0 0.396875 0.265625 0.303125 0.265625 0.303125 0.465625 0.396875 0.465625 0.396875 0.265625
0 0.5109375 0.0046875 0.4140625 0.0046875 0.4140625 0.153125 0.5109375 0.153125 0.5109375 0.0046875
0 1.0 0.640625 0.95625 0.640625 0.95625 0.7234375 1.0 0.7234375 1.0 0.640625
0 0.625 0.5375 0.509375 0.5375 0.509375 0.6796875 0.625 0.6796875 0.625 0.5375
0 0.390625 0.5453125 0.278125 0.5453125 0.278125 0.640625 0.390625 0.640625 0.390625 0.5453125
0 0.7234375 0.9921875 0.66875 0.9921875 0.66875 1.0 0.7234375 1.0 0.7234375 0.9921875
0 1.0 0.8078125 0.9765625 0.8078125 0.9765625 0.8265625 1.0 0.8265625 1.0 0.8078125
0 0.5625 0.9375 0.490625 0.9375 0.490625 1.0 0.5625 1.0 0.5625 0.9375
0 0.709375 0.759375 0.5296875 0.759375 0.5296875 0.8609375 0.709375 0.8609375 0.709375 0.759375
0 0.4578125 0.6109375 0.2703125 0.6109375 0.2703125 0.7875 0.4578125 0.7875 0.4578125 0.6109375
0 0.7 0.596875 0.4828125 0.596875 0.4828125 0.7046875 0.7 0.7046875 0.7 0.596875
0 0.425 0.2109375 0.1640625 0.2109375 0.1640625 0.6015625 0.425 0.6015625 0.425 0.2109375
0 0.665625 0.2171875 0.521875 0.2171875 0.521875 0.3421875 0.665625 0.3421875 0.665625 0.2171875
0 0.44375 0.11875 0.28125 0.11875 0.28125 0.19375 0.44375 0.19375 0.44375 0.11875
0 1.0 0.0125 0.990625 0.0125 0.990625 0.109375 1.0 0.109375 1.0 0.0125
0 0.6125 0.0015625 0.5515625 0.0015625 0.5515625 0.01875 0.6125 0.01875 0.6125 0.0015625
0 0.2734375 0.90625 0.0015625 0.90625 0.0015625 1.0 0.2734375 1.0 0.2734375 0.90625
0 0.6015625 0.6578125 0.23125 0.6578125 0.23125 1.0 0.6015625 1.0 0.6015625 0.6578125
0 0.3125 0.51875 0.2375 0.51875 0.2375 0.7390625 0.3125 0.7390625 0.3125 0.51875
0 0.2265625 0.46875 0.06875 0.46875 0.06875 0.6921875 0.2265625 0.6921875 0.2265625 0.46875
0 0.759375 0.1703125 0.20625 0.1703125 0.20625 0.61875 0.759375 0.61875 0.759375 0.1703125
0 0.2578125 0.2359375 0.1890625 0.2359375 0.1890625 0.4203125 0.2578125 0.4203125 0.2578125 0.2359375
0 0.5203125 0.1359375 0.36875 0.1359375 0.36875 0.2265625 0.5203125 0.2265625 0.5203125 0.1359375
0 0.259375 0.065625 0.10625 0.065625 0.10625 0.225 0.259375 0.225 0.259375 0.065625
0 0.43125 0.025 0.29375 0.025 0.29375 0.1375 0.43125 0.1375 0.43125 0.025
0 0.325 0.0015625 0.165625 0.0015625 0.165625 0.0546875 0.325 0.0546875 0.325 0.0015625
0 0.6671875 0.7984375 0.5625 0.7984375 0.5625 0.925 0.6671875 0.925 0.6671875 0.7984375
0 0.7625 0.7015625 0.49375 0.7015625 0.49375 0.828125 0.7625 0.828125 0.7625 0.7015625
0 0.578125 0.5796875 0.39375 0.5796875 0.39375 0.7046875 0.578125 0.7046875 0.578125 0.5796875
0 0.7109375 0.4515625 0.590625 0.4515625 0.590625 0.5875 0.7109375 0.5875 0.7109375 0.4515625
0 1.0 0.1390625 0.8734375 0.1390625 0.8734375 0.36875 1.0 0.36875 1.0 0.1390625
0 0.7203125 0.0109375 0.4390625 0.0109375 0.4390625 0.3296875 0.7203125 0.3296875 0.7203125 0.0109375
0 0.8078125 0.0015625 0.6765625 0.0015625 0.6765625 0.13125 0.8078125 0.13125 0.8078125 0.0015625
0 1.0 0.0015625 0.90625 0.0015625 0.90625 0.13125 1.0 0.13125 1.0 0.0015625
0 0.86875 0.0015625 0.803125 0.0015625 0.803125 0.096875 0.86875 0.096875 0.86875 0.0015625
0 0.784375 0.7765625 0.5953125 0.7765625 0.5953125 0.9 0.784375 0.9 0.784375 0.7765625
0 0.5546875 0.7546875 0.459375 0.7546875 0.459375 0.878125 0.5546875 0.878125 0.5546875 0.7546875
0 0.8171875 0.6234375 0.665625 0.6234375 0.665625 0.7953125 0.8171875 0.7953125 0.8171875 0.6234375
0 0.84375 0.53125 0.715625 0.53125 0.715625 0.675 0.84375 0.675 0.84375 0.53125
0 1.0 0.4421875 0.9640625 0.4421875 0.9640625 0.478125 1.0 0.478125 1.0 0.4421875
0 0.9546875 0.403125 0.7953125 0.403125 0.7953125 0.5015625 0.9546875 0.5015625 0.9546875 0.403125
0 0.8609375 0.2546875 0.7328125 0.2546875 0.7328125 0.3671875 0.8609375 0.3671875 0.8609375 0.2546875
0 1.0 0.9 0.7640625 0.9 0.7640625 1.0 1.0 1.0 1.0 0.9
0 0.10625 0.0015625 0.0015625 0.0015625 0.0015625 0.0875 0.10625 0.0875 0.10625 0.0015625
0 1.0 0.0015625 0.484375 0.0015625 0.484375 1.0 1.0 1.0 1.0 0.0015625
0 0.5046875 0.6921875 0.3875 0.6921875 0.3875 0.9546875 0.5046875 0.9546875 0.5046875 0.6921875
0 0.275 0.0390625 0.0015625 0.0390625 0.0015625 0.178125 0.275 0.178125 0.275 0.0390625
0 1.0 0.60625 0.69375 0.60625 0.69375 1.0 1.0 1.0 1.0 0.60625
0 1.0 0.6984375 0.9484375 0.6984375 0.9484375 0.771875 1.0 0.771875 1.0 0.6984375
0 0.99375 0.3046875 0.653125 0.3046875 0.653125 0.4484375 0.99375 0.4484375 0.99375 0.3046875
0 1.0 0.1046875 0.9046875 0.1046875 0.9046875 0.275 1.0 0.275 1.0 0.1046875
0 0.5765625 0.8203125 0.484375 0.8203125 0.484375 0.928125 0.5765625 0.928125 0.5765625 0.8203125
