0 0.9515625 0.8859375 0.81875 0.8859375 0.81875 0.9890625 0.9515625 0.9890625 0.9515625 0.8859375
0 1.0 0.20625 0.9375 0.20625 0.9375 0.4 1.0 0.4 1.0 0.20625
0 0.9703125 0.7640625 0.8671875 0.7640625 0.8671875 0.93125 0.9703125 0.93125 0.9703125 0.7640625
0 1.0 0.64375 0.921875 0.64375 0.921875 0.8140625 1.0 0.8140625 1.0 0.64375
0 0.8296875 0.565625 0.6875 0.565625 0.6875 0.6421875 0.8296875 0.6421875 0.8296875 0.565625
0 0.284375 0.9953125 0.2140625 0.9953125 0.2140625 1.0 0.284375 1.0 0.284375 0.9953125
0 0.9734375 0.85 0.7984375 0.85 0.7984375 1.0 0.9734375 1.0 0.9734375 0.85
0 1.0 0.8515625 0.9921875 0.8515625 0.9921875 0.9171875 1.0 0.9171875 1.0 0.8515625
0 0.990625 0.5765625 0.7484375 0.5765625 0.7484375 0.821875 0.990625 0.821875 0.990625 0.5765625
0 1.0 0.4546875 0.984375 0.4546875 0.984375 0.4953125 1.0 0.4953125 1.0 0.4546875
0 1.0 0.378125 0.94375 0.378125 0.94375 0.525 1.0 0.525 1.0 0.378125
0 0.5171875 0.9734375 0.44375 0.9734375 0.44375 1.0 0.5171875 1.0 0.5171875 0.9734375
0 0.8625 0.8984375 0.5546875 0.8984375 0.5546875 1.0 0.8625 1.0 0.8625 0.8984375
0 1.0 0.8125 0.95 0.8125 0.95 1.0 1.0 1.0 1.0 0.8125
0 0.8578125 0.6359375 0.684375 0.6359375 0.684375 0.90625 0.8578125 0.90625 0.8578125 0.6359375
0 1.0 0.665625 0.9640625 0.665625 0.9640625 0.775 1.0 0.775 1.0 0.665625
0 0.96875 0.465625 0.9078125 0.465625 0.9078125 0.6703125 0.96875 0.6703125 0.96875 0.465625
0 0.9109375 0.4515625 0.784375 0.4515625 0.784375 0.5859375 0.9109375 0.5859375 0.9109375 0.4515625
0 1.0 0.25625 0.9109375 0.25625 0.9109375 0.4046875 1.0 0.4046875 1.0 0.25625
0 0.796875 0.565625 0.4109375 0.565625 0.4109375 1.0 0.796875 1.0 0.796875 0.565625
0 0.896875 0.4015625 0.71875 0.4015625 0.71875 0.6125 0.896875 0.6125 0.896875 0.4015625
0 1.0 0.18125 0.9484375 0.18125 0.9484375 0.290625 1.0 0.290625 1.0 0.18125
0 0.740625 0.9078125 0.5375 0.9078125 0.5375 1.0 0.740625 1.0 0.740625 0.9078125
0 0.8828125 0.7765625 0.78125 0.7765625 0.78125 0.9484375 0.8828125 0.9484375 0.8828125 0.7765625
