0 1.0 0.571875 0.86875 0.571875 0.86875 0.6921875 1.0 0.6921875 1.0 0.571875
0 0.846875 0.50625 0.69375 0.50625 0.69375 0.709375 0.846875 0.709375 0.846875 0.50625
0 0.5921875 0.390625 0.4828125 0.390625 0.4828125 0.55 0.5921875 0.55 0.5921875 0.390625
0 0.8875 0.3671875 0.778125 0.3671875 0.778125 0.4796875 0.8875 0.4796875 0.8875 0.3671875
0 1.0 0.2953125 0.9328125 0.2953125 0.9328125 0.39375 1.0 0.39375 1.0 0.2953125
0 0.4484375 0.6484375 0.3015625 0.6484375 0.3015625 0.8109375 0.4484375 0.8109375 0.4484375 0.6484375
0 0.4515625 0.5265625 0.334375 0.5265625 0.334375 0.6375 0.4515625 0.6375 0.4515625 0.5265625
0 0.8140625 0.4625 0.6640625 0.4625 0.6640625 0.575 0.8140625 0.575 0.8140625 0.4625
0 1.0 0.121875 0.978125 0.121875 0.978125 0.39375 1.0 0.39375 1.0 0.121875
0 0.8109375 0.0015625 0.4125 0.0015625 0.4125 0.21875 0.8109375 0.21875 0.8109375 0.0015625
0 0.8515625 0.2578125 0.59375 0.2578125 0.59375 0.4078125 0.8515625 0.4078125 0.8515625 0.2578125
0 0.890625 0.4265625 0.8140625 0.4265625 0.8140625 0.5859375 0.890625 0.5859375 0.890625 0.4265625
0 0.5078125 0.75 0.3953125 0.75 0.3953125 1.0 0.5078125 1.0 0.5078125 0.75
0 1.0 0.3109375 0.8875 0.3109375 0.8875 0.5234375 1.0 0.5234375 1.0 0.3109375
0 1.0 0.39375 0.9625 0.39375 0.9625 0.459375 1.0 0.459375 1.0 0.39375
0 0.3 0.2828125 0.0703125 0.2828125 0.0703125 0.584375 0.3 0.584375 0.3 0.2828125
0 0.8609375 0.8390625 0.76875 0.8390625 0.76875 1.0 0.8609375 1.0 0.8609375 0.8390625
0 0.775 0.515625 0.2484375 0.515625 0.2484375 0.8328125 0.775 0.8328125 0.775 0.515625
0 0.8765625 0.578125 0.7359375 0.578125 0.7359375 0.7296875 0.8765625 0.7296875 0.8765625 0.578125
0 1.0 0.4859375 0.9375 0.4859375 0.9375 0.628125 1.0 0.628125 1.0 0.4859375
0 0.4703125 0.3859375 0.321875 0.3859375 0.321875 0.475 0.4703125 0.475 0.4703125 0.3859375
0 0.9953125 0.16875 0.83125 0.16875 0.83125 0.3203125 0.9953125 0.3203125 0.9953125 0.16875
0 0.7078125 0.140625 0.553125 0.140625 0.553125 0.31875 0.7078125 0.31875 0.7078125 0.140625
0 0.68125 0.0015625 0.6703125 0.0015625 0.6703125 0.0046875 0.68125 0.0046875 0.68125 0.0015625
0 0.2609375 0.81875 0.08125 0.81875 0.08125 1.0 0.2609375 1.0 0.2609375 0.81875
0 0.16875 0.7734375 0.0640625 0.7734375 0.0640625 0.8765625 0.16875 0.8765625 0.16875 0.7734375
0 0.0578125 0.6765625 0.0015625 0.6765625 0.0015625 0.7953125 0.0578125 0.7953125 0.0578125 0.6765625
0 0.4296875 0.0015625 0.28125 0.0015625 0.28125 0.184375 0.4296875 0.184375 0.4296875 0.0015625
0 0.184375 0.0015625 0.1609375 0.0015625 0.1609375 0.021875 0.184375 0.021875 0.184375 0.0015625
0 0.4671875 0.80625 0.3296875 0.80625 0.3296875 1.0 0.4671875 1.0 0.4671875 0.80625
0 0.740625 0.6875 0.4984375 0.6875 0.4984375 0.9984375 0.740625 0.9984375 0.740625 0.6875
0 0.684375 0.5765625 0.55 0.5765625 0.55 0.659375 0.684375 0.659375 0.684375 0.5765625
0 0.48125 0.7375 0.38125 0.7375 0.38125 0.8796875 0.48125 0.8796875 0.48125 0.7375
0 0.7015625 0.6109375 0.51875 0.6109375 0.51875 0.7296875 0.7015625 0.7296875 0.7015625 0.6109375
0 1.0 0.0015625 0.1109375 0.0015625 0.1109375 0.284375 1.0 0.284375 1.0 0.0015625
0 1.0 0.63125 0.59375 0.63125 0.59375 1.0 1.0 1.0 1.0 0.63125
0 0.075 0.1640625 0.0015625 0.1640625 0.0015625 0.634375 0.075 0.634375 0.075 0.1640625
0 0.0671875 0.9515625 0.003125 0.9515625 0.003125 1.0 0.0671875 1.0 0.0671875 0.9515625
0 0.65 0.0828125 0.0015625 0.0828125 0.0015625 0.828125 0.65 0.828125 0.65 0.0828125
0 0.8625 0.6765625 0.7515625 0.6765625 0.7515625 0.8203125 0.8625 0.8203125 0.8625 0.6765625
0 0.95625 0.265625 0.5671875 0.265625 0.5671875 0.5875 0.95625 0.5875 0.95625 0.265625
0 0.9453125 0.4296875 0.8796875 0.4296875 0.8796875 0.628125 0.9453125 0.628125 0.9453125 0.4296875
