0 0.84375 0.0015625 0.64375 0.0015625 0.64375 0.125 0.84375 0.125 0.84375 0.0015625
0 0.2140625 0.178125 0.134375 0.178125 0.134375 0.278125 0.2140625 0.278125 0.2140625 0.178125
0 0.128125 0.0015625 0.0015625 0.0015625 0.0015625 0.065625 0.128125 0.065625 0.128125 0.0015625
0 0.690625 0.44375 0.434375 0.44375 0.434375 0.8609375 0.690625 0.8609375 0.690625 0.44375
0 0.8 0.375 0.7140625 0.375 0.7140625 0.5859375 0.8 0.5859375 0.8 0.375
0 0.81875 0.178125 0.6125 0.178125 0.6125 0.3453125 0.81875 0.3453125 0.81875 0.178125
0 0.396875 0.0015625 0.278125 0.0015625 0.278125 0.059375 0.396875 0.059375 0.396875 0.0015625
0 0.640625 0.69375 0.5390625 0.69375 0.5390625 0.8265625 0.640625 0.8265625 0.640625 0.69375
0 0.8546875 0.10625 0.671875 0.10625 0.671875 0.2359375 0.8546875 0.2359375 0.8546875 0.10625
0 0.653125 0.0015625 0.6125 0.0015625 0.6125 0.065625 0.653125 0.065625 0.653125 0.0015625
0 0.1546875 0.071875 0.0015625 0.071875 0.0015625 0.4625 0.1546875 0.4625 0.1546875 0.071875
0 0.1953125 0.6640625 0.00625 0.6640625 0.00625 0.971875 0.1953125 0.971875 0.1953125 0.6640625
0 0.3109375 0.0015625 0.0515625 0.0015625 0.0515625 0.190625 0.3109375 0.190625 0.3109375 0.0015625
0 0.8265625 0.0015625 0.315625 0.0015625 0.315625 0.528125 0.8265625 0.528125 0.8265625 0.0015625
0 0.7546875 0.0015625 0.6890625 0.0015625 0.6890625 0.0625 0.7546875 0.0625 0.7546875 0.0015625
0 1.0 0.0015625 0.034375 0.0015625 0.034375 1.0 1.0 1.0 1.0 0.0015625
0 0.5671875 0.0015625 0.0015625 0.0015625 0.0015625 0.2484375 0.5671875 0.2484375 0.5671875 0.0015625
0 0.3609375 0.0015625 0.0015625 0.0015625 0.0015625 0.784375 0.3609375 0.784375 0.3609375 0.0015625
0 0.1625 0.0375 0.0546875 0.0375 0.0546875 0.2234375 0.1625 0.2234375 0.1625 0.0375
0 0.2625 0.0015625 0.1515625 0.0015625 0.1515625 0.028125 0.2625 0.028125 0.2625 0.0015625
0 0.8328125 0.8359375 0.6484375 0.8359375 0.6484375 1.0 0.8328125 1.0 0.8328125 0.8359375
0 0.803125 0.4140625 0.646875 0.4140625 0.646875 0.8171875 0.803125 0.8171875 0.803125 0.4140625
0 0.56875 0.2328125 0.3890625 0.2328125 0.3890625 0.7359375 0.56875 0.7359375 0.56875 0.2328125
0 0.4421875 0.14375 0.3640625 0.14375 0.3640625 0.278125 0.4421875 0.278125 0.4421875 0.14375
0 1.0 0.334375 0.865625 0.334375 0.865625 0.6875 1.0 0.6875 1.0 0.334375
