0 0.41875 0.9015625 0.265625 0.9015625 0.265625 1.0 0.41875 1.0 0.41875 0.9015625
0 0.8765625 0.253125 0.7078125 0.253125 0.7078125 0.4546875 0.8765625 0.4546875 0.8765625 0.253125
0 0.2359375 0.8046875 0.125 0.8046875 0.125 0.94375 0.2359375 0.94375 0.2359375 0.8046875
0 0.0609375 0.7671875 0.0015625 0.7671875 0.0015625 0.8203125 0.0609375 0.8203125 0.0609375 0.7671875
0 0.034375 0.35 0.0015625 0.35 0.0015625 0.496875 0.034375 0.496875 0.034375 0.35
0 0.378125 0.66875 0.25625 0.66875 0.25625 0.7890625 0.378125 0.7890625 0.378125 0.66875
0 0.1140625 0.0015625 0.0921875 0.0015625 0.0921875 0.00625 0.1140625 0.00625 0.1140625 0.0015625
0 0.25625 0.9625 0.0875 0.9625 0.0875 1.0 0.25625 1.0 0.25625 0.9625
0 0.1640625 0.79375 0.05625 0.79375 0.05625 0.953125 0.1640625 0.953125 0.1640625 0.79375
0 0.3046875 0.5890625 0.0015625 0.5890625 0.0015625 0.84375 0.3046875 0.84375 0.3046875 0.5890625
0 0.24375 0.1796875 0.0015625 0.1796875 0.0015625 0.4453125 0.24375 0.4453125 0.24375 0.1796875
0 0.3515625 0.815625 0.2421875 0.815625 0.2421875 0.896875 0.3515625 0.896875 0.3515625 0.815625
0 0.5703125 0.4328125 0.3375 0.4328125 0.3375 0.7875 0.5703125 0.7875 0.5703125 0.4328125
0 0.3359375 0.4234375 0.196875 0.4234375 0.196875 0.565625 0.3359375 0.565625 0.3359375 0.4234375
0 0.346875 0.1875 0.2546875 0.1875 0.2546875 0.3828125 0.346875 0.3828125 0.346875 0.1875
0 0.4953125 0.15 0.4 0.15 0.4 0.334375 0.4953125 0.334375 0.4953125 0.15
0 0.071875 0.80625 0.0015625 0.80625 0.0015625 0.940625 0.071875 0.940625 0.071875 0.80625
0 1.0 0.0015625 0.0015625 0.0015625 0.0015625 1.0 1.0 1.0 1.0 0.0015625
0 0.1265625 0.0015625 0.0015625 0.0015625 0.0015625 0.0640625 0.1265625 0.0640625 0.1265625 0.0015625
0 0.153125 0.75 0.0015625 0.75 0.0015625 0.9 0.153125 0.9 0.153125 0.75
0 0.16875 0.2125 0.028125 0.2125 0.028125 0.40625 0.16875 0.40625 0.16875 0.2125
