0 0.2890625 0.85625 0.121875 0.85625 0.121875 1.0 0.2890625 1.0 0.2890625 0.85625
0 0.0453125 0.16875 0.0015625 0.16875 0.0015625 0.2734375 0.0453125 0.2734375 0.0453125 0.16875
0 0.83125 0.20625 0.69375 0.20625 0.69375 0.4828125 0.83125 0.4828125 0.83125 0.20625
0 0.33125 0.9703125 0.2953125 0.9703125 0.2953125 1.0 0.33125 1.0 0.33125 0.9703125
0 0.128125 0.8390625 0.065625 0.8390625 0.065625 0.971875 0.128125 0.971875 0.128125 0.8390625
0 0.025 0.79375 0.0015625 0.79375 0.0015625 0.91875 0.025 0.91875 0.025 0.79375
0 0.8359375 0.09375 0.7578125 0.09375 0.7578125 0.3765625 0.8359375 0.3765625 0.8359375 0.09375
0 0.396875 0.015625 0.321875 0.015625 0.321875 0.2203125 0.396875 0.2203125 0.396875 0.015625
0 0.51875 0.7234375 0.4578125 0.7234375 0.4578125 0.8796875 0.51875 0.8796875 0.51875 0.7234375
0 0.7734375 0.6078125 0.6421875 0.6078125 0.6421875 1.0 0.7734375 1.0 0.7734375 0.6078125
0 1.0 0.553125 0.921875 0.553125 0.921875 0.728125 1.0 0.728125 1.0 0.553125
0 0.903125 0.43125 0.68125 0.43125 0.68125 0.7046875 0.903125 0.7046875 0.903125 0.43125
0 0.4078125 0.14375 0.2078125 0.14375 0.2078125 0.4125 0.4078125 0.4125 0.4078125 0.14375
0 0.5890625 0.0015625 0.490625 0.0015625 0.490625 0.15625 0.5890625 0.15625 0.5890625 0.0015625
0 0.1921875 0.259375 0.0984375 0.259375 0.0984375 0.4171875 0.1921875 0.4171875 0.1921875 0.259375
0 0.7109375 0.0015625 0.7015625 0.0015625 0.7015625 0.0109375 0.7109375 0.0109375 0.7109375 0.0015625
0 0.6328125 0.83125 0.5765625 0.83125 0.5765625 1.0 0.6328125 1.0 0.6328125 0.83125
0 1.0 0.484375 0.815625 0.484375 0.815625 0.828125 1.0 0.828125 1.0 0.484375
0 0.88125 0.746875 0.7484375 0.746875 0.7484375 1.0 0.88125 1.0 0.88125 0.746875
0 0.9765625 0.790625 0.884375 0.790625 0.884375 1.0 0.9765625 1.0 0.9765625 0.790625
0 1.0 0.6828125 0.9203125 0.6828125 0.9203125 0.9578125 1.0 0.9578125 1.0 0.6828125
0 0.128125 0.271875 0.0015625 0.271875 0.0015625 0.653125 0.128125 0.653125 0.128125 0.271875
0 0.1171875 0.8296875 0.0015625 0.8296875 0.0015625 1.0 0.1171875 1.0 0.1171875 0.8296875
0 0.1359375 0.071875 0.0125 0.071875 0.0125 0.265625 0.1359375 0.265625 0.1359375 0.071875
0 0.396875 0.0015625 0.3421875 0.0015625 0.3421875 0.0265625 0.396875 0.0265625 0.396875 0.0015625
0 0.9546875 0.11875 0.8734375 0.11875 0.8734375 0.3859375 0.9546875 0.3859375 0.9546875 0.11875
0 0.1078125 0.6765625 0.0015625 0.6765625 0.0015625 0.7421875 0.1078125 0.7421875 0.1078125 0.6765625
0 0.121875 0.9875 0.0984375 0.9875 0.0984375 1.0 0.121875 1.0 0.121875 0.9875
0 0.615625 0.815625 0.5390625 0.815625 0.5390625 1.0 0.615625 1.0 0.615625 0.815625
0 0.8140625 0.7296875 0.7265625 0.7296875 0.7265625 1.0 0.8140625 1.0 0.8140625 0.7296875
0 0.2640625 0.55625 0.1078125 0.55625 0.1078125 0.90625 0.2640625 0.90625 0.2640625 0.55625
0 0.575 0.496875 0.3265625 0.496875 0.3265625 0.8015625 0.575 0.8015625 0.575 0.496875
0 0.2359375 0.309375 0.109375 0.309375 0.109375 0.590625 0.2359375 0.590625 0.2359375 0.309375
0 0.675 0.3671875 0.5625 0.3671875 0.5625 0.578125 0.675 0.578125 0.675 0.3671875
0 0.7484375 0.1140625 0.6359375 0.1140625 0.6359375 0.46875 0.7484375 0.46875 0.7484375 0.1140625
0 0.5515625 0.15 0.2921875 0.15 0.2921875 0.4609375 0.5515625 0.4609375 0.5515625 0.15
0 0.1109375 0.1234375 0.0015625 0.1234375 0.0015625 0.29375 0.1109375 0.29375 0.1109375 0.1234375
0 0.2265625 0.00625 0.0109375 0.00625 0.0109375 0.2828125 0.2265625 0.2828125 0.2265625 0.00625
0 0.35625 0.0015625 0.2984375 0.0015625 0.2984375 0.184375 0.35625 0.184375 0.35625 0.0015625
0 0.303125 0.0015625 0.1015625 0.0015625 0.1015625 0.190625 0.303125 0.190625 0.303125 0.0015625
0 0.51875 0.0015625 0.3875 0.0015625 0.3875 0.0875 0.51875 0.0875 0.51875 0.0015625
0 0.7015625 0.0015625 0.553125 0.0015625 0.553125 0.1703125 0.7015625 0.1703125 0.7015625 0.0015625
0 0.915625 0.846875 0.8828125 0.846875 0.8828125 1.0 0.915625 1.0 0.915625 0.846875
0 0.9640625 0.7515625 0.9078125 0.7515625 0.9078125 1.0 0.9640625 1.0 0.9640625 0.7515625
0 0.8953125 0.7421875 0.8234375 0.7421875 0.8234375 0.965625 0.8953125 0.965625 0.8953125 0.7421875
0 1.0 0.2375 0.8203125 0.2375 0.8203125 0.5421875 1.0 0.5421875 1.0 0.2375
0 0.2765625 0.965625 0.215625 0.965625 0.215625 1.0 0.2765625 1.0 0.2765625 0.965625
0 0.1828125 0.6890625 0.09375 0.6890625 0.09375 0.996875 0.1828125 0.996875 0.1828125 0.6890625
0 0.05 0.759375 0.0015625 0.759375 0.0015625 0.925 0.05 0.925 0.05 0.759375
0 0.509375 0.81875 0.45 0.81875 0.45 0.9671875 0.509375 0.9671875 0.509375 0.81875
0 0.825 0.0015625 0.7140625 0.0015625 0.7140625 0.209375 0.825 0.209375 0.825 0.0015625
0 0.41875 0.459375 0.0015625 0.459375 0.0015625 0.7375 0.41875 0.7375 0.41875 0.459375
0 0.35 0.0734375 0.078125 0.0734375 0.078125 0.3703125 0.35 0.3703125 0.35 0.0734375
0 0.08125 0.0015625 0.0015625 0.0015625 0.0015625 0.0640625 0.08125 0.0640625 0.08125 0.0015625
0 0.39375 0.784375 0.1578125 0.784375 0.1578125 1.0 0.39375 1.0 0.39375 0.784375
0 0.4546875 0.6578125 0.33125 0.6578125 0.33125 0.9390625 0.4546875 0.9390625 0.4546875 0.6578125
0 0.5546875 0.421875 0.3015625 0.421875 0.3015625 0.5703125 0.5546875 0.5703125 0.5546875 0.421875
0 0.2328125 0.0015625 0.125 0.0015625 0.125 0.1046875 0.2328125 0.1046875 0.2328125 0.0015625
0 1.0 0.9390625 0.9796875 0.9390625 0.9796875 0.975 1.0 0.975 1.0 0.9390625
0 0.584375 0.8796875 0.490625 0.8796875 0.490625 1.0 0.584375 1.0 0.584375 0.8796875
0 0.6671875 0.509375 0.5359375 0.509375 0.5359375 0.815625 0.6671875 0.815625 0.6671875 0.509375
0 1.0 0.0015625 0.7921875 0.0015625 0.7921875 0.384375 1.0 0.384375 1.0 0.0015625
0 0.5765625 0.346875 0.2078125 0.346875 0.2078125 0.634375 0.5765625 0.634375 0.5765625 0.346875
0 0.1015625 0.0015625 0.071875 0.0015625 0.071875 0.0171875 0.1015625 0.0171875 0.1015625 0.0015625
0 0.0953125 0.728125 0.0015625 0.728125 0.0015625 0.846875 0.0953125 0.846875 0.0953125 0.728125
