0 0.4109375 0.45625 0.3046875 0.45625 0.3046875 0.6359375 0.4109375 0.6359375 0.4109375 0.45625
0 0.7296875 0.0015625 0.6546875 0.0015625 0.6546875 0.0546875 0.7296875 0.0546875 0.7296875 0.0015625
0 0.534375 0.35 0.4328125 0.35 0.4328125 0.540625 0.534375 0.540625 0.534375 0.35
0 0.7 0.0625 0.6046875 0.0625 0.6046875 0.165625 0.7 0.165625 0.7 0.0625
0 0.4125 0.0015625 0.3640625 0.0015625 0.3640625 0.0703125 0.4125 0.0703125 0.4125 0.0015625
0 0.1390625 0.0015625 0.0453125 0.0015625 0.0453125 0.1359375 0.1390625 0.1359375 0.1390625 0.0015625
0 0.534375 0.175 0.415625 0.175 0.415625 0.3359375 0.534375 0.3359375 0.534375 0.175
0 0.9984375 0.3765625 0.8703125 0.3765625 0.8703125 0.50625 0.9984375 0.50625 0.9984375 0.3765625
0 0.1671875 0.709375 0.0015625 0.709375 0.0015625 0.8734375 0.1671875 0.8734375 0.1671875 0.709375
0 0.1375 0.8890625 0.046875 0.8890625 0.046875 1.0 0.1375 1.0 0.1375 0.8890625
0 0.05 0.9703125 0.0015625 0.9703125 0.0015625 1.0 0.05 1.0 0.05 0.9703125
0 0.103125 0.5140625 0.0015625 0.5140625 0.0015625 0.7765625 0.103125 0.7765625 0.103125 0.5140625
0 0.1671875 0.0625 0.0015625 0.0625 0.0015625 0.4765625 0.1671875 0.4765625 0.1671875 0.0625
0 0.459375 0.775 0.175 0.775 0.175 1.0 0.459375 1.0 0.459375 0.775
0 0.2265625 0.7609375 0.0015625 0.7609375 0.0015625 0.875 0.2265625 0.875 0.2265625 0.7609375
0 0.246875 0.43125 0.0671875 0.43125 0.0671875 0.7671875 0.246875 0.7671875 0.246875 0.43125
0 0.9109375 0.2625 0.3421875 0.2625 0.3421875 0.71875 0.9109375 0.71875 0.9109375 0.2625
0 0.715625 0.1515625 0.509375 0.1515625 0.509375 0.3578125 0.715625 0.3578125 0.715625 0.1515625
0 0.45 0.171875 0.271875 0.171875 0.271875 0.359375 0.45 0.359375 0.45 0.171875
0 0.21875 0.075 0.134375 0.075 0.134375 0.35 0.21875 0.35 0.21875 0.075
0 0.321875 0.0875 0.2015625 0.0875 0.2015625 0.2765625 0.321875 0.2765625 0.321875 0.0875
0 0.609375 0.059375 0.4828125 0.059375 0.4828125 0.209375 0.609375 0.209375 0.609375 0.059375
0 0.39375 0.0015625 0.265625 0.0015625 0.265625 0.16875 0.39375 0.16875 0.39375 0.0015625
0 0.7671875 0.0015625 0.7203125 0.0015625 0.7203125 0.128125 0.7671875 0.128125 0.7671875 0.0015625
0 0.253125 0.0015625 0.2 0.0015625 0.2 0.015625 0.253125 0.015625 0.253125 0.0015625
0 0.20625 0.9671875 0.1328125 0.9671875 0.1328125 1.0 0.20625 1.0 0.20625 0.9671875
0 0.59375 0.7328125 0.309375 0.7328125 0.309375 1.0 0.59375 1.0 0.59375 0.7328125
0 0.628125 0.3734375 0.50625 0.3734375 0.50625 0.4546875 0.628125 0.4546875 0.628125 0.3734375
0 0.903125 0.140625 0.7796875 0.140625 0.7796875 0.290625 0.903125 0.290625 0.903125 0.140625
