0 1.0 0.8984375 0.984375 0.8984375 0.984375 0.9171875 1.0 0.9171875 1.0 0.8984375
0 1.0 0.6875 0.93125 0.6875 0.93125 0.7984375 1.0 0.7984375 1.0 0.6875
0 0.6078125 0.5671875 0.5140625 0.5671875 0.5140625 0.7703125 0.6078125 0.7703125 0.6078125 0.5671875
0 0.13125 0.9671875 0.0625 0.9671875 0.0625 1.0 0.13125 1.0 0.13125 0.9671875
0 0.4890625 0.990625 0.4765625 0.990625 0.4765625 1.0 0.4890625 1.0 0.4890625 0.990625
0 0.8125 0.6890625 0.4453125 0.6890625 0.4453125 0.925 0.8125 0.925 0.8125 0.6890625
0 0.525 0.5015625 0.325 0.5015625 0.325 0.675 0.525 0.675 0.525 0.5015625
0 0.7640625 0.9953125 0.5875 0.9953125 0.5875 1.0 0.7640625 1.0 0.7640625 0.9953125
0 0.5203125 0.7890625 0.153125 0.7890625 0.153125 0.953125 0.5203125 0.953125 0.5203125 0.7890625
0 0.859375 0.5390625 0.215625 0.5390625 0.215625 0.8765625 0.859375 0.8765625 0.859375 0.5390625
0 0.846875 0.9421875 0.74375 0.9421875 0.74375 1.0 0.846875 1.0 0.846875 0.9421875
0 1.0 0.4828125 0.8921875 0.4828125 0.8921875 0.60625 1.0 0.60625 1.0 0.4828125
0 0.5015625 0.878125 0.0703125 0.878125 0.0703125 1.0 0.5015625 1.0 0.5015625 0.878125
0 0.084375 0.8609375 0.0015625 0.8609375 0.0015625 1.0 0.084375 1.0 0.084375 0.8609375
0 0.65625 0.4609375 0.26875 0.4609375 0.26875 0.696875 0.65625 0.696875 0.65625 0.4609375
0 0.89375 0.778125 0.4609375 0.778125 0.4609375 1.0 0.89375 1.0 0.89375 0.778125
0 1.0 0.71875 0.990625 0.71875 0.990625 0.7921875 1.0 0.7921875 1.0 0.71875
0 1.0 0.2390625 0.8671875 0.2390625 0.8671875 0.353125 1.0 0.353125 1.0 0.2390625
0 1.0 0.0015625 0.9 0.0015625 0.9 0.16875 1.0 0.16875 1.0 0.0015625
0 0.784375 0.6453125 0.6875 0.6453125 0.6875 0.7875 0.784375 0.7875 0.784375 0.6453125
0 0.9234375 0.4171875 0.81875 0.4171875 0.81875 0.575 0.9234375 0.575 0.9234375 0.4171875
0 1.0 0.2859375 0.8546875 0.2859375 0.8546875 0.4546875 1.0 0.4546875 1.0 0.2859375
0 1.0 0.0484375 0.8328125 0.0484375 0.8328125 0.275 1.0 0.275 1.0 0.0484375
0 1.0 0.940625 0.9359375 0.940625 0.9359375 1.0 1.0 1.0 1.0 0.940625
0 0.0765625 0.9390625 0.0015625 0.9390625 0.0015625 1.0 0.0765625 1.0 0.0765625 0.9390625
0 0.6546875 0.9265625 0.4328125 0.9265625 0.4328125 1.0 0.6546875 1.0 0.6546875 0.9265625
0 0.446875 0.6515625 0.3390625 0.6515625 0.3390625 0.809375 0.446875 0.809375 0.446875 0.6515625
0 0.8578125 0.9796875 0.8234375 0.9796875 0.8234375 1.0 0.8578125 1.0 0.8578125 0.9796875
0 1.0 0.7390625 0.846875 0.7390625 0.846875 0.8625 1.0 0.8625 1.0 0.7390625
0 0.9125 0.2640625 0.7625 0.2640625 0.7625 0.6390625 0.9125 0.6390625 0.9125 0.2640625
0 1.0 0.8953125 0.959375 0.8953125 0.959375 0.9890625 1.0 0.9890625 1.0 0.8953125
0 1.0 0.6578125 0.996875 0.6578125 0.996875 0.678125 1.0 0.678125 1.0 0.6578125
0 1.0 0.2 0.9125 0.2 0.9125 0.2625 1.0 0.2625 1.0 0.2
