0 0.615625 0.640625 0.5 0.640625 0.5 0.7984375 0.615625 0.7984375 0.615625 0.640625
0 0.465625 0.2203125 0.290625 0.2203125 0.290625 0.3171875 0.465625 0.3171875 0.465625 0.2203125
0 0.796875 0.7421875 0.6359375 0.7421875 0.6359375 1.0 0.796875 1.0 0.796875 0.7421875
0 1.0 0.8703125 0.9796875 0.8703125 0.9796875 0.9921875 1.0 0.9921875 1.0 0.8703125
0 0.646875 0.63125 0.565625 0.63125 0.565625 0.7765625 0.646875 0.7765625 0.646875 0.63125
0 1.0 0.3734375 0.928125 0.3734375 0.928125 0.4796875 1.0 0.4796875 1.0 0.3734375
0 1.0 0.990625 0.98125 0.990625 0.98125 1.0 1.0 1.0 1.0 0.990625
0 0.76875 0.9265625 0.63125 0.9265625 0.63125 1.0 0.76875 1.0 0.76875 0.9265625
0 0.9890625 0.875 0.815625 0.875 0.815625 1.0 0.9890625 1.0 0.9890625 0.875
0 1.0 0.4921875 0.76875 0.4921875 0.76875 0.6109375 1.0 0.6109375 1.0 0.4921875
0 0.64375 0.4828125 0.5234375 0.4828125 0.5234375 0.603125 0.64375 0.603125 0.64375 0.4828125
0 0.2984375 0.8734375 0.221875 0.8734375 0.221875 1.0 0.2984375 1.0 0.2984375 0.8734375
0 0.540625 0.7171875 0.39375 0.7171875 0.39375 0.846875 0.540625 0.846875 0.540625 0.7171875
0 0.321875 0.0453125 0.2234375 0.0453125 0.2234375 0.159375 0.321875 0.159375 0.321875 0.0453125
0 0.7 0.7875 0.56875 0.7875 0.56875 0.9875 0.7 0.9875 0.7 0.7875
0 0.7703125 0.4296875 0.471875 0.4296875 0.471875 0.5203125 0.7703125 0.5203125 0.7703125 0.4296875
0 0.45 0.00625 0.3515625 0.00625 0.3515625 0.140625 0.45 0.140625 0.45 0.00625
0 0.4875 0.4671875 0.3578125 0.4671875 0.3578125 0.528125 0.4875 0.528125 0.4875 0.4671875
0 0.3484375 0.2578125 0.2125 0.2578125 0.2125 0.3875 0.3484375 0.3875 0.3484375 0.2578125
0 0.4859375 0.4203125 0.2984375 0.4203125 0.2984375 0.640625 0.4859375 0.640625 0.4859375 0.4203125
0 0.1890625 0.790625 0.0109375 0.790625 0.0109375 0.996875 0.1890625 0.996875 0.1890625 0.790625
0 0.46875 0.846875 0.28125 0.846875 0.28125 1.0 0.46875 1.0 0.46875 0.846875
0 0.0578125 0.890625 0.0015625 0.890625 0.0015625 1.0 0.0578125 1.0 0.0578125 0.890625
0 0.4625 0.9609375 0.3515625 0.9609375 0.3515625 1.0 0.4625 1.0 0.4625 0.9609375
0 0.85625 0.5296875 0.396875 0.5296875 0.396875 0.8796875 0.85625 0.8796875 0.85625 0.5296875
0 0.778125 0.228125 0.446875 0.228125 0.446875 0.43125 0.778125 0.43125 0.778125 0.228125
0 0.371875 0.03125 0.2640625 0.03125 0.2640625 0.1140625 0.371875 0.1140625 0.371875 0.03125
0 1.0 0.8015625 0.9078125 0.8015625 0.9078125 0.971875 1.0 0.971875 1.0 0.8015625
0 0.9265625 0.0203125 0.54375 0.0203125 0.54375 0.228125 0.9265625 0.228125 0.9265625 0.0203125
0 0.6765625 0.5609375 0.54375 0.5609375 0.54375 0.6609375 0.6765625 0.6609375 0.6765625 0.5609375
0 0.8265625 0.4453125 0.625 0.4453125 0.625 0.646875 0.8265625 0.646875 0.8265625 0.4453125
0 1.0 0.5921875 0.9640625 0.5921875 0.9640625 0.79375 1.0 0.79375 1.0 0.5921875
0 1.0 0.4171875 0.9421875 0.4171875 0.9421875 0.5421875 1.0 0.5421875 1.0 0.4171875
0 1.0 0.071875 0.9890625 0.071875 0.9890625 0.1296875 1.0 0.1296875 1.0 0.071875
0 0.6140625 0.5484375 0.2765625 0.5484375 0.2765625 1.0 0.6140625 1.0 0.6140625 0.5484375
0 0.3359375 0.6578125 0.09375 0.6578125 0.09375 1.0 0.3359375 1.0 0.3359375 0.6578125
0 0.975 0.740625 0.690625 0.740625 0.690625 1.0 0.975 1.0 0.975 0.740625
0 1.0 0.509375 0.7640625 0.509375 0.7640625 0.871875 1.0 0.871875 1.0 0.509375
0 0.05 0.646875 0.0015625 0.646875 0.0015625 0.8140625 0.05 0.8140625 0.05 0.646875
0 0.390625 0.3734375 0.2609375 0.3734375 0.2609375 0.465625 0.390625 0.465625 0.390625 0.3734375
0 0.26875 0.2 0.1890625 0.2 0.1890625 0.3796875 0.26875 0.3796875 0.26875 0.2
0 0.221875 0.946875 0.1390625 0.946875 0.1390625 1.0 0.221875 1.0 0.221875 0.946875
0 0.3359375 0.7921875 0.2125 0.7921875 0.2125 0.8859375 0.3359375 0.8859375 0.3359375 0.7921875
0 0.53125 0.0015625 0.35625 0.0015625 0.35625 0.1265625 0.53125 0.1265625 0.53125 0.0015625
0 0.2890625 0.0828125 0.11875 0.0828125 0.11875 0.321875 0.2890625 0.321875 0.2890625 0.0828125
0 0.3703125 0.0015625 0.0015625 0.0015625 0.0015625 0.796875 0.3703125 0.796875 0.3703125 0.0015625
0 1.0 0.0015625 0.8734375 0.0015625 0.8734375 0.0578125 1.0 0.0578125 1.0 0.0015625
