0 0.5984375 0.6484375 0.4375 0.6484375 0.4375 0.728125 0.5984375 0.728125 0.5984375 0.6484375
0 0.2234375 0.3046875 0.034375 0.3046875 0.034375 0.4375 0.2234375 0.4375 0.2234375 0.3046875
0 0.1515625 0.146875 0.0578125 0.146875 0.0578125 0.315625 0.1515625 0.315625 0.1515625 0.146875
0 0.2328125 0.040625 0.0578125 0.040625 0.0578125 0.171875 0.2328125 0.171875 0.2328125 0.040625
0 0.0171875 0.9875 0.0015625 0.9875 0.0015625 1.0 0.0171875 1.0 0.0171875 0.9875
0 0.190625 0.609375 0.0375 0.609375 0.0375 0.7296875 0.190625 0.7296875 0.190625 0.609375
0 0.5546875 0.575 0.421875 0.575 0.421875 0.7015625 0.5546875 0.7015625 0.5546875 0.575
0 1.0 0.4296875 0.9296875 0.4296875 0.9296875 0.5140625 1.0 0.5140625 1.0 0.4296875
0 0.815625 0.0015625 0.61875 0.0015625 0.61875 0.11875 0.815625 0.11875 0.815625 0.0015625
0 0.825 0.0015625 0.821875 0.0015625 0.821875 0.0015625 0.825 0.0015625 0.825 0.0015625
0 1.0 0.4046875 0.9421875 0.4046875 0.9421875 0.471875 1.0 0.471875 1.0 0.4046875
0 0.9296875 0.0015625 0.8578125 0.0015625 0.8578125 0.0765625 0.9296875 0.0765625 0.9296875 0.0015625
0 0.2 0.6953125 0.06875 0.6953125 0.06875 0.875 0.2 0.875 0.2 0.6953125
0 0.375 0.6921875 0.2984375 0.6921875 0.2984375 0.7828125 0.375 0.7828125 0.375 0.6921875
0 0.3375 0.484375 0.1703125 0.484375 0.1703125 0.7171875 0.3375 0.7171875 0.3375 0.484375
0 0.9140625 0.5015625 0.7078125 0.5015625 0.7078125 0.696875 0.9140625 0.696875 0.9140625 0.5015625
0 0.6671875 0.0109375 0.534375 0.0109375 0.534375 0.096875 0.6671875 0.096875 0.6671875 0.0109375
0 0.9890625 0.0015625 0.91875 0.0015625 0.91875 0.0609375 0.9890625 0.0609375 0.9890625 0.0015625
0 0.278125 0.6671875 0.05 0.6671875 0.05 0.9828125 0.278125 0.9828125 0.278125 0.6671875
0 0.415625 0.728125 0.3015625 0.728125 0.3015625 0.8515625 0.415625 0.8515625 0.415625 0.728125
0 0.9015625 0.2625 0.4203125 0.2625 0.4203125 0.9203125 0.9015625 0.9203125 0.9015625 0.2625
0 0.3359375 0.396875 0.1625 0.396875 0.1625 0.565625 0.3359375 0.565625 0.3359375 0.396875
0 0.775 0.0015625 0.51875 0.0015625 0.51875 0.2515625 0.775 0.2515625 0.775 0.0015625
0 0.9125 0.0015625 0.7828125 0.0015625 0.7828125 0.209375 0.9125 0.209375 0.9125 0.0015625
0 0.16875 0.6 0.0515625 0.6 0.0515625 0.721875 0.16875 0.721875 0.16875 0.6
0 0.5171875 0.4734375 0.440625 0.4734375 0.440625 0.603125 0.5171875 0.603125 0.5171875 0.4734375
0 0.996875 0.2765625 0.8640625 0.2765625 0.8640625 0.3671875 0.996875 0.3671875 0.996875 0.2765625
0 0.9 0.7828125 0.7640625 0.7828125 0.7640625 1.0 0.9 1.0 0.9 0.7828125
0 0.3046875 0.99375 0.2859375 0.99375 0.2859375 1.0 0.3046875 1.0 0.3046875 0.99375
0 0.525 0.934375 0.3875 0.934375 0.3875 1.0 0.525 1.0 0.525 0.934375
0 0.7765625 0.846875 0.509375 0.846875 0.509375 1.0 0.7765625 1.0 0.7765625 0.846875
0 0.9734375 0.2109375 0.840625 0.2109375 0.840625 0.396875 0.9734375 0.396875 0.9734375 0.2109375
0 0.3375 0.65625 0.221875 0.65625 0.221875 0.9015625 0.3375 0.9015625 0.3375 0.65625
0 0.6859375 0.0015625 0.5203125 0.0015625 0.5203125 0.034375 0.6859375 0.034375 0.6859375 0.0015625
0 1.0 0.8296875 0.971875 0.8296875 0.971875 0.94375 1.0 0.94375 1.0 0.8296875
0 0.871875 0.0015625 0.75625 0.0015625 0.75625 0.1609375 0.871875 0.1609375 0.871875 0.0015625
0 0.0265625 0.90625 0.0015625 0.90625 0.0015625 1.0 0.0265625 1.0 0.0265625 0.90625
0 0.06875 0.6875 0.00625 0.6875 0.00625 0.9296875 0.06875 0.9296875 0.06875 0.6875
0 0.95625 0.5375 0.875 0.5375 0.875 0.65 0.95625 0.65 0.95625 0.5375
0 0.9953125 0.0453125 0.878125 0.0453125 0.878125 0.1453125 0.9953125 0.1453125 0.9953125 0.0453125
0 0.6875 0.8734375 0.45625 0.8734375 0.45625 0.984375 0.6875 0.984375 0.6875 0.8734375
0 0.440625 0.8125 0.31875 0.8125 0.31875 0.9203125 0.440625 0.9203125 0.440625 0.8125
0 0.3765625 0.0015625 0.153125 0.0015625 0.153125 0.0421875 0.3765625 0.0421875 0.3765625 0.0015625
0 0.9953125 0.83125 0.8109375 0.83125 0.8109375 1.0 0.9953125 1.0 0.9953125 0.83125
0 0.4265625 0.378125 0.31875 0.378125 0.31875 0.5375 0.4265625 0.5375 0.4265625 0.378125
0 0.01875 0.7453125 0.0015625 0.7453125 0.0015625 0.91875 0.01875 0.91875 0.01875 0.7453125
0 0.3140625 0.8734375 0.20625 0.8734375 0.20625 0.984375 0.3140625 0.984375 0.3140625 0.8734375
0 0.2796875 0.10625 0.146875 0.10625 0.146875 0.209375 0.2796875 0.209375 0.2796875 0.10625
0 0.5703125 0.121875 0.4328125 0.121875 0.4328125 0.2640625 0.5703125 0.2640625 0.5703125 0.121875
0 0.5375 0.0015625 0.478125 0.0015625 0.478125 0.0265625 0.5375 0.0265625 0.5375 0.0015625
0 1.0 0.0015625 0.0265625 0.0015625 0.0265625 1.0 1.0 1.0 1.0 0.0015625
0 0.2640625 0.4359375 0.0015625 0.4359375 0.0015625 0.6734375 0.2640625 0.6734375 0.2640625 0.4359375
0 0.1515625 0.0015625 0.0015625 0.0015625 0.0015625 0.4390625 0.1515625 0.4390625 0.1515625 0.0015625
0 1.0 0.8 0.9375 0.8 0.9375 0.953125 1.0 0.953125 1.0 0.8
0 0.9515625 0.746875 0.84375 0.746875 0.84375 0.9046875 0.9515625 0.9046875 0.9515625 0.746875
0 1.0 0.603125 0.8640625 0.603125 0.8640625 0.7484375 1.0 0.7484375 1.0 0.603125
0 1.0 0.221875 0.9421875 0.221875 0.9421875 0.3640625 1.0 0.3640625 1.0 0.221875
0 0.196875 0.3828125 0.0171875 0.3828125 0.0171875 0.5046875 0.196875 0.5046875 0.196875 0.3828125
0 0.2609375 0.2078125 0.0875 0.2078125 0.0875 0.3859375 0.2609375 0.3859375 0.2609375 0.2078125
