0 0.45 0.896875 0.4140625 0.896875 0.4140625 1.0 0.45 1.0 0.45 0.896875
0 0.2640625 0.55625 0.0015625 0.55625 0.0015625 1.0 0.2640625 1.0 0.2640625 0.55625
0 0.4640625 0.528125 0.3578125 0.528125 0.3578125 0.83125 0.4640625 0.83125 0.4640625 0.528125
0 0.590625 0.5296875 0.46875 0.5296875 0.46875 0.6390625 0.590625 0.6390625 0.590625 0.5296875
0 0.2703125 0.53125 0.19375 0.53125 0.19375 0.696875 0.2703125 0.696875 0.2703125 0.53125
0 0.565625 0.9953125 0.5484375 0.9953125 0.5484375 1.0 0.565625 1.0 0.565625 0.9953125
0 0.675 0.7109375 0.6140625 0.7109375 0.6140625 1.0 0.675 1.0 0.675 0.7109375
0 0.784375 0.5296875 0.6828125 0.5296875 0.6828125 0.9234375 0.784375 0.9234375 0.784375 0.5296875
0 0.9546875 0.9453125 0.921875 0.9453125 0.921875 1.0 0.9546875 1.0 0.9546875 0.9453125
0 1.0 0.878125 0.971875 0.878125 0.971875 1.0 1.0 1.0 1.0 0.878125
0 0.696875 0.5359375 0.3984375 0.5359375 0.3984375 0.921875 0.696875 0.921875 0.696875 0.5359375
