0 0.4421875 0.784375 0.365625 0.784375 0.365625 1.0 0.4421875 1.0 0.4421875 0.784375
0 0.3703125 0.7875 0.3078125 0.7875 0.3078125 1.0 0.3703125 1.0 0.3703125 0.7875
0 0.840625 0.5328125 0.5046875 0.5328125 0.5046875 0.90625 0.840625 0.90625 0.840625 0.5328125
0 0.3578125 0.7125 0.2671875 0.7125 0.2671875 0.903125 0.3578125 0.903125 0.3578125 0.7125
0 0.5171875 0.5890625 0.4328125 0.5890625 0.4328125 0.790625 0.5171875 0.790625 0.5171875 0.5890625
0 0.3046875 0.571875 0.1609375 0.571875 0.1609375 0.75625 0.3046875 0.75625 0.3046875 0.571875
0 0.93125 0.4109375 0.584375 0.4109375 0.584375 0.690625 0.93125 0.690625 0.93125 0.4109375
0 0.4265625 0.2890625 0.340625 0.2890625 0.340625 0.4328125 0.4265625 0.4328125 0.4265625 0.2890625
0 0.6859375 0.23125 0.61875 0.23125 0.61875 0.3671875 0.6859375 0.3671875 0.6859375 0.23125
0 0.565625 0.08125 0.3890625 0.08125 0.3890625 0.3234375 0.565625 0.3234375 0.565625 0.08125
0 0.18125 0.0015625 0.0640625 0.0015625 0.0640625 0.109375 0.18125 0.109375 0.18125 0.0015625
0 0.021875 0.0015625 0.0015625 0.0015625 0.0015625 0.078125 0.021875 0.078125 0.021875 0.0015625
0 0.9890625 0.8125 0.9109375 0.8125 0.9109375 1.0 0.9890625 1.0 0.9890625 0.8125
0 0.9328125 0.28125 0.778125 0.28125 0.778125 0.4375 0.9328125 0.4375 0.9328125 0.28125
0 0.2703125 0.746875 0.146875 0.746875 0.146875 0.9515625 0.2703125 0.9515625 0.2703125 0.746875
0 0.971875 0.8203125 0.840625 0.8203125 0.840625 1.0 0.971875 1.0 0.971875 0.8203125
0 0.1921875 0.2078125 0.0765625 0.2078125 0.0765625 0.6 0.1921875 0.6 0.1921875 0.2078125
0 0.1296875 0.0015625 0.071875 0.0015625 0.071875 0.0578125 0.1296875 0.0578125 0.1296875 0.0015625
0 0.6578125 0.1859375 0.559375 0.1859375 0.559375 0.31875 0.6578125 0.31875 0.6578125 0.1859375
0 1.0 0.16875 0.9171875 0.16875 0.9171875 0.328125 1.0 0.328125 1.0 0.16875
0 0.9140625 0.0015625 0.8203125 0.0015625 0.8203125 0.334375 0.9140625 0.334375 0.9140625 0.0015625
0 0.5109375 0.803125 0.3984375 0.803125 0.3984375 1.0 0.5109375 1.0 0.5109375 0.803125
0 0.3671875 0.7578125 0.284375 0.7578125 0.284375 1.0 0.3671875 1.0 0.3671875 0.7578125
0 0.11875 0.4 0.04375 0.4 0.04375 0.6421875 0.11875 0.6421875 0.11875 0.4
0 0.259375 0.840625 0.003125 0.840625 0.003125 1.0 0.259375 1.0 0.259375 0.840625
0 0.359375 0.0015625 0.0015625 0.0015625 0.0015625 0.8234375 0.359375 0.8234375 0.359375 0.0015625
0 0.8859375 0.0015625 0.471875 0.0015625 0.471875 0.6484375 0.8859375 0.6484375 0.8859375 0.0015625
0 0.3875 0.75 0.34375 0.75 0.34375 1.0 0.3875 1.0 0.3875 0.75
0 1.0 0.425 0.375 0.425 0.375 1.0 1.0 1.0 1.0 0.425
0 1.0 0.340625 0.8796875 0.340625 0.8796875 0.4296875 1.0 0.4296875 1.0 0.340625
0 0.9875 0.15 0.8421875 0.15 0.8421875 0.4109375 0.9875 0.4109375 0.9875 0.15
0 0.971875 0.0015625 0.9125 0.0015625 0.9125 0.1375 0.971875 0.1375 0.971875 0.0015625
