0 0.95625 0.91875 0.7734375 0.91875 0.7734375 1.0 0.95625 1.0 0.95625 0.91875
0 0.8625 0.81875 0.4265625 0.81875 0.4265625 1.0 0.8625 1.0 0.8625 0.81875
0 0.9796875 0.6984375 0.815625 0.6984375 0.815625 0.884375 0.9796875 0.884375 0.9796875 0.6984375
0 0.38125 0.7421875 0.2578125 0.7421875 0.2578125 0.859375 0.38125 0.859375 0.38125 0.7421875
0 0.8484375 0.478125 0.76875 0.478125 0.76875 0.6546875 0.8484375 0.6546875 0.8484375 0.478125
0 0.7953125 0.703125 0.446875 0.703125 0.446875 0.871875 0.7953125 0.871875 0.7953125 0.703125
0 1.0 0.55 0.80625 0.55 0.80625 1.0 1.0 1.0 1.0 0.55
0 0.178125 0.996875 0.1 0.996875 0.1 1.0 0.178125 1.0 0.178125 0.996875
0 0.8625 0.9421875 0.7671875 0.9421875 0.7671875 1.0 0.8625 1.0 0.8625 0.9421875
0 0.9875 0.3859375 0.875 0.3859375 0.875 0.5953125 0.9875 0.5953125 0.9875 0.3859375
0 0.059375 0.1453125 0.0015625 0.1453125 0.0015625 0.209375 0.059375 0.209375 0.059375 0.1453125
0 0.41875 0.0015625 0.125 0.0015625 0.125 0.1703125 0.41875 0.1703125 0.41875 0.0015625
0 0.765625 0.0015625 0.75625 0.0015625 0.75625 0.0203125 0.765625 0.0203125 0.765625 0.0015625
0 0.8140625 0.5484375 0.2453125 0.5484375 0.2453125 0.934375 0.8140625 0.934375 0.8140625 0.5484375
0 0.875 0.753125 0.728125 0.753125 0.728125 0.8328125 0.875 0.8328125 0.875 0.753125
0 1.0 0.634375 0.890625 0.634375 0.890625 0.7890625 1.0 0.7890625 1.0 0.634375
0 0.7796875 0.2 0.5453125 0.2 0.5453125 0.3125 0.7796875 0.3125 0.7796875 0.2
0 1.0 0.73125 0.9515625 0.73125 0.9515625 0.8421875 1.0 0.8421875 1.0 0.73125
0 1.0 0.5015625 0.9578125 0.5015625 0.9578125 0.6140625 1.0 0.6140625 1.0 0.5015625
0 0.734375 0.9515625 0.56875 0.9515625 0.56875 1.0 0.734375 1.0 0.734375 0.9515625
0 0.265625 0.9359375 0.1203125 0.9359375 0.1203125 1.0 0.265625 1.0 0.265625 0.9359375
0 0.2078125 0.528125 0.0015625 0.528125 0.0015625 0.8609375 0.2078125 0.8609375 0.2078125 0.528125
0 0.0015625 0.3953125 0.0015625 0.3953125 0.0015625 0.3953125 0.0015625 0.3953125 0.0015625 0.3953125
0 0.6765625 0.475 0.4640625 0.475 0.4640625 0.5765625 0.6765625 0.5765625 0.6765625 0.475
0 0.8546875 0.2203125 0.6953125 0.2203125 0.6953125 0.3828125 0.8546875 0.3828125 0.8546875 0.2203125
0 0.6375 0.1453125 0.4765625 0.1453125 0.4765625 0.259375 0.6375 0.259375 0.6375 0.1453125
0 0.984375 0.0890625 0.7890625 0.0890625 0.7890625 0.225 0.984375 0.225 0.984375 0.0890625
0 1.0 0.0078125 0.9859375 0.0078125 0.9859375 0.096875 1.0 0.096875 1.0 0.0078125
0 0.1515625 0.3640625 0.01875 0.3640625 0.01875 0.515625 0.1515625 0.515625 0.1515625 0.3640625
0 0.0265625 0.8859375 0.0015625 0.8859375 0.0015625 0.9875 0.0265625 0.9875 0.0265625 0.8859375
0 0.7171875 0.1375 0.0015625 0.1375 0.0015625 0.6140625 0.7171875 0.6140625 0.7171875 0.1375
0 0.3546875 0.9328125 0.2125 0.9328125 0.2125 1.0 0.3546875 1.0 0.3546875 0.9328125
0 0.25625 0.8140625 0.1171875 0.8140625 0.1171875 0.9296875 0.25625 0.9296875 0.25625 0.8140625
0 0.3546875 0.55 0.159375 0.55 0.159375 0.70625 0.3546875 0.70625 0.3546875 0.55
0 0.6484375 0.5296875 0.4796875 0.5296875 0.4796875 0.69375 0.6484375 0.69375 0.6484375 0.5296875
0 0.8375 0.434375 0.640625 0.434375 0.640625 0.6453125 0.8375 0.6453125 0.8375 0.434375
0 0.73125 0.2734375 0.54375 0.2734375 0.54375 0.396875 0.73125 0.396875 0.73125 0.2734375
0 0.15 0.0015625 0.0015625 0.0015625 0.0015625 0.0671875 0.15 0.0671875 0.15 0.0015625
0 0.296875 0.9171875 0.0671875 0.9171875 0.0671875 1.0 0.296875 1.0 0.296875 0.9171875
0 0.4984375 0.865625 0.3109375 0.865625 0.3109375 1.0 0.4984375 1.0 0.4984375 0.865625
0 0.484375 0.6765625 0.375 0.6765625 0.375 0.828125 0.484375 0.828125 0.484375 0.6765625
0 0.4375 0.446875 0.2953125 0.446875 0.2953125 0.6078125 0.4375 0.6078125 0.4375 0.446875
0 0.2015625 0.20625 0.0421875 0.20625 0.0421875 0.290625 0.2015625 0.290625 0.2015625 0.20625
0 0.234375 0.0015625 0.20625 0.0015625 0.20625 0.01875 0.234375 0.01875 0.234375 0.0015625
0 0.653125 0.9 0.5453125 0.9 0.5453125 1.0 0.653125 1.0 0.653125 0.9
0 0.8625 0.8453125 0.7359375 0.8453125 0.7359375 0.934375 0.8625 0.934375 0.8625 0.8453125
0 0.8640625 0.603125 0.7875 0.603125 0.7875 0.7640625 0.8640625 0.7640625 0.8640625 0.603125
0 1.0 0.184375 0.809375 0.184375 0.809375 0.478125 1.0 0.478125 1.0 0.184375
0 0.9296875 0.9953125 0.9171875 0.9953125 0.9171875 1.0 0.9296875 1.0 0.9296875 0.9953125
0 1.0 0.896875 0.93125 0.896875 0.93125 0.9828125 1.0 0.9828125 1.0 0.896875
0 0.984375 0.0015625 0.9 0.0015625 0.9 0.0640625 0.984375 0.0640625 0.984375 0.0015625
