0 0.6140625 0.5234375 0.503125 0.5234375 0.503125 0.6703125 0.6140625 0.6703125 0.6140625 0.5234375
0 1.0 0.328125 0.8046875 0.328125 0.8046875 0.5296875 1.0 0.5296875 1.0 0.328125
0 0.6171875 0.2984375 0.4828125 0.2984375 0.4828125 0.4328125 0.6171875 0.4328125 0.6171875 0.2984375
0 0.96875 0.2328125 0.8140625 0.2328125 0.8140625 0.36875 0.96875 0.36875 0.96875 0.2328125
0 1.0 0.234375 1.0 0.234375 1.0 0.2484375 1.0 0.2484375 1.0 0.234375
0 0.884375 0.09375 0.7578125 0.09375 0.7578125 0.1984375 0.884375 0.1984375 0.884375 0.09375
0 0.69375 0.0640625 0.603125 0.0640625 0.603125 0.165625 0.69375 0.165625 0.69375 0.0640625
0 1.0 0.0015625 0.8984375 0.0015625 0.8984375 0.0453125 1.0 0.0453125 1.0 0.0015625
0 0.734375 0.334375 0.390625 0.334375 0.390625 0.6234375 0.734375 0.6234375 0.734375 0.334375
0 0.6421875 0.0015625 0.4921875 0.0015625 0.4921875 0.153125 0.6421875 0.153125 0.6421875 0.0015625
0 1.0 0.703125 0.915625 0.703125 0.915625 1.0 1.0 1.0 1.0 0.703125
0 1.0 0.0828125 0.8796875 0.0828125 0.8796875 0.6203125 1.0 0.6203125 1.0 0.0828125
0 0.8640625 0.0015625 0.7046875 0.0015625 0.7046875 0.075 0.8640625 0.075 0.8640625 0.0015625
0 1.0 0.0015625 0.8890625 0.0015625 0.8890625 0.03125 1.0 0.03125 1.0 0.0015625
0 0.7453125 0.521875 0.6640625 0.521875 0.6640625 0.6609375 0.7453125 0.6609375 0.7453125 0.521875
0 1.0 0.8453125 0.9515625 0.8453125 0.9515625 0.940625 1.0 0.940625 1.0 0.8453125
0 0.765625 0.6171875 0.646875 0.6171875 0.646875 0.7984375 0.765625 0.7984375 0.765625 0.6171875
0 0.234375 0.2515625 0.115625 0.2515625 0.115625 0.3859375 0.234375 0.3859375 0.234375 0.2515625
0 0.1265625 0.0328125 0.0015625 0.0328125 0.0015625 0.1375 0.1265625 0.1375 0.1265625 0.0328125
0 0.70625 0.5796875 0.5 0.5796875 0.5 0.7359375 0.70625 0.7359375 0.70625 0.5796875
0 0.734375 0.2609375 0.565625 0.2609375 0.565625 0.521875 0.734375 0.521875 0.734375 0.2609375
0 0.9765625 0.178125 0.7296875 0.178125 0.7296875 0.4328125 0.9765625 0.4328125 0.9765625 0.178125
0 0.8109375 0.0015625 0.615625 0.0015625 0.615625 0.0953125 0.8109375 0.0953125 0.8109375 0.0015625
0 1.0 0.0015625 0.0015625 0.0015625 0.0015625 1.0 1.0 1.0 1.0 0.0015625
