0 0.1265625 0.0015625 0.0015625 0.0015625 0.0015625 0.1515625 0.1265625 0.1515625 0.1265625 0.0015625
0 1.0 0.853125 0.8453125 0.853125 0.8453125 1.0 1.0 1.0 1.0 0.853125
0 1.0 0.6625 0.9921875 0.6625 0.9921875 0.70625 1.0 0.70625 1.0 0.6625
0 0.128125 0.2140625 0.025 0.2140625 0.025 0.3609375 0.128125 0.3609375 0.128125 0.2140625
0 0.1828125 0.0015625 0.071875 0.0015625 0.071875 0.0671875 0.1828125 0.0671875 0.1828125 0.0015625
0 0.165625 0.0015625 0.0015625 0.0015625 0.0015625 0.3828125 0.165625 0.3828125 0.165625 0.0015625
0 0.01875 0.0015625 0.003125 0.0015625 0.003125 0.0296875 0.01875 0.0296875 0.01875 0.0015625
0 1.0 0.6625 0.9078125 0.6625 0.9078125 0.7609375 1.0 0.7609375 1.0 0.6625
0 0.1078125 0.9765625 0.05625 0.9765625 0.05625 1.0 0.1078125 1.0 0.1078125 0.9765625
0 0.509375 0.0015625 0.0015625 0.0015625 0.0015625 0.659375 0.509375 0.659375 0.509375 0.0015625
0 0.03125 0.0015625 0.0015625 0.0015625 0.0015625 0.0609375 0.03125 0.0609375 0.03125 0.0015625
0 1.0 0.0015625 0.0109375 0.0015625 0.0109375 0.9859375 1.0 0.9859375 1.0 0.0015625
0 1.0 0.7578125 0.8703125 0.7578125 0.8703125 0.90625 1.0 0.90625 1.0 0.7578125
0 1.0 0.703125 0.965625 0.703125 0.965625 0.740625 1.0 0.740625 1.0 0.703125
