0 0.1625 0.9390625 0.071875 0.9390625 0.071875 1.0 0.1625 1.0 0.1625 0.9390625
0 0.3875 0.9390625 0.2828125 0.9390625 0.2828125 1.0 0.3875 1.0 0.3875 0.9390625
0 0.0078125 0.94375 0.0015625 0.94375 0.0015625 0.95625 0.0078125 0.95625 0.0078125 0.94375
0 0.846875 0.6546875 0.7 0.6546875 0.7 1.0 0.846875 1.0 0.846875 0.6546875
0 0.596875 0.446875 0.3171875 0.446875 0.3171875 0.8515625 0.596875 0.8515625 0.596875 0.446875
0 1.0 0.553125 0.96875 0.553125 0.96875 0.65 1.0 0.65 1.0 0.553125
0 0.4234375 0.996875 0.4203125 0.996875 0.4203125 1.0 0.4234375 1.0 0.4234375 0.996875
0 0.2375 0.5546875 0.1171875 0.5546875 0.1171875 0.75 0.2375 0.75 0.2375 0.5546875
0 0.3828125 0.996875 0.3796875 0.996875 0.3796875 1.0 0.3828125 1.0 0.3828125 0.996875
0 0.3125 0.934375 0.2625 0.934375 0.2625 1.0 0.3125 1.0 0.3125 0.934375
0 0.290625 0.8 0.18125 0.8 0.18125 0.9546875 0.290625 0.9546875 0.290625 0.8
0 0.4578125 0.8140625 0.3015625 0.8140625 0.3015625 0.95625 0.4578125 0.95625 0.4578125 0.8140625
0 1.0 0.9734375 0.98125 0.9734375 0.98125 0.9953125 1.0 0.9953125 1.0 0.9734375
0 0.053125 0.75 0.0015625 0.75 0.0015625 0.86875 0.053125 0.86875 0.053125 0.75
0 1.0 0.6734375 0.8484375 0.6734375 0.8484375 0.9375 1.0 0.9375 1.0 0.6734375
0 0.303125 0.46875 0.196875 0.46875 0.196875 0.66875 0.303125 0.66875 0.303125 0.46875
0 0.446875 0.265625 0.28125 0.265625 0.28125 0.3296875 0.446875 0.3296875 0.446875 0.265625
0 0.2359375 0.9109375 0.14375 0.9109375 0.14375 1.0 0.2359375 1.0 0.2359375 0.9109375
0 0.33125 0.4984375 0.2171875 0.4984375 0.2171875 0.765625 0.33125 0.765625 0.33125 0.4984375
0 0.6265625 0.990625 0.6140625 0.990625 0.6140625 1.0 0.6265625 1.0 0.6265625 0.990625
0 1.0 0.7 0.8859375 0.7 0.8859375 0.9 1.0 0.9 1.0 0.7
0 0.7765625 0.915625 0.690625 0.915625 0.690625 1.0 0.7765625 1.0 0.7765625 0.915625
0 0.4203125 0.659375 0.28125 0.659375 0.28125 0.853125 0.4203125 0.853125 0.4203125 0.659375
0 0.525 0.7109375 0.33125 0.7109375 0.33125 0.85 0.525 0.85 0.525 0.7109375
0 0.7875 0.678125 0.6953125 0.678125 0.6953125 0.85 0.7875 0.85 0.7875 0.678125
0 0.071875 0.4390625 0.0015625 0.4390625 0.0015625 0.6046875 0.071875 0.6046875 0.071875 0.4390625
0 0.209375 0.7625 0.13125 0.7625 0.13125 0.9265625 0.209375 0.9265625 0.209375 0.7625
0 0.2578125 0.7 0.1671875 0.7 0.1671875 0.828125 0.2578125 0.828125 0.2578125 0.7
0 0.0515625 0.4390625 0.0015625 0.4390625 0.0015625 0.5109375 0.0515625 0.5109375 0.0515625 0.4390625
0 0.5796875 0.896875 0.409375 0.896875 0.409375 1.0 0.5796875 1.0 0.5796875 0.896875
0 0.703125 0.69375 0.6078125 0.69375 0.6078125 0.8390625 0.703125 0.8390625 0.703125 0.69375
0 0.98125 0.4390625 0.8453125 0.4390625 0.8453125 0.7078125 0.98125 0.7078125 0.98125 0.4390625
0 0.5578125 0.334375 0.4828125 0.334375 0.4828125 0.6390625 0.5578125 0.6390625 0.5578125 0.334375
0 0.9796875 0.24375 0.8578125 0.24375 0.8578125 0.4078125 0.9796875 0.4078125 0.9796875 0.24375
0 0.690625 0.0015625 0.48125 0.0015625 0.48125 0.1734375 0.690625 0.1734375 0.690625 0.0015625
0 0.115625 0.7765625 0.0015625 0.7765625 0.0015625 0.9828125 0.115625 0.9828125 0.115625 0.7765625
0 0.0671875 0.6671875 0.0015625 0.6671875 0.0015625 0.79375 0.0671875 0.79375 0.0671875 0.6671875
0 0.1 0.21875 0.0015625 0.21875 0.0015625 0.4546875 0.1 0.4546875 0.1 0.21875
0 0.3015625 0.33125 0.1765625 0.33125 0.1765625 0.509375 0.3015625 0.509375 0.3015625 0.33125
0 0.6796875 0.040625 0.2375 0.040625 0.2375 0.3265625 0.6796875 0.3265625 0.6796875 0.040625
0 0.115625 0.0015625 0.0015625 0.0015625 0.0015625 0.178125 0.115625 0.178125 0.115625 0.0015625
0 0.190625 0.009375 0.115625 0.009375 0.115625 0.2078125 0.190625 0.2078125 0.190625 0.009375
0 0.5015625 0.0015625 0.2328125 0.0015625 0.2328125 0.0953125 0.5015625 0.0953125 0.5015625 0.0015625
0 0.1671875 0.0015625 0.128125 0.0015625 0.128125 0.0609375 0.1671875 0.0609375 0.1671875 0.0015625
0 1.0 0.9125 0.9578125 0.9125 0.9578125 1.0 1.0 1.0 1.0 0.9125
0 0.6984375 0.9203125 0.6125 0.9203125 0.6125 1.0 0.6984375 1.0 0.6984375 0.9203125
0 0.6578125 0.596875 0.4546875 0.596875 0.4546875 0.959375 0.6578125 0.959375 0.6578125 0.596875
0 0.8703125 0.8 0.7390625 0.8 0.7390625 0.9796875 0.8703125 0.9796875 0.8703125 0.8
0 1.0 0.7296875 0.965625 0.7296875 0.965625 0.88125 1.0 0.88125 1.0 0.7296875
0 0.8171875 0.6203125 0.628125 0.6203125 0.628125 0.896875 0.8171875 0.896875 0.8171875 0.6203125
0 1.0 0.45 0.86875 0.45 0.86875 0.8125 1.0 0.8125 1.0 0.45
0 0.4515625 0.5765625 0.2890625 0.5765625 0.2890625 0.775 0.4515625 0.775 0.4515625 0.5765625
0 0.9515625 0.421875 0.7796875 0.421875 0.7796875 0.6890625 0.9515625 0.6890625 0.9515625 0.421875
0 1.0 0.621875 0.9984375 0.621875 0.9984375 0.628125 1.0 0.628125 1.0 0.621875
0 0.78125 0.378125 0.53125 0.378125 0.53125 0.596875 0.78125 0.596875 0.78125 0.378125
0 0.3890625 0.3984375 0.321875 0.3984375 0.321875 0.590625 0.3890625 0.590625 0.3890625 0.3984375
0 0.5328125 0.3234375 0.4140625 0.3234375 0.4140625 0.5109375 0.5328125 0.5109375 0.5328125 0.3234375
0 0.709375 0.2125 0.546875 0.2125 0.546875 0.4375 0.709375 0.4375 0.709375 0.2125
0 1.0 0.203125 0.93125 0.203125 0.93125 0.4109375 1.0 0.4109375 1.0 0.203125
0 0.85625 0.171875 0.74375 0.171875 0.74375 0.321875 0.85625 0.321875 0.85625 0.171875
0 1.0 0.0015625 0.909375 0.0015625 0.909375 0.1828125 1.0 0.1828125 1.0 0.0015625
0 0.8953125 0.0015625 0.6515625 0.0015625 0.6515625 0.1265625 0.8953125 0.1265625 0.8953125 0.0015625
0 0.6609375 0.0015625 0.5046875 0.0015625 0.5046875 0.0578125 0.6609375 0.0578125 0.6609375 0.0015625
0 1.0 0.0015625 0.9875 0.0015625 0.9875 0.0109375 1.0 0.0109375 1.0 0.0015625
0 0.6453125 0.028125 0.3796875 0.028125 0.3796875 0.2046875 0.6453125 0.2046875 0.6453125 0.028125
0 0.14375 0.0015625 0.0875 0.0015625 0.0875 0.1890625 0.14375 0.1890625 0.14375 0.0015625
0 0.03125 0.5984375 0.0015625 0.5984375 0.0015625 0.7078125 0.03125 0.7078125 0.03125 0.5984375
0 0.4671875 0.3328125 0.3828125 0.3328125 0.3828125 0.5390625 0.4671875 0.5390625 0.4671875 0.3328125
0 0.275 0.0015625 0.221875 0.0015625 0.221875 0.1546875 0.275 0.1546875 0.275 0.0015625
0 0.878125 0.08125 0.6609375 0.08125 0.6609375 0.1609375 0.878125 0.1609375 0.878125 0.08125
0 1.0 0.659375 0.1796875 0.659375 0.1796875 1.0 1.0 1.0 1.0 0.659375
0 1.0 0.0015625 0.528125 0.0015625 0.528125 0.7109375 1.0 0.7109375 1.0 0.0015625
0 0.175 0.8578125 0.0015625 0.8578125 0.0015625 0.9984375 0.175 0.9984375 0.175 0.8578125
0 0.6875 0.01875 0.0015625 0.01875 0.0015625 0.6671875 0.6875 0.6671875 0.6875 0.01875
0 0.246875 0.0015625 0.2453125 0.0015625 0.2453125 0.0015625 0.246875 0.0015625 0.246875 0.0015625
0 0.2859375 0.790625 0.2203125 0.790625 0.2203125 0.9078125 0.2859375 0.9078125 0.2859375 0.790625
