0 0.8828125 0.1640625 0.6703125 0.1640625 0.6703125 0.309375 0.8828125 0.309375 0.8828125 0.1640625
0 0.2234375 0.9328125 0.1234375 0.9328125 0.1234375 1.0 0.2234375 1.0 0.2234375 0.9328125
0 0.7328125 0.171875 0.509375 0.171875 0.509375 0.2609375 0.7328125 0.2609375 0.7328125 0.171875
0 0.1390625 0.9546875 0.103125 0.9546875 0.103125 1.0 0.1390625 1.0 0.1390625 0.9546875
0 0.0796875 0.921875 0.0015625 0.921875 0.0015625 1.0 0.0796875 1.0 0.0796875 0.921875
0 0.196875 0.846875 0.0046875 0.846875 0.0046875 0.9234375 0.196875 0.9234375 0.196875 0.846875
0 1.0 0.8515625 0.9375 0.8515625 0.9375 1.0 1.0 1.0 1.0 0.8515625
0 0.8671875 0.5296875 0.6796875 0.5296875 0.6796875 0.684375 0.8671875 0.684375 0.8671875 0.5296875
0 0.76875 0.2 0.678125 0.2 0.678125 0.4265625 0.76875 0.4265625 0.76875 0.2
0 0.8171875 0.0015625 0.0015625 0.0015625 0.0015625 1.0 0.8171875 1.0 0.8171875 0.0015625
0 0.996875 0.7796875 0.4140625 0.7796875 0.4140625 1.0 0.996875 1.0 0.996875 0.7796875
0 0.5515625 0.2328125 0.2234375 0.2328125 0.2234375 0.771875 0.5515625 0.771875 0.5515625 0.2328125
0 1.0 0.978125 0.9203125 0.978125 0.9203125 1.0 1.0 1.0 1.0 0.978125
0 1.0 0.359375 0.5609375 0.359375 0.5609375 0.54375 1.0 0.54375 1.0 0.359375
0 0.75625 0.20625 0.4703125 0.20625 0.4703125 0.44375 0.75625 0.44375 0.75625 0.20625
0 0.7828125 0.1328125 0.4265625 0.1328125 0.4265625 0.290625 0.7828125 0.290625 0.7828125 0.1328125
0 1.0 0.5140625 0.7796875 0.5140625 0.7796875 0.6796875 1.0 0.6796875 1.0 0.5140625
0 0.9828125 0.0015625 0.7359375 0.0015625 0.7359375 0.1671875 0.9828125 0.1671875 0.9828125 0.0015625
