0 1.0 0.0953125 0.478125 0.0953125 0.478125 1.0 1.0 1.0 1.0 0.0953125
0 1.0 0.0015625 0.0015625 0.0015625 0.0015625 1.0 1.0 1.0 1.0 0.0015625
0 0.0203125 0.9859375 0.0015625 0.9859375 0.0015625 1.0 0.0203125 1.0 0.0203125 0.9859375
0 0.153125 0.4640625 0.0015625 0.4640625 0.0015625 0.5890625 0.153125 0.5890625 0.153125 0.4640625
0 1.0 0.8953125 0.7734375 0.8953125 0.7734375 1.0 1.0 1.0 1.0 0.8953125
0 0.2671875 0.871875 0.1203125 0.871875 0.1203125 1.0 0.2671875 1.0 0.2671875 0.871875
0 0.00625 0.5578125 0.0015625 0.5578125 0.0015625 0.5875 0.00625 0.5875 0.00625 0.5578125
0 0.1984375 0.4046875 0.0125 0.4046875 0.0125 0.6921875 0.1984375 0.6921875 0.1984375 0.4046875
0 0.3 0.1734375 0.1796875 0.1734375 0.1796875 0.4140625 0.3 0.4140625 0.3 0.1734375
0 0.259375 0.034375 0.03125 0.034375 0.03125 0.165625 0.259375 0.165625 0.259375 0.034375
0 0.6109375 0.0015625 0.58125 0.0015625 0.58125 0.03125 0.6109375 0.03125 0.6109375 0.0015625
0 0.2796875 0.959375 0.165625 0.959375 0.165625 1.0 0.2796875 1.0 0.2796875 0.959375
0 0.8625 0.115625 0.3421875 0.115625 0.3421875 1.0 0.8625 1.0 0.8625 0.115625
0 1.0 0.5671875 0.89375 0.5671875 0.89375 0.7375 1.0 0.7375 1.0 0.5671875
0 0.3859375 0.340625 0.2796875 0.340625 0.2796875 0.6359375 0.3859375 0.6359375 0.3859375 0.340625
0 0.2953125 0.0015625 0.20625 0.0015625 0.20625 0.015625 0.2953125 0.015625 0.2953125 0.0015625
0 0.159375 0.3515625 0.0015625 0.3515625 0.0015625 0.4875 0.159375 0.4875 0.159375 0.3515625
