0 1.0 0.4140625 0.9234375 0.4140625 0.9234375 0.6546875 1.0 0.6546875 1.0 0.4140625
0 0.8453125 0.5078125 0.7859375 0.5078125 0.7859375 0.796875 0.8453125 0.796875 0.8453125 0.5078125
0 0.8703125 0.678125 0.715625 0.678125 0.715625 0.8125 0.8703125 0.8125 0.8703125 0.678125
0 0.8578125 0.25625 0.6453125 0.25625 0.6453125 0.503125 0.8578125 0.503125 0.8578125 0.25625
0 0.825 0.4921875 0.65 0.4921875 0.65 0.784375 0.825 0.784375 0.825 0.4921875
0 1.0 0.41875 0.8453125 0.41875 0.8453125 0.734375 1.0 0.734375 1.0 0.41875
0 1.0 0.58125 0.9625 0.58125 0.9625 0.6203125 1.0 0.6203125 1.0 0.58125
0 1.0 0.425 0.9765625 0.425 0.9765625 0.45 1.0 0.45 1.0 0.425
0 1.0 0.3859375 0.9640625 0.3859375 0.9640625 0.6453125 1.0 0.6453125 1.0 0.3859375
0 1.0 0.2328125 0.81875 0.2328125 0.81875 0.371875 1.0 0.371875 1.0 0.2328125
0 0.8546875 0.2171875 0.6453125 0.2171875 0.6453125 0.3359375 0.8546875 0.3359375 0.8546875 0.2171875
0 1.0 0.3015625 0.846875 0.3015625 0.846875 0.4109375 1.0 0.4109375 1.0 0.3015625
0 1.0 0.2796875 0.91875 0.2796875 0.91875 0.3921875 1.0 0.3921875 1.0 0.2796875
