0 0.59375 0.971875 0.5265625 0.971875 0.5265625 1.0 0.59375 1.0 0.59375 0.971875
0 0.7421875 0.2171875 0.6546875 0.2171875 0.6546875 0.5125 0.7421875 0.5125 0.7421875 0.2171875
0 0.121875 0.0015625 0.071875 0.0015625 0.071875 0.0328125 0.121875 0.0328125 0.121875 0.0015625
0 0.03125 0.0015625 0.0015625 0.0015625 0.0015625 0.0703125 0.03125 0.0703125 0.03125 0.0015625
0 0.58125 0.09375 0.4796875 0.09375 0.4796875 0.29375 0.58125 0.29375 0.58125 0.09375
0 1.0 0.19375 0.9890625 0.19375 0.9890625 0.24375 1.0 0.24375 1.0 0.19375
0 0.40625 0.065625 0.303125 0.065625 0.303125 0.2109375 0.40625 0.2109375 0.40625 0.065625
0 0.0828125 0.234375 0.0015625 0.234375 0.0015625 0.425 0.0828125 0.425 0.0828125 0.234375
0 0.3609375 0.2015625 0.190625 0.2015625 0.190625 0.4203125 0.3609375 0.4203125 0.3609375 0.2015625
0 0.3390625 0.128125 0.240625 0.128125 0.240625 0.3671875 0.3390625 0.3671875 0.3390625 0.128125
0 0.8484375 0.1984375 0.746875 0.1984375 0.746875 0.375 0.8484375 0.375 0.8484375 0.1984375
0 0.3828125 0.1828125 0.2671875 0.1828125 0.2671875 0.3515625 0.3828125 0.3515625 0.3828125 0.1828125
0 0.771875 0.4828125 0.684375 0.4828125 0.684375 0.66875 0.771875 0.66875 0.771875 0.4828125
0 0.45 0.4671875 0.3484375 0.4671875 0.3484375 0.5953125 0.45 0.5953125 0.45 0.4671875
0 0.4359375 0.01875 0.3375 0.01875 0.3375 0.2578125 0.4359375 0.2578125 0.4359375 0.01875
0 0.3296875 0.0015625 0.3125 0.0015625 0.3125 0.0265625 0.3296875 0.0265625 0.3296875 0.0015625
0 0.6921875 0.134375 0.5359375 0.134375 0.5359375 0.2859375 0.6921875 0.2859375 0.6921875 0.134375
0 0.0640625 0.68125 0.0015625 0.68125 0.0015625 0.81875 0.0640625 0.81875 0.0640625 0.68125
0 0.7625 0.64375 0.5578125 0.64375 0.5578125 0.84375 0.7625 0.84375 0.7625 0.64375
0 0.490625 0.553125 0.3265625 0.553125 0.3265625 0.6359375 0.490625 0.6359375 0.490625 0.553125
0 0.7078125 0.3734375 0.54375 0.3734375 0.54375 0.65 0.7078125 0.65 0.7078125 0.3734375
0 0.2625 0.3203125 0.1484375 0.3203125 0.1484375 0.58125 0.2625 0.58125 0.2625 0.3203125
0 0.525 0.2609375 0.303125 0.2609375 0.303125 0.4796875 0.525 0.4796875 0.525 0.2609375
0 0.6890625 0.1875 0.4609375 0.1875 0.4609375 0.4109375 0.6890625 0.4109375 0.6890625 0.1875
0 0.9015625 0.79375 0.771875 0.79375 0.771875 1.0 0.9015625 1.0 0.9015625 0.79375
0 0.675 0.45625 0.4890625 0.45625 0.4890625 0.6296875 0.675 0.6296875 0.675 0.45625
0 1.0 0.203125 0.7921875 0.203125 0.7921875 0.7328125 1.0 0.7328125 1.0 0.203125
0 1.0 0.0015625 0.7984375 0.0015625 0.7984375 0.2234375 1.0 0.2234375 1.0 0.0015625
0 0.9234375 0.0015625 0.696875 0.0015625 0.696875 0.2 0.9234375 0.2 0.9234375 0.0015625
0 0.7046875 0.615625 0.5421875 0.615625 0.5421875 0.7671875 0.7046875 0.7671875 0.7046875 0.615625
0 0.784375 0.1296875 0.7 0.1296875 0.7 0.33125 0.784375 0.33125 0.784375 0.1296875
0 0.125 0.4265625 0.0015625 0.4265625 0.0015625 0.6765625 0.125 0.6765625 0.125 0.4265625
0 0.384375 0.309375 0.0015625 0.309375 0.0015625 1.0 0.384375 1.0 0.384375 0.309375
0 0.94375 0.65625 0.7890625 0.65625 0.7890625 0.9109375 0.94375 0.9109375 0.94375 0.65625
0 0.653125 0.7265625 0.4828125 0.7265625 0.4828125 0.83125 0.653125 0.83125 0.653125 0.7265625
0 0.4875 0.365625 0.2734375 0.365625 0.2734375 0.5375 0.4875 0.5375 0.4875 0.365625
0 0.7484375 0.3 0.50625 0.3 0.50625 0.571875 0.7484375 0.571875 0.7484375 0.3
0 0.2484375 0.0015625 0.1984375 0.0015625 0.1984375 0.028125 0.2484375 0.028125 0.2484375 0.0015625
0 0.7734375 0.6046875 0.190625 0.6046875 0.190625 1.0 0.7734375 1.0 0.7734375 0.6046875
0 0.28125 0.6109375 0.1046875 0.6109375 0.1046875 1.0 0.28125 1.0 0.28125 0.6109375
0 0.7203125 0.453125 0.590625 0.453125 0.590625 0.6328125 0.7203125 0.6328125 0.7203125 0.453125
0 0.21875 0.05625 0.1171875 0.05625 0.1171875 0.4015625 0.21875 0.4015625 0.21875 0.05625
0 0.2953125 0.115625 0.2265625 0.115625 0.2265625 0.3328125 0.2953125 0.3328125 0.2953125 0.115625
0 0.5640625 0.0015625 0.4328125 0.0015625 0.4328125 0.1015625 0.5640625 0.1015625 0.5640625 0.0015625
0 0.3140625 0.0015625 0.21875 0.0015625 0.21875 0.1 0.3140625 0.1 0.3140625 0.0015625
0 0.43125 0.0015625 0.3984375 0.0015625 0.3984375 0.0796875 0.43125 0.0796875 0.43125 0.0015625
0 0.865625 0.65625 0.7046875 0.65625 0.7046875 0.775 0.865625 0.775 0.865625 0.65625
0 0.3421875 0.0234375 0.2265625 0.0234375 0.2265625 0.1359375 0.3421875 0.1359375 0.3421875 0.0234375
0 0.6046875 0.3765625 0.434375 0.3765625 0.434375 0.6203125 0.6046875 0.6203125 0.6046875 0.3765625
0 0.8078125 0.31875 0.7046875 0.31875 0.7046875 0.5453125 0.8078125 0.5453125 0.8078125 0.31875
0 0.603125 0.0015625 0.5515625 0.0015625 0.5515625 0.0640625 0.603125 0.0640625 0.603125 0.0015625
0 0.884375 0.4546875 0.740625 0.4546875 0.740625 0.665625 0.884375 0.665625 0.884375 0.4546875
0 0.8703125 0.340625 0.7703125 0.340625 0.7703125 0.4734375 0.8703125 0.4734375 0.8703125 0.340625
0 0.9859375 0.0015625 0.746875 0.0015625 0.746875 0.3234375 0.9859375 0.3234375 0.9859375 0.0015625
0 0.740625 0.11875 0.6671875 0.11875 0.6671875 0.29375 0.740625 0.29375 0.740625 0.11875
0 1.0 0.0046875 0.99375 0.0046875 0.99375 0.034375 1.0 0.034375 1.0 0.0046875
0 0.1109375 0.8140625 0.0015625 0.8140625 0.0015625 0.9734375 0.1109375 0.9734375 0.1109375 0.8140625
0 0.0609375 0.50625 0.0015625 0.50625 0.0015625 0.64375 0.0609375 0.64375 0.0609375 0.50625
0 0.384375 0.4015625 0.2625 0.4015625 0.2625 0.578125 0.384375 0.578125 0.384375 0.4015625
0 0.190625 0.2546875 0.0359375 0.2546875 0.0359375 0.5109375 0.190625 0.5109375 0.190625 0.2546875
0 0.0140625 0.328125 0.0015625 0.328125 0.0015625 0.396875 0.0140625 0.396875 0.0140625 0.328125
0 0.5484375 0.64375 0.3984375 0.64375 0.3984375 0.7296875 0.5484375 0.7296875 0.5484375 0.64375
0 0.5015625 0.0765625 0.384375 0.0765625 0.384375 0.2953125 0.5015625 0.2953125 0.5015625 0.0765625
0 0.675 0.040625 0.5140625 0.040625 0.5140625 0.19375 0.675 0.19375 0.675 0.040625
0 0.0140625 0.15 0.0015625 0.15 0.0015625 0.26875 0.0140625 0.26875 0.0140625 0.15
0 0.1875 0.0015625 0.0015625 0.0015625 0.0015625 0.325 0.1875 0.325 0.1875 0.0015625
0 0.9109375 0.628125 0.7390625 0.628125 0.7390625 0.990625 0.9109375 0.990625 0.9109375 0.628125
0 0.625 0.5328125 0.4421875 0.5328125 0.4421875 0.6390625 0.625 0.6390625 0.625 0.5328125
0 1.0 0.1171875 0.7796875 0.1171875 0.7796875 0.55625 1.0 0.55625 1.0 0.1171875
0 0.5546875 0.0265625 0.4203125 0.0265625 0.4203125 0.2046875 0.5546875 0.2046875 0.5546875 0.0265625
0 0.7640625 0.0015625 0.5875 0.0015625 0.5875 0.0734375 0.7640625 0.0734375 0.7640625 0.0015625
0 0.5359375 0.0015625 0.4640625 0.0015625 0.4640625 0.053125 0.5359375 0.053125 0.5359375 0.0015625
