0 0.95 0.3671875 0.828125 0.3671875 0.828125 0.590625 0.95 0.590625 0.95 0.3671875
0 0.7109375 0.9265625 0.6421875 0.9265625 0.6421875 1.0 0.7109375 1.0 0.7109375 0.9265625
0 0.7296875 0.8109375 0.5546875 0.8109375 0.5546875 0.9 0.7296875 0.9 0.7296875 0.8109375
0 0.871875 0.0015625 0.6953125 0.0015625 0.6953125 0.0796875 0.871875 0.0796875 0.871875 0.0015625
0 0.6734375 0.0015625 0.559375 0.0015625 0.559375 0.0984375 0.6734375 0.0984375 0.6734375 0.0015625
0 0.309375 0.0703125 0.1765625 0.0703125 0.1765625 0.1671875 0.309375 0.1671875 0.309375 0.0703125
0 0.3796875 0.0015625 0.1859375 0.0015625 0.1859375 0.05625 0.3796875 0.05625 0.3796875 0.0015625
0 1.0 0.14375 0.98125 0.14375 0.98125 0.1828125 1.0 0.1828125 1.0 0.14375
0 1.0 0.0015625 0.8359375 0.0015625 0.8359375 0.159375 1.0 0.159375 1.0 0.0015625
0 1.0 0.0015625 0.96875 0.0015625 0.96875 0.0703125 1.0 0.0703125 1.0 0.0015625
0 1.0 0.0109375 0.8734375 0.0109375 0.8734375 0.846875 1.0 0.846875 1.0 0.0109375
0 0.259375 0.0859375 0.1 0.0859375 0.1 0.2296875 0.259375 0.2296875 0.259375 0.0859375
0 0.334375 0.0015625 0.203125 0.0015625 0.203125 0.0828125 0.334375 0.0828125 0.334375 0.0015625
0 0.365625 0.953125 0.253125 0.953125 0.253125 1.0 0.365625 1.0 0.365625 0.953125
0 0.7359375 0.8578125 0.6 0.8578125 0.6 1.0 0.7359375 1.0 0.7359375 0.8578125
0 0.8421875 0.884375 0.7421875 0.884375 0.7421875 1.0 0.8421875 1.0 0.8421875 0.884375
0 1.0 0.584375 0.94375 0.584375 0.94375 0.859375 1.0 0.859375 1.0 0.584375
0 0.8875 0.4 0.79375 0.4 0.79375 0.5484375 0.8875 0.5484375 0.8875 0.4
0 0.7109375 0.15 0.5125 0.15 0.5125 0.2421875 0.7109375 0.2421875 0.7109375 0.15
0 0.628125 0.0015625 0.5421875 0.0015625 0.5421875 0.0921875 0.628125 0.0921875 0.628125 0.0015625
0 1.0 0.0015625 0.0015625 0.0015625 0.0015625 1.0 1.0 1.0 1.0 0.0015625
0 0.04375 0.0015625 0.03125 0.0015625 0.03125 0.009375 0.04375 0.009375 0.04375 0.0015625
