0 0.321875 0.9890625 0.3078125 0.9890625 0.3078125 1.0 0.321875 1.0 0.321875 0.9890625
0 0.7578125 0.94375 0.6859375 0.94375 0.6859375 1.0 0.7578125 1.0 0.7578125 0.94375
0 1.0 0.959375 0.9890625 0.959375 0.9890625 1.0 1.0 1.0 1.0 0.959375
0 1.0 0.1296875 0.9546875 0.1296875 0.9546875 0.284375 1.0 0.284375 1.0 0.1296875
0 0.046875 0.140625 0.0015625 0.140625 0.0015625 0.228125 0.046875 0.228125 0.046875 0.140625
0 0.259375 0.0015625 0.2171875 0.0015625 0.2171875 0.0140625 0.259375 0.0140625 0.259375 0.0015625
0 0.2515625 0.1453125 0.0765625 0.1453125 0.0765625 0.3765625 0.2515625 0.3765625 0.2515625 0.1453125
0 0.078125 0.7640625 0.0015625 0.7640625 0.0015625 0.8875 0.078125 0.8875 0.078125 0.7640625
0 0.6640625 0.140625 0.553125 0.140625 0.553125 0.296875 0.6640625 0.296875 0.6640625 0.140625
0 0.7359375 0.740625 0.653125 0.740625 0.653125 0.8796875 0.7359375 0.8796875 0.7359375 0.740625
0 0.471875 0.0015625 0.4609375 0.0015625 0.4609375 0.00625 0.471875 0.00625 0.471875 0.0015625
0 0.9890625 0.4890625 0.878125 0.4890625 0.878125 0.59375 0.9890625 0.59375 0.9890625 0.4890625
0 0.56875 0.065625 0.453125 0.065625 0.453125 0.2515625 0.56875 0.2515625 0.56875 0.065625
0 0.521875 0.0015625 0.403125 0.0015625 0.403125 0.1171875 0.521875 0.1171875 0.521875 0.0015625
0 0.178125 0.965625 0.0921875 0.965625 0.0921875 1.0 0.178125 1.0 0.178125 0.965625
0 1.0 0.6 0.828125 0.6 0.828125 1.0 1.0 1.0 1.0 0.6
0 0.5390625 0.6953125 0.359375 0.6953125 0.359375 0.9078125 0.5390625 0.9078125 0.5390625 0.6953125
0 0.7625 0.5859375 0.490625 0.5859375 0.490625 0.753125 0.7625 0.753125 0.7625 0.5859375
0 0.659375 0.2984375 0.459375 0.2984375 0.459375 0.471875 0.659375 0.471875 0.659375 0.2984375
0 0.80625 0.2796875 0.6609375 0.2796875 0.6609375 0.440625 0.80625 0.440625 0.80625 0.2796875
0 0.7671875 0.6828125 0.5453125 0.6828125 0.5453125 0.8 0.7671875 0.8 0.7671875 0.6828125
0 0.05625 0.3921875 0.0015625 0.3921875 0.0015625 0.5015625 0.05625 0.5015625 0.05625 0.3921875
0 0.778125 0.3578125 0.6234375 0.3578125 0.6234375 0.4765625 0.778125 0.4765625 0.778125 0.3578125
0 0.5890625 0.071875 0.2703125 0.071875 0.2703125 0.43125 0.5890625 0.43125 0.5890625 0.071875
0 0.8015625 0.2296875 0.5875 0.2296875 0.5875 0.4515625 0.8015625 0.4515625 0.8015625 0.2296875
0 0.6828125 0.0015625 0.51875 0.0015625 0.51875 0.2203125 0.6828125 0.2203125 0.6828125 0.0015625
0 0.2171875 0.0015625 0.0953125 0.0015625 0.0953125 0.10625 0.2171875 0.10625 0.2171875 0.0015625
0 1.0 0.0015625 0.828125 0.0015625 0.828125 0.140625 1.0 0.140625 1.0 0.0015625
0 0.0921875 0.0015625 0.0125 0.0015625 0.0125 0.0875 0.0921875 0.0875 0.0921875 0.0015625
0 0.3765625 0.0015625 0.303125 0.0015625 0.303125 0.05 0.3765625 0.05 0.3765625 0.0015625
0 0.390625 0.0015625 0.378125 0.0015625 0.378125 0.003125 0.390625 0.003125 0.390625 0.0015625
0 0.05 0.7375 0.0015625 0.7375 0.0015625 0.778125 0.05 0.778125 0.05 0.7375
0 0.246875 0.4796875 0.14375 0.4796875 0.14375 0.5890625 0.246875 0.5890625 0.246875 0.4796875
0 0.2578125 0.3078125 0.1109375 0.3078125 0.1109375 0.4984375 0.2578125 0.4984375 0.2578125 0.3078125
0 0.453125 0.203125 0.3375 0.203125 0.3375 0.3625 0.453125 0.3625 0.453125 0.203125
0 0.134375 0.0015625 0.034375 0.0015625 0.034375 0.08125 0.134375 0.08125 0.134375 0.0015625
0 0.4609375 0.0015625 0.3515625 0.0015625 0.3515625 0.1 0.4609375 0.1 0.4609375 0.0015625
0 0.290625 0.0015625 0.0015625 0.0015625 0.0015625 0.1515625 0.290625 0.1515625 0.290625 0.0015625
0 0.253125 0.2140625 0.03125 0.2140625 0.03125 0.5125 0.253125 0.5125 0.253125 0.2140625
0 0.4765625 0.10625 0.140625 0.10625 0.140625 0.440625 0.4765625 0.440625 0.4765625 0.10625
0 0.965625 0.8828125 0.8765625 0.8828125 0.8765625 1.0 0.965625 1.0 0.965625 0.8828125
0 0.3265625 0.5625 0.196875 0.5625 0.196875 0.6890625 0.3265625 0.6890625 0.3265625 0.5625
0 0.2796875 0.2484375 0.18125 0.2484375 0.18125 0.48125 0.2796875 0.48125 0.2796875 0.2484375
0 0.0578125 0.246875 0.0015625 0.246875 0.0015625 0.3953125 0.0578125 0.3953125 0.0578125 0.246875
0 0.0390625 0.0046875 0.0015625 0.0046875 0.0015625 0.1296875 0.0390625 0.1296875 0.0390625 0.0046875
0 0.2484375 0.0015625 0.1640625 0.0015625 0.1640625 0.0609375 0.2484375 0.0609375 0.2484375 0.0015625
0 0.903125 0.7640625 0.75625 0.7640625 0.75625 0.890625 0.903125 0.890625 0.903125 0.7640625
0 1.0 0.04375 0.8625 0.04375 0.8625 0.375 1.0 0.375 1.0 0.04375
0 0.6421875 0.0484375 0.5328125 0.0484375 0.5328125 0.15 0.6421875 0.15 0.6421875 0.0484375
0 0.0421875 0.9390625 0.0015625 0.9390625 0.0015625 1.0 0.0421875 1.0 0.0421875 0.9390625
0 0.1515625 0.546875 0.0015625 0.546875 0.0015625 0.66875 0.1515625 0.66875 0.1515625 0.546875
0 0.3203125 0.4546875 0.225 0.4546875 0.225 0.56875 0.3203125 0.56875 0.3203125 0.4546875
0 0.01875 0.4921875 0.0015625 0.4921875 0.0015625 0.53125 0.01875 0.53125 0.01875 0.4921875
0 1.0 0.5453125 0.9875 0.5453125 0.9875 0.5703125 1.0 0.5703125 1.0 0.5453125
0 0.0375 0.0015625 0.0015625 0.0015625 0.0015625 0.040625 0.0375 0.040625 0.0375 0.0015625
0 0.51875 0.85 0.221875 0.85 0.221875 1.0 0.51875 1.0 0.51875 0.85
0 0.98125 0.640625 0.7125 0.640625 0.7125 0.9265625 0.98125 0.9265625 0.98125 0.640625
0 0.41875 0.375 0.2640625 0.375 0.2640625 0.7484375 0.41875 0.7484375 0.41875 0.375
0 0.3921875 0.034375 0.190625 0.034375 0.190625 0.1953125 0.3921875 0.1953125 0.3921875 0.034375
0 1.0 0.9265625 0.9953125 0.9265625 0.9953125 0.9515625 1.0 0.9515625 1.0 0.9265625
0 1.0 0.6171875 0.8515625 0.6171875 0.8515625 0.7171875 1.0 0.7171875 1.0 0.6171875
0 0.865625 0.4296875 0.75625 0.4296875 0.75625 0.609375 0.865625 0.609375 0.865625 0.4296875
0 1.0 0.0015625 0.9984375 0.0015625 0.9984375 0.0046875 1.0 0.0046875 1.0 0.0015625
