0 1.0 0.1515625 0.978125 0.1515625 0.978125 0.2015625 1.0 0.2015625 1.0 0.1515625
0 0.80625 0.0328125 0.6859375 0.0328125 0.6859375 0.3359375 0.80625 0.3359375 0.80625 0.0328125
0 0.628125 0.7984375 0.4671875 0.7984375 0.4671875 0.91875 0.628125 0.91875 0.628125 0.7984375
0 0.6640625 0.4859375 0.4796875 0.4859375 0.4796875 0.7859375 0.6640625 0.7859375 0.6640625 0.4859375
0 0.9765625 0.3046875 0.86875 0.3046875 0.86875 0.5296875 0.9765625 0.5296875 0.9765625 0.3046875
0 0.709375 0.0015625 0.6609375 0.0015625 0.6609375 0.065625 0.709375 0.065625 0.709375 0.0015625
0 0.4578125 0.6109375 0.375 0.6109375 0.375 0.85 0.4578125 0.85 0.4578125 0.6109375
0 0.153125 0.5625 0.0328125 0.5625 0.0328125 0.7859375 0.153125 0.7859375 0.153125 0.5625
0 0.3046875 0.271875 0.2109375 0.271875 0.2109375 0.4578125 0.3046875 0.4578125 0.3046875 0.271875
0 0.0265625 0.3296875 0.0015625 0.3296875 0.0015625 0.503125 0.0265625 0.503125 0.0265625 0.3296875
0 0.0078125 0.175 0.0015625 0.175 0.0015625 0.3171875 0.0078125 0.3171875 0.0078125 0.175
0 0.053125 0.0015625 0.0328125 0.0015625 0.0328125 0.0234375 0.053125 0.0234375 0.053125 0.0015625
0 0.525 0.6671875 0.44375 0.6671875 0.44375 0.8390625 0.525 0.8390625 0.525 0.6671875
0 0.5015625 0.5203125 0.35625 0.5203125 0.35625 0.6609375 0.5015625 0.6609375 0.5015625 0.5203125
0 0.5296875 0.1390625 0.4328125 0.1390625 0.4328125 0.45 0.5296875 0.45 0.5296875 0.1390625
0 0.38125 0.0015625 0.253125 0.0015625 0.253125 0.3203125 0.38125 0.3203125 0.38125 0.0015625
0 0.540625 0.0015625 0.459375 0.0015625 0.459375 0.046875 0.540625 0.046875 0.540625 0.0015625
0 0.4359375 0.4921875 0.2796875 0.4921875 0.2796875 0.6078125 0.4359375 0.6078125 0.4359375 0.4921875
0 0.5484375 0.903125 0.453125 0.903125 0.453125 1.0 0.5484375 1.0 0.5484375 0.903125
0 0.5125 0.76875 0.290625 0.76875 0.290625 0.95 0.5125 0.95 0.5125 0.76875
0 0.1125 0.0625 0.0140625 0.0625 0.0140625 0.1703125 0.1125 0.1703125 0.1125 0.0625
0 0.2828125 0.0015625 0.1859375 0.0015625 0.1859375 0.1375 0.2828125 0.1375 0.2828125 0.0015625
0 0.4671875 0.0015625 0.3765625 0.0015625 0.3765625 0.0640625 0.4671875 0.0640625 0.4671875 0.0015625
0 0.1625 0.0015625 0.1 0.0015625 0.1 0.0828125 0.1625 0.0828125 0.1625 0.0015625
0 0.434375 0.3328125 0.0015625 0.3328125 0.0015625 1.0 0.434375 1.0 0.434375 0.3328125
0 0.0921875 0.2796875 0.0015625 0.2796875 0.0015625 0.5484375 0.0921875 0.5484375 0.0921875 0.2796875
0 0.39375 0.0015625 0.0015625 0.0015625 0.0015625 0.471875 0.39375 0.471875 0.39375 0.0015625
0 0.3859375 0.80625 0.31875 0.80625 0.31875 1.0 0.3859375 1.0 0.3859375 0.80625
0 0.6828125 0.5984375 0.4046875 0.5984375 0.4046875 0.9859375 0.6828125 0.9859375 0.6828125 0.5984375
0 0.4171875 0.4359375 0.2765625 0.4359375 0.2765625 0.5453125 0.4171875 0.5453125 0.4171875 0.4359375
0 0.7078125 0.0015625 0.3375 0.0015625 0.3375 0.565625 0.7078125 0.565625 0.7078125 0.0015625
0 0.784375 0.628125 0.625 0.628125 0.625 1.0 0.784375 1.0 0.784375 0.628125
0 1.0 0.675 0.7796875 0.675 0.7796875 1.0 1.0 1.0 1.0 0.675
0 0.9515625 0.5109375 0.8625 0.5109375 0.8625 0.69375 0.9515625 0.69375 0.9515625 0.5109375
0 1.0 0.075 0.6453125 0.075 0.6453125 0.775 1.0 0.775 1.0 0.075
0 1.0 0.4359375 0.9359375 0.4359375 0.9359375 0.66875 1.0 0.66875 1.0 0.4359375
0 1.0 0.0015625 0.8703125 0.0015625 0.8703125 0.2390625 1.0 0.2390625 1.0 0.0015625
0 0.1375 0.5546875 0.0234375 0.5546875 0.0234375 0.7390625 0.1375 0.7390625 0.1375 0.5546875
0 0.3703125 0.1203125 0.23125 0.1203125 0.23125 0.3421875 0.3703125 0.3421875 0.3703125 0.1203125
0 1.0 0.7 0.9359375 0.7 0.9359375 0.859375 1.0 0.859375 1.0 0.7
0 0.8328125 0.4703125 0.7546875 0.4703125 0.7546875 0.79375 0.8328125 0.79375 0.8328125 0.4703125
0 0.39375 0.203125 0.2375 0.203125 0.2375 0.434375 0.39375 0.434375 0.39375 0.203125
0 0.3734375 0.0015625 0.2671875 0.0015625 0.2671875 0.1359375 0.3734375 0.1359375 0.3734375 0.0015625
0 0.5765625 0.9609375 0.528125 0.9609375 0.528125 1.0 0.5765625 1.0 0.5765625 0.9609375
0 0.5265625 0.603125 0.4125 0.603125 0.4125 0.753125 0.5265625 0.753125 0.5265625 0.603125
0 0.3375 0.5265625 0.2390625 0.5265625 0.2390625 0.7828125 0.3375 0.7828125 0.3375 0.5265625
0 0.6890625 0.284375 0.6078125 0.284375 0.6078125 0.578125 0.6890625 0.578125 0.6890625 0.284375
0 1.0 0.0015625 0.7765625 0.0015625 0.7765625 0.271875 1.0 0.271875 1.0 0.0015625
0 0.759375 0.821875 0.615625 0.821875 0.615625 1.0 0.759375 1.0 0.759375 0.821875
0 1.0 0.6421875 0.846875 0.6421875 0.846875 0.75 1.0 0.75 1.0 0.6421875
0 1.0 0.2296875 0.8890625 0.2296875 0.8890625 0.3453125 1.0 0.3453125 1.0 0.2296875
0 0.8890625 0.0015625 0.6921875 0.0015625 0.6921875 0.215625 0.8890625 0.215625 0.8890625 0.0015625
0 0.3015625 0.6546875 0.2140625 0.6546875 0.2140625 1.0 0.3015625 1.0 0.3015625 0.6546875
0 0.621875 0.3328125 0.3421875 0.3328125 0.3421875 0.6125 0.621875 0.6125 0.621875 0.3328125
0 0.2046875 0.221875 0.0015625 0.221875 0.0015625 0.446875 0.2046875 0.446875 0.2046875 0.221875
0 0.709375 0.003125 0.5671875 0.003125 0.5671875 0.2703125 0.709375 0.2703125 0.709375 0.003125
0 0.8890625 0.8203125 0.765625 0.8203125 0.765625 1.0 0.8890625 1.0 0.8890625 0.8203125
