0 0.975 0.8703125 0.8890625 0.8703125 0.8890625 1.0 0.975 1.0 0.975 0.8703125
0 0.178125 0.7421875 0.0296875 0.7421875 0.0296875 1.0 0.178125 1.0 0.178125 0.7421875
0 1.0 0.009375 0.8328125 0.009375 0.8328125 0.3375 1.0 0.3375 1.0 0.009375
0 0.675 0.0015625 0.509375 0.0015625 0.509375 0.146875 0.675 0.146875 0.675 0.0015625
0 1.0 0.08125 0.425 0.08125 0.425 0.6125 1.0 0.6125 1.0 0.08125
0 1.0 0.296875 0.9234375 0.296875 0.9234375 0.4640625 1.0 0.4640625 1.0 0.296875
0 1.0 0.8703125 0.903125 0.8703125 0.903125 0.9734375 1.0 0.9734375 1.0 0.8703125
0 0.9375 0.3484375 0.7578125 0.3484375 0.7578125 0.4890625 0.9375 0.4890625 0.9375 0.3484375
0 0.259375 0.9765625 0.2171875 0.9765625 0.2171875 1.0 0.259375 1.0 0.259375 0.9765625
0 0.0953125 0.6421875 0.0015625 0.6421875 0.0015625 0.8703125 0.0953125 0.8703125 0.0953125 0.6421875
0 0.4078125 0.8015625 0.2875 0.8015625 0.2875 0.98125 0.4078125 0.98125 0.4078125 0.8015625
0 0.078125 0.896875 0.0015625 0.896875 0.0015625 1.0 0.078125 1.0 0.078125 0.896875
0 0.5328125 0.003125 0.3640625 0.003125 0.3640625 0.1734375 0.5328125 0.1734375 0.5328125 0.003125
0 1.0 0.990625 0.96875 0.990625 0.96875 1.0 1.0 1.0 1.0 0.990625
0 1.0 0.7421875 0.871875 0.7421875 0.871875 0.8828125 1.0 0.8828125 1.0 0.7421875
0 1.0 0.465625 0.9515625 0.465625 0.9515625 0.5734375 1.0 0.5734375 1.0 0.465625
0 0.7015625 0.2265625 0.496875 0.2265625 0.496875 0.5546875 0.7015625 0.5546875 0.7015625 0.2265625
0 0.765625 0.275 0.671875 0.275 0.671875 0.4875 0.765625 0.4875 0.765625 0.275
0 0.865625 0.0015625 0.584375 0.0015625 0.584375 0.334375 0.865625 0.334375 0.865625 0.0015625
0 0.16875 0.890625 0.10625 0.890625 0.10625 1.0 0.16875 1.0 0.16875 0.890625
0 0.075 0.434375 0.0015625 0.434375 0.0015625 0.6125 0.075 0.6125 0.075 0.434375
0 0.359375 0.9390625 0.259375 0.9390625 0.259375 1.0 0.359375 1.0 0.359375 0.9390625
0 0.2984375 0.6125 0.1515625 0.6125 0.1515625 0.825 0.2984375 0.825 0.2984375 0.6125
0 0.5171875 0.403125 0.0015625 0.403125 0.0015625 1.0 0.5171875 1.0 0.5171875 0.403125
0 0.515625 0.0015625 0.3671875 0.0015625 0.3671875 0.0703125 0.515625 0.0703125 0.515625 0.0015625
0 0.8 0.0015625 0.734375 0.0015625 0.734375 0.0203125 0.8 0.0203125 0.8 0.0015625
0 0.965625 0.4796875 0.834375 0.4796875 0.834375 0.7640625 0.965625 0.7640625 0.965625 0.4796875
0 1.0 0.2921875 0.88125 0.2921875 0.88125 0.4890625 1.0 0.4890625 1.0 0.2921875
