0 0.0609375 0.90625 0.0015625 0.90625 0.0015625 1.0 0.0609375 1.0 0.0609375 0.90625
0 0.946875 0.8328125 0.8453125 0.8328125 0.8453125 0.9640625 0.946875 0.9640625 0.946875 0.8328125
0 0.94375 0.6796875 0.8546875 0.6796875 0.8546875 0.834375 0.94375 0.834375 0.94375 0.6796875
0 0.678125 0.571875 0.603125 0.571875 0.603125 0.8015625 0.678125 0.8015625 0.678125 0.571875
0 0.9859375 0.384375 0.896875 0.384375 0.896875 0.6140625 0.9859375 0.6140625 0.9859375 0.384375
0 0.5859375 0.2578125 0.496875 0.2578125 0.496875 0.3953125 0.5859375 0.3953125 0.5859375 0.2578125
0 0.24375 0.8046875 0.0703125 0.8046875 0.0703125 1.0 0.24375 1.0 0.24375 0.8046875
0 0.2796875 0.7234375 0.1640625 0.7234375 0.1640625 0.9234375 0.2796875 0.9234375 0.2796875 0.7234375
0 0.5859375 0.54375 0.4859375 0.54375 0.4859375 0.6765625 0.5859375 0.6765625 0.5859375 0.54375
0 0.1328125 0.43125 0.0015625 0.43125 0.0015625 0.5453125 0.1328125 0.5453125 0.1328125 0.43125
0 0.696875 0.24375 0.60625 0.24375 0.60625 0.396875 0.696875 0.396875 0.696875 0.24375
0 0.659375 0.00625 0.6 0.00625 0.6 0.1546875 0.659375 0.1546875 0.659375 0.00625
0 0.5578125 0.0015625 0.4859375 0.0015625 0.4859375 0.0421875 0.5578125 0.0421875 0.5578125 0.0015625
0 0.9171875 0.325 0.8375 0.325 0.8375 0.5328125 0.9171875 0.5328125 0.9171875 0.325
0 0.81875 0.0109375 0.7515625 0.0109375 0.7515625 0.196875 0.81875 0.196875 0.81875 0.0109375
0 1.0 0.0015625 0.0015625 0.0015625 0.0015625 1.0 1.0 1.0 1.0 0.0015625
